"","correct","wrong_link","poisson","negbin","oizt","ztHurdle","ztoi"
"1",900.107220045765,900.420602703239,678.273796651945,781.043509462828,829.02069649205,947.561032193986,825.340873744183
"2",989.211029539064,989.491188041086,722.579971627203,913.737824901394,870.016212458338,1083.38142604119,863.681522230148
"3",955.090771299314,955.263273343681,693.540221813378,834.327242599113,855.526704552324,1020.85986988057,848.533291972513
"4",893.058975639965,892.784317653035,686.965529781741,817.754151164161,839.486998326515,971.063586964897,835.222728512461
"5",905.179997823965,905.139537609928,694.305505207097,817.771079267657,838.176920784171,941.510437636552,838.856136319779
"6",957.785387077048,958.441795272353,690.950917106501,860.878497604824,844.083397994987,1021.61433654447,838.969942179559
"7",941.153189517061,941.980519299999,679.211226093422,794.561989578968,833.535403854957,996.341981606483,828.261651455551
"8",917.616570085378,917.745395730003,684.691362327304,796.985849960291,835.096749392249,963.453736795583,829.761068694749
"9",950.393151535418,950.676226827922,699.472446829354,801.038779078418,851.514600309265,976.186489729645,847.247144475512
"10",921.580843133059,922.032629050569,693.362098855239,845.454261745797,846.724359572399,1013.61844576899,843.065651197999
"11",913.906643212785,913.502234114633,684.136336492163,825.730045555165,831.013630401228,1003.90101153834,825.9328677508
"12",880.872456644685,880.501872051492,655.01643198189,838.224836245874,791.411559261274,915.79585005381,787.246445562747
"13",931.18593752718,929.737830071005,681.167280750928,829.501138935722,826.892233262215,990.551364862682,836.31946889719
"14",909.575802983638,909.148999256522,677.829389994948,1807692.11610411,838.092427221323,947.985462731962,832.132929138736
"15",863.157353729712,862.730970887717,656.586639614036,743.553165887312,797.439227321118,909.844855662663,791.741120816861
"16",996.468236503532,996.028469696786,712.558681950333,858.098375301618,878.417465448228,1111.71492011511,872.851104090353
"17",847.59731061501,847.598982052031,658.808441405518,758.962925065187,800.358684223811,888.500741242156,799.610700888334
"18",931.084617153883,929.938177196711,672.30902614664,873.34918882723,813.813817063222,946.547611223375,809.534093152809
"19",996.396669765367,996.584191657342,710.27683838125,896.76391014335,872.220190992445,1068.73866188507,867.093127529959
"20",932.622089009347,931.449940463534,704.137222125744,82702233.5209918,857.778114260342,972.708528421046,859.820552885435
"21",913.8431118456,914.325799405121,685.542756649526,830.56970523514,831.386328247982,966.917008492809,831.20189236886
"22",872.853561014555,873.077043883994,658.102457402195,777.932811994647,787.651537974314,899.790287448386,783.596025015361
"23",978.310830522954,978.13433073441,712.542981079808,860.698425640896,869.653808031459,1033.64975473132,863.617671635474
"24",915.553447184646,914.970707857553,692.725617930235,871.653160226324,830.2810819295,1008.12628647814,831.380703665306
"25",967.243119916336,967.344227203442,676.80212265294,885.726718022757,840.975410879774,1018.99286031323,835.78826168565
"26",896.491835946082,895.569266708783,681.622358659344,781.627392761914,821.116024955674,917.136551440137,815.718045075089
"27",900.852139806016,900.095356601312,656.867821114124,772.72634002075,799.613159387154,923.788577076705,795.752380484442
"28",907.183482227633,905.535213455063,687.831803969316,838.231724386416,824.069617958071,936.526998512969,822.85927797388
"29",967.922456778277,967.261258351234,700.740054816436,923.835609930097,851.970634582322,1023.43326460863,852.205544212005
"30",879.374888916267,878.714347042934,666.754010646518,792.520875237509,808.313022070789,913.387938759145,805.70621119177
"31",931.144932131069,930.79677703027,677.540188147082,796.887840087991,837.448240945639,974.849715005027,832.923094952747
"32",861.577448224564,861.713687474203,662.279527409787,774.393920056846,800.822919745741,899.056512810033,797.912368621484
"33",891.940175514111,891.740890666122,671.918570921731,816.957600162781,815.656041811127,938.225548758639,814.516676605681
"34",906.282118106228,905.953279239119,679.209416614793,835.721441349888,834.275642926922,978.591024889161,827.493436180656
"35",942.128194472053,941.518717118636,699.108955785199,878.46375371681,841.653101803389,998.63340859678,833.405640141747
"36",917.798488148534,917.449043442194,673.644519331942,868.518944943149,814.054230441877,988.916017042301,814.049888410093
"37",888.762769176981,889.127290103782,666.445721595374,798.387794580815,813.834887649913,904.082056882984,809.928998125438
"38",961.276265573251,960.758085876248,699.478027949811,864.133677725588,855.542142937,996.849849381899,851.058840314156
"39",897.590837698093,897.868012393326,666.718278533149,761.612840463209,805.735130333723,917.623185326626,802.935929111573
"40",972.2362267297,972.845713778359,700.513968848567,875.343887195941,852.832886527225,1038.11178838324,852.719609705803
"41",964.638209640773,964.880769476089,705.193804581002,904.071294405332,855.195220966381,1069.3469454617,848.242031618482
"42",968.425001807539,968.452530182146,704.074720345835,904.355475097981,860.139507968135,1016.94195359281,859.230021047768
"43",937.105734925191,936.725218223547,668.082671195341,779.919785305213,814.004502642518,986.21819250387,807.323720622152
"44",943.762151194144,943.301068086231,707.467469707833,836.992443913464,847.554440788526,977.605061977797,849.56187809563
"45",905.342301459518,904.568580728208,684.28840234327,852.98486958359,823.281257038535,946.253355344767,819.516365866307
"46",911.5485001756,911.68622410162,675.960362728935,779.400029079458,822.903209963312,981.281896533232,818.453935300566
"47",902.876537265135,902.371079774047,673.351830861464,789.862435632688,812.143451321996,919.815251110681,808.326026974433
"48",964.783484500435,965.946571209147,716.064750060653,842.784475158704,874.999117525627,1022.78606238027,870.421646315945
"49",990.771271619702,990.591731744142,714.925398039246,873.826889237098,879.775203722502,1060.29199114154,878.312695774094
"50",1007.15945587191,1007.66283470785,721.610947386073,882.360643313973,872.928152374413,1084.54642736918,867.983999843919
"51",955.572031553649,955.189531328638,695.040168899256,907.058118580039,850.575705418317,1043.93431075095,851.083622505688
"52",931.164966161369,930.626013214127,680.737002070946,802.899269115449,827.550870938482,1054.28733648717,825.808736132644
"53",917.972402814298,918.132208484797,681.175433832023,826.229568707269,833.674624771601,1001.14864282309,832.413302145064
"54",870.391321861368,871.408990039897,651.609246381991,746.333457689168,799.422989524208,913.112411139223,796.72426013941
"55",903.411150265203,902.809186969348,671.568142973209,820.534563250353,811.503401469627,956.450962622399,807.253650916252
"56",967.548592872766,966.160755431701,692.224826271202,896.664143702623,845.925510616688,1006.02133335567,841.286865851475
"57",906.458898530973,905.027219530145,683.927604001142,797.117333426281,830.726260916179,984.555694590921,822.096860557171
"58",889.516377436,888.894793644544,664.056953498069,779.694707685767,809.916287333975,907.777083833969,803.447846387702
"59",923.864215318965,922.867113032612,670.187746606239,825.538861979856,831.891975056144,972.42177879766,825.040061882452
"60",885.878016257884,885.006846926058,682.034878019144,815.552863475438,834.311847941317,930.727190681037,827.006186029428
"61",934.955431142335,935.33414154127,683.361545784654,817.776486984787,850.014559178166,1004.44725536165,842.304566560454
"62",911.46903460889,910.411977762796,701.318890337605,843.07155218403,847.428516593811,952.997687883338,846.006071931227
"63",905.078686356645,904.964335852306,666.906563610409,871.608845371024,813.6861129984,965.713431762693,813.201769970303
"64",966.088746881222,965.799657036938,705.983622615535,886.82090381087,857.192170598598,1000.51294382798,850.074373714861
"65",897.981126398385,898.03662783061,685.443472927427,824.353605291562,836.4290007449,976.138371872043,833.537458491389
"66",981.9771343267,982.159466954184,716.627979809441,898.994885896639,879.35593501989,1065.83364449704,874.622973236536
"67",929.234112454827,929.252083802442,689.830589420995,880.275949954906,839.87342410178,1005.69125258618,835.276177344315
"68",935.72189862071,936.647792030149,701.928653759687,852.683464327535,859.922368370378,991.177053078133,854.013761526459
"69",909.533872589605,910.489639701144,683.847985264966,792.99857980985,821.304878712033,963.684841453952,819.427675564592
"70",900.048750783319,898.982482410802,687.775254954671,813.919891234751,819.602499565044,948.016294033973,818.087001889226
"71",899.460739772714,899.443199753857,680.863361834878,797.136981145992,820.849136200798,971.435794956437,817.270490710919
"72",908.140232144718,906.98948832654,660.447838595531,827.540381152604,824.264621413587,964.155074117121,819.26872561924
"73",944.461760680672,944.508910572395,688.303830287838,847.899374291748,848.093899225503,1037.42706643025,843.133548510451
"74",901.749198028866,900.976396813945,664.280227934534,807.052016525574,803.411455969344,943.790569246704,797.703088819843
"75",891.700765283247,891.247557664299,684.201071909479,781.332025554736,813.770564125227,916.264459782432,812.962391847167
"76",911.324062703947,910.615617288384,689.733513670468,801.359503503348,829.700584356866,937.448636501919,830.226259553488
"77",934.211436928399,934.274790368751,678.603011379829,868.261435902784,834.335033811861,992.686314641025,829.290855653174
"78",902.9300114497,902.735231267854,692.183026938695,779.31599207632,840.993000344432,958.620091854065,833.435961047506
"79",857.537645794917,859.995787007561,674.040580544135,789.014709762327,818.99306187758,912.627982469626,816.156352472074
"80",913.743521221877,913.026379904623,681.438165602873,838.37532165906,822.575809632424,976.231869289687,821.045788303395
"81",937.486488165224,937.640753689859,692.979342507046,831.010083164992,847.214923420893,993.654136253895,846.201805710356
"82",976.128256493026,975.789291376246,708.881385357458,915.262876118813,875.301467687112,1047.93332529218,869.607746437665
"83",884.60704506904,884.184517791682,688.963650748442,818.321215980457,824.58475961062,927.461497178549,820.891021742784
"84",963.972286178853,963.4517941591,697.222143651878,851.76262740758,865.799218789598,1018.34553312753,865.199831773949
"85",1037.21270970947,1036.96664149629,719.048039251226,938.41744998562,888.191813253259,1130.11439801292,882.966517852812
"86",936.440694928428,937.755226528477,694.326484351442,809.175597218188,850.086517579183,978.033464959173,848.175950834085
"87",890.309475732424,890.869029706759,684.315809718795,811.474114928873,833.875710635278,909.373750458804,830.352463321739
"88",921.063020063636,920.690149943821,687.047690875406,837.522202805263,844.578160381452,985.50678954795,835.839098625215
"89",909.13349928716,909.9535539679,668.693390697827,816.153138780815,814.200455960058,940.073071758714,812.46819920993
"90",890.808306463289,890.163960299145,676.540272802366,795.871555639944,817.760995834409,921.416749132995,813.244379382035
"91",959.02307256496,958.285920239264,716.406072241579,848.197918477565,856.228987597524,1036.51142645298,858.217489057016
"92",876.651714133792,874.71559473648,679.435825038336,821.20638038915,827.620482982377,945.175054437585,824.343489219938
"93",883.176342003093,881.827300080894,671.453286428404,830.639640684132,811.015436408189,920.936427538377,807.18793496558
"94",907.276935599024,907.219319623608,678.476384525725,807.744490929706,828.267515580644,956.115102321445,825.551685640844
"95",935.290990530376,934.945588930515,687.979023167753,821.305304497272,842.25510930613,985.269169487957,837.90662272459
"96",903.215866708436,903.238259312779,662.13257544425,790.096662355567,810.522307923018,934.60764892379,805.865958920641
"97",927.493618224811,927.472140438405,684.824073932873,874.098858209903,839.460970695201,980.02621411789,835.237546621531
"98",928.715668774613,928.044986882979,662.191341858599,820.935215507068,811.821313348034,975.328478193621,807.003124301315
"99",901.663022710965,901.554569765352,674.804820990566,783.040305972729,830.245227942578,981.608864860813,825.969463981581
"100",929.604126081258,928.80261472491,674.508149610041,817.79001661387,827.156219009592,998.096736739667,821.627268821397
"101",935.186277247211,936.423825353298,681.198133833959,846.188906334839,832.226279045818,1007.98532937467,829.837489310981
"102",934.446187861178,933.568680680716,707.626558427256,813.482547728668,870.761005592143,1007.56126432255,866.595759047742
"103",883.586687796762,882.075121021297,684.472991869973,810.71807818319,819.779323052576,945.132440216175,824.927993891763
"104",926.367855249221,926.21004387156,689.980879348504,854.418646817291,843.894970484468,958.707977447964,845.009222281999
"105",915.427033001877,915.34860828002,686.168456578492,846.011468804684,839.326975953481,964.14588594264,833.762675359898
"106",922.219294117944,922.176489883033,692.484884145999,840.862253027085,843.250843039545,979.235480860848,838.932408430172
"107",916.328700276255,916.661991503232,679.664248141837,811.871057191493,825.47100082652,995.625505803654,827.128404863209
"108",1021.86625900189,1021.83333295179,721.06598980074,852.73641071275,880.393156307847,1070.37753602001,876.803368655527
"109",982.026890759736,980.927269922823,706.82375092362,825.932524021525,876.586913254218,1065.2617067819,871.271625931205
"110",885.988213976824,886.198410355908,653.304292406841,798.044442463106,796.245120631599,955.162274428566,790.676922479216
"111",924.245944190056,925.165528927855,704.453824215335,809.245238243348,855.007195649007,984.308428139813,852.538593242692
"112",932.216771173461,932.224312311314,690.391994478976,1226535.81060691,847.61923409828,958.670830714771,845.126804910526
"113",962.826844135857,962.440374117572,706.716054575731,836.71403655605,857.85600896381,1024.76837739983,852.709927238687
"114",892.068598200265,891.592419375703,662.687215086543,767.063264221154,810.038832678938,932.241560802331,804.640680611738
"115",890.186365276569,889.581578636284,670.570184843566,824.772761130796,820.555926701921,950.780970287587,814.690095977126
"116",922.557694038262,921.922279484598,687.418330344296,811.062665450591,831.500696417729,965.803319358824,826.579712422096
"117",911.489910055559,912.00738051457,681.388643197335,862.474234432087,834.743021959016,958.75548790786,832.081993618984
"118",939.067049394615,939.698737479901,692.134924968411,870.084853512652,843.207639196413,969.284619294857,838.181009738344
"119",939.199403551462,939.340418507868,720.763715327359,873.360910568516,868.922859597223,980.557167882884,868.477454216147
"120",896.679434358125,896.922303199519,691.713958760514,818.841884513725,837.823070509587,940.186340063867,837.083047945201
"121",907.592446499407,907.505798678069,669.302972534631,789.845756278519,814.032392072542,937.501098440952,809.405557091453
"122",874.463085517363,873.623989764109,673.962807108724,817.249389788555,819.792966377175,950.227376592059,817.215716858381
"123",868.369683511441,868.063542414063,668.330424152126,789.947518269189,806.054234606122,887.221260122734,810.738436958213
"124",951.073669508339,950.760882985549,696.729680183988,808.744231838232,854.501192256934,1024.28709446877,849.969992425705
"125",857.922359102951,858.38993573549,663.25140393268,768.729311674417,805.589627825924,880.199013004214,802.260231716
"126",961.000380096115,960.188354375536,713.513745017192,865.22837705304,872.563232283278,995.880419937321,864.196340074866
"127",906.478391524242,906.325681450803,665.432126760732,803.704555786149,815.501270935769,975.520923139824,812.310326944286
"128",934.565301873253,934.613827095653,684.893113714274,873.632468610948,840.529765354748,952.164761572688,838.832238791735
"129",847.512353482554,847.745246676322,642.204681178574,731.595897782704,788.339178642675,890.247389273976,783.238215950538
"130",930.637431553733,930.61185308169,669.467569797666,777.513106129697,810.611210641524,981.681516098705,805.456273284216
"131",890.24184652322,889.998095422686,676.99836724723,827.37280770624,812.020387773074,983.300474377438,807.575165295511
"132",911.120169868531,911.103474168728,669.186026515481,879.523914498676,807.601154991392,976.585409986727,806.173847689349
"133",935.860609065131,935.403540901404,714.442995465334,852.709505460017,875.584986652083,985.164705453326,871.303965630175
"134",893.950603273365,893.884993228037,687.79129010579,820.187158081989,827.978022988019,940.824479470507,827.975916907832
"135",945.753912509386,945.577200822176,700.25834818063,846.888832532908,851.676152910183,1023.37885521282,848.909184026543
"136",927.000285006659,927.778864154012,682.815271717392,830.042565219741,842.997067997175,985.352837478158,837.693449313387
"137",936.34311650456,935.758022105704,694.569868010949,14220852.8741864,849.35398241108,962.266432998756,851.49218172857
"138",946.689610236647,947.000254121739,687.893906200613,825.277134440392,838.24780907558,962.536803286517,832.569367809268
"139",931.222139559106,931.31816531451,684.958945370424,851.318950160463,834.39584490204,974.956267468881,834.175805575612
"140",923.700399728482,923.609445607305,702.835142183146,843.736598427611,850.729040025514,972.336937093085,847.13337650393
"141",950.548318631738,950.661440276336,702.915539201271,832.579347954609,834.655593116207,1042.7085679062,833.647328681458
"142",884.197259175057,884.209394223297,673.200858185787,778.330141690738,829.795981462295,941.897471284599,826.76284684696
"143",931.744508148159,931.953350066621,694.767639012365,873.941582561935,860.27890564988,974.068092707506,855.75988979669
"144",949.257058320607,949.385980034306,703.146296607626,906.083503315823,862.219690462571,989.553071361568,857.725969986233
"145",972.603819537749,971.851890386382,723.761825422505,869.715659415733,870.836916753355,1022.49355588263,867.305702927017
"146",917.519496343155,916.660808807154,683.726607222424,853.646576976356,830.694929768009,952.144709944202,823.604839203814
"147",953.892175332761,954.108358040331,670.303561149435,871.232488411929,820.859351931556,985.888362344026,816.124765463878
"148",867.835504695881,867.346451537492,658.154507996112,773.81645979826,794.744346113483,893.792927836655,794.461724128743
"149",905.234804324199,905.029955496903,680.626202108732,791.570656103429,839.473605048867,976.696360187517,834.620524165168
"150",917.550135174057,916.99353295322,689.421883725837,870.598322454268,832.946189843054,939.909830980384,834.474755429023
"151",876.488114794236,877.48320687615,674.274118991711,780.32257867549,808.347292728707,911.023019599929,806.347039320815
"152",923.614451024615,924.249270476166,678.394490482361,797.798254515198,835.784371012073,995.755153805632,832.567653335911
"153",931.196776254029,931.07707024691,671.009424900796,831.390223430641,819.602598422726,958.934291572582,819.958680364258
"154",896.226957869496,897.260128555503,682.551219469605,791.961844725033,828.852786468176,946.222553190152,823.933932386607
"155",950.686509020043,951.57029646789,689.221496930807,860.846046327586,843.047299030372,1015.02714583528,838.661650785532
"156",945.536719394656,945.531727711149,692.474488231256,871.014952790111,847.105939182278,999.491237996226,842.697692805905
"157",909.024611498987,909.559060350638,680.74834742687,816.785051876622,827.720320362405,931.609379944473,823.65482652823
"158",918.959292265344,918.856335299797,669.575028253135,822.083358699701,818.567768592769,950.580128782001,814.194836921977
"159",876.809561603894,876.561762348433,687.22324815747,792.085639421462,823.342501098605,904.611048280858,820.545043368176
"160",888.247356458354,888.372895671847,663.930093234134,794.802880847622,809.336161912954,917.400187237166,806.362300317946
"161",911.66799513559,911.722619749818,667.992960478227,763.87117820274,813.4201133563,937.305241222371,808.686599453436
"162",909.543231278216,908.078164798981,677.727371587943,795.168118599318,821.273916575827,963.789246328326,823.661560395094
"163",933.609765498545,934.249636719977,683.850420269009,862.666368034262,845.925777727953,994.256617435562,839.785448215453
"164",898.783787537608,898.962260960291,687.170358942224,780.786965353446,826.749277395366,958.161195150911,822.02543654359
"165",862.753707467333,861.94677035244,657.520592183432,777.759044898861,807.497188768595,929.592330035808,805.685197938887
"166",986.942828494552,987.043547003839,691.602306326873,855.532414879526,853.816544707917,1024.53863539084,849.25229231694
"167",888.575058430191,888.279793096104,673.665121403097,793.497019612753,825.786171984043,920.80474003506,821.961039929063
"168",907.758227937558,907.137242609101,675.568689801273,824.849360133981,820.87235313481,993.703425718786,819.553745957121
"169",867.351118570757,867.353653976477,654.11160958621,782.081864995673,792.507889867475,898.467160753119,790.127111099482
"170",957.069722352298,957.644641773143,693.64724090696,867.855664712858,836.344253061569,1013.99080540259,833.192010028436
"171",923.684596058589,923.228193343418,705.372467177044,859.415816785135,857.531828791641,991.02231018506,856.865783718616
"172",921.925513131527,921.492631227673,685.393890150678,806.021835231373,834.129738738539,975.812845573925,830.355215178087
"173",1007.34178016775,1008.71096433698,701.477048159586,911.416231659767,851.402514229233,1060.57541850983,848.860404640226
"174",918.636635698771,918.631132164566,679.436345478531,821.81647370148,827.319495087948,980.88381572394,823.013493245418
"175",964.072460346931,964.186186633688,721.050489901971,913.132107478418,867.081958087015,1002.44609533813,864.962157959362
"176",937.590135934128,937.547054814394,678.715072404851,824.265890391525,830.63816262257,986.262840501067,827.778005221704
"177",943.860079379869,943.044256776256,679.380106240782,862.462333962229,835.255283289716,1011.05211347819,833.316811420969
"178",931.435357961735,930.514148878981,690.853714225534,833.565977363866,851.349589610655,984.956600956649,846.767801467103
"179",971.561537862175,971.842683939613,713.77233015081,899.615576521782,877.330810503724,1078.78560673677,870.960232615455
"180",910.162848785283,908.63740407273,676.893050458423,776.502593231623,832.667371272208,969.77327203678,826.252575287399
"181",897.724833802587,897.982954518941,673.300413535974,805.226863435652,825.16758765808,953.882773250752,821.050039740317
"182",949.877312609261,949.300234210475,681.120323678424,868.428400359734,846.87657047135,1040.68707216532,840.250568387239
"183",894.273184112706,894.740712082921,677.766876243491,819.155632123965,829.321688560246,942.749916494484,827.493838167998
"184",929.686191288282,929.298590025816,686.284824180116,907.531927734015,833.32223584447,966.736728258605,829.094881504216
"185",866.407012173526,865.683193961276,671.865468158423,817.147306623475,809.156905873323,916.945916655709,810.483745725525
"186",908.220817114884,908.874647113638,667.615396184518,829.619606191018,815.279475726174,937.870498645274,811.015341336607
"187",890.805582730827,890.081066038006,670.472734281429,835.937722980246,812.195721913342,920.629334907222,808.180025355346
"188",933.02569097105,933.549794059557,705.813798358612,815.622877872283,836.920439776924,995.86508282031,838.47690432318
"189",922.762700112003,923.059019309119,694.661171193586,842.260901857555,851.365435171049,980.204248990565,849.851278386466
"190",849.034907210814,849.306913607141,639.457893672696,772.143226241948,779.427690796777,870.792480348556,778.78606365996
"191",847.072519036767,800.302464527201,689.740739974024,821.913904641,836.163691656203,926.928352871626,835.63529671308
"192",937.665040954157,937.34365267623,706.623690710228,856.125444180709,855.390950840732,982.887093549064,850.92451340572
"193",919.484456436588,919.641792174353,694.848621167083,884.941759249957,850.442849962055,954.852138646145,850.706069305863
"194",934.943265143869,935.292703529049,689.038872114065,811.606028389753,836.313685642755,984.548177134007,834.192304361451
"195",938.521656731855,939.012771804831,693.868210097109,859.319156608832,854.622191691735,987.355671758919,850.50565031377
"196",932.15231710441,932.590631685947,702.641601622158,839.022079371332,835.007957875388,987.605123876195,833.240449312805
"197",917.187941875622,916.768312751695,684.622944862374,816.579356984567,834.500995576862,969.63848166744,833.563578600121
"198",930.666919346581,931.855420090924,684.530833998034,852.989139095461,828.062901806359,1011.62238467646,825.265463356017
"199",929.704105922766,929.972616635081,698.488793252826,819.579447207987,854.991777179503,964.076525510464,851.110428222036
"200",907.53305535137,906.932061123857,670.989866115911,796.837178526135,827.040147315474,962.634343524125,823.004600537447
"201",934.175427236023,933.988768769704,695.123988881719,807.683578839438,848.292243040973,1009.43646708689,842.957419081647
"202",921.066954806322,920.13711959937,691.147213325803,871.48624240675,833.321687142625,956.369200114819,827.659644714189
"203",933.111430233064,932.643401381782,689.955310881783,792.608681755998,841.366342063686,968.275341504756,838.623672576676
"204",966.673225436793,966.79403202958,700.332832470208,863.715932670978,853.58684582108,1028.21462165807,848.974373306002
"205",965.967317644745,965.648359819113,698.121923550906,879.731750173228,856.079486817554,1018.461141877,850.16405596007
"206",961.35920697244,960.631153699708,686.026121229412,816.742286695728,835.16631210029,999.805055553089,835.175230739069
"207",893.458165623643,893.233999433194,690.004309605942,782.303764049183,830.961910013639,928.270762840008,831.725709306497
"208",909.017508075903,909.053964578431,660.405108828932,821.985198960282,823.206709286934,969.810662080846,818.372894027549
"209",1006.77102436233,1010.31273784907,700.926268012825,930.55599279015,868.46036793143,1113.73970751422,864.372786359296
"210",1050.43639389448,1050.95650174682,752.795108192435,895.759860465397,915.155487759542,1133.25475076301,908.807311148659
"211",935.197438933185,934.081256854842,701.305930463353,861.891115019074,853.729628035189,979.081180956136,849.675685437803
"212",891.758409860834,890.477239371898,695.228375930965,839.50331013329,847.452266018936,966.851855031378,843.616623616312
"213",910.901288121068,910.454469605975,678.476800401096,777.942534393515,829.416019086795,949.095510505803,828.467568105172
"214",931.060191083354,931.083477776797,689.874965793516,872.238762135249,834.770699700107,999.110151544459,830.473707608527
"215",974.957209127199,974.318846536369,696.352992401518,896.557871793195,841.307327175511,1034.81538719693,835.808247036077
"216",921.881047822179,921.971218318381,688.678985357939,823.324412289707,831.901386802289,947.59667237524,828.060049729505
"217",952.858333162138,953.366796893528,702.592739525149,880.761935613476,850.135116907277,1044.48211572967,848.547110547224
"218",929.315944804751,929.739201311294,705.538786550168,821.322355180368,843.626478510313,960.331130977743,838.702255908588
"219",877.301986864248,877.777024398039,680.996832556583,803.599250064452,817.095916923011,936.286167798367,814.753775876895
"220",924.465610512157,923.853797938809,686.501810551026,797.620451823663,828.318371242769,987.060960604467,825.914369591339
"221",943.899770950201,942.7982117865,698.318040379295,833.123245093176,856.170008720887,1073.21272952072,845.71142573608
"222",926.422624570748,926.561478139836,695.033019289057,844.642309410557,840.8740178112,963.211233504766,836.42412165015
"223",846.524785760739,846.652236421429,673.64729724855,787.252414527796,806.456703960412,883.448453654144,805.166668625757
"224",880.581569033663,880.383992052685,665.746098182293,760.845539264082,815.406588833661,931.76915503454,808.401233364931
"225",856.716956205529,857.503377018285,650.752563192206,777.348501350644,793.846706293673,899.769223850772,792.484951212926
"226",1000.53620320685,1000.18238143405,719.47287123442,918.793332540913,877.714997420764,1112.99349897405,871.905087231963
"227",936.099465525531,936.705838581236,692.611008762426,841.292615663305,841.899083504796,1019.74694447921,840.633042852715
"228",868.21079317948,867.319400537119,657.762421257284,747.210769779826,802.076098132015,916.821516775471,804.349303573746
"229",909.344309689653,909.028184355145,689.215000389182,819.078969355105,844.977787463204,945.406646277978,839.880105851708
"230",956.895729322704,957.198404354222,713.609987891724,834.140339396858,878.032329772226,1015.27447534798,871.11552594794
"231",942.982332843961,941.681196936804,691.89612768285,834.395291184198,844.956438658672,998.612974269783,840.815412382812
"232",942.98297389476,942.891440443511,689.670188700947,813.083859745004,843.15454122932,1027.40776125351,837.685173311986
"233",891.782987012018,891.56225670933,677.664119022596,793.499401074313,820.204366237428,966.354532318716,819.731141973472
"234",915.528158790357,914.401270037893,700.220606090662,10137388.3017023,847.992130380364,949.072904335898,853.51542713862
"235",914.191163959756,913.930868303122,681.347560469797,817.452855998701,841.593621775357,997.532542046449,838.086267888113
"236",929.853694211398,929.890244592333,702.669033118851,830.009507833443,851.886623017332,1012.71838585301,850.510202551266
"237",764.902220828229,906.669013015348,669.081812061652,817.775073316392,807.794856137986,948.867929128404,806.112377759884
"238",935.417879031765,930.277678350457,715.043660715271,909.835183267475,878.532027223353,1077.17352208709,873.55169061027
"239",929.310273554395,928.052605294073,694.805608750899,833.89702310943,845.621151766684,966.953168869259,841.236132367446
"240",943.654346882426,944.372465060292,689.789521100236,810.057726037064,833.509269845695,1006.77685422971,827.872632872711
"241",913.22436519173,913.717231122482,680.758639655119,856.420372108766,833.678760918629,988.885178953721,826.510079431602
"242",947.072426053966,946.553798899464,686.523232879043,897.571045701954,849.344870630394,986.970970978245,842.019591032114
"243",983.892798291144,983.546734790325,697.71245424084,919.424775224359,857.500918845267,1021.25510199651,852.72350141594
"244",902.349735717735,903.028913634687,680.685219121875,853.12564627987,836.215587326914,936.822017399911,829.002782626915
"245",927.614154001018,926.998597689224,685.118473848548,801.912937200334,838.712378900696,953.87831781071,834.331122369168
"246",953.666047258972,952.300606563299,695.633746122162,829.47220122384,859.799147388028,1032.26057363233,853.951416378715
"247",903.139328383735,902.650789947898,672.194847559336,827.684820046442,822.93111404984,962.784207624951,817.656935296967
"248",916.042982157455,916.303005094877,669.127878626462,761.782509976062,817.09377590763,947.041214792227,813.684714631734
"249",907.215889593266,908.272865087326,689.151487474592,823.823767094189,816.941182222016,975.042290656184,815.623530137716
"250",932.86553177147,932.383245557025,681.849586918654,822.694799010154,826.89085648199,957.501585515876,828.155750062523
"251",918.867563974578,918.049197728009,669.646052626108,22655595.0053989,817.144584886519,946.064010026508,824.239580440346
"252",915.2647159686,915.65541656439,697.356217167362,1201968117.57373,840.939643027348,963.501383492404,839.567874906303
"253",925.097240022893,924.595783471423,694.308641608365,2145599.47579356,849.671518809383,966.884732232756,849.158158061422
"254",953.927335834352,954.975186744368,711.818713937285,897.35001508392,860.955574248308,1004.8694078079,856.773988544198
"255",958.541826143375,958.345473748404,695.306163821099,876.22740019384,850.03204942264,994.621307824873,845.924126743481
"256",886.211370716793,886.199728044574,680.568962185302,806.903659120492,822.257136526236,933.337753294332,816.241805176388
"257",931.704048550201,931.85624024085,690.067848609771,854.739887193331,836.987112236701,964.815522462906,841.048581389178
"258",917.185722047659,916.88648620819,680.620840090492,794.392432778598,837.409300398981,1011.97765313292,836.381769926455
"259",969.624317168231,969.514864915495,706.72989222557,918.522026854303,863.523797221801,1027.90664346379,856.216346596211
"260",954.094621898689,954.532033728927,697.818477758465,880.057723087696,837.140654122893,983.03246956421,833.005249970004
"261",919.589151094349,919.853378604024,701.133544859374,818.11366731658,847.670217021155,969.553214254305,843.964744035545
"262",988.034160886235,988.577389543407,716.358286469043,903.42140472696,858.549343932495,1027.66265290505,853.560834791459
"263",888.959655771758,888.403084046421,663.332083037907,814.512601377438,799.63119171999,932.281591997261,795.545261329961
"264",930.32394178229,930.153270830091,699.447043946743,891.762511061371,848.9302102959,967.005838303357,844.458819731274
"265",915.453665167019,915.36771933272,674.94556101689,814.271604741125,822.191291640016,945.675071832615,817.905534929202
"266",884.084893260852,884.886826607269,675.338380740309,822.278699069222,817.966825858692,956.229022581577,816.45635686488
"267",868.831333325002,868.826743647725,658.745391417007,792.941142050063,803.082421180434,954.411313312391,801.974941583445
"268",928.328739193381,928.333591962587,692.420700712238,787.388100150826,847.993751080429,956.468880233379,846.005749864446
"269",936.774247519935,936.952694464282,708.19754508075,868.293300322192,838.920464015144,982.849093028191,835.023802955768
"270",951.183271444878,951.243300266309,686.344959293118,859.582104579844,843.026876235274,990.623842445291,837.767322336421
"271",940.081343886977,938.567804997115,706.780170592043,888.169373352221,862.51710077088,978.045408052009,865.067746403609
"272",880.961852092842,880.834781452842,657.721831513251,853.476942719993,804.171848080614,901.395221969184,799.90342177684
"273",961.060831970424,961.171774758166,700.229543412714,890.834588716533,866.055294939537,1059.79685880643,859.731949009613
"274",920.915224125866,920.800288505518,676.749066185878,844.632465041592,823.346195162679,967.983255869215,817.207070678116
"275",877.506763632605,877.788165065794,661.067072932395,18939889.3150569,798.272151192747,917.572386148447,799.721088692336
"276",922.335547270036,921.98490795349,689.829485020078,817.540869289816,828.39952805388,949.707638853589,824.2821456565
"277",879.852120985688,880.02454015994,670.773144384448,770.005396519673,813.34015207982,911.619385896788,810.647489718474
"278",948.652393033892,947.94267058591,698.006417916461,880.853379583031,858.65943858053,1029.73020496445,853.457651836375
"279",941.62318048259,941.432193948766,685.958921675143,819.837162408097,844.028395620761,1023.19656375678,847.835145058564
"280",930.384389487162,930.354260940173,691.410338884212,826.30114912738,841.486473282227,989.93518443525,836.851056958414
"281",889.261454569696,889.197786922618,681.394491512757,43450027.5723695,827.255541296847,930.513681165305,824.768826190854
"282",911.521319425395,911.461692395348,671.807203696072,794.915752879702,832.202325691181,970.94935596102,831.074067678797
"283",925.893774791587,925.443013770815,685.997573096494,814.881502375137,834.321464270135,974.492116500441,835.331657656644
"284",961.754652356407,961.668523531113,709.376229144112,867.284520713798,860.225108020981,1031.7988386061,856.289430239688
"285",930.262078381776,930.558892659617,678.003209694686,846.596724596802,829.235589879869,974.877844860269,824.959931904066
"286",991.600954507076,990.640022211234,710.303704202446,902.108509475468,871.947361106992,1035.2122969179,863.707105784126
"287",910.249636715896,897.708174184117,695.056309562877,851.479540604246,863.022207485692,1048.93647944427,853.505497002123
"288",931.656553971245,931.803240933301,679.532729222092,887.413448554433,814.390032258969,963.451169452702,808.271478212939
"289",897.543982420302,897.041939655445,673.516205728059,812.654063983596,820.088283030338,920.089703926567,816.603292048779
"290",874.780883689686,874.726283232251,670.886803397469,791.74806263529,807.940462496901,919.748294055702,805.846465191539
"291",910.988736678934,910.758683961561,685.513209278786,807.879666058866,836.053211594601,986.654858630532,830.655266586976
"292",863.216261058073,863.367756206011,655.841426798291,772.269310328416,793.494628510781,902.463294977502,789.603859197725
"293",952.00288444679,952.254199075414,700.702807917788,863.908613164749,854.322224564106,986.27959317842,850.135464422968
"294",917.853518395538,918.024539852214,682.05904337147,806.215330176708,827.497835300876,965.985818400231,823.687505471421
"295",940.835590523264,940.178911482226,683.359351569712,870.711715709735,843.145295241435,968.721959943179,838.28097691502
"296",913.486291275416,913.106401993124,653.283690080174,803.905278362282,804.830620708949,954.310402140692,799.810656238024
"297",979.14648800767,979.895853819014,713.364531691836,879.686179522674,877.351348085553,1071.68186944786,874.030568802525
"298",966.222466670297,966.223044714072,707.36305490351,854.077323498753,873.010379807422,1029.13107283556,867.037465952511
"299",859.941443349603,859.490158414718,657.954503744958,766.058911154836,793.326339425535,892.335284931053,788.187619955582
"300",906.469167511943,907.445764464771,701.834862612316,826.601767796361,856.302648090484,989.27939965227,854.09739171924
"301",927.532002872466,927.853527596487,698.397601823204,836.665690460861,854.124995791032,985.819541081608,849.097458576892
"302",885.095981735885,883.897586599164,663.964347822928,793.53733565186,810.17189448942,931.287973445631,810.392270804087
"303",912.245699274686,911.639197588492,687.095557351382,829.700380544751,842.958156260215,943.757076735804,840.472079769891
"304",918.40134185321,917.226769279267,665.770262385981,844.509133222144,822.580949045914,952.170998982345,817.957378875813
"305",977.719559419352,977.103043417144,721.775277588406,867.923188383518,875.30082480919,1057.68771530209,870.21553070153
"306",939.368751758959,939.069010447513,712.946954413479,878.11298929087,863.592274706935,980.348199961864,863.557951327783
"307",953.458550182335,953.613205966421,704.286817189222,888.702608027651,869.573287810979,1001.03657816707,864.485625946042
"308",930.398229469048,930.084788637132,703.65848222837,825.081120257383,853.931220187767,995.622858581442,855.95289852141
"309",912.897927245631,912.935657863241,694.578799943392,823.916927754072,838.045358553672,939.939312535374,835.662186914239
"310",918.456053888223,918.053830207708,691.26798423806,794.009902695782,835.821915428062,991.35193109609,830.911917125392
"311",907.155418105732,908.002701722519,665.477492796149,787.907271468533,819.974596074183,976.249720294522,813.773613909369
"312",868.755979903343,868.479631148108,660.224506842127,778.166182579407,788.302254499021,898.382289445698,785.40191009143
"313",887.155222041684,887.104312624288,645.527992028784,812.030330939014,799.202124883418,940.651584717118,793.442656477322
"314",931.644991206251,931.4558507193,703.374490918232,801.960755709138,856.600793258455,994.10586104826,852.680229504384
"315",926.057717921489,926.486595752707,695.475242091768,800.828826975015,834.813390363623,962.197929595796,833.961750581108
"316",910.698428144659,910.267095133951,686.165158848544,818.795993598654,835.798668595782,955.316127065681,833.081309416093
"317",887.671264004389,887.962421218254,675.397011487166,797.647659331289,824.42906079084,963.317845261869,821.268036792385
"318",945.863793044001,945.500992748645,700.444712449919,827.714601270413,852.97818975776,990.84119421889,852.614975243739
"319",923.402743426787,923.827936196238,683.495641465606,822.316648124702,832.708499111432,936.56287468312,830.085627343557
"320",956.492028257221,957.049601285875,681.977227173866,871.824740688338,839.219608642023,1008.11344368393,836.993034466951
"321",932.726947186737,931.212458240538,689.476997012103,807.545644944557,840.802290925321,998.682230521422,844.680420644335
"322",865.279035447061,865.510608220344,658.685240037405,806.484102906224,792.760508061461,908.266782694979,788.728692635795
"323",952.446490140547,952.945304924651,690.057163521194,906.124737728666,842.984196577,1016.98149402226,838.816620413387
"324",913.377969427493,910.248758824196,686.136550473676,811.691097007227,834.52753500032,977.490187643881,834.420784009682
"325",952.254120171316,952.622204566271,686.901030645294,856.017750054782,841.892958643266,991.207955790744,834.795383172389
"326",1016.65706175983,1016.172412509,728.563103707061,964.6489300132,887.673545837759,1077.45256746436,882.804102393344
"327",903.615149429587,904.000489068376,681.376224722377,782.629378178181,823.790113833302,931.870086550444,823.676338167983
"328",872.916915398738,872.397614830561,662.833054912352,780.830271474912,807.938044910111,944.50025290909,802.048535258229
"329",938.977953584214,939.242024532086,695.182549448334,813.746123181894,851.223314408556,985.173804234225,848.022907498393
"330",905.42583472189,906.04428874109,672.390053324555,805.335141891621,815.446812610083,949.447545294623,811.230015996462
"331",928.221424875915,928.178532950582,684.535486070331,836.017905656893,838.861132201132,981.104573154192,838.204402542593
"332",1018.14723965766,1018.0527940264,709.818872119979,885.930745998909,871.774599115176,1101.17056627861,870.250991224237
"333",915.014225613736,913.198658956068,669.085832779828,825.573633622812,814.705833555482,962.881313611311,807.571165478818
"334",964.213571981627,965.106255815685,685.09351368368,900.555012577643,838.894610929207,1040.2190717672,833.591859671785
"335",902.862633843983,903.522585777976,682.127123023181,799.777685087886,832.794815054058,936.310876055162,830.701307706968
"336",922.895217886632,921.116134243024,684.733623479137,818.832370524369,848.489304190097,981.245849442027,841.953681224966
"337",934.663421501482,933.626197060366,691.173963809384,820.947248731738,854.000112033954,987.133823662385,843.995169948945
"338",929.854625391575,929.920563557932,701.190858024242,822.381170356661,860.575280371138,990.921935685431,855.539841910843
"339",947.135657248374,946.799735187834,683.898655988872,852.701252815393,837.367285433939,974.809749737344,835.288175708351
"340",888.466269504326,887.670656401298,666.652104744276,761.180858590419,818.133837520611,917.869067982442,813.986574648169
"341",978.758956085713,978.877456472083,722.734185228759,861.054780419369,871.895054194705,1011.20744649068,868.566598801471
"342",980.265208483868,982.313450832114,721.860836356257,892.061791090808,878.597529647626,1096.96505342499,873.173347279778
"343",976.111055198915,975.595267486327,687.024280312329,840.002857724236,840.12493511167,993.441775951442,835.56840797251
"344",862.730162012032,863.03059717108,646.387805472522,786.258220136647,791.131265370581,896.741605630697,789.137105713458
"345",915.511297958322,917.574120929708,666.595296797974,825.524769941164,811.949015185009,959.821722765858,809.83438623187
"346",939.692478237888,938.879344534399,698.410855125169,833.412441153335,848.23428773621,1077.90409654895,840.810301651437
"347",875.397016359877,875.979537016317,673.903512964885,24107571.5043472,810.97896072552,891.004596770796,810.636986324092
"348",989.105124764031,989.171816168596,695.815398862787,895.482886485156,864.525187238683,1053.79932595473,856.161161793954
"349",953.009650413752,953.104692162398,691.349979796023,850.205973370261,846.464366004635,1020.38608530389,847.172128263077
"350",922.507364135223,921.063983327511,665.97334144623,822.247537075228,823.080011222639,983.904028616903,814.16819339689
"351",876.637110563823,876.191059175852,651.687068510116,760.239543012863,800.792702764052,929.235309725904,792.646128890103
"352",954.490119619422,953.478935573656,692.142290687005,899.448010104132,842.569683188609,1008.59965109577,837.552994602125
"353",940.650991211677,941.587483313348,702.349139894356,855.313897076984,866.345749797737,996.623237791578,860.658699823023
"354",924.801241211301,925.27527716833,686.240905348555,823.147765279744,826.085870448676,961.321274368887,821.335099125825
"355",947.566477048861,947.02773219049,677.11065516456,846.613205229069,833.269457129342,1000.98170231909,833.164151352574
"356",929.50772093625,928.08395189861,690.926091490129,838.968858599386,845.109360326155,961.808460286286,839.0062293116
"357",931.10043368192,930.955478926923,672.896653397645,840.788719435478,820.023470204547,955.952376960896,817.005617452588
"358",909.480422906606,909.277140310996,685.255094519946,869.069618538293,826.456847055119,949.194748208624,824.761656322422
"359",873.863810225328,873.529851156108,672.210066186866,793.157907615717,818.328839857284,909.108050882786,817.319087279782
"360",966.40066308846,966.735950566066,712.592731338717,891.2427218486,869.758920709039,1047.79095906822,863.34492717301
"361",899.045324866006,898.815028758123,688.474177751896,854.233603173579,834.037852605266,939.171395195003,832.530397408154
"362",906.68871296897,906.628220428843,682.422057855573,838.472696506299,827.061602423918,973.03188666334,822.711005884362
"363",911.153799318437,910.115085555245,676.823222870104,806.718399163896,820.968224127897,948.6135205507,813.300233254741
"364",918.116788876074,918.3130915419,718.875084358236,802.314392050562,852.360236304156,1006.67351108817,846.071034954831
"365",904.443293793739,906.712833464928,696.857215221495,832.852746329376,838.366201030936,991.139313396278,835.788815388914
"366",916.50787348932,916.493195045576,674.597205586073,840.057405182443,823.3421682158,971.203920410157,819.598632170303
"367",926.366083815258,926.319135138912,698.018410765987,858.134491459899,844.464379363964,980.24011218493,839.899210197469
"368",926.727906224775,926.732899283919,694.722536833685,834.129594568747,841.489190893594,967.039035265384,836.385702811674
"369",992.163991045236,992.96843603764,723.690029881583,906.025227911794,875.328288530747,1079.83034255682,873.43925493373
"370",912.015677481423,910.613753161595,689.676007552873,796.056640917977,839.605311965577,953.792608163334,841.433691436551
"371",907.870650196542,907.773629484966,670.357853422699,822.105010454123,824.480569803062,950.770795512739,820.057921017975
"372",943.412129792221,934.587852923263,710.182420254006,885.007440776954,867.255386064406,1090.0215997577,869.15194925481
"373",902.7119284733,901.645935537049,NA,791.087611266097,823.647456022797,964.299903775447,819.129014364404
"374",944.146545774305,943.926271354391,689.633002115066,853.196123678247,848.730388955814,1005.89482816433,843.328844424595
"375",884.108722766626,884.586350605859,673.239253789286,796.604896601344,828.216345332092,933.965192486934,823.600071944683
"376",1009.54125799101,1008.41626319755,697.582242616091,871.771159117479,870.430307983339,1102.34618218829,864.939363686296
"377",933.463319475398,933.728614635601,704.143280872298,856.499424025211,845.754672078001,987.447700733829,842.482301975233
"378",904.429743085095,904.090373845664,681.657131305444,786.556861864398,837.777997367313,958.552369349507,838.652993400572
"379",922.201705877514,922.155336611525,704.300080493841,836.92602325045,831.842079961137,1037.19051554865,824.979580409704
"380",1046.79546534176,1046.37713082964,697.420334469086,958.932971544622,864.199099931682,1089.36622538262,858.40327084898
"381",962.991656072617,962.62791499076,702.456779947639,883.967767929597,854.427898396015,1010.06045542494,849.460819981135
"382",922.336502802851,922.391965553452,704.341029118364,829.596510153984,849.960170966687,948.895715111296,846.576549397294
"383",932.250473625832,930.691056964394,693.801196432967,823.793376510391,857.191963695797,979.54666472091,852.584749698747
"384",951.2803329585,951.724944035349,682.811172899912,864.046526514317,842.740111799594,1088.0355377589,838.4459709703
"385",947.192760573527,947.98460095836,730.275055609318,844.215502487314,880.335364528683,1004.18943197575,879.952137019154
"386",883.401599026452,883.133398525917,682.477905309141,792.412421357549,827.86934668771,931.259875426973,823.088501322054
"387",966.664801946042,965.989676838772,690.707074409118,894.696804551827,853.291805714133,1040.88565951533,849.11698478249
"388",895.601015405305,896.015792004977,675.242623370334,837.499354755068,822.619365733686,922.371367424975,827.209659805574
"389",871.741517741159,871.424251120483,686.83831956614,810.938491292367,829.508672425375,952.264741795194,825.49591034304
"390",845.412413421678,844.785462103818,654.708732667136,763.192855177001,787.27953912156,873.294800316379,785.760745786919
"391",952.498470711903,953.248985067778,706.012543445222,852.185860257901,870.206694102013,990.164962347559,864.41456244424
"392",882.820359445556,882.732713601263,662.242495743379,805.321368759725,801.36958871952,906.657280194815,797.644279994819
"393",946.959073769108,946.461441239486,700.604014692532,882.281300963217,859.063259374642,981.788680218167,850.482034683219
"394",871.28563207243,870.919694525397,677.610035004364,782.704940267397,814.886251525336,898.857115541514,814.666253583144
"395",873.43428028256,874.32604762775,675.301205011042,789.711490385652,817.530275157988,942.774914277674,816.20839989093
"396",922.398496454879,924.411610701874,689.802428036817,837.843216970156,847.162227457226,955.409827184445,841.443465272785
"397",969.930298663681,969.978514426724,694.163392316981,888.138494500666,847.808303513784,1023.63945988391,844.681297615721
"398",932.011788373512,931.776259680825,685.931057471441,825.654070520724,837.131168878421,988.393379182985,832.35398908467
"399",906.230814750346,906.115865829843,676.070293687718,835.736448221506,820.778138056403,957.060062593858,817.952553399612
"400",908.605477508299,908.908039366664,685.248780417363,796.96364143368,848.174989909436,961.013242483059,848.28644062168
"401",963.750814997469,963.992847640134,692.120241830067,857.054644211131,840.433780547995,1012.37818069591,836.317169112246
"402",903.568830929665,903.073656576392,676.810755846781,821.632235565502,829.718456377516,938.567580242943,824.377527649302
"403",943.278362774459,942.691140419447,682.457452927468,828.79200092655,824.061897386239,992.555080084607,823.097725190193
"404",930.837765622181,929.705423710309,683.077590828056,821.906808865809,827.202494117634,976.462916761166,828.540224010817
"405",931.087946963927,930.939721593712,680.114580354492,786.947846692212,834.70048619116,984.08113384915,831.602180851703
"406",875.425257338636,874.515442552026,666.599899700744,804.479444164024,810.28484567193,898.489549566431,807.370073626081
"407",882.836640529793,883.215481397748,651.95487612246,823.005936345224,797.373127098705,926.13791635284,792.995254167495
"408",883.907999207243,883.640441319023,670.621748191147,804.913521373633,812.171467462163,910.508815034587,811.415111440669
"409",947.311313545072,946.672825500195,690.412912319724,878.923413161501,841.503859979852,1036.39940788395,836.261827866897
"410",925.176769372889,925.5636996315,690.716283669844,808.866757744057,841.554327684505,967.067555572725,837.251110345931
"411",961.965437479768,961.317620123175,693.936568927959,825.328150396033,858.908662944879,1023.72600083104,850.06359225395
"412",787.823774426471,832.518013093002,688.591100559015,848.813901454188,848.39243846419,1027.59489240022,843.997204233536
"413",950.360568531711,950.147677677468,698.161257417612,833.658080214577,849.753563306918,1008.37307379439,846.705330499574
"414",907.018703429051,907.26630235748,669.886743749779,845.797792184631,815.647763031075,962.145920867537,811.361315160543
"415",924.889422129964,924.923287240684,707.751067043749,903.464108621264,845.313413554041,942.980470677129,843.368960901705
"416",879.795784712416,878.938704501626,662.492343322669,783.816398448422,795.804209408955,897.532095906768,797.454820818859
"417",915.176776053062,914.957989829948,690.345486046015,842.170160396237,829.885983805037,996.624243356216,824.963270111008
"418",883.831998446331,883.824523818468,675.565988131121,823.445083471425,809.976258645836,914.884557036755,806.158588253742
"419",911.240752270711,911.107823653734,682.136726381291,791.177547488662,841.722492817619,953.511131311122,837.150951671439
"420",918.676462046323,919.307082273452,680.873223305413,861.240560806591,820.999571289696,978.438111390476,816.160459357659
"421",936.824891128623,937.486897822163,691.924595072718,828.870819312706,848.025385721688,995.566697101394,845.82954811527
"422",880.059365773123,879.344833923689,676.160057734523,785.413313961954,820.828729171985,931.043622504878,825.573064134026
"423",928.374555549996,929.040468131641,687.466583321154,823.412209350306,843.020954865728,978.359343875453,840.502236600162
"424",1011.11168047457,1010.93380835149,710.663451570004,918.543027981809,868.983355618219,1045.01500737373,864.188263050311
"425",980.167134299984,981.581448380124,707.736638806943,859.478151032397,870.955067458407,1029.38830710883,868.744418492489
"426",1006.38951327373,1006.42532292179,727.380948405618,932.126021331688,877.316693865689,1100.63132346044,876.836636648907
"427",957.246826148106,957.534928162367,735.384400958934,898.932694846792,890.129318249764,1031.45040550197,885.792816918553
"428",910.869390185564,911.074279354359,672.797754708761,818.038173517461,815.073460241511,931.826825086162,813.100998736811
"429",948.001525021338,947.990633598874,715.456894444645,873.584883393778,869.214253329897,989.050765004547,865.735604610233
"430",936.06760446087,936.340837409937,690.698250710229,2257035.29423285,846.869220251244,981.335091525354,842.49321430446
"431",927.429055872147,927.724773267635,684.519837663067,819.083088652555,841.424947651493,974.827698615948,840.283688141357
"432",931.386057213604,931.917905095074,690.769684497503,857.362128187566,842.86796943085,973.000037346293,838.326433993592
"433",941.423672756086,941.574683687612,698.285339624987,837.77762471686,853.811821503958,999.021308116543,848.253015834182
"434",880.947935149423,884.590648063084,682.646664867982,825.792162007197,839.919820795955,978.014111467966,837.326840096102
"435",932.707742737951,932.177196648055,695.118767731413,854.601633724278,837.716045805929,971.628353190865,841.571962643382
"436",1005.78689849005,1005.17982026324,726.04498176725,906.989798311693,893.617968696339,1133.99833679459,887.296473676448
"437",839.116249578126,839.643464933978,626.646557446225,761.652741779719,772.297272408465,867.275833766717,768.101630184797
"438",907.7843590048,907.39345545133,674.072665635876,804.999930032898,825.52705633126,942.004365682089,821.515410359731
"439",895.934110722265,894.691900749861,690.944499632278,834.808038130665,823.069493966613,934.30763592958,824.46374675815
"440",965.820923431522,963.907386453711,701.446683541465,834.289623647196,864.175435601887,992.35624337492,859.233540346477
"441",932.644598560078,933.061237884124,699.174956933739,831.473926730373,846.432438451893,985.77971413651,842.691580085699
"442",913.43450070762,913.35683183629,691.282491533954,810.414367882037,835.650794609336,958.790448266687,834.96315029971
"443",904.506496519561,905.384963707038,681.75123014414,794.851697920621,826.722734383671,925.978132066458,821.606767229663
"444",892.533158006055,892.395059917974,674.883997382836,860.394620588793,808.414308461482,918.423267688076,806.418362783079
"445",943.277707154499,943.093084565831,713.767878998264,831.685273284564,865.131573563934,1008.90731746498,866.399136747258
"446",949.561711089147,947.994294460065,703.596917726447,838.316676373021,868.266715264315,1046.10008204797,861.436391273967
"447",985.512367056584,985.837049929057,703.858745349382,932.07542361534,859.080754258664,1032.80331211028,854.562248359807
"448",950.68066721576,950.796008288352,687.259796634692,843.869188363439,827.847365143404,987.54445310916,823.746002041642
"449",939.235255749076,938.856776586371,691.489090092853,778.521701949127,839.181771171455,965.094752805925,837.548323093646
"450",906.392887731796,906.363277197132,677.197157808162,828.712901692828,831.789807880794,958.049452681568,827.322898731219
"451",909.960731406178,910.273510437216,687.767485155628,805.030774405511,833.226925379777,927.134697892162,830.266676939145
"452",942.66973420093,942.546181785053,704.847669124975,872.848085334231,865.098342501075,1011.95467233547,863.241118064669
"453",903.269182077465,902.792129726829,681.873950188287,814.858944435297,841.936706844413,978.78377242665,836.174630817437
"454",915.227532288776,914.993351518728,674.293572195948,836.502867636148,830.987422262666,961.443414371844,830.102793862513
"455",992.104754923463,991.878436696417,703.86062677765,891.230153789211,860.105757473715,992.386920702237,857.443066204646
"456",911.405430174537,911.296794901033,687.78725064435,824.078320347198,835.936896872603,934.33224111988,832.146224194458
"457",951.033817517862,951.621191679132,699.787153830792,882.045693944181,851.590361476077,1015.15619058514,850.13110574496
"458",864.867354080912,864.914633395795,669.16762243773,761.650622775033,807.355246896482,929.431122913209,808.131133580943
"459",921.968464564932,921.953946293372,685.884992363074,819.306571598401,843.923259568851,990.42811531632,839.299231080503
"460",929.825109755192,930.968105653678,687.994947560735,815.751722572765,845.745307489531,978.4434173451,839.955283880623
"461",948.069022312907,946.693208923105,691.997474417014,819.851040936657,852.354924206149,976.687098404507,846.021515511918
"462",889.456751560299,889.270260530641,678.590787235608,849.16679675186,828.145692034488,961.878890570133,826.636838960847
"463",996.780276684558,997.986847330992,699.200036854428,857.060209434006,856.769866063773,1054.03571294359,855.018887035758
"464",914.282570068648,914.554199780652,677.629139135628,822.076471201945,830.976400598583,994.779336797806,825.029481815665
"465",986.252112197004,985.029870857458,716.730091261023,933.59992163905,871.952186116514,1079.33980012006,868.136096895696
"466",885.585332326708,885.328121559104,681.192878229399,803.475901871513,832.379228640222,954.999943794162,831.102081731199
"467",896.723176468127,896.325268052287,685.588655531977,777.221593869772,839.46700166462,952.23676568194,834.118643637453
"468",961.509435381595,961.01844017359,699.47087977119,904.086276256854,858.666058598515,1015.61469192352,852.127400901428
"469",902.282808084376,902.974599013126,671.423211981365,799.930839177586,818.224548617819,979.532799190228,813.75324714238
"470",929.096083384987,929.198595367168,695.733881001017,793.629349924282,836.128288593344,987.749126863644,837.477188806896
"471",875.50465212651,875.487808954973,663.497461866089,823.155826339413,801.920036486745,918.019385564666,797.498140346476
"472",910.08356151006,909.657117896433,658.969859985886,786.477377655936,808.520115029444,966.744877974875,802.790265308145
"473",926.319478443439,927.051686724169,690.553324275929,886.774123440777,838.81600283896,982.335030270206,834.763983429697
"474",898.730518447987,898.937930863585,679.273383116625,780.192494409854,831.051989635826,930.924796978644,827.645325180085
"475",924.042645197772,924.649379339982,690.441547924844,794.59562313684,849.276972953305,1037.75823262289,855.244186097371
"476",925.17197115644,924.891171189022,690.938892813729,815.457547685507,840.329841228137,961.767622209586,836.95960571406
"477",875.705203530382,875.828739755282,662.944210107818,838.768182804757,800.667991011876,944.036532632651,796.159515878223
"478",914.410597295529,913.684552089778,679.42065895419,884.670674991869,830.374849502799,953.893658494449,826.002929930551
"479",969.15299294497,969.31111287595,702.54264374951,857.964157882842,849.032962010301,1003.88369355293,843.941457564437
"480",986.331996610867,985.676908753266,714.563589618964,839.272351753256,872.419555580707,1133.7568697275,861.779415418416
"481",914.915103003172,915.442090369197,670.98060877434,804.899726020443,834.77558624057,986.879164594635,829.736485013484
"482",948.324646002288,947.412943244043,716.450268950955,847.13121568534,861.425902943149,998.549565037549,857.006769100677
"483",961.094565838013,961.37114526058,691.586334734487,951.472117277695,845.480935613941,1006.66389802584,840.96933166415
"484",921.13410095542,920.549562117688,688.927428214293,797.651051556623,829.154350002811,1001.34805132822,824.849333120338
"485",942.701477875848,943.120015983742,699.563338229541,820.650880122782,843.532137785535,1014.5013247634,839.269661667296
"486",997.488785402057,997.588306555241,712.975908384515,924.074634846572,881.63370153926,1079.43463305995,882.098171037926
"487",922.561513893979,922.539381963076,689.632759985186,825.277796558105,827.242328424675,958.977546800541,823.532673313381
"488",907.327041056535,906.428645593994,669.682156609822,834.023117224076,820.689420758134,989.480718381899,822.175984003633
"489",900.475941420602,899.347186181697,679.866013268007,815.379373182036,837.404999619985,943.23063620868,832.935411151368
"490",922.175216315501,921.281818402435,700.160427726381,806.588275904488,844.768442454779,995.683081197846,844.891602097035
"491",900.192311898832,899.29680002987,683.587814080273,805.617138488622,834.929389089,936.671114832191,830.294294417542
"492",920.091572076876,919.085677029777,714.8117603353,822.017916496162,859.420204953231,953.334012108728,861.756520463806
"493",931.122814316344,930.533624427908,695.991033297898,871.510692253388,844.883931641041,976.176799342803,838.484153580903
"494",913.280809639269,913.110269548778,679.896793309434,835.959132005534,830.305233464633,977.082229514792,828.113551859311
"495",912.334616507879,910.544312979732,672.088680652722,789.21632083039,814.047977305322,976.343495034835,817.964366298398
"496",982.516821995415,982.895147788149,715.523398662214,848.932511192386,882.206659483391,1031.87077219888,875.857211014021
"497",888.261325338025,887.431258300651,678.757634296326,815.824799273934,818.956534462109,951.217393063844,823.16538604771
"498",986.002859198636,986.083774409908,714.979690888947,866.567022153784,884.519470842461,1052.64957255961,879.334625040341
"499",971.593711093417,971.348279662898,705.191779158566,853.540308277824,872.333657090027,1013.17773515543,866.02002275769
"500",939.113006328573,938.045406529894,693.336488345076,877.537781595625,845.922998367809,1008.37639653398,838.66687869523
