"","correct_data","Hurdleztpoisson_split","oiztpoisson_split","ztoipoisson_split","ztHurdlepoisson_split","Hurdleztpoisson_combined","oiztpoisson_combined","ztoipoisson_combined","ztHurdlepoisson_combined"
"1",3111.81818053108,3050.55424575851,2441.25906586717,2724.51334151456,5530.81204855988,3105.57413552127,2378.14391706031,2654.89631757695,5707.12476917061
"2",2654.35461308315,2566.39112626434,2572.97233673108,2963.92637379233,6236.36898465217,2615.96236574474,2632.39708134608,3074.87202006225,8729.77656929134
"3",2670.10902310063,2673.62900379744,2634.09227944798,2900.72272711848,4548.48068294669,2601.99016135471,2557.23087299883,2826.37475436565,4556.13821886959
"4",2735.99936650244,2735.84087682183,2676.89609139615,3252.70421550026,9840.82563014145,2642.05893525393,2586.64452499308,3176.6054624397,9748.42585464832
"5",2766.58580263864,2808.03422633411,2876.26371513599,3534.12466901565,9312.31608088507,2748.03251385918,2819.78164558576,3491.68092587568,9388.02194509234
"6",2752.34830244802,2840.62243793203,2736.09425211853,3183.19752534254,9872.53333405825,2702.13022242372,2618.17514608442,3075.11237121693,9718.66952156439
"7",2605.38210858293,2618.63439220172,2358.26574817165,2526.51656730325,4825.79785963946,2558.43250908028,2278.78105492247,2443.40410707339,4884.15771853325
"8",2736.94482858398,2716.97085181613,2366.27754328042,2513.78580465745,5013.28172001144,2674.29504180556,2285.79700816785,2422.055468386,4975.12820196084
"9",2576.8502824557,2576.4793947225,2341.7614629445,2460.93570756548,3372.3167507867,2512.89366569461,2266.25035621453,2387.00495039044,3368.7384446902
"10",3195.01150102163,3101.52725251518,2525.79930613417,2784.88097477043,6164.74463394036,3190.42451128225,2498.70040339781,2771.4215827026,7311.57394991452
"11",2558.52318612451,2580.27018777842,2390.93916993514,2524.02134560098,3497.04125943272,2518.10594214911,2317.78294635233,2446.25526382786,3447.52511345633
"12",2936.6186596088,2960.16068658338,2840.20109325254,3437.71789844713,17438.892965815,2880.37676307128,2770.50962651461,3346.39317487017,14911.9026467164
"13",2795.18686631645,2921.29406244821,2622.01351045276,2999.68611155584,6402.32233187118,2724.06094067314,2471.38896735274,2845.04810108438,5835.80570480633
"14",2938.55735875889,3025.77490057557,2623.92278957358,3183.45586412278,8943.22732764184,2857.20953154421,2459.16663783196,3002.72764508903,8565.06338298844
"15",2607.88032572863,2641.76640519842,2631.53785287923,3062.77107529205,6778.2416482699,2529.1872797784,2518.22595298444,2943.90399177869,6521.44570420561
"16",2639.45273454848,2624.40091697982,2582.89242443167,3041.51610345984,5638.78581214615,2560.76029571472,2516.87806271111,2997.61342348702,6060.91493841717
"17",2769.10409563894,2792.76510419706,2358.9800900471,2533.67629212085,3948.94436055446,2702.05414893617,2269.96605379181,2438.95406531851,3907.1232436382
"18",2714.8409054745,2627.99766700459,2421.76992333898,2553.00487056888,3756.12890661904,2668.7921080803,2367.14226514366,2494.10002119613,4147.5177327711
"19",2764.90411919263,2770.24804051042,2491.0504623696,2672.75990243321,6723.54833168282,2669.77835518476,2409.8233927057,2601.85557633879,6717.04279017797
"20",2687.00698173229,2665.82029822609,2784.16399833631,3540.90539986871,12585.9257527445,2626.93686583351,2757.11521350174,3583.56070201582,14975.4189459332
"21",2608.69103780454,2599.46503457108,2384.12128205082,2531.14720070566,4696.84993545386,2529.49347376976,2309.95716942797,2460.11984573127,4787.72171194203
"22",2691.39747990642,2778.86871566913,2961.09139595443,4291.18264065409,23174.150345586,2623.4702939995,2767.02786629011,4078.31096341242,21010.8142328587
"23",3011.66279823435,3047.75064015695,3327.9233361684,4557.4142363974,22067.6436978224,2914.36072975167,3186.8107412219,4523.28272456361,25846.0231329203
"24",3010.35812373793,2727.99796846501,2481.18627898983,2792.67955655772,5449.87351318484,2923.12666241159,2504.8844435055,2830.00454954388,6551.79021081958
"25",2759.29360809542,2744.83076958177,2972.24942689122,4370.34932664082,46940.173494317,2689.46487788544,2932.9398123681,4375.41622128453,52096.6692174493
"26",2800.49547334471,2818.65878511398,2356.71015194261,2526.79117457525,6293.64103791816,2749.76181207434,2267.70345988293,2427.74041933282,5991.70680690764
"27",2682.62239922871,2658.05391787292,2523.64136957903,2847.75049705279,9280.58352692877,2628.93437252301,2466.82452400802,2779.57896038653,9526.25001194843
"28",2509.85460032909,2525.86933570066,2469.52544606632,2761.94412397118,4911.09320930058,2462.90431698958,2389.25268366939,2690.40263467321,5167.62755227654
"29",2574.14263129464,2542.14058592398,2458.40289738815,2851.31342328371,5278.35446490707,2510.73495683246,2399.73463448315,2790.34802257771,5894.32386176375
"30",2804.95750333488,2819.58055468237,2828.81688846017,3334.30009942054,8157.14556814145,2792.23021598593,2725.41875890079,3250.05962934346,9193.7505418124
"31",2824.79875085328,2747.5183950532,2699.64293461145,3348.31232478033,7728.83197987603,2731.69724318194,2656.4266959472,3359.51987187801,8994.65977933116
"32",2618.77775705491,2635.67338868718,2389.64693595781,2523.16772311076,4042.08275677507,2545.82069767772,2313.26384551422,2448.41158203814,3951.86105801335
"33",2669.70751248156,2635.54729403029,2619.03591020904,3047.4091311636,6402.6798812445,2631.74874374134,2617.89522935096,3042.76173308192,6477.48793052592
"34",2569.06025621719,2547.68701355561,2422.53492964524,2680.8819786513,6199.30089121394,2523.12153842859,2371.52958559677,2626.25752467988,7027.45747440163
"35",2887.8538241292,2940.80424709083,2743.87345912375,3142.97715415091,17669.3015133305,2824.46176530075,2654.09627688177,3082.22589404145,20741.0795318459
"36",2526.84711953022,2516.19623010723,2706.66033803827,3545.42100246258,22810.1020299799,2450.36991940368,2649.15682748045,3539.93361882381,26552.5066536324
"37",2603.60962593008,2595.25266478898,2674.67114911548,3496.6021235697,10046.3827436652,2591.55861520928,2688.47468211498,3593.07425736537,12327.4492626452
"38",2737.53057209188,2774.39802349816,2618.00222139098,2996.44590452693,7877.09872143398,2667.11456307687,2520.11912680674,2884.8858415148,7554.41742686011
"39",2709.94649387536,2750.00923567845,2842.68520847168,3875.63902402718,25501.4830023059,2633.5232999888,2715.46387883793,3822.60487986116,27618.5591622626
"40",2879.38799376554,2810.39753799975,2608.57355054509,2922.23172870841,6670.79172644577,2782.7652779844,2547.36678138436,2876.75494600999,7464.29678389858
"41",2674.72798029452,2600.65144347112,2551.90270400494,2858.00753805169,4453.55858656888,2594.3378681955,2545.84821137838,2912.55808834788,5609.81418792513
"42",2721.98589605364,2678.57552474401,2765.60239477207,3493.07033697084,12761.3799883843,2668.17347712811,2755.79728930212,3536.4885051031,15204.6887321297
"43",2653.71619223683,2667.51840040544,2476.25514807164,2763.79623889783,6375.13757249233,2577.51704422707,2384.09510904655,2667.39285132798,6279.46190642239
"44",2914.76120116169,2653.17792116847,2615.68037514785,2987.80247595369,9507.09773279014,2842.31422725569,2711.03592422983,3088.75716196057,15022.3039322601
"45",2786.33319179979,2886.19856700732,2775.7068141878,3510.9353414247,NA,2745.77432442839,2626.91161947802,3291.28394670654,NA
"46",2954.66044188163,2901.93186337752,2684.00611219004,3304.87336813276,9351.59205089723,2911.58487471825,2664.39395198121,3353.98472542891,11660.0662592559
"47",2900.93769860957,2856.64151213973,2721.4150560218,3034.00822522488,7454.7352254989,2836.44434580351,2680.87232453919,2996.34436486337,7873.54161644972
"48",2793.43404666601,2893.74414477466,2738.79124946648,3308.14312230025,9242.23224039773,2733.84572880023,2595.35774887074,3156.73783373747,8886.17375473437
"49",2628.99241827991,2655.47783291953,2441.12361987032,2591.36194664704,3669.53506998071,2555.6886565676,2353.23869911172,2498.48706507734,3539.24203621911
"50",2787.94273828531,2779.0918362243,2572.66731862913,2772.06025128616,4297.93483444248,2720.76081913846,2501.85546678502,2701.02230801369,4329.42567491283
"51",2618.02691258995,2695.31520632542,2686.60110761877,3151.49107747868,8766.37998247401,2553.59921881074,2550.53918714221,3012.89341554409,8115.65808152786
"52",2619.36376020272,2655.02997414569,2451.09161930701,2741.36329004891,6560.24078022752,2529.29259203757,2357.77375230828,2648.75205320476,6143.96591441709
"53",2543.11257963355,2549.69691835271,2401.29519683371,2572.55635386989,3424.16828028828,2483.04732791761,2324.2187946721,2492.31470439963,3367.46426281291
"54",2939.11957796741,2801.57187098793,2774.55714385428,3465.79067528354,16282.7207989662,2862.55828261679,2820.48086219435,3577.81501768171,19089.6289396867
"55",2556.12180590628,2605.03155339466,2616.14331913415,3211.15247707006,11338.6392106577,2475.72039843629,2489.49281276471,3069.8530668728,10429.6430812974
"56",2731.55467733727,2692.95807504442,2543.9399315937,2812.68793525812,4238.59859247034,2644.43790624193,2472.39274406701,2737.34305698131,4411.06266947729
"57",2833.75815013893,2689.16447058135,2452.99195345064,2755.26668489037,7199.93402883663,2788.60240767086,2429.09970137055,2740.54474127731,8708.64904301827
"58",2572.09777232086,2595.8004367576,2603.23871046411,3128.19705501114,8618.5538528641,2519.27662258182,2518.53334609167,3027.15300641723,8490.74787501819
"59",2749.71136969921,2681.09059546324,2348.60328394439,2589.80134573918,5257.74937626334,2695.64364571882,2304.25063313258,2546.20631606452,5562.24787074955
"60",2650.1359915378,2696.50627103246,2641.80060643416,3021.492728053,4320.51737670637,2608.84431831796,2545.90645360342,2927.14714772972,4205.60970835412
"61",2604.09711298071,2575.29293363915,2292.4416994428,2565.9014856238,5817.51032395899,2565.94030933358,2242.707024278,2521.52278544922,6384.42729583997
"62",2658.57812801285,2607.93528659906,2597.79022642146,3048.64977960251,9885.5164034389,2582.52907336726,2573.72353057217,3053.9600245181,12971.855148378
"63",2645.81968162628,2714.13329535887,2749.63097547225,3436.6317898263,10212.8468300296,2573.04606262532,2595.25283038509,3303.89461238832,10292.0615171529
"64",2753.73230246971,2749.51124645916,2508.38467795689,2665.52759416616,7044.30447170112,2679.53650704371,2438.7126734779,2592.87079346823,7307.01708833537
"65",2836.46304830002,2803.00507756488,2648.3393540768,2943.38949327826,5313.36444471527,2767.81936044693,2579.26469820775,2856.88879600265,5420.0485136775
"66",2565.82886752643,2562.09260879906,2483.48806356578,2952.67227466889,7121.3324143306,2503.3961000166,2418.06575017503,2920.89369883285,7872.83108726899
"67",2800.11232970032,2898.11319604123,2945.93974576743,3796.22710632213,21678.165262729,2717.91349173639,2769.89361395974,3611.14494513181,18881.2781476373
"68",2588.52488834563,2614.12722681375,2383.6557079958,2500.49840183718,3645.44721096804,2527.55129098817,2295.28294692568,2409.37953134133,3550.62754204796
"69",2929.89774059491,2879.52136440003,2526.0761804866,2682.10783699975,3923.16298533123,2854.02928929002,2461.72598733318,2617.93240793728,3919.68351642652
"70",2494.24588055004,2509.91231566863,2426.42800120481,2603.44479893251,3202.79520600036,2438.47457240574,2344.76406973866,2517.45185460028,3173.41303580115
"71",2729.63071608082,2776.59393045803,2637.15657075024,3004.16899352528,5604.68481652704,2672.80927861221,2537.34308029402,2894.8525801866,5228.74594179109
"72",2816.72115528951,2793.5311365206,2538.61864627388,2717.24995189343,4235.64528806852,2764.18841242657,2475.98571453439,2655.88642024666,4413.9483505021
"73",2490.83036915993,2518.42468415579,2319.04520615549,2483.03355036475,5487.12817591889,2444.95408483973,2240.62590586142,2400.54159709535,5556.20454832323
"74",2705.08692718219,2678.5052162387,2559.44969619119,2955.34177748843,5988.88212847857,2618.55274140387,2482.74726016095,2878.36663485538,6226.77078862457
"75",2632.6273063917,2608.10404638855,2588.93074389,2904.94238541874,4675.27333805241,2576.68723795151,2530.98821430516,2833.13851411724,4679.45846554536
"76",2459.6975717198,2473.58114361775,2439.43268125111,2720.41679199665,4431.74020049746,2389.39602307528,2358.60218948316,2648.89397232064,4502.80664469751
"77",2683.28937056939,2678.48574232731,2554.31344748946,2855.93182627715,6953.03802978547,2586.20046621152,2472.35969178536,2781.27933627236,7093.72374794868
"78",2639.49380478644,2622.43145450458,2489.42301708432,2675.30352177145,4107.03568576971,2576.58832474439,2420.5206312186,2600.70414655344,4298.86373006054
"79",2869.10786209359,2879.84838438455,2385.62066337718,2744.32950786431,5147.98498812165,2861.52064626177,2308.21873118188,2655.70553145313,5265.74115431289
"80",2610.77986465842,2656.53407263357,2493.83969244602,2770.23385233547,7951.07105690621,2563.03602887114,2407.47624195006,2682.08235438598,7593.75942781711
"81",2556.87206044156,2523.18899648971,2369.25026167158,2574.48450484831,5582.18415609922,2480.40367558686,2323.30193754996,2546.78306988238,6258.51519552755
"82",2672.65150583175,2660.57610366266,2407.68538712785,2749.50177748313,5591.65384490893,2585.02222328093,2312.35444496804,2647.55498640542,5652.80285113056
"83",2841.15181069382,2857.3247584043,2997.29636803468,3770.65998305785,16794.4073114227,2810.32068728719,2950.10842986947,3738.69413944238,18632.9734911803
"84",3056.90344216727,3028.02645385668,2996.89274874212,3457.05829951813,12814.6901964234,2994.38443899134,2934.92388937279,3405.46859431696,14104.2272598061
"85",2556.96079156141,2518.92234780697,2584.34574386988,3090.52631782659,6778.69511828474,2507.53510708699,2584.68797544812,3125.74744265883,7956.77366662829
"86",2772.90189539861,2761.39939626488,2416.13162968562,2534.19438635173,4133.56075399352,2724.74562402559,2353.30682782336,2466.59965793735,4163.46508359583
"87",2606.68756805866,2689.5211445798,2658.46293648299,3471.554763145,6008.49203307172,2571.10560245723,2528.02734250771,3295.99150915964,5371.46185049184
"88",2845.44375649919,2884.83572299299,2852.85868674619,3378.52789442539,16991.3437713953,2745.07768238972,2717.63523078814,3237.38217581091,16118.8283786575
"89",2691.72302003824,2722.02153592532,2533.09740865679,2815.43974920363,6054.20212092963,2635.81083106332,2444.9394806935,2732.60177982841,6169.43770445402
"90",3191.39489206743,3352.97552030879,2853.23879235991,3594.84531850388,18972.9609209363,3050.26158659863,2630.89137387043,3358.04999348193,16407.7166602542
"91",2802.31821981416,2734.38844107415,2420.74283421147,2642.16221203469,4864.96311416322,2681.239597762,2345.49393238015,2568.61557648853,4941.78875809894
"92",2868.98358696194,2885.59652220258,2871.51743567647,3274.77407113599,9906.70882448813,2798.08585883038,2770.58421863571,3199.89646611947,10050.5077000052
"93",2602.73673555359,2616.36380216478,2652.45800550838,3131.28510157234,7118.42397191176,2532.26054677686,2566.41359137998,3045.73898069487,7009.95425068222
"94",2947.00747227493,3024.13993884746,2916.30316071397,3518.84912743724,7325.58192485641,2882.61546772502,2737.23695910591,3301.42933949563,7313.0956125869
"95",2901.26764642376,2889.70469323023,2860.55736042497,3431.45423447217,23040.8472479476,2806.10185646099,2794.46768744867,3388.49483222471,24902.5542671963
"96",2817.59899381994,2735.46006782126,2551.62416223901,2927.49180067372,10097.2327401989,2747.35842331423,2543.02866619707,2945.26744733315,11939.7938448641
"97",2592.28557875032,2584.10703027199,2398.85947634384,2534.30939081515,3495.65931387281,2529.16438479488,2331.0370941413,2464.43327887645,3463.33275332436
"98",2676.47213291038,2645.61054096896,2660.64960352943,3383.71167633143,13237.1178446148,2627.43566931019,2652.73235099292,3415.59693809998,15851.5329781935
"99",2831.71459257015,2847.71404068589,3062.63219057465,4038.30770331711,15007.25023131,2819.10552911486,3049.74067053467,4140.93035830869,19869.2134797312
"100",3043.88479783363,3009.25488545965,2666.78037480151,3024.29495294138,14903.2577569402,2977.85001069097,2607.57914242342,2974.13469773055,16925.8701295903
"101",2577.96427877925,2659.47919111846,2380.17673739465,2608.31202157276,4715.8758917165,2518.743167623,2287.99137010617,2516.77876374312,4474.58887187042
"102",2743.19772521753,2916.94795250304,2870.21432331337,3662.25936030225,15897.3627247019,2654.52918354741,2605.63886889261,3355.17038974423,13497.0484144684
"103",2732.69669035071,2693.49875993171,2653.69374838472,3012.91382521985,6331.95043823709,2676.24573102709,2623.27993464403,2994.43569945262,7052.02951146315
"104",2601.9585528257,2644.99074615567,2560.29024130694,2766.48812220102,4746.62278469407,2532.12322632849,2451.31624792198,2642.67549284893,4340.27775604694
"105",2918.21471823345,2872.13747466233,2559.12401221567,2799.35745323399,6568.87269727481,2875.71677052071,2543.4848593284,2804.11249995642,7690.41312851047
"106",2735.88307706422,2749.45970031394,2692.9280118035,3138.86787647088,9669.16406739391,2659.18125326259,2594.16753993345,3056.87857704082,10108.0365220593
"107",2691.63741207286,2627.36030872228,2508.69676428061,2957.32023183861,4976.77372577409,2647.00802663455,2491.11428609519,2941.03329168561,5472.63726847538
"108",2907.47907553141,2930.19221433034,3158.42939524043,4291.37051908893,12516.2115718173,2835.78747870038,3062.97892949923,4248.8286273307,14270.804184031
"109",2654.22756704328,2667.80597531536,2470.60109174565,2726.30780728814,4897.26215035734,2603.19247396938,2399.65275864022,2651.50788796762,4946.9779625064
"110",2731.6122374353,2632.75332893021,2642.23402307226,3223.97638852017,10191.5280450212,2658.91736567449,2644.02644155171,3266.51878357734,13547.2228885094
"111",3446.91882664466,3096.11357124016,2768.53886971828,3204.95170942975,13819.9015173672,3178.04606046389,2762.21578542605,3222.45771155963,19475.5487086013
"112",2760.53025743868,2788.89684153638,2730.6761627695,3171.63932025422,7253.17167956926,2686.21576833353,2630.6016658726,3073.55173245421,7341.88327085768
"113",2601.08305388282,2597.21686885007,2492.34542241458,2682.30476356288,3581.46176368175,2539.16123545538,2423.59724489556,2616.48220008648,3657.6737802829
"114",2604.05359388659,2597.02811389183,2530.78800564526,2971.63347993127,9060.6265367288,2569.23353820946,2472.30392203357,2922.16203751296,10135.2342057912
"115",2851.01652363959,2925.22916873235,2787.02918485539,3400.14399109444,24562.7443829674,2759.66090475182,2668.70477202552,3315.93846069329,24298.9363197489
"116",2657.92968742068,2589.66556543991,2288.18468639729,2394.60364755705,3922.69414437055,2567.69129670348,2230.13301545212,2336.02191091009,4082.56325694429
"117",2616.93733539173,2615.92229853365,2412.5485440844,2588.13044402847,4399.04573932015,2560.86636211771,2344.38919075185,2519.90118371834,4416.23609839109
"118",2794.40542631273,2786.50068966957,2904.40380614533,3701.47987885434,9092.12107883512,2752.33891749337,2907.02852537361,3780.52281706413,9724.21523105445
"119",2682.40692080605,2681.19501127573,2535.55671270506,2808.76342691658,5469.76685977787,2620.31919711437,2462.59897110199,2731.97425566077,5472.01406645589
"120",2318.9821217713,2241.4180505661,2165.38528233712,2472.06480158456,4624.72754811,2223.41836793288,2130.32552238547,2440.57056936369,5121.50519264988
"121",2957.32740044672,3035.79229659684,3245.65328790075,4403.07576011356,26544.1798957973,2910.83848159799,3130.44177559505,4311.76052352177,25592.367987985
"122",3642.14077991905,3430.43496399921,3112.33488049681,3507.27510514843,10395.8462395331,3620.50497161991,3135.79274818745,3545.57822085393,13245.0790798736
"123",2892.19626185896,2741.55944714693,2716.60451095292,3276.27766167387,7360.24092350792,2851.59680869428,2797.84437061278,3447.39670124213,10970.8498278499
"124",2836.88153698784,2749.11007784583,2751.42521087956,3250.72595086515,7163.00366934538,2739.25093416352,2734.98804640616,3246.1137633844,7787.12429283405
"125",2652.42635503521,2650.11509453486,2597.11846397029,2996.97061308659,6093.89813193553,2573.23007548042,2516.64072092134,2932.12093296779,6329.64502446109
"126",2602.62077770991,2569.79224066935,2413.81047666958,2618.57871058631,3936.54120422606,2536.31133066036,2371.05959605738,2588.75649841138,4226.09614344371
"127",2726.69873377694,2688.02855344717,2746.10016974137,3498.80029495013,17139.8326346299,2651.25518300185,2704.91526886737,3493.62363981791,19440.6306297192
"128",2682.17817930749,2688.41938117456,2667.29365157657,3131.54847280049,12194.8527926475,2597.01095691015,2571.47322473526,3047.91581982387,12934.9478398785
"129",2593.24690479762,2665.35522112682,2606.70174333946,3088.61307588813,11255.8471261616,2554.26631189185,2484.32350459797,2947.13247483153,10015.8863229846
"130",2940.40115891259,2967.70688800146,2690.58597618217,3005.88587014039,7330.68147616205,2847.2606244778,2589.29036281776,2898.7066545183,7044.69351392103
"131",3159.19213215099,3145.06416725707,2692.25945590832,3042.08627046716,9959.65447244461,3022.91787299062,2610.709756238,2993.84705666745,10922.0355754627
"132",2786.4080786449,2782.35001147003,2507.82513893147,2798.62422100644,4897.3545903127,2714.64308405125,2433.92252949479,2738.22646425396,4978.92085784617
"133",2733.75503767289,2726.68784754193,2407.70403150677,2600.71057891889,4138.34806787758,2673.30560929673,2318.7084963289,2508.96343270905,4133.67577092933
"134",2598.8354469104,2649.19052012117,2586.05089426856,2861.20659610579,4835.23274040055,2546.44320612926,2489.64305254558,2772.90795435372,4765.50793549167
"135",2628.69203588771,2681.76453171433,2917.55970414523,5093.55576802861,68948.7285231709,2569.60660974031,2774.58692414147,5097.58867994576,77256.0006783563
"136",2611.37258184148,2609.49037984952,2630.91562644545,3074.59328035428,5687.51379324426,2557.23252606873,2583.32386649792,3041.44830618214,5722.38640431242
"137",2705.26610479015,2783.79925388651,2738.06668768116,3253.86444515534,16944.8096840352,2642.1522847472,2643.84679727328,3223.44914658321,17821.1413805613
"138",2450.39710285872,2500.66521969301,2512.68937407431,3161.02401157616,9037.88388745609,2406.40379131758,2388.97044406182,3014.93444356805,8509.07607742692
"139",2471.6767422499,2476.22195729482,2444.92646044118,2770.83167728755,4737.28100788082,2416.04831468499,2375.89469863229,2705.73614539024,4944.24748634988
"140",2471.08540032461,2502.15989351541,2425.47878313831,2603.598213319,5956.24533904297,2406.67098587284,2341.24708762938,2522.43547658494,5746.78175096318
"141",2617.21349862935,2588.97823505569,2324.60762260853,2469.37283975353,4132.08933923706,2563.45040669176,2270.371848757,2422.63454343959,4438.14407387932
"142",2526.05010062407,2494.09300493568,2479.60516589649,2867.82225970325,7110.86637426539,2483.67859587333,2476.08729242306,2883.90795538068,8200.70326697184
"143",2602.01582154127,2716.77703806759,2854.05993748945,3679.04535004347,12340.3106371051,2531.70262121849,2656.02799342091,3443.51284152291,9820.14371923792
"144",2493.82070684015,2528.98826771103,2500.02608004879,3010.96868058574,8256.79678040301,2430.93889599677,2418.39204536248,2949.84317183782,8128.18826163004
"145",2658.66974922658,2637.55058121028,2352.04325287057,2616.54249542279,4499.35743956357,2597.77012661273,2294.10791042308,2568.53884405411,4480.81832913769
"146",2696.74545960884,2683.26667734849,2661.40944229392,3279.93030312261,12574.4490461874,2688.65033700163,2644.99352577039,3311.67885618485,14721.1397138895
"147",2745.68310627888,2690.21139489837,2711.80968497927,3476.82514137121,7205.4596427979,2684.62746369714,2683.12642668644,3482.11470279672,8831.05833766215
"148",2736.41351544126,2812.21691079878,2706.78946198359,3524.32152562549,18594.9032088736,2709.12381605519,2592.95940769891,3425.13465863784,17499.8553039623
"149",2734.04923826459,2766.10936315332,2542.21649254254,2791.27161670471,5425.43287274849,2645.2559619713,2423.16265200197,2655.36364912417,4966.17559107027
"150",2761.35111859997,2753.99922403789,2944.69921142045,4085.19809931628,25361.7827612007,2676.95468893585,2875.92159143208,4050.7101087146,25989.2547465056
"151",2521.34323351703,2486.38716804555,2471.10279225603,2816.87136078138,4633.86046628855,2459.37243113307,2452.25333265007,2862.83534846528,5963.26701015282
"152",2867.95791654247,2785.20868829071,2628.08447558105,2909.75999409141,5801.91966073012,2812.50068608801,2605.15674459054,2890.4041707506,6242.9519272168
"153",3233.19076626635,3201.83450710845,3118.99600697911,3965.19879306198,34504.3097628249,3098.66911455712,3055.61813759257,4018.70164295157,45114.068201704
"154",2766.93599935591,2776.7938013258,2604.98745742355,2902.91254796136,9697.12199640748,2709.62117737518,2522.0314886459,2808.83678442935,10033.0653453585
"155",2617.96239877825,2567.34451418049,2448.40768727403,2704.77486250111,4666.3385756649,2538.68161504527,2400.42801474504,2662.71932557639,5168.00905440635
"156",2913.03442962075,2917.06799061769,2702.27044448911,3173.13264946262,9580.78184418561,2847.46717175371,2627.09425028328,3097.18876941835,9419.09953091495
"157",3325.01329129488,3618.69243444502,3147.63637367963,3696.82535323049,33500.1457682329,3287.66466183179,2944.49190295956,3490.5004563464,26621.1723019969
"158",2724.67997977207,2678.92120158762,2754.5467142515,3581.50732061915,9879.54754149709,2655.22307461425,2720.09770194176,3597.00386102102,11506.6122920865
"159",2740.46734214458,2652.5781135458,2519.34809023875,3012.67795946625,5426.54817429356,2724.24223765945,2551.39293483354,3113.4698862924,6707.09848562615
"160",2663.98157956585,2693.93160128451,2531.21844429125,2779.833386588,3596.92351903115,2587.66885601424,2430.11455200137,2665.39130807156,3432.48589936981
"161",2671.78525410264,2673.35433910731,2656.59158724257,3104.77884249858,6965.54166067364,2613.63947698206,2570.60473413936,3031.05138357165,7072.67772904914
"162",2570.62842291952,2551.04157153522,2410.52279198341,2664.07397278391,7883.40608100629,2492.60158164575,2340.18539589974,2589.44156024878,8202.57191939327
"163",2917.6634485413,2951.67801123036,2694.27649993442,3013.24821985631,9162.00556402005,2834.05819415849,2611.21018203393,2929.7043204412,8944.03505678323
"164",2663.25535487792,2686.71739799933,2605.42443229985,3066.02564480452,7661.72080840228,2624.29007522103,2532.14332815977,2974.93088372608,7442.35995032676
"165",2751.64452203471,2721.4547219743,2702.16473724781,3134.05001060272,7572.27907039976,2700.61614371446,2692.99061351758,3163.21700416538,8533.45703299152
"166",2542.02981798273,2588.55149497077,2592.59253078386,3001.5628358194,4502.62337659418,2474.80479293467,2474.20953373716,2875.13743845136,4284.31716010984
"167",2564.88811104005,2609.19389378729,2594.59081190014,2983.74005662648,10407.1687187689,2503.57258318606,2483.72232802851,2852.52169469566,9967.41713965517
"168",2721.1561265347,2649.48551076178,2557.33108423769,2798.86530454065,4495.38642944505,2682.7535232462,2553.88426448296,2835.54898963246,5845.90717250187
"169",2747.37129356358,2627.6877988018,2422.07806264101,2631.11187222659,3503.68643122335,2684.11447452398,2373.26565573352,2583.29191390727,3747.52931738168
"170",2817.14835327913,2817.24899444376,2765.48151920995,3261.88071536965,23224.1652039422,2763.04466777047,2700.52757711543,3198.87557915944,25216.3047494151
"171",2593.60775507171,2635.84048445035,2474.85285329415,2741.9300663392,3965.37473755751,2529.08064650469,2373.45030550666,2632.20664241619,3730.87646190969
"172",2899.13496632527,2759.94894794009,2371.6313003459,2593.43467163439,5393.15632097234,2791.11434975471,2352.83053235453,2587.02233118593,6311.70342924351
"173",2622.90227441616,2617.50573829066,2393.07656160143,2490.30066120578,3055.99868775709,2544.06898082857,2308.98404974426,2403.43203553383,2992.41065174759
"174",2683.97313695576,2670.15359527907,2609.68541935512,3061.55803873767,7443.38856939296,2614.28006490811,2540.87750727246,3013.66364821956,8174.61273667158
"175",2990.81641775558,3008.8912906308,2630.72193856836,3065.7004019819,8235.39061912665,2970.20262752672,2510.59042242746,2923.42281105158,8224.59890010817
"176",2611.49909792419,2602.92825920073,2395.10639426865,2523.47398942922,3534.87846332311,2530.05451708406,2309.72266968272,2435.95231083491,3516.93546019337
"177",2920.8445257409,2798.70667840762,2407.56148603838,2739.09976382668,18867.7373598052,2831.56513715847,2370.18982509939,2713.18134281464,23729.0900867064
"178",2563.00832224748,2584.87684997808,2474.36007007916,2966.65584241011,5217.05318976305,2490.47294118085,2351.94943281404,2802.23883014119,4962.67824094481
"179",2750.80101481062,2876.03541366178,2908.59445479144,3522.94370334773,8627.96652165602,2700.60443702157,2720.18049868391,3316.27549971456,7712.40868301256
"180",2897.52874529622,2945.93041308703,2859.49385037507,3355.59560476626,14211.673103505,2814.07692921955,2727.00336548163,3221.38344687509,13694.8592661104
"181",2644.43172521974,2694.70551514248,2571.16066299936,2898.6991471675,6564.47521334442,2552.50766715841,2462.26533219051,2792.77359747248,6156.92587584605
"182",2609.25416983128,2637.549282264,2611.88606842488,3151.01260869406,8058.85493252416,2549.46685628496,2505.73990675763,3059.99384891113,8288.14418466935
"183",2634.08895361702,2667.05707453507,2479.21844237771,2626.59172440319,3602.14378550123,2561.48176161557,2379.87761751494,2516.64931116395,3399.45635912455
"184",2935.29572090997,3018.63397060856,3162.2904010334,4199.77438575809,32143.9218420117,2830.90296668375,3005.45448928703,4055.96905406929,27827.6851319492
"185",3403.2063042875,3398.23823717697,2839.09732323676,3364.18905602233,14770.1300356455,3406.79258607962,2775.59083001264,3288.93710662937,14716.5257190725
"186",2814.06150047065,2752.37056179468,2578.34899681862,2859.30244452573,5446.74503446068,2739.51239985637,2528.3711804646,2825.29286911273,6518.51574155022
"187",2682.76835328379,2643.06744649846,2715.29797808784,3222.42878003404,14519.0585128777,2622.9861377341,2724.17734269427,3286.57324490175,18516.5374149224
"188",2881.09226871343,3000.3601517302,3043.89190552831,3795.60118815956,35337.3429234505,2791.76590093678,2835.99494522597,3564.2717919372,29665.5749735478
"189",2867.2588233427,3029.39895393278,3033.92042316158,3854.09835094984,44005.2538578122,2798.94366840352,2816.38122873578,3624.90398371799,33939.4605427342
"190",2965.09916639983,2961.07485132023,3160.34557881878,4092.25832462193,44485.728049677,2909.72996435889,3153.29391510684,4212.12597649144,53663.1667167287
"191",2770.8836549872,2767.2134838512,2494.04530471935,2871.37155741697,4726.29578210757,2734.81544919081,2435.83145900528,2802.38885096741,4766.12546386847
"192",2706.40579827323,2637.00954623882,2414.80503106808,2606.47522984804,4587.40408349849,2656.47858916985,2364.82018775153,2551.35119841948,5089.29348426043
"193",2717.54396398347,2697.92582687386,2542.99898846006,2862.6961485177,7010.19944645511,2668.8953659783,2491.51882231706,2826.33635081165,7822.70764394783
"194",2854.68896378858,2847.44057890209,2582.43605621699,2898.78906192609,7076.59912408206,2816.54612352916,2518.13234556392,2822.31824945187,6839.88076691718
"195",2616.62998118316,2705.30213720232,2637.19976576936,3410.20261471447,10879.2197262195,2537.13193556613,2489.71169843969,3228.76256315216,9819.86546474898
"196",2573.40998342926,2599.43928598647,2524.42158255546,2949.4238056277,6769.00369996235,2540.37865276114,2476.88063826154,2941.98880041012,7400.10183569231
"197",3284.58310719386,3572.70882958016,3362.21310226884,4149.96866818331,46073.4003872069,3247.72455484533,3179.63809503252,4003.32262970564,42991.8103597121
"198",2479.72742689318,2545.92290366441,2513.97738903532,2827.32438733646,7447.33413234392,2429.64887482912,2399.25051033584,2694.89513134366,6508.86131734206
"199",2689.34938522851,2710.99451803493,2440.22591405332,2682.1390751423,5448.39005890829,2588.908812297,2353.14558181416,2594.91012052889,5301.31618431075
"200",2586.65604345581,2565.18275180113,2432.93610927563,2591.20069549932,2979.5105984126,2530.93686329265,2362.36374240664,2520.37287308366,2998.09014017709
"201",2673.48071900993,2704.31884006625,2665.85700307579,3064.19027627123,6021.67057863058,2625.05563657026,2572.8789761885,2959.33777340766,6016.87916201117
"202",2677.5569125946,2703.49783022815,2535.44883541084,2725.60588636078,4671.82370306307,2596.71757954453,2438.47643905498,2623.14533510317,4462.23773804296
"203",2810.80808377238,2763.82586929516,2554.90499788115,2795.97901098128,5639.8313545453,2761.45242129526,2520.29719138217,2762.61543008724,6240.25556188333
"204",2681.58235349435,2726.63298602608,2635.59551236091,3058.27188174483,14387.9234997107,2598.73024239892,2517.36466214076,2934.17036328379,13454.4417030654
"205",2631.53046279314,2609.39438298515,2470.27130056138,2605.89689535162,3704.13791915871,2562.6484344705,2412.1043846019,2549.71156618697,3773.68781389451
"206",2806.49367954771,2811.9812624846,2651.01362174639,3067.38748943337,7112.48563934466,2753.3228106401,2577.32011126206,2997.11529302086,7388.56650117461
"207",2841.04559632034,2839.08951107043,2664.35429924082,3289.70671934132,13917.6294742011,2747.56302706995,2585.44686360322,3222.08272331325,14264.0664162133
"208",2410.12544321923,2341.46995093597,2333.12594979146,2690.93841336571,4470.38943934057,2355.9078426138,2344.57544523858,2740.63200455461,5680.93061775116
"209",3348.32138375206,3340.94837406945,2921.78058343751,3526.98046002037,22550.3067082148,3175.27902678712,2838.80099259777,3496.83001209624,21558.1068890435
"210",2568.02329506009,2626.68693344033,2394.46987756176,2960.46808847168,4924.26255347806,2499.8039472674,2289.11043887661,2827.15829680731,4587.64805995758
"211",2644.15451437611,2598.3321187182,2529.79481351707,2798.91790923155,4456.8040690656,2628.19353306931,2510.02164895036,2786.81191243339,5145.93449813158
"212",2914.4919529999,2890.28222853239,2682.31864629391,3083.08224482862,7422.97763639335,2821.1154670543,2622.11300057032,3028.82343618876,7811.31033645097
"213",2604.11217950686,2577.71484580569,2456.1862055986,2688.42445113531,4700.6896891592,2569.56468297006,2413.72086109037,2648.70015781938,5134.53918034259
"214",2537.29236052616,2607.38401477091,2667.9967681531,3160.64327561354,10762.3468817664,2449.97737162441,2519.94713818327,3024.95421493816,9912.97195974322
"215",2748.8531187802,2696.248946157,2604.343795804,2995.85718540631,9713.69695189545,2689.14316506393,2575.74490465328,2985.85809857035,11882.8840282465
"216",2761.10838093652,2744.91570686988,2584.12262009763,2887.90720391864,6511.86872932355,2677.79654348388,2525.06484954337,2845.3123475355,6668.91911681378
"217",2633.49308403613,2664.18944650578,2570.99679463771,2696.43366321437,3339.21163602716,2574.51101473582,2476.1214300855,2594.41319495457,3249.31490722556
"218",2686.97851656343,2676.1089226727,2339.16828378464,2466.45293281165,3895.48779883571,2613.41381871534,2259.04015817449,2380.51404613952,3814.7879545571
"219",2626.05271174837,2732.27247005225,2494.40764358224,2800.76274206275,5338.82064098285,2568.07346211811,2346.34700188376,2616.04942607083,4679.93916496111
"220",2588.7507677234,2587.316937735,2355.73195446418,2475.14644304327,4216.52339863592,2545.17655492878,2297.5427530717,2416.14946081443,4373.62713488111
"221",2982.4798592736,2946.59413087913,2441.2181078014,2626.42237207099,5923.45391625166,2898.30872316654,2370.90922280595,2550.08837210684,6075.12751415003
"222",2603.46307609467,2366.72192760165,2279.31976152626,2414.77774032925,2981.54801361823,2535.78483320701,2335.14208532798,2494.42127537691,4193.23326847412
"223",2579.02969124134,2559.63550747623,2507.95582129133,2920.71121234545,6410.35352654745,2526.06323485034,2471.41474847003,2895.74498182284,7346.07492136078
"224",2615.96345493469,2737.8948064948,2714.43307573584,3624.09035198775,14248.4520023096,2552.38360498483,2530.31560542855,3386.51870638275,12552.6134705979
"225",3116.49010114045,2995.75574467454,2705.22212276238,3240.9743152992,15762.4289926814,3035.24401834948,2681.24905988354,3264.00619085128,18689.1339911862
"226",3168.57099466149,3260.16502655387,2589.08724920909,2937.64276263818,9158.30552235209,3090.98935522858,2467.72587903373,2793.19126825983,8650.03512084026
"227",2606.20645083547,2607.27872273588,2297.75964405926,2434.433807919,3716.6934884335,2558.21786408245,2233.50916909647,2368.42100043087,3704.55088741938
"228",2539.50771937851,2510.65676979082,2474.84010189276,2803.86683308676,5447.87421023349,2481.74938747807,2441.64023535777,2804.60289241322,6681.00838774957
"229",2804.48525030038,2922.91222815994,2538.27030322105,2846.09799515785,10187.9173880648,2782.83548741585,2453.89260917464,2773.85889231451,10289.0746590371
"230",2654.36082219638,2656.77220934667,2605.61461061681,2868.40519441935,4551.59017065344,2591.98225518355,2544.10526432403,2824.89755817433,4864.53621172624
"231",2663.94064915993,2622.82599109752,2584.21286626302,3029.08133703947,8575.8563907339,2626.28843566669,2564.66990151808,3032.78920277983,10141.1153460098
"232",2579.31733413835,2554.3864450461,2669.09404929036,3681.03433236575,23025.4698490706,2519.64666955518,2644.50419252195,3770.24565001748,28328.2190384903
"233",2919.32000798724,3021.87481250806,2974.28483379867,3793.79009192352,37748.1262851975,2869.54902189776,2758.49068716597,3526.9478552915,35893.4421015756
"234",2639.85501093803,2633.657863992,2514.59253922151,2853.07195282084,5582.71808750065,2576.18605178467,2451.03838654896,2790.95201502325,5913.9696818063
"235",2779.8331575244,2890.45172322581,3067.56209342503,4131.07309988776,21234.0632365142,2676.255126271,2859.68919307261,4030.12857150353,19959.8701913169
"236",2723.84278766143,2730.95872822975,2582.08635868553,2903.93299480363,8538.96132161403,2691.38795120194,2507.94030918771,2823.03060633019,9201.69145470478
"237",2716.91843119552,2705.11796736273,2373.05096218688,2513.04126370757,4056.0005457914,2662.53051335383,2298.64291483209,2430.57036499042,4039.4797054173
"238",2551.14916645871,2534.92603693396,2556.04646795783,3100.94960359142,8062.5751332406,2495.68501553099,2533.18250159534,3128.88248953605,9490.15543177867
"239",2623.21568235922,2602.47231664119,2578.47679742015,2969.31026365424,6365.52972452096,2544.24190802025,2525.8042245433,2929.18178964468,6744.22713482886
"240",2722.40539080267,2763.77427014665,2687.70995842813,3635.84580866312,16789.0552945666,2662.37285790294,2604.09608711489,3605.45657537058,18363.0839406156
"241",2895.58540962405,2821.57607064989,2479.09449100868,2785.33638556841,8848.72580166891,2855.34409481566,2437.38540299101,2759.63659487235,11053.3690788048
"242",2700.9558007464,2648.30567474848,2425.23722098083,2812.03912046941,4788.35755754559,2646.14343323362,2387.85294232506,2798.58149844388,5215.78046834149
"243",2752.96296873823,2778.75059304904,2688.41896269686,3087.53504700266,7182.87322136301,2715.68192821837,2602.76246401077,2988.5859258782,7713.55083207982
"244",2628.44031316668,2618.69651145505,2569.84131901349,2931.31931990203,4505.71512969617,2580.26591546809,2520.44704039792,2908.28664522689,5081.60314241508
"245",2788.29286094808,2678.70757681747,2488.78635694774,2876.14226391015,5701.74729647433,2701.70904410367,2452.64102276498,2866.01164560008,6790.06137099411
"246",2990.42076114269,2768.63477227481,2669.55013925703,3207.91107058473,7611.41905517958,2945.50246296539,2745.18503789147,3354.61442347564,11867.3880293953
"247",2630.58622818295,2668.02064955936,2468.63019350684,2644.64386522366,3838.57422716563,2561.0397277112,2376.89089014663,2550.07303428464,3733.49784462969
"248",2509.88540671344,2404.93544054899,2295.51904715266,2489.46640367387,4332.18757641213,2452.69678852466,2292.88447233407,2500.65753755894,5621.16997741916
"249",2633.39085686378,2650.44432709761,2520.16345111491,2845.60736085869,5757.25120765027,2560.37392727374,2430.59759402986,2768.94945152759,5904.65112595605
"250",2618.78955505815,2687.01371246495,2796.51868493012,3710.02956659244,10684.7914501611,2618.86695723588,2763.86268648237,3716.75093433666,9710.86035170835
"251",2755.22040366566,2765.21407585497,2569.32060582977,2792.25759020895,4131.04242037254,2691.73878342516,2469.62555972891,2681.60643570295,4109.0138503276
"252",2611.00478593803,2620.53976722694,2584.5326947742,2984.67848267909,5511.09886620629,2536.90084425411,2497.91884098494,2909.02402841772,5660.21538487586
"253",2618.72446941574,2743.64471823996,2970.46488074461,4231.08629566133,87951.7024137231,2550.69719865822,2740.44401581421,3988.28426444598,74723.6354683222
"254",2828.20442148723,2846.50656937994,2681.68310524753,2983.88869814925,6859.21868830673,2736.66744346796,2580.65764842916,2875.76607723754,6389.14687089182
"255",2650.53822821272,2660.95105658417,2652.1400329644,3124.70308639748,10799.0614190434,2571.03908995416,2551.98190774515,3036.15392446114,11201.5858453597
"256",2529.22834970264,2546.63032638342,2491.94874829189,2835.5135814113,6583.06367692848,2473.64978560547,2412.9432177575,2742.69646788874,6116.54648195625
"257",2964.8562209565,2897.66323198867,2275.00705378445,2526.53820478714,5706.45874859375,2913.5241159965,2238.1834313941,2498.72481573784,6137.50101910274
"258",2674.89459418557,2684.1681780117,2666.77445839336,3099.12178605006,4884.43927721174,2635.60072611134,2604.76735489671,3040.21032333807,5201.86936733173
"259",2663.94389259171,2654.89641572495,2367.1891160885,2481.41436731879,3625.17135987192,2619.12141367955,2291.74389130841,2402.6718634276,3673.54678423723
"260",2792.91696008303,2741.46756107793,2638.57236769445,3050.13918074706,12927.4561254156,2700.35942023856,2583.56557283677,3006.82458182662,14211.4427089064
"261",2580.84623464041,2589.76772502461,2436.96829062571,2640.26708116827,4007.23113370204,2512.94881155492,2350.27430970631,2541.68319742747,3891.0326768493
"262",3122.96697204977,3022.86224443168,2894.62150304855,3707.5102160209,17306.0586043833,3116.06366155555,2878.50813674578,3763.32045696081,24493.5118734678
"263",2550.58672726549,2555.84877547787,2502.32895416812,3060.38206392033,7959.09888283583,2492.38844115693,2445.10582391006,3032.37607145222,8418.68251427864
"264",2961.88044994074,2862.41047233646,2922.5862673931,3561.98080794965,12778.0952225483,2857.83031773811,2919.70582599944,3621.47993331482,16773.4818176924
"265",2897.21446408261,2914.49640517752,2449.89850944533,2622.83422692966,6120.22107164847,2773.25812778672,2348.22720726953,2520.58416368679,5814.70725806684
"266",2956.70628316464,2837.41050390783,2738.09952448628,3141.68492895809,16842.6171159646,2884.25109634167,2740.03274140832,3181.19829307987,23331.9120904123
"267",2619.14335627477,2387.37687631041,2292.64860722534,2453.22329598179,3836.6384154483,2568.81967671732,2381.96148322036,2609.71328499451,7147.94358550097
"268",2908.36742525085,2820.92288779097,2837.23299535018,3683.04873993167,15732.0502839643,2844.57107240133,2833.78440426777,3755.59912471127,20047.8610669551
"269",2595.2972638184,2624.4233327569,2609.33669122061,3232.89784266617,11610.4011153141,2553.0097101119,2500.57557668128,3100.30072211465,11521.7667963537
"270",2640.81022093255,2593.0700009476,2576.55080838431,2962.69935737559,7595.54770974766,2557.75104216772,2534.13190305127,2929.50950043656,8362.31018261214
"271",2701.09315763921,2742.98927015761,2544.0679709476,2825.10512800317,5170.9302189796,2646.36115703312,2460.73820196211,2747.40112713253,5208.46321198535
"272",2834.34649440666,2723.18075629387,2414.74834358558,2594.0646713394,4288.29183603989,2711.29763208363,2372.97654968035,2558.65800177442,4673.08446160881
"273",2848.88483384564,2747.79114555827,2834.93454273308,3564.37462323616,8220.70246710839,2775.56901725605,2851.74913340637,3621.67413359191,10460.8382771304
"274",2805.68910009908,2764.64982007442,2542.27414182331,2782.93819084203,4825.80241577885,2727.37788325302,2492.61284134571,2743.88629700022,5165.87835420968
"275",2843.62990693695,2732.95219203402,2388.0719763272,2821.18843502685,5244.44757613293,2764.63851111563,2344.52256532207,2810.20478568525,5834.92696032472
"276",3000.95610446342,3079.15124626253,2913.78051070627,3463.49018666253,11434.2323862401,2962.3475908766,2734.6563082716,3278.40484898894,11490.9663432434
"277",2646.42110489727,2689.61860155317,2573.9961562592,3042.46633041415,11238.1363213398,2562.95647427184,2447.32816179294,2933.54235987943,10840.2380070152
"278",2645.5153285346,2684.9787324566,2608.77954780231,2937.12710816566,6778.90426787502,2592.08723766436,2504.06993600497,2821.17224908191,6565.06927878488
"279",2643.34642492792,2586.16924230653,2514.76244858797,2876.40532513153,6461.02523608457,2597.95809609571,2524.99544534653,2882.44512637666,6810.01102648093
"280",2650.0397240283,2649.44006881432,2547.43589025943,2808.83879351266,4402.51366650158,2579.48075099941,2467.72402343956,2720.96332714381,4384.11583977142
"281",2878.67884246608,2803.47929531916,2403.9156604653,2629.45759856154,4842.57673795667,2799.26951398922,2382.16685333386,2610.0238978319,5128.73704232994
"282",2682.79274525304,2664.90735207783,2691.4075412969,3101.89290021509,6661.76428872864,2609.50862187904,2628.03086689136,3056.459460714,7042.29492877323
"283",2693.94382785928,2614.0294544718,2422.987342136,2607.45252097977,4512.44501644375,2636.86897677995,2389.7399829428,2577.60888078739,5158.12222552194
"284",2757.13396117037,2617.67378928457,2423.72321515441,2868.57883531057,11078.3197657284,2763.91269782975,2502.59243682806,3033.34328111185,18048.8027949986
"285",2722.00292557197,2691.69034519197,2539.66757613673,2748.23888492782,3904.80316761968,2679.27304820519,2484.40560833501,2684.72329384642,3983.78423401863
"286",2784.81525947273,2662.30817205074,2386.73192192952,2589.66005298073,4189.70061804182,2724.36034458363,2344.43129052066,2550.26127500986,4623.30837897165
"287",2781.50151553803,2713.29375138998,2558.62555777232,2839.47725755944,7462.89325313213,2732.80723270838,2530.02626322962,2810.63682943729,8474.89671657606
"288",3332.33841502763,3039.48481163026,2767.49878768066,3066.60327982202,6535.41891209195,3145.90240636301,2742.72421882537,3062.77961419127,7679.32255050616
"289",2653.02886872924,2670.10175175974,2559.14302646495,2929.97302273501,9521.21634028649,2560.06573172023,2475.74631849786,2851.4847469892,9347.80641210804
"290",2739.52099887826,2771.15434342273,2843.27564508977,3640.82939185953,12154.4857345075,2680.29538443915,2735.31662659666,3520.98972414855,11891.7760065445
"291",2725.6114706783,2758.69612402506,2768.87229163848,3202.0490821165,5894.3258076873,2684.69941642966,2682.37678316914,3116.76927496991,5793.3218764033
"292",2838.22385828688,2817.65663454192,2372.2336774545,2510.56275246781,4565.59140782582,2777.39486069269,2297.54186592801,2436.2308919402,4739.66850916737
"293",2712.00178018534,3286.86813251311,3197.75346096465,4022.20266683204,10726.0735437812,2612.5420649851,2549.04600659736,3282.15199473961,7004.72017844295
"294",2765.53620155948,2759.28178074709,2734.59851684593,3529.68283657617,30012.6315384227,2640.16226537206,2636.84390059238,3553.96096043192,37244.7951283724
"295",2720.02545392817,2620.72265690634,2646.60810664989,2967.04018621597,4669.57782418558,2658.29887933434,2689.28981441321,3029.50544653507,5444.891711412
"296",2611.75998822864,2583.705998269,2574.52861114011,2992.50356149445,6026.83105585839,2558.58856839878,2548.6906678899,3008.08961179483,7147.23052281165
"297",2838.09128846194,2742.76673061019,2621.94887403657,3009.24715809972,11668.3003928725,2815.01507092056,2661.21717950502,3067.32352909735,14368.4831598995
"298",2630.90668633963,2572.00095567446,2431.62809351505,2655.1377054098,4462.25567151595,2574.87499617475,2401.43769998355,2630.27922148891,4932.49829239386
"299",3122.4441355694,3169.18277963801,3049.87762754474,3829.20299594633,15998.1999580226,3038.49404645627,2931.19170463399,3719.30450239009,16413.3123238431
"300",2871.52833212547,2837.33587513398,2533.45495149073,2786.4257758607,8704.73582989277,2809.40587557259,2506.785475302,2767.82716607067,9259.32866182232
"301",2692.75484451415,2714.35770143587,2808.48350426756,3610.24922131185,23709.9978991481,2611.70951971919,2700.52922091881,3515.10475318035,23988.9302687111
"302",2625.01352852608,2607.41504267317,2511.44667352003,2749.52547349353,4556.49193595752,2572.98796354898,2468.4203987271,2715.69016849181,4918.62200159413
"303",2645.68412600608,2635.4435168563,2648.57429088431,3295.4893382163,11805.1069385195,2604.21604805796,2624.20420424597,3272.9126598336,12352.4709915027
"304",2722.41816671289,2699.26907757319,2417.25026562416,2670.35852303478,3763.74740051123,2693.36835452056,2351.32457343375,2600.46389114167,3883.4924428426
"305",2647.07845040414,2596.06318370944,2597.23207332339,3190.82966092911,13889.8309354384,2627.07717673903,2579.47631499198,3169.06073533211,16580.7454773202
"306",3092.50142377156,2950.87213863429,3053.02990550071,3805.67247213174,21689.7344156388,3019.52815142133,3118.54147187621,3874.32063570275,28055.1364793854
"307",2674.35833563218,2700.60578753675,2557.371316579,2801.35353071555,4493.12738715583,2612.49437134965,2471.52562366836,2706.20339471795,4355.21025894386
"308",2864.41143015993,2737.19749064989,2927.86385050345,4295.51634968002,19025.4007446723,2794.54115682644,2963.19824883066,4486.38196770056,27140.6111412552
"309",2564.83028738895,2610.27441910865,2605.61556821923,2950.14261896046,9044.2122389298,2504.97315397974,2512.22872320121,2870.22313011542,9271.92625419692
"310",2849.87022773787,2832.8594000184,2794.64130187366,3242.47859320647,16758.4691958767,2796.35172379683,2735.62116228496,3178.38452581447,18622.7830770372
"311",2566.77998439059,2576.88364883123,2521.14624373447,2822.76453627008,6611.15022752127,2511.29013540152,2455.63019505855,2770.79287297444,7399.78492049451
"312",3042.1391873261,3020.47186806647,2876.32904611287,3569.72849237722,9716.06855438003,3071.03643091967,2896.27434131599,3680.24635199597,12604.8405502779
"313",2722.08162719324,2720.01674667978,2462.63487091248,2646.70179381151,4526.57290795047,2651.56624161597,2387.41614874322,2574.37517514037,4464.37021145776
"314",2869.88193904714,2750.62189794306,2572.68350286726,3024.20725434315,13160.1323259817,2882.61010894797,2609.43017635482,3085.48366404387,17808.3946870436
"315",2560.61671673697,2406.60638905712,2357.54649579381,2657.15250945785,4686.41793331808,2506.9335240039,2399.96106859256,2736.1985514128,6928.3083126102
"316",3442.94251938529,3184.34586212184,2818.05227524896,3265.49434585612,12351.3753896215,3498.43168833175,2874.37641958135,3361.60706339351,18677.0710925232
"317",3854.67307272017,3956.88501198426,3305.7257894283,3990.50817791049,37511.5312193314,3744.08371538653,3173.25649549296,3875.24135599132,34040.2484829053
"318",2543.22113419463,2624.56507976499,2632.71412373917,3109.84132392847,12163.0934430222,2486.01832331922,2497.022403604,2984.22455495026,11064.1988807682
"319",2455.27393870195,2369.76321051413,2360.50240894834,2886.04389818379,6846.28794925296,2420.53014333395,2392.31420937959,2970.03313546952,9458.69420080462
"320",2978.24236963299,3009.06950376998,3103.59572005393,3710.60322455418,21712.5622097167,2876.26393419915,2968.10752214349,3614.67552616492,22502.8850706928
"321",2832.36097448978,2993.12209826724,3135.72355380735,4154.35025393497,35105.5232858707,2755.20242496837,2895.873091743,3977.32924907376,32742.1618327143
"322",2616.70036196771,2559.27827232279,2304.40807275532,2515.77373998689,5162.7269372633,2526.66543797087,2246.50777857007,2460.44353787099,5649.38926768347
"323",2985.35605773485,2804.60471599152,2958.97677787023,3653.09232010539,28379.0946744032,2980.6675144173,3130.7998153191,3835.38759480096,41923.7401860443
"324",2607.34480772586,2580.41374040154,2514.98255828359,3069.1080284696,14906.6431073828,2628.76144731953,2524.47833360122,3121.54530444473,19746.6303163617
"325",2845.8039045103,2814.94917591115,2889.9102788202,3557.08475128401,16459.2276740908,2794.99567667322,2889.63145145628,3582.37981457812,19199.3002668318
"326",2970.62514085838,2876.96932364718,2938.63699589668,3735.32722178712,16972.3806213469,2890.94977055349,2981.84894646412,3901.75372819248,26406.7335273756
"327",2681.15563306967,2695.28505016714,2578.70944375643,2991.55476787921,6910.95135112435,2570.69349438628,2471.44713585861,2896.54840675711,7029.70246870901
"328",2668.3309148331,2663.17599923181,2529.03378264518,2931.2982097791,13948.4773001434,2607.24947957905,2460.05132861116,2856.66100050422,14604.5030430136
"329",2740.15614572622,2851.99815844981,3025.27830193241,4711.10267540872,35209.2065904994,2682.11135518462,2811.63433533474,4428.13220071125,30966.9725665212
"330",2737.12118656048,2823.75522241896,2573.44739435613,2862.86489228268,5790.77875864294,2681.83291104528,2462.75573450321,2760.62988777581,5703.28249290745
"331",2713.14975595189,2699.37230134133,2817.74695989647,3669.22203275919,10136.9384127851,2625.99897090721,2741.22812958421,3627.85252403494,10504.444700289
"332",2642.90756283799,2655.0540394128,2404.69604903615,2518.70851534587,3332.31418716513,2571.75518127072,2310.86336445606,2417.60757577455,3239.50073244505
"333",2719.57790193023,2777.10863775873,2576.67025080397,2882.36760474923,9586.43953066634,2648.94870725636,2467.87492009195,2771.82979583542,8832.4187180268
"334",2607.02240081503,2519.12216086635,2411.83948439175,2571.6370592393,3262.71195315823,2568.02686023445,2390.43832559787,2557.04499910943,3686.48107809198
"335",2629.1776709511,2606.33107900225,2259.31666065547,2420.13803961627,4063.98272619965,2581.54835858356,2183.86814769903,2336.80359968242,4071.35048684783
"336",2639.35367488351,2624.70251453694,2398.30766466334,2712.85050025291,6226.27532380208,2544.49217253337,2324.4410158934,2649.97571534497,6477.00915293108
"337",2931.78399297284,2971.16308355472,2447.47087276164,2591.71374831151,5745.67156343634,2827.0563188622,2349.39532735312,2493.98878676674,5495.72048267729
"338",2516.06015372432,2503.8066084015,2385.60996684191,2636.67592773324,4382.58603208458,2455.8352091915,2323.64342950711,2583.29270654301,4677.5998994104
"339",2637.76019275712,2609.00714873244,2506.91623279466,2970.12154603507,9313.25559837887,2589.4739822732,2464.4014530434,2946.44756058014,10567.971080323
"340",2753.68292944111,2681.33183735514,2792.62962228282,3288.80150733091,13402.9247088028,2679.06762132179,2823.60920888646,3349.8820155207,17955.0668757029
"341",2881.35210618657,2842.99198849886,2532.19924600406,2720.22172508174,5121.22911074462,2812.34353821742,2476.03768221047,2659.71724027831,5409.34942838741
"342",2775.51757888087,2744.79940486019,2506.76663546524,2803.41898227817,4916.56396879894,2717.31854679294,2448.59925240413,2743.80403015058,5212.23425456345
"343",2894.40560647485,3036.33133549304,3320.44916364543,4213.00449564586,69432.3607249625,2811.49135717412,3085.27955568087,3984.76424155656,61747.3945659467
"344",2592.53439517387,2604.57097927764,2521.74377640649,2731.22170021427,4453.21550965138,2538.11673896873,2448.61214786571,2660.58819970186,4510.91720426928
"345",2621.80915764393,2665.02591492119,2458.1969761161,2707.43055969135,3895.50965901519,2541.90336334704,2344.65239403013,2579.98522556675,3682.75506894566
"346",2916.17517322632,2850.41294074547,2588.0317035886,2864.6220733073,7897.62160585921,2842.05673646364,2524.88270834181,2797.64484927085,8813.62906604056
"347",2689.03500483358,2698.30325099467,2562.74478632496,2966.22291829245,10711.136481642,2627.21090942342,2495.2006413512,2910.29609409436,11201.2398732643
"348",2565.44203101472,2567.43300360825,2396.41119822352,2622.65017169622,5952.01488371578,2502.52409284695,2327.79553057512,2558.44589829195,6283.55909901319
"349",2637.26139818512,2738.42925839622,2780.53258097861,3589.10054784335,19014.6561635927,2566.4498906222,2602.60931118523,3433.54549737715,18374.9581949771
"350",2666.94359538087,2763.93755903608,2792.94671430037,3547.77813015686,9102.92795456557,2594.00648882888,2634.29048360459,3399.07225881128,8361.20390276334
"351",2492.34908353126,2539.92503646346,2454.62935855844,2900.48248586822,7858.59265407014,2438.30566217906,2334.7145830943,2774.24795939356,7415.98054981221
"352",2599.94138227111,2617.72562104918,2656.99008642725,3277.80421767284,11114.4807788734,2549.04412111513,2583.37254197345,3209.23838179651,11155.1577782473
"353",2573.17538270851,2611.1522109481,2609.70658306067,3005.31872288677,5736.69774001334,2505.32376783543,2503.85699688424,2895.66939875167,5541.32234096048
"354",2955.32875059647,2887.55200149302,2514.02624902202,2802.53557805405,5446.79480567007,2893.7703373599,2450.85880289251,2749.82746234657,6208.36986687531
"355",3439.45421507218,3385.95683472289,2749.69770746297,3160.06844042741,7437.46106839435,3403.83191861544,2690.05861337912,3100.89870439792,7838.83799227217
"356",3136.49733318603,3235.10642907814,3127.46824637628,3743.44174990657,12403.5550568018,3049.92617862901,2974.04991674234,3603.30565908105,11369.3839837985
"357",2717.87909292263,2582.1736104549,2675.28537798992,3415.20028149371,20751.9988487541,2670.10552594266,2799.75099031898,3631.23141403273,33864.7942705099
"358",2575.04383108295,2597.43756595561,2486.09067072231,2788.83310714893,6577.31293258278,2502.93251226314,2388.53804436306,2680.63957346611,6120.68619571534
"359",2628.94379371579,2658.34862968229,2692.50605714488,3384.09887988134,10956.1436174557,2555.97793889162,2595.24484868814,3302.28080938659,11048.0012157102
"360",2669.84158586988,2653.16988997145,2547.07837552907,2815.18457933158,4581.67175154044,2604.50322551529,2473.1314246049,2732.58319133876,4643.97079039644
"361",2814.72629933881,2787.52156110531,2622.60325470031,3102.31402770886,9068.55466577317,2774.83098131134,2568.85556011882,3070.96436952242,10278.5658195649
"362",2545.94436296235,2520.80695125918,2376.33186997254,2558.25542927463,4741.90841582178,2489.72556216687,2331.31746685965,2521.93513701594,5148.85002150024
"363",2696.22054095288,2730.49449038282,2470.0025098349,2800.86422397798,4370.03095957854,2654.63132057606,2375.86669926951,2682.67030139311,4204.51299556472
"364",2527.41314129649,2495.65503101199,2461.95013644824,2880.07070123582,8166.6557973037,2449.12827076488,2410.99498187905,2854.77401344684,9576.43012387523
"365",2560.96615579553,2606.52020297259,2568.4794620868,2981.52322148457,5732.146815037,2493.58039249222,2462.10783693996,2850.55039525775,5201.01797862657
"366",2641.50634428046,2568.84920396193,2411.8892817728,2812.85495393514,4905.40309851768,2581.38040228368,2379.44387814985,2797.08416595734,5570.44704076327
"367",2943.32561808003,2907.97507789835,3195.04345662024,4513.31536723915,35650.2978976517,2898.35499133893,3215.53105029822,4647.06447274001,44378.6451415439
"368",2495.45669807488,2508.49857546341,2465.36174116738,2853.05016697633,5313.39181872444,2444.17318164044,2409.47151326682,2805.7615195138,5530.53324743872
"369",2727.33498848226,2692.96358219001,2469.96847967908,2623.44960664852,4971.59909272426,2692.69377178321,2423.75907251897,2576.76274402949,5349.72958292136
"370",2642.92592569988,2732.06669361213,2627.44871202655,3046.65481675777,7753.90733829665,2590.74742267542,2496.33931397,2883.97477107254,7001.46229477203
"371",2537.32448685301,2537.90891478201,2512.18501317081,2839.32881196949,4872.73333558566,2492.20015371473,2464.22401593939,2812.6228338151,5205.48894781402
"372",2559.16589812924,2636.02283957074,2807.19082941494,3688.69755418188,8801.87252514079,2460.77403851107,2581.81595261503,3428.45271852082,8130.07635449213
"373",2572.51280496035,2613.63923437148,2505.5747432837,2880.0849643499,7008.8605101649,2530.12393174425,2422.89751956895,2783.4011860985,6680.45725045116
"374",2804.24008449065,2558.39557040857,2438.48688146795,2732.79023765046,4950.49906079414,2763.30297052852,2490.88791521293,2792.8816373235,7201.80541580773
"375",2826.13137211283,2847.57446096067,2645.83666753707,2926.31492543685,8818.99255751906,2751.69355174006,2572.24243587866,2869.69398127008,9311.96589944482
"376",3330.74242981762,3434.15397457228,3301.35346205498,4032.16559961161,21801.7706277024,3212.30657896315,3113.25517000941,3873.98704738409,20622.0025422614
"377",2724.42741256876,2672.64589871025,2553.66014786959,3048.60553070625,6873.23768953401,2674.36574492975,2537.95212223638,3083.99313815449,8017.81376988838
"378",2719.68815401116,2709.264175188,2567.84450793524,2856.49776664251,4743.5386257808,2647.01674259371,2503.56972907442,2794.06800890316,4708.35403147993
"379",2607.11873081553,2639.37713425151,2669.40808630914,3323.0525209703,6320.63773862197,2532.18970035639,2552.77251984741,3186.53244143708,6222.25276451484
"380",2570.68716422164,2569.20340217255,2246.28468079922,2465.28591833431,3862.94350286806,2476.04742400258,2162.99302206123,2370.44971510719,3740.39166848487
"381",2610.56337174126,2687.48336935809,2633.94581178862,3137.84069454102,6779.53307416989,2494.77009321248,2490.53894267274,3022.20162217957,6264.51041086127
"382",2648.15361765904,2618.00107778545,2592.34814214192,3059.55193341527,5657.50834884258,2598.65237773802,2566.94693056979,3108.80836476749,6952.68627813592
"383",2633.2346879998,2631.31154517755,2379.7302052389,2571.56657604267,4384.04765014105,2584.08492668566,2308.68685834211,2498.28300912725,4409.71839761785
"384",2840.64943182576,2870.09870660857,2835.24374352832,3266.90579603752,6225.35540296272,2778.96061916718,2784.27671945165,3262.34172307936,6563.39092883064
"385",2424.73436744701,2346.76481645082,2297.61242433992,2680.14575526364,6345.94620133152,2372.03454544258,2282.25627525502,2669.14357886401,7551.35418494282
"386",2602.00743615668,2661.23141527117,2453.98408091018,2679.24483705581,7171.46290628324,2551.16294834209,2359.10440404217,2577.18682488121,6770.62827954633
"387",2563.33214727719,2592.14023213748,2459.77793441951,2652.8702242216,3650.9105768998,2501.61464459164,2364.78046497188,2546.72873154988,3555.02160389727
"388",2636.98443253408,2673.74088114932,2496.11041730136,2721.80043149425,5131.42356216306,2587.46221285755,2397.71996656588,2602.53618732542,4743.13632954511
"389",2569.07273147608,2645.11651306125,2727.86438053965,3640.4806226066,20627.1007610033,2509.88389780931,2578.64500879512,3479.06302983408,19036.419682236
"390",2725.377807691,2710.23668692771,2682.57661888411,3029.32962450258,7366.46025564169,2671.16771055963,2627.29683996932,2975.37451932872,7752.66055586933
"391",3372.41119882741,3262.38736896008,2571.1442456408,2866.01343339618,10854.175297227,3264.85380218677,2525.70172980798,2836.36734859237,12559.8375994634
"392",2734.54635690288,2674.79593491127,2646.25612939778,3075.98002245481,13452.5650701542,2719.11402191181,2628.41142567681,3036.41398809298,15366.1515308369
"393",2559.06725650068,2608.72745340519,2511.7817702651,2739.24093162937,3982.04364896099,2501.0376374458,2409.18469284906,2632.07034724739,3773.45929571085
"394",3049.48491854612,3032.46032689096,2847.33381783194,3475.1963629887,19218.6830234655,2967.37698746686,2772.71695930695,3446.9707443882,23442.9026611216
"395",2745.71064825806,2657.48522278985,2700.05682555217,3036.7537090442,4783.60470610341,2682.57235514651,2739.80883495063,3098.34749961635,5495.91458887367
"396",2895.94823195422,2658.04510621794,2554.8037201955,3000.64117047223,6111.22090995809,2851.37537045049,2713.42883306175,3236.50552793711,9503.3355437394
"397",2673.04906217325,2600.04863237966,2641.15862722338,3052.19256746153,8487.46468821645,2628.22097110001,2642.80277492367,3045.81856852409,9616.20012156358
"398",2615.68573459298,2589.45402507495,2493.01990172814,2771.2941661999,7317.59230961096,2550.15592791338,2439.47224943389,2713.72784064401,7688.08096000192
"399",2526.30171516855,2514.86459728516,2471.69029270708,2732.24402179476,4215.50056121531,2454.25739318141,2404.09283374935,2670.15462929615,4538.71203360897
"400",2676.61126873815,2586.73966100438,2485.10629502576,2934.58355041953,12159.3757641869,2657.32511288055,2511.72938133106,3003.99632339576,15870.9208251922
"401",2638.50994375367,2614.6445949842,2416.4386507128,2563.83171551145,3920.35884943874,2590.37989477459,2355.13806863192,2499.49429796516,4077.42576537814
"402",2513.92991919228,2535.99331240564,2501.42341218072,2807.19174287385,3773.45511417559,2455.08422130219,2420.1857961397,2735.94806287113,3869.94980889022
"403",2804.32592450807,2838.29287259165,2708.56809954909,3106.738597647,11003.4219377957,2734.71205654468,2621.90639725555,3035.99683901124,11322.6197632075
"404",3215.91149180858,2975.55256569338,2918.67100236834,3516.54718680955,23039.0284975095,3261.76483257615,3041.27141680288,3641.27655507429,39170.4229475972
"405",2659.1265470176,2693.81068600465,2727.19661280427,3619.34028512241,7915.64552274212,2648.1004347601,2665.67367456868,3604.46698304786,8638.22294767453
"406",2933.65316347393,2902.32699776753,2554.44308708757,2810.15004030849,4675.40158865204,2864.26420951007,2486.43676830361,2745.66905660016,4736.86407207904
"407",2621.58662582167,2548.15756641674,2479.27834510274,3022.83484858372,9174.66541487157,2579.51509966631,2473.53258800157,3048.56792962435,11877.4017175166
"408",2843.31939737882,2675.12789472524,2590.93884768498,2933.12549065912,7124.27697358157,2776.25979199751,2607.19452104105,2967.55557370335,10329.9765262032
"409",2633.03001470494,2653.27090956157,2720.17984186385,3341.29323150937,9580.24675859893,2586.22044541794,2652.55027023938,3280.07356402896,9712.20303123079
"410",2879.91711571836,2855.07253978042,2746.43019330123,3155.95062614306,5484.32875263102,2790.74016463325,2671.15454247758,3083.57614373811,5665.89275938446
"411",2516.73909565695,2499.81232565971,2401.51425919545,2615.52544524145,4316.43633939503,2458.80680631851,2341.62214061863,2562.44494283138,4572.35667586087
"412",2672.89837640922,2655.72212379193,2510.73859555752,2795.34963407787,4520.06393409201,2599.84773051051,2445.37512182022,2735.20132417516,4505.74644294875
"413",2763.31015334757,2702.18792069681,2428.12892259608,2552.92919418635,3858.07863024019,2706.06539592139,2378.24968871588,2500.65583237294,3994.96979667571
"414",2698.04751354436,2626.95784448793,2659.94973760312,3287.67058825495,10438.4199922946,2610.40566110265,2631.42766904454,3275.12034176697,13199.0933688
"415",2950.48602990149,2920.33090707769,2363.4793025569,2573.98204674936,6273.11678254112,2922.11605367882,2301.83981395657,2498.76316286235,6214.51020699433
"416",2950.55261778658,2905.1965717474,2468.60576909441,2688.32190227982,6738.87860504017,2900.63970271259,2398.62450620253,2618.01465896339,6991.74196383322
"417",2714.61699948791,2697.76854375978,2507.11359708636,2676.95595346798,5028.62421653851,2639.81122749049,2432.62695611346,2600.41487075579,5143.36669937955
"418",2941.18760541389,2899.13692808013,3089.88361348619,3963.81673346653,13388.2373369924,2915.14598309154,3092.87599796444,4021.54547151303,17218.5692937029
"419",2733.38806382815,2593.57768293431,2506.17206829563,2849.20610947518,6264.70932906122,2668.34608330504,2522.99391988003,2893.81388847411,8179.61441630054
"420",2809.40215558515,2684.8742665793,2537.98104218227,2859.77206344802,6263.64314449561,2739.63941161198,2528.60165374977,2878.63340014955,7866.45872115349
"421",2477.5211612505,2497.12334538069,2479.42814899172,2818.60456794569,4387.38414412741,2416.98686987978,2400.43420009885,2744.84823971394,4442.0552861065
"422",2563.23312546394,2625.85835219448,2534.19974321768,2895.28201587011,7392.46061459392,2487.04618922244,2403.89252376738,2760.91340328063,6824.71181521698
"423",2918.13448976985,2941.35504376997,2530.36436097376,2834.41582685634,4736.07780254405,2858.97571064017,2417.03941758063,2709.27131531974,4578.44761935339
"424",2923.20505607391,2934.3200804759,2379.0168949835,2535.55208770582,4274.94264609643,2830.77129060813,2290.86834743096,2446.04390999197,4080.33901547721
"425",2978.4273016037,3011.94058653734,2659.14346728212,3007.83356242813,8121.66933853735,2892.93666119623,2562.50671356516,2922.45785943794,8289.24165684846
"426",2793.90568899854,2844.08753644364,2954.28826414127,3980.55972243551,21771.4707403954,2753.05827822567,2853.98789399782,3928.3899720332,24547.6919652467
"427",2604.45263587787,2636.85780816178,2516.42629028783,2700.37675301374,3992.62760064905,2541.64229268002,2425.36564415823,2605.22379873242,3776.17051815536
"428",2556.44512139629,2530.12342358404,2394.81150205495,2559.24130824261,3398.15004914691,2496.50174346029,2332.4580421604,2494.30955994063,3449.96895668948
"429",2596.42666783228,2596.60110616905,2713.31600390447,3510.47122740079,10642.7597018158,2520.29531084305,2663.4129416241,3493.92526119833,11301.9280984835
"430",2666.19457273609,2668.30522325579,2484.33779883557,2664.36760828713,3996.53425447973,2599.92281405866,2400.94899527951,2571.31676880312,3854.19203288552
"431",2640.44094815037,2722.41752482773,2810.51232971683,3518.8893189525,11782.5622492673,2601.52213761969,2666.8787681468,3383.35008483434,11351.6038231693
"432",2542.50707616861,2542.54875099013,2367.08197264749,2659.57473935677,5099.09853066275,2473.38234065063,2282.77099877161,2580.55257881004,5323.19486323752
"433",2557.70461588214,2589.20678544552,2403.48148249119,2552.56606507127,3483.82836299331,2507.11948168853,2310.20115911678,2449.60272653173,3413.84613663171
"434",2734.48803090336,2751.8757307132,2713.49198001216,3225.6260449126,15242.4384712587,2657.87011502995,2629.84416157303,3184.68932736805,17349.1518374475
"435",3222.39845433765,3143.99925083333,2824.75911782501,3259.05256980374,14842.6931842814,3139.13562003499,2764.85202930788,3223.04814930543,17490.7063183687
"436",2786.75418044782,2721.47547212905,2542.38262954853,2774.3525926116,5033.79272110688,2708.17157374283,2468.62903076623,2708.19833168665,5870.01201620659
"437",2563.3731163518,2469.33197358017,2477.2774771938,3132.61992199652,8962.58485499514,2483.91423972138,2515.87675821398,3371.60732553998,15820.1551050116
"438",2895.18758390211,2948.51049743304,2472.73821768102,2591.01992938152,4507.72448648145,2810.76114081776,2378.70913429736,2494.19996864868,4268.01851084191
"439",2582.04606686174,2574.35221797044,2516.93587234968,2901.80964454488,8319.49769653867,2537.29506490369,2468.8398610646,2860.84981052111,9044.6336155349
"440",3042.68259909825,3015.92676836866,2824.36016321839,3430.18624189231,20935.6980665667,3005.29719739102,2765.24329962563,3385.52329728432,24180.7718646068
"441",2809.32624812959,2895.41097326218,2754.66350617706,3094.43543274704,12107.3292454968,2765.10965897076,2647.46549434958,2980.65577658438,11333.2109363925
"442",2731.14205754379,2706.92878003031,2679.72595980899,3352.68736107119,20308.3212479485,2651.98020075227,2615.8897218743,3288.54204610199,20879.7711302564
"443",2706.75638416528,2683.56591398889,2730.92518046681,3427.17084031518,9502.66271095032,2639.42087658757,2677.19741801055,3398.72010999172,10648.8774256499
"444",3201.11028630213,3036.33973432176,2902.5582333553,3474.95217346397,11706.2300339445,3184.52326786225,2947.99058449803,3543.29980567589,15440.7359227361
"445",2703.66547232465,2709.0098852568,2462.42680838685,2624.97028355744,5206.70967023937,2629.88086391666,2382.80808365451,2543.16483933241,5296.28515873897
"446",2595.80903712719,2608.40862758043,2594.49925714821,3068.80240036372,8002.76537028596,2526.17802219685,2510.36414189252,2992.27361021147,8166.92738897797
"447",2766.20421637551,2850.30123872938,3285.11800113091,5541.60177393987,168054.795088594,2727.34585159218,3142.29952013927,5404.28435084276,152597.571400364
"448",2641.30291811115,2588.33774399249,2449.47409802154,2565.70967361678,3282.94611001042,2575.29785567473,2405.45544180112,2528.0013518737,3458.86820757339
"449",2537.92990867022,2568.2654998046,2499.19355211159,2720.34019804572,4053.95660699965,2478.9078821368,2412.40618019672,2630.51064563432,3899.00274230401
"450",2634.1357168366,2711.89624744809,2740.57227454386,3263.93746440437,6816.6648801402,2571.4759478809,2599.87059140945,3116.66134509266,6415.15444763301
"451",2787.85803585973,2758.85787980606,2870.15090053327,3637.78374770034,12896.0274542465,2695.0679642278,2820.3736155389,3661.95238221754,16024.5650930153
"452",2767.49543335167,2759.21226973199,2752.26098793081,3171.75500887078,10298.2426698169,2693.52455088485,2687.1227336518,3108.25922047938,10368.0048114188
"453",2588.19487423575,2600.19480932145,2547.09206809466,2794.53593968715,4376.42247135378,2531.8433741032,2480.14682232987,2737.22759740777,4494.19760868902
"454",2513.83865251049,2425.21651321814,2290.306403557,2438.49529101629,3329.18742816909,2450.95731758273,2251.08886278897,2394.60385883551,3656.41399552455
"455",2537.69815249387,2497.43160508285,2355.57784005029,2804.24350671055,5068.20126082327,2487.14080673701,2331.31843344743,2816.76115871009,5710.16588025316
"456",2717.20679635366,2705.66769985013,2525.68173157654,2730.57565888176,5289.31339305205,2634.36630737185,2464.11038559228,2681.75072359688,5518.12152247002
"457",2759.09273949156,2751.78139880445,2674.08206842603,3138.75563723491,17207.4599606069,2700.56624662319,2610.54270918836,3097.77387438829,20069.2090122686
"458",2589.8208286458,2603.15990546352,2532.08807342685,2732.36435414697,3480.30783298729,2532.61743594509,2461.93591322033,2667.33318131431,3511.64379022566
"459",2503.94359016625,2552.41474916048,2554.45503643883,2983.82109790379,5614.86520203469,2445.90375148848,2443.95281473532,2860.97147437891,5149.93029385745
"460",2515.75622189117,2560.73705875667,2438.26474255352,2697.07155525951,5665.06469623,2418.72717070411,2330.06549045442,2596.68444417654,5234.1750507298
"461",2704.39264010991,2709.76172545584,2747.6833315438,3362.36463357442,15730.5027299889,2641.33390670843,2669.98947158417,3286.85136012038,16041.5420731539
"462",2626.48420732731,2613.69004660989,2467.85799054957,2616.10193968026,3467.25908590539,2582.02156693509,2404.94259648082,2556.47416694546,3596.33825709135
"463",2646.29522231121,2622.89385790167,2575.28507428176,3183.53105912832,11675.5991249194,2601.65555770178,2551.65487937916,3220.44322930282,14269.9277455331
"464",2722.64605700062,2581.38620823695,2534.27379118056,3108.16589529586,10399.9711933036,2671.85898762637,2606.39177234016,3278.77724730728,14525.5643737057
"465",2567.98225540987,2463.61174031858,2487.07387541466,2796.4554688035,4223.8378811486,2521.80635042296,2579.2059593264,2918.56739832861,5624.41702567796
"466",2658.71304069495,2464.82075395284,2186.52047017385,2372.79934624304,4696.69675379747,2576.60934634058,2178.88569135235,2370.24832013655,6009.71813656248
"467",2623.63600852944,2637.46407508017,2561.09563747529,2774.17023182528,5247.96062477234,2556.35209476048,2485.66201162628,2707.16797528219,5438.8726968649
"468",2634.48765061135,2658.47769902611,2744.49673634497,3523.21819718872,21485.8129971423,2600.85175538257,2691.76464599198,3488.4221354151,23627.4600315969
"469",2810.72886726908,2792.95536172227,2677.86805095964,2968.76122286831,4257.52948333655,2754.25995325693,2586.94178630038,2875.02903537672,4334.94831388893
"470",2855.75902750498,2859.86003218997,2912.86299676567,3707.77153429148,15589.1636359646,2790.82102306721,2845.56875037681,3703.46516790617,17363.5469992211
"471",2870.38964818704,2847.81868058666,2367.11772392911,2460.84928502475,4017.56332844483,2829.85860861908,2293.91437566471,2383.00544454737,3944.21436958908
"472",2942.20158253937,2897.3632445558,2871.31647062031,3296.71515089132,15940.3606207103,2848.62183690504,2814.11973050059,3254.08463646958,18378.5277475893
"473",2726.6555074523,2683.73708639044,2380.54845979158,2740.19108653572,5541.01104092589,2647.12816893622,2306.12511953346,2660.17819735452,5688.11828795527
"474",2717.09214694712,2744.91682218739,2659.65686075057,3099.25926995722,9481.20607401332,2641.15376220246,2541.91926490264,2983.30151155194,9185.69760710887
"475",3127.02272894014,3174.11739353514,2706.39468479269,3114.22737089561,6938.44472309109,3162.88210104305,2653.41429350742,3100.93177282071,7601.80554818879
"476",2655.27437416001,2625.58690193243,2483.30368037564,2867.45538124218,6296.01710033797,2600.92117670535,2378.94598024448,2761.11476818908,6569.28073411363
"477",2711.33988262384,2788.80224033036,2593.66673402466,2987.38609322441,7837.96505614649,2620.69203789083,2468.3912781531,2855.85944075745,6998.00085935203
"478",2825.68314084205,2874.30841908114,2573.13087223736,2852.64808167865,7150.67793486731,2779.90496338339,2473.87183690553,2744.93730949077,6798.53741331657
"479",2666.71486119976,2649.12090307184,2523.67132990683,2984.89698638742,6372.13556487224,2655.17362375714,2489.42425292341,2961.10206775175,6718.57075190075
"480",2790.10874094278,2848.77848467368,2566.59799904981,2755.40780300261,6903.47106781176,2747.93882550652,2460.28270492272,2630.02410692728,6060.23663043745
"481",2765.55134396548,2706.28516797197,2499.1320388569,2644.52125413599,3949.97200660705,2683.80831946914,2430.97725647592,2573.00591923929,4103.04294642812
"482",2752.58060726779,2785.35285553572,2659.01193754403,3003.10542511262,7758.39025533872,2673.69737828007,2566.02485326565,2917.05463984361,7827.75265355003
"483",2646.38874620386,2682.93732400507,2556.03611756002,2787.58342423742,3659.98002569294,2573.14808247136,2449.504929179,2670.04808511686,3514.0958848451
"484",2681.65202999951,2666.74271760198,2519.08593846616,2835.2140646993,4718.67400766352,2591.95771258504,2448.84485340599,2766.90305412392,4756.23100508535
"485",2570.51235095835,2623.33182901107,2654.21863470271,3168.54888550537,9901.3083267716,2480.81108136369,2507.05947169913,3040.70221703353,9574.86568442578
"486",2613.68887324282,2602.84374046247,2700.38601942835,4042.35442883476,20382.2188717257,2681.77616753053,2883.89387221122,4641.4428511136,30109.4423549614
"487",2953.85239837585,2833.4213465529,2627.87104978903,3112.99498014401,8059.9421212949,2834.40307482388,2577.27012950988,3084.52455693406,9110.5565437571
"488",2645.02202538304,2544.16684071923,2353.4507292172,2454.66074886197,3206.48479304769,2557.12443193736,2302.86795668238,2407.23332366819,3453.23199999989
"489",2770.29651476289,2680.89049100936,2804.59342784604,3771.28615928009,14304.6418273579,2716.49981269007,2891.15731951309,4008.29425602899,18877.1192543214
"490",2622.98537673657,2559.69756424694,2234.91759744341,2356.20941519772,3829.86617136984,2541.10985310375,2162.52245970269,2279.95201844242,3913.62882706078
"491",2566.05869239886,2641.39972543155,2429.29121800803,2788.68945826115,6792.73110996381,2489.64952139264,2299.249216813,2654.99621427584,6275.93886914259
"492",2503.06256254135,2430.99943484978,2284.64941647385,2459.69187592774,3792.88131584173,2453.38644357029,2260.68472741678,2453.33450764267,4449.84074065909
"493",2704.99065960068,2717.06115178664,2979.45641549024,3931.08027277686,27098.4924912875,2643.6908684554,2876.7715050527,3889.03367141644,29116.0991932906
"494",2586.19303275938,2600.53931025073,2548.16640857135,3005.32212323126,13839.2144093625,2566.80215649572,2516.36948406755,3004.15893356965,16831.3779568191
"495",2794.04784259798,2849.60557176132,2924.88544681389,3639.29340844807,26903.9904459701,2726.94318718117,2812.21099670679,3578.16921768595,30715.656970613
"496",2709.15900855931,2709.14087968681,2412.46583696847,2714.48620735407,5278.9521609091,2626.17271186713,2345.15785713424,2648.31897374562,4810.04361961505
"497",2656.52145665622,2725.99528000681,2434.48449081788,2611.51705272799,4793.53093536747,2601.06158901849,2336.25837264156,2502.70336048421,4309.06699252098
"498",2770.95440356643,2710.637051399,2451.89384202445,2645.86611642698,4939.10390684152,2726.30305475577,2414.23664392521,2612.26341783407,5510.22032764928
"499",2785.18133771281,2791.32547285797,2508.43262956739,2757.83415974034,5839.81035949389,2725.64610454286,2426.96762990423,2678.70786863889,5859.18237369811
"500",2554.00610389,2713.72628539735,2778.25724536913,3699.5690690694,15602.3285073838,2484.99946451248,2524.86511177929,3320.4915235109,10359.7122343412
