"","correct","wrong_link","poisson","negbin","oizt","ztHurdle","ztoi"
"1",1005.82719046876,1006.04858700687,707.189162472332,973.343369106356,891.415718062422,1104.04362730938,890.86217880649
"2",1024.35441415592,1023.24592039142,702.861379920438,1014.04593956793,874.769178868204,1071.47264783905,874.067469124034
"3",967.758975655058,970.806465822079,692.675345850077,1001.72156607295,860.708357389498,1036.59881564568,864.548805224171
"4",1026.02517960973,1026.15229554734,689.973550158813,965.445124012964,857.193412822139,1078.1288439486,857.193433392279
"5",1002.53621940958,1000.97134749154,694.747638421033,982.579522505067,876.351658202938,1101.59636839764,877.434364057952
"6",949.274434990963,949.284719001731,681.521936116322,844.429153280867,853.317137961449,1037.75735769922,854.240807625415
"7",1062.58688583002,1062.34879694467,711.555279265484,970.809213665808,880.56014426597,1152.04761432834,881.954763739118
"8",973.291402015568,971.721680113236,696.671749664295,978.291440826115,871.316842589987,1082.45353117449,866.754399316994
"9",1004.63489227943,1003.12640005183,683.238853575254,873.835595000855,844.522912427701,1053.15640044309,845.202400437969
"10",953.355370268745,951.123071693255,699.384403417672,876.216308462041,866.880589763603,1055.60937297246,864.507579480478
"11",1052.23007817656,1051.47940560701,720.16503862805,1023.05351964903,881.634392138617,1165.38044815627,881.654147904839
"12",1082.56135317717,1081.97900329536,705.721388667236,982.986983101048,909.313102311799,1186.02918132878,907.094897441668
"13",976.935122451375,978.118074982365,680.811700568089,970.989012760148,846.927811064553,1023.87250661457,848.864119955819
"14",972.781613805705,973.06914047154,701.132484250913,1004.73982328619,861.814857558447,1081.99435330223,860.044221207893
"15",954.194284095473,955.201308859133,677.233631502468,922.816101262895,854.497063333634,1057.43556588243,855.894303311591
"16",991.955012330766,992.400630444525,692.059304170645,1048.01711606993,861.18703483903,1052.29150585097,859.661892206954
"17",1023.52232023232,1022.70575065958,694.965483122121,964.651063637373,877.302956351503,1063.87371819229,876.505009803549
"18",1029.44571121522,1028.60802014614,727.186056572275,1180.38754143418,875.151104605543,1169.47135189099,874.41126068526
"19",1020.85579212327,1020.8923244171,707.874317289914,950.208708084178,874.258158504996,1151.79253101394,875.578158430226
"20",1036.87203700359,1036.35259951057,721.272433965418,1056.95403245684,886.270602208143,1247.99067433253,889.668396372106
"21",1017.40112639731,1017.78892882308,719.892751273877,946.439439749435,881.031705669309,1116.28889824169,884.636713286008
"22",1029.17632803348,1030.44228658384,NA,1098.23589763261,868.628395718726,1123.46589756749,869.70817396566
"23",1089.80763474214,1088.41797874468,694.33119163171,1017.07678334373,888.777246267824,1149.0126749354,885.622114326114
"24",996.838181231095,996.664742474434,700.095128047428,915.908703243511,878.190247336498,1096.23270140129,878.885991974542
"25",1034.73457120336,1035.58726425591,718.734558597789,998.288721832523,896.883567243352,1115.77188348139,899.475454688444
"26",1056.44987189276,1055.71209298794,670.002104356832,1018.01338466236,855.639028412873,1148.20390634956,861.050529398916
"27",968.231222781209,968.060074937822,684.587183818512,965.871488816731,857.678140358152,1033.62174114809,854.643537692333
"28",966.920192056948,966.949092768379,705.278242370279,1173.55892660602,855.351241531364,1082.04310155761,858.102880707443
"29",1060.40645379042,1060.43868249274,722.25841612487,1068.21852435275,899.354439186514,1164.62506876298,902.208700094369
"30",991.524353233356,993.856719447817,681.379836205898,1142.14182327115,862.285496849199,1072.17627711951,866.024142677545
"31",1032.02965377617,1033.58054504802,682.51881916787,1115.23608135345,845.854245660688,1149.95807697141,846.318398164151
"32",982.387901844418,981.926355906286,687.938644887307,1024.86322858124,861.060533042087,1059.1682050562,869.356926273011
"33",1032.72305089387,1033.43763703869,711.023876314136,1555.77031858415,887.753277694805,1101.06715310013,889.229109893497
"34",1020.37196629837,1020.8314492692,688.80144747989,1052.42065444834,861.497969060246,1089.52067607053,861.562027118766
"35",1007.19072243383,1008.06283044056,678.784028486985,970.146707640676,840.624831652191,1100.84749275639,842.465157370629
"36",1017.60279721072,1017.60295374531,690.794797457211,989.359255069178,853.10685183373,1057.09768703151,852.235452595053
"37",991.866245511998,992.173980132787,672.851056651535,881.487989401572,842.690215919596,1054.07778889838,843.246087896971
"38",1020.67738172223,1020.64159121184,712.130578603943,1075.87978416928,894.409836769153,1076.34436325646,896.64274925267
"39",925.008234219177,925.390206377634,643.241540843257,916.240235107168,826.460945154764,991.490440877972,825.236252408441
"40",1095.77355922349,1096.63827243837,706.561098426735,1121.22646602421,874.389947041694,1218.6929267929,874.517920185301
"41",1034.48426684536,1034.31064623062,698.514181602545,1016.55733331438,871.350375787728,1062.93751292842,872.222763587183
"42",922.854494882607,922.299000520733,686.762531250129,925.594144989889,841.471212839824,972.038162149588,847.498637362597
"43",958.249199132457,958.773788305129,669.182960304989,991.874908135013,826.890947029512,996.77001491887,827.508798007223
"44",1043.01700244842,1043.41711225701,719.661665557645,1027.31870996934,909.664177904444,1127.81464228275,908.084064947944
"45",1040.96648108684,1042.01120608663,707.240963656757,998.257807302497,880.879593028034,1147.38824511452,883.777636198242
"46",1035.52897902582,1035.4252915382,714.671831843815,949.869121482774,901.852189071494,1107.39108105312,898.921737924531
"47",1055.22768617764,1055.45637266569,707.14864482603,1144.78042980859,879.129013966943,1226.45655211705,881.59794104771
"48",999.965427702505,1000.82910584914,692.992780870139,1034.08634105349,861.234057716453,1045.69566936593,863.596149687582
"49",995.999627538652,995.960782187093,696.660672096078,1043.43704683447,852.073260025934,1040.23222168352,850.77002855733
"50",1036.79208808792,1036.52428474019,749.586531001171,1069.14575539414,880.941406027287,1172.38211597807,881.427182554928
"51",961.764796942375,961.595848325264,679.41089166307,963.097913021146,844.201874865042,1013.86267588687,844.871100035655
"52",1031.32108690117,1030.73430395081,706.718700520008,1001.28088846945,864.672872143852,1121.72251424332,865.066067879783
"53",1022.08727943986,1021.49550386173,707.555371184311,1137.51291995529,888.23537219195,1069.14182390145,888.663447309768
"54",1035.86028957026,1035.01134204068,717.979681241695,1068.48562033176,906.085251346128,1104.17905246188,910.842546482058
"55",1036.88208148029,1037.15421007262,715.536284709377,1067.68866216613,917.13105829095,1149.38249563877,917.405405650951
"56",1020.29210119284,1020.48606837135,709.604927602855,1040.56344993358,896.50888390888,1078.29023991508,897.581522509794
"57",993.612501269018,993.433420495018,691.007209407389,1018.16898890106,851.992903738878,1073.36226669739,851.253783379748
"58",1019.90672961914,1019.78780876033,687.310324900131,914.344435379543,858.08009743511,1114.5135344468,858.30400283359
"59",1051.95775017921,1053.08387935582,690.402861244829,952.09008400671,889.469411612112,1133.87465191144,889.571954441636
"60",1015.48178329367,1017.79743819121,710.072122743806,1051.96600322338,894.433010013571,1163.37685257007,896.191148318744
"61",1048.29997925544,1048.11424440896,701.945256834036,983.898300046145,883.397419990823,1180.97616661306,883.537614139991
"62",1032.13486305787,1030.90776318266,725.702448217746,1042.40681727227,886.33680000895,1090.98499309402,889.406450333308
"63",976.533381775792,975.284818483406,681.945022026914,1204.96655130637,847.555019955215,1031.83808166451,848.61164818141
"64",1066.59699218261,1066.72647553431,720.887745354964,1141.74007619135,897.638893068657,1129.41694426178,901.563901694029
"65",1042.41295951097,1044.92808099371,699.217398926415,974.146112133714,871.080304772455,1115.91105660796,874.103812913283
"66",1050.90775657438,1051.30880103319,704.479128577832,1055.35140237409,892.34504871926,1203.13972906924,899.702965833947
"67",999.472184875543,999.081449413881,706.57935998122,1013.88123305453,872.843865424136,1059.71419935201,871.541199567063
"68",949.843333980781,949.646288716638,675.989588707448,909.623233566373,837.553234771055,1005.00594529967,837.848380024401
"69",953.112128387227,952.053756854629,671.380463688708,950.357042336276,822.069978295218,1007.3851894158,825.268596629781
"70",1093.24829010229,1093.06998323882,697.815334359186,1116.66563626379,873.818559988842,1156.5598297865,876.811602311221
"71",1008.03258208141,1008.6971459041,679.889900150738,889.057715733454,838.864936501337,1072.36976457665,839.653970604155
"72",942.056347185168,941.619231355122,682.552959534476,933.360576650232,852.277395188903,978.035670891768,855.128200437797
"73",1044.76993170706,1043.34822773352,718.662557854451,1052.56555010853,876.149406284536,1170.55470834012,881.709619215416
"74",997.411857170551,997.813200582596,686.72741121677,1088.35057597565,857.511594120174,1051.55579960447,859.720486013214
"75",1152.73462267144,1152.8347712247,740.860525816071,1109.01700944386,943.809797170175,1183.74204536464,943.850458676701
"76",998.736266638004,995.773750947995,713.771679353826,1098.9954212809,870.379388789681,1065.20993601608,888.960179966839
"77",1105.86415341754,1105.72543207287,707.794303456197,1224.7872345574,888.710140426817,1143.45788561616,892.262962022217
"78",990.322507975135,990.909540849022,699.727550431976,908.931501337106,879.640014866913,1056.48258067935,885.100872641426
"79",990.398263574264,991.050341871908,693.453314534409,972.791840663816,875.719364545055,1063.44377239638,875.077766013812
"80",907.634007283239,907.684005567661,667.716039737656,988.537475186915,824.355053186328,941.278189589461,824.701917985065
"81",1001.18114902975,1000.90560275597,704.89893762096,973.577609806592,883.056800398403,1059.09811805448,884.704907429979
"82",970.425136288635,970.449815193552,686.273053882818,883.210886284995,858.069538719129,1039.66617976301,858.090325889017
"83",1040.5801414007,1041.97240261859,690.363840489434,978.277426940277,855.043733244803,1146.94801125797,855.915853717141
"84",1024.79251591403,1024.78216583785,713.746558732765,1024.82651154862,888.950326986475,1102.57988899742,889.986373787988
"85",1042.51456890812,1042.03262163797,690.761684258961,1027.25145239696,873.66861499897,1114.74408083245,879.99131950408
"86",1017.79116353201,1017.34097994337,699.308106859153,981.29799630265,879.622240112951,1113.10174244811,877.45034189954
"87",1051.11475092962,1051.74866918816,700.258042405702,1155.98639657148,879.583847669232,1116.30731077373,881.434939559813
"88",1011.23380829312,1011.59205733579,700.637920080548,1131.65717914343,882.536742895789,1058.81615643281,886.069221011878
"89",1010.3238353399,1010.22100537844,706.999312666706,997.007324918695,882.058552572689,1072.10053979217,883.820415725273
"90",970.163431147865,969.888960877673,677.96230443704,943.668542148234,840.565866231138,1042.52143422375,846.05982881817
"91",1084.32027793837,1085.24720442066,738.518246599159,1083.65778858765,913.883709549114,1192.98000440978,915.881721093542
"92",1051.93001900956,1052.55577078541,706.706616932267,947.833469355234,894.971376672172,1113.55291571981,895.022794984476
"93",988.2599053337,989.364149467176,691.746346640605,907.90223410314,873.014283278014,1068.18871966527,875.471442485606
"94",980.539090965192,980.241781503708,672.372737118484,929.117681431475,854.962159321204,1042.90133452946,854.962258121238
"95",985.725458898858,986.480243625634,678.448120523594,1001.84755672549,846.676781347003,1020.39727598737,847.938175519339
"96",1002.28217673092,1002.61942589349,706.042190343243,924.67626859305,866.229444120254,1101.73005527936,868.875688562177
"97",989.458975098997,990.782755077364,695.602419306268,976.708282631544,869.862676834861,1073.95437967158,869.193145608361
"98",924.663813223283,925.22738299075,657.309825445691,905.425100744768,825.857932637123,979.405486350338,827.624383725172
"99",931.349205771581,931.472991378958,671.373329422091,903.840197800475,845.270318466466,1002.04437761343,848.766421570247
"100",1005.48036184389,1006.81754512482,700.544590709633,1031.36323152601,882.255545337758,1064.17045306777,883.21362470241
"101",980.467034587463,980.377756009819,697.537863671529,884.691203233025,866.363431579404,1052.79472496971,869.337345283065
"102",1032.81888240959,1033.67446156526,711.131619073073,1090.88010378861,895.993306501627,1135.7109577779,895.15645948765
"103",1051.59733174814,1051.33605705473,737.411476486336,1138.09126447377,917.925480509239,1141.83934892772,920.724635401178
"104",1038.203129905,1036.15964463665,714.971847278052,1135.05320408901,888.113780339978,1142.77116262829,896.706331888824
"105",951.346873226928,950.194400321923,679.994801098241,963.495649692934,833.627392160149,1058.14945991391,839.42528151087
"106",1010.63205443405,1010.96409230195,711.404883517093,942.003636814179,884.070329211884,1062.79981367677,885.584735321597
"107",994.488849505381,994.361285762277,700.899533707206,956.021038992293,869.658508591434,1095.1021321311,872.121102322714
"108",1023.61384024593,1024.14027430756,719.541019322424,1005.78348957674,902.917353583924,1090.2081351093,904.870137584049
"109",1061.68163460316,1060.43229443096,717.846403776683,NA,899.421458219632,1152.39606060181,903.437053920531
"110",1008.79402889561,1008.94639880111,705.450507534948,997.590449874297,877.285921449797,1085.71591011758,876.386069650907
"111",1072.85791608678,1072.49197257999,787.033253182242,1062.06070912746,910.535631278669,1200.83194699291,910.58282266675
"112",1031.88630632874,1033.00519505813,717.050220772715,1014.65303766503,878.038230580923,1138.32547392375,876.783794271215
"113",1018.19855475802,1017.79833864648,694.394664899955,939.752955879364,868.690110087024,1068.61103437857,869.590214150546
"114",979.434084645111,979.814000427913,692.656281393541,941.85170007002,874.135060167475,1072.55232935898,873.442255282576
"115",1087.72421006408,1088.08671850599,710.824735908748,935.82819891112,891.000193950617,1192.77465125383,889.812344702773
"116",978.322449820791,978.428073733622,686.532303239184,903.900876965566,848.304423243743,1097.11893557715,849.328404786156
"117",985.987729155376,986.27431449946,703.326767210093,958.495090090128,875.118830133283,1080.31801971417,880.567856318724
"118",939.33228082177,939.447244429651,698.499504814429,881.733780321825,855.805150458732,991.778430522809,858.318483981846
"119",1034.25448495923,1033.78003584227,707.56095673455,1012.94116961974,879.043840424773,1117.42098847802,876.543684129334
"120",1051.63164274882,1050.62755751955,688.261664885513,1020.68186482405,883.741629072727,1127.09802471709,880.574924525179
"121",1027.61435591591,1028.40981187727,724.830219852126,964.402875016222,909.334954602386,1185.05209087872,909.08714023111
"122",994.198479344932,993.757097610191,699.440617006387,997.404693732764,856.791941393588,1126.92719338566,860.001538524079
"123",972.577955875727,973.90920220268,688.310662151808,1023.89096651872,855.891815457254,1022.63535134372,858.858039510499
"124",988.16912763664,987.888261572046,698.967146065041,919.647469641518,867.804361642101,1080.42838204399,870.159546970903
"125",1001.18605383971,1001.35566884374,703.179341413563,993.825252185176,872.189948808663,1110.23296040036,875.011123887291
"126",1012.26030612816,1013.89590327384,704.95827329396,950.962096463174,884.379890943585,1097.77410235054,884.858800878052
"127",1015.71205336391,1016.60821296281,681.541413938266,1039.44793163705,863.373562020461,1070.78176523112,862.537190265084
"128",1036.30287540982,1036.59603248313,729.567577652256,1092.63114823498,888.670700676948,1161.53133644854,886.111651574273
"129",1024.35856888091,1024.65708213128,680.040459335784,1093.84774251384,863.731819105012,1115.42097067589,863.003939589128
"130",988.101352671728,987.796039409997,690.821871269745,908.918720559887,871.634262570307,1050.17190371946,875.473634395295
"131",962.23487904566,961.255255938751,678.291034895352,958.952958575856,849.991262688327,1055.98497427796,847.68067019966
"132",981.374268994268,980.978817624603,703.528415371742,914.946602863787,860.891655643308,1051.01767284152,867.957374132339
"133",944.9255010167,943.698674745957,689.221506867871,997.164278236106,855.013730466816,1022.17831015989,863.655775883623
"134",1010.44180784514,1010.74241689528,692.874742680315,1021.74289009631,868.540974935859,1030.3289104575,868.550904827792
"135",1071.93611254287,1072.23148436934,742.251587161911,951.83519880873,921.817638621481,1215.17765026554,921.058606711952
"136",957.208868097511,957.473627749952,684.974948959006,960.505813911426,850.271381180711,1024.98776487303,854.015184553795
"137",1063.53816088356,1064.37308784074,713.108063832534,1034.18109839274,909.708640564926,1101.88664493499,909.204845451079
"138",991.006371575957,990.939092456786,680.785209441029,988.780931242725,866.822898575531,1106.55195391281,867.143906042275
"139",995.67107735596,995.836003666795,698.659395680055,1213.57744651169,866.20239829117,1088.180953189,870.778917834938
"140",1014.88895907153,1015.69255299684,694.747304970448,1029.8868486585,870.702491543691,1069.13446884446,874.59312502216
"141",1013.30979532309,1014.34859454771,708.993101068192,951.49825996305,893.036330200539,1069.49706632426,891.270370729264
"142",1045.84957721616,1045.16246921835,709.361733844151,898.591694490662,900.91081599561,1102.47616731818,897.536641376344
"143",979.403843339295,979.25182006502,661.461210673066,1027.76106270126,835.612377828328,1037.40508367228,835.61249312793
"144",1029.00807151002,1029.11311850025,710.977828288021,1156.27842783859,890.547078143286,1113.63489013324,892.69762055657
"145",998.219027157097,998.744540876623,693.727271530406,920.749686861892,875.031393844738,1082.61794675922,877.429131415182
"146",1062.85905312871,1065.0436637637,NA,1197.82298330977,907.158632717683,1173.61272151538,910.375520636764
"147",996.469076017929,996.537210070939,705.217178816486,988.58637129441,873.328840904672,1079.31789827768,875.961465046749
"148",950.867696378596,951.701076644009,686.686439133627,882.483236677146,851.000361328276,1033.45694514886,851.333275135679
"149",956.845586875357,956.506196867776,675.671533317321,948.541800548415,842.236955940317,1030.68287204209,847.460570824138
"150",1106.76408304487,1109.26799349275,728.844047904259,1069.99151542387,906.342905570105,1206.63758457009,909.600394240016
"151",980.002226614021,980.530259102289,697.893530254235,971.225635919879,875.588973870355,1023.36174616454,877.877346042838
"152",1035.920890732,1035.73989268552,710.90872237038,1034.2380347031,884.173357260853,1145.94732602831,879.361005207535
"153",973.969019923626,972.247230121113,678.333813540936,918.71217444125,867.921970364209,1026.46984887845,864.606959403266
"154",997.6340245573,997.483666667522,691.393719726782,940.495894790309,874.926057401937,1077.98950865624,874.988508081609
"155",1000.72136271681,998.880965367279,708.576818113305,991.769190912452,882.699270716776,1097.02998005402,893.387885130349
"156",1045.98877931279,1045.77396467489,712.611549019065,1054.58730448444,891.965471775803,1126.53507156524,896.78841647295
"157",1013.39432001312,1013.43520496881,702.962930267343,936.903528628781,884.793425928263,1064.61300395249,886.00996763211
"158",988.020579161552,988.251740432298,687.670842891583,928.421255386297,860.691360076383,1051.08642971475,860.009260422239
"159",1043.86280238607,1045.30949221985,710.873532634818,960.929569929147,884.808225764204,1218.63829597087,891.523388186614
"160",1061.41459995963,1060.32649379784,726.016651014619,1072.42779171064,901.699493396594,1149.91442125126,904.809667541688
"161",934.742508251012,935.587540416901,669.941619081263,978.756227754896,830.773569412537,1021.89796621785,835.914071375835
"162",1017.50145764967,1018.63518246264,711.481226832098,1153.86959126822,897.516034090635,1116.26998734286,897.516199284802
"163",987.011469352633,986.322306548509,NA,925.411772405093,860.051577269203,1087.29970635636,859.725681688268
"164",989.898719693978,990.776172072358,699.604413787968,987.672946777638,864.935237024948,1086.11645490714,863.665028891875
"165",1067.64907391535,1068.80662151512,721.766995341108,1050.72922279404,925.409650596311,1112.37942079248,925.775845998011
"166",935.091241063976,934.233950804243,681.172870135179,992.564119363294,848.074923897069,1026.89254540542,854.532838985021
"167",1069.39524653781,1069.70150033589,707.30625559716,970.333398427529,876.01158750664,1110.75750702363,877.03503298508
"168",976.370344476298,976.505040639827,689.796093666603,855.885193180725,843.676519875297,1036.5622836921,843.359325517271
"169",981.861140826593,982.166577950772,687.425199688366,1073.52135946122,854.838001141474,1072.26119883502,855.508469145198
"170",982.687983291068,981.840014400085,699.210460102538,1142.04683533926,870.368298311965,1039.46025041868,876.667674357171
"171",1067.5042105055,1068.78323999986,709.189772297145,1107.20836305686,899.8677171828,1153.54413291598,902.068093264698
"172",922.183659574685,921.40615543998,675.977803706905,878.159816248898,826.959126610615,1005.221365507,830.1665351683
"173",1061.13984712227,1060.74411761555,747.071011265936,1023.04406341719,931.429932205932,1119.5739482172,935.272354807949
"174",1021.80575589664,1022.38776459953,722.468239899665,1088.37759286778,878.504912115161,1142.35133722783,882.922784636986
"175",1079.69139661028,1080.05488452976,715.2489021016,979.992861045713,886.015892307728,1133.36445886548,885.143605517742
"176",979.323974783539,978.800067933259,697.720067265919,977.432233773918,857.731918681317,1045.18796532655,860.343848773836
"177",1001.47295824842,1001.16551965643,707.884211916507,1007.09330649033,869.33883985314,1078.93769916748,871.104420691008
"178",937.859600741437,937.912894354272,685.861793660519,1041.53053373606,846.785224357324,1011.76663910545,847.841493015466
"179",1049.10579050913,1049.58814966653,697.615497980385,1126.99007112689,873.041481986414,1112.58026549822,872.709898335465
"180",1076.09407115873,1074.5552447373,722.713696463332,1141.19819101228,902.425585443988,1189.25505598228,902.663471847044
"181",989.122168606522,989.227703920266,689.412943992551,977.426801781194,854.970808580119,1076.09761874855,855.102597983524
"182",1042.86149498814,1043.49527525259,704.176526295559,1039.18861611561,875.899228599648,1111.77446523961,876.416318755997
"183",970.970805706604,970.447903126092,717.343455662629,1090.49165983055,872.656735872848,1097.36978191803,873.537325607084
"184",1050.46795628496,1051.36042995172,687.082511231034,NA,848.305291423638,1128.45048904415,848.725055646358
"185",964.886558566256,964.414808885711,679.957127051845,1004.26468756037,836.573989008743,1034.48127267088,837.206729711093
"186",1034.64947374766,1035.6689423056,718.440249735691,1060.2484662223,902.799153184079,1123.53000069974,902.902642403053
"187",981.913852833449,980.745300460699,706.720772826658,900.667002916613,877.6756138152,1059.69927203589,877.416883815018
"188",1016.94077541424,1018.03966602799,731.370721697328,1068.32292954314,888.493242877518,1178.87783876469,890.278216148289
"189",928.735736274106,928.551430111701,681.072848251045,939.303974710607,828.785625131966,965.618175241844,829.5374578885
"190",1035.26315126153,1038.70220577143,704.381612469747,959.100610008143,888.014931805596,1168.41444262882,891.491864105763
"191",1011.69645556349,1010.87045231115,697.915776320807,1063.30437881688,874.706907228227,1063.60532570329,879.393264227487
"192",959.132762797364,959.881756473608,671.029993501095,848.711856708236,842.737100765573,1034.9725640569,841.079953004126
"193",1088.50707085462,1088.53519445872,719.697454351271,929.592327461721,902.487683147851,1184.16300776672,901.185249241227
"194",991.715749388234,991.418749153813,702.397240517304,896.996340590965,877.45739542085,1073.74780059424,881.000661606895
"195",981.882861150452,981.251263329639,703.040507270895,1019.36819768172,878.226626743193,1060.36740056414,878.226722798019
"196",998.750539590674,999.214529902243,720.484179595545,935.98528273326,878.81283884407,1084.86682230885,881.219679237518
"197",960.246686150025,961.310068064566,676.653765330797,895.16094814071,854.816529526074,1010.03623365423,855.941074579341
"198",1051.16764737277,1051.92084136413,730.493922052251,966.918967192649,903.04372427438,1113.0129017707,905.647866169184
"199",970.928019277235,971.119843116904,700.907536252361,953.985346572861,870.943809914931,1068.71245595565,868.136228937812
"200",947.950391862279,948.089927070388,665.808658218756,992.62464767554,836.13923818919,1038.96733622035,836.422302436412
"201",1078.54600058729,1078.83869084538,742.397248358649,1119.29837372027,907.4595620177,1239.1835414915,907.998436617239
"202",927.584224546611,927.308302096451,689.904995797257,920.426266649661,848.792824112327,996.946936058828,849.529987035699
"203",973.099652865835,973.689090005357,693.404050563412,970.425361380908,864.577789453607,1059.43092433652,867.383393694936
"204",955.867661638077,955.21135567136,666.681784912249,877.09048762967,833.989096102807,1003.72958334236,833.251414736116
"205",979.993472537878,980.262050428281,678.045713871528,1072.91770748666,859.67978686341,1066.21684592548,861.098800441757
"206",1040.75300540001,1040.70400519975,727.120763133146,916.395043700399,905.320560009951,1172.06350236069,907.577172947963
"207",1049.10356847034,1049.56907351829,734.696815163802,938.264952540228,923.640969121254,1133.20334371403,923.4582341456
"208",1065.24688576153,1065.18187561445,720.455103200107,1035.64041547051,897.723340834518,1130.24583790722,899.910317659413
"209",1022.00425994144,1020.98799855632,693.636972358154,977.094732108487,876.229440227952,1114.47652611003,875.274306294512
"210",959.16796283282,959.775623926473,684.580180449948,849.219714263345,858.44173151468,1004.43790945465,858.613205478538
"211",1012.54736536325,1011.11863709464,699.244802210203,1074.41506915299,869.44928871497,1147.61106282166,874.216669454985
"212",961.23931324522,961.588549815748,685.413444223288,864.668547813758,846.926124183311,1041.3198311057,847.419118298824
"213",930.333737625453,929.333495970358,673.318495992247,1225.78530207105,839.642420435384,971.627880163811,836.563536775851
"214",959.922134791419,959.960349732383,690.717995352813,957.610885651575,869.286033798678,1039.8078374668,871.278789043712
"215",1044.89425867373,1044.65506406864,706.961516763273,996.896512608462,886.411350184135,1124.62114001067,885.312782663846
"216",1119.75891471329,1123.03451419524,706.322125683627,1011.15394047565,902.428562684443,1255.74630551131,905.726574692142
"217",993.151989604815,993.351730173653,688.900209074894,992.486881331177,859.071967628905,1048.15401383532,859.644308065891
"218",951.145361552112,951.348670899631,692.62459499903,1011.21177549578,862.722265915367,1014.84181794441,867.528769420795
"219",1114.95774429924,1114.5604318568,727.407703505023,1124.55184610941,908.06826865781,1228.71869838599,908.142639767836
"220",989.10318358448,988.680138890789,686.149518663263,888.186758328223,862.278857932244,1092.51017124855,864.684163424326
"221",1032.55294147567,1031.14494611698,NA,987.646704059024,877.87580523992,1068.14885195835,882.034838603459
"222",991.507800047415,991.533205538878,701.448782531566,1053.86773670138,872.039367915623,1086.21699047522,870.924334363518
"223",1010.37038002421,1009.7986707075,709.884477225509,969.417943361442,887.129682591307,1118.78777330175,890.077300114775
"224",1048.03384521319,1048.3958492724,704.430491800736,993.517699895058,891.285877758293,1102.80210087776,893.531344834168
"225",1061.89148329402,1060.4396431638,699.083857046993,1019.70915805536,888.510035284186,1134.89471368203,888.544378755457
"226",1068.07778846906,1068.57182752205,708.540688520457,1016.83546832184,887.852379368472,1163.88412586,889.591095275731
"227",1052.09824898669,1051.42066247563,736.604194568615,1089.69170573884,920.647196814542,1116.47571427232,915.23670385388
"228",933.544248171394,933.066173093312,670.08257848085,936.800922146578,837.719737990718,1027.33669515809,836.711821083915
"229",963.789489527328,964.345552985962,685.306614787321,946.873238504831,844.082861159068,1022.67753130576,847.717084115395
"230",1033.91740457932,1033.45301228366,703.716301976455,1055.91567645006,879.800571864472,1119.63504134066,883.274416756571
"231",966.368346873497,966.371323046724,691.95224815678,936.958350801517,851.570268052942,1061.98196825306,860.031027098521
"232",1037.15509055447,1036.38157794885,722.226711998348,1032.23959492943,895.448522599202,1158.79111110941,895.479744573637
"233",985.069680164684,985.538128035444,672.181293898207,897.948054568423,832.768685141094,1077.52956102849,834.652133332322
"234",1013.00533788438,1012.5961389616,705.402812283713,1259.75783714243,877.215492113467,1081.01135935787,880.870452249584
"235",940.615973593267,940.767789506115,658.464714422444,995.866296388097,827.878907866228,1015.09996922963,829.787138182932
"236",1151.17407777701,1153.10010004286,762.723534826656,974.540505370594,925.249041727567,1409.40832249704,923.613955757586
"237",976.69383172737,975.992032681348,697.041129671402,887.078497448062,861.316640810569,1031.3396325405,868.901005739265
"238",1013.62676477596,1013.35247815859,691.979548087081,979.424211578469,873.390552964334,1088.95071459225,871.339838022335
"239",1044.42102084896,1044.60794449814,719.545004453773,981.581583844742,866.995596588674,1214.59046568284,869.940515003363
"240",996.383737782059,996.453779521721,700.799506004621,941.3497542487,880.991318659585,1099.30216375033,880.032688984479
"241",928.12407577381,928.327668178047,677.578215832098,916.28487556019,846.469915331128,1033.32174702245,849.94146840798
"242",990.894475825939,991.000740797286,690.829716302739,1152.3488935746,850.553828886312,1150.04359912603,848.743873454816
"243",1053.00690471829,1053.36723809224,732.369559648458,1079.66105297447,920.773813309249,1202.21313229998,923.065452410481
"244",1034.82648607736,1033.09229623433,NA,1007.78382026297,895.409534451608,1117.23268970435,895.556323393004
"245",932.005228870068,932.134477590541,686.07384956364,828.167154378941,838.520822193183,983.518687041025,839.155409871052
"246",1064.56839257047,1065.24550141164,722.589706670494,1110.3494506829,914.830983803701,1191.25102021532,916.220642870722
"247",1009.48760678206,1007.12544814653,700.679396044904,1007.7102261622,887.181007754232,1156.26690189053,881.939249947705
"248",1068.19907601916,1068.8135939774,726.680261156653,997.01811157279,912.587486751834,1155.20645184692,910.516409443907
"249",1068.44548437471,1067.16877795718,729.53976577713,1117.19824441236,897.560710844096,1187.34052584387,893.33057438334
"250",990.471071422616,989.259641189688,688.678491827208,891.889029224218,857.36853539484,1089.0430382537,864.380816239723
"251",1031.43866379602,1031.92755815376,704.479755419098,906.030941498299,878.779990104164,1078.28980153614,879.413468661793
"252",1013.74798899809,1014.03571496677,693.253702893157,972.103557773923,880.006761033829,1082.13480687592,876.789948971699
"253",993.143495333981,993.049361881114,673.947468590243,961.924931471927,858.164360442406,1057.65345793753,853.291798899143
"254",1007.40055864958,1008.44838943078,690.605538655541,1113.70834445825,857.036476216588,1090.26496835563,856.667691710375
"255",1020.18905905016,1020.4140854592,716.134131047003,945.971953628486,889.791201529472,1085.27694170097,891.905459170704
"256",1182.35875558867,1183.07798959558,736.117245289792,1141.22341928964,922.739436718511,1273.65497898566,922.73951890113
"257",1005.7177315632,1004.85402827289,NA,1031.43781468116,889.220250941412,1141.98196237302,894.948750801151
"258",1052.23996527646,1050.43886589819,747.215459736336,1092.73525693769,896.03173725963,1169.67357025512,903.607105283257
"259",1000.17795563668,1000.82073566088,702.645837505725,953.76618161845,867.106793276671,1077.78158026664,868.67636096814
"260",1041.71241289531,1043.4750832761,702.320179209031,1166.27708018035,883.820154591361,1130.39721794011,884.758511237899
"261",999.367759482843,999.203276461457,712.037005077656,1004.41859512382,874.624176409527,1098.68820602912,874.582782872253
"262",980.832736319408,980.253688297508,705.793162998022,1118.75009391764,876.461125078142,1029.50652975059,877.969940100954
"263",1018.06324536544,1017.83681937138,713.253547877771,928.894729201642,876.814905419188,1096.11370383054,878.127441295864
"264",976.663109667447,976.27814175832,703.640413750482,891.92540516297,879.646035478955,1098.87389421161,877.744519929508
"265",1062.45909351234,1061.19165688505,711.707000925474,1176.8856034381,897.748892481737,1135.48442148461,895.543907362744
"266",1020.6731106459,1017.95737672803,696.740559251589,916.260570327511,875.528334703185,1116.71990860684,878.415403278635
"267",1060.07312072999,1061.86164017614,704.42816517206,930.524123054807,861.277984955378,1106.30508932437,862.377457001726
"268",964.1002086443,964.372440364736,692.148250611316,955.784418249159,858.023236783289,1035.57611879826,859.892101831486
"269",1030.29998273505,1031.16342986707,700.067652700977,997.419496596974,878.55026221674,1087.59141486937,879.51077053902
"270",1043.92409262688,1043.41478791814,705.482885120242,958.447658868275,889.373026533128,1132.59918745865,886.328699627665
"271",1052.92704182327,1053.03176419213,717.820201374217,1034.59391621776,906.37863349763,1151.40740592578,909.02405789263
"272",969.270444471058,969.25835798755,686.337177151271,911.287108896837,868.392294786235,1026.24365347895,867.361014709264
"273",1029.05640541466,1027.59778368693,702.829196902754,934.781201372912,870.139525636044,1130.57635201082,878.649494294026
"274",1016.76314789779,1016.80136438443,703.633653294287,960.733357169563,887.589974311298,1082.67304109872,885.796220372443
"275",1008.74559016117,1009.68204407786,689.506986448846,932.262455935149,858.418029468097,1138.57900094629,862.222394448142
"276",992.388965824811,991.592214035886,706.820499866104,901.700555192232,888.569347550166,1115.17353576084,896.117283983101
"277",1014.34522233962,1014.14770079765,694.275969269994,1094.41897302189,880.635971125854,1117.13733435428,881.84149385976
"278",1062.08867463854,1061.50966382,704.661464698348,1333.56440623586,895.020381336961,1135.95505382196,893.917739360644
"279",982.038197751999,982.575733907506,NA,1034.80490165529,869.845409171745,1049.29382933086,869.845412129534
"280",1044.02225966079,1046.68807679366,708.262255046313,996.476800487455,872.612514552475,1142.42536976848,874.72115831315
"281",933.863579662469,932.672274401584,680.300419252959,910.643944905138,843.70586374667,1023.89106905736,852.686553873106
"282",978.031146463046,977.589826794266,691.676196052859,905.478123823574,866.598012903291,1098.22878183338,868.360039844813
"283",1073.10122969658,1073.53332553777,713.380335860157,1145.43931945813,889.537768876283,1160.97524983319,889.537794629331
"284",963.875433749921,964.42269581409,690.813039498188,927.11344196198,847.39379939121,1034.34855014762,848.955983154925
"285",1060.71465779578,1061.09330196441,703.814917152917,957.026781976628,868.7186226313,1221.34605902132,870.712151308787
"286",985.772909492342,985.349271802152,704.265959216118,965.076619014936,880.300569507099,1071.92025929345,880.532095950633
"287",1008.51888581477,1007.86176640263,692.893908111119,1094.44208136408,864.98068500688,1079.8883286051,870.254076363886
"288",1055.06672615436,1055.84113978703,702.036909650041,970.391468856285,893.909326026477,1140.63232960338,892.397932327846
"289",966.271585219955,967.63011856096,668.136598682811,1010.11959450206,838.282896217523,1019.70830604076,839.450787453463
"290",1032.27148961174,1032.66577607817,727.858144020873,1006.48890796216,900.305531672279,1114.26463196038,908.54714608985
"291",976.781122862288,976.614241895177,696.484650496363,845.764645290229,857.863242547274,1057.88046745096,857.45233004475
"292",1015.26469524265,1015.8226734522,714.729223184403,977.347287084893,873.311972897342,1127.9746745494,877.326044296166
"293",1001.55375027494,1002.02996363971,705.51383268165,1015.03008639406,873.306741838567,1068.68450375383,871.375842114332
"294",973.925272922919,972.91294174714,699.51825061374,909.3608673091,868.208297267288,1119.83985363227,872.358032953371
"295",1014.6230923597,1015.79252796766,702.880559441183,1005.62757023524,896.854873862639,1167.92953931479,903.942418217971
"296",996.097164745856,994.625656707234,688.051395687076,1085.61862685495,858.897113853332,1045.23283189484,862.116155100476
"297",1002.87789995784,1002.58908265672,688.924359295199,1000.98497242439,866.428049747848,1072.21762274159,864.342540681116
"298",923.726108643733,923.800051574011,675.130889705668,903.934483634228,834.878450993491,1001.17571880656,838.836774313599
"299",1064.48130606572,1064.31647155796,741.580507773463,1131.7316451641,910.952540949008,1215.13489084085,906.760240936436
"300",1052.63573371231,1049.56694979462,700.546307891376,1060.50880231632,900.110164676037,1174.70306810707,892.011953171006
"301",915.763247544871,916.094111112283,660.441452175657,813.715864612922,833.340748107009,980.489583619928,834.391973406659
"302",1007.09727875607,1006.3307702843,699.082356139148,930.35999709549,870.799149265205,1055.30504752008,869.211825276537
"303",972.575882712367,972.694978266061,673.233926997136,909.514180973492,842.515569793533,1058.44170275309,843.205956077627
"304",998.020026078207,998.992422550001,696.952625559972,942.91947603036,862.81048965566,1082.10043814456,864.630673370514
"305",937.017230024623,936.154516654454,674.18999474604,903.9512395373,833.121064672859,979.709140201061,836.858867889137
"306",962.206098594753,961.279279498701,695.309435518907,936.092532052942,866.665494094288,1041.35620220009,873.810120936086
"307",1012.70418566155,1012.3972069891,709.551603861075,990.679928287877,870.92004160021,1105.05449243955,871.004259860645
"308",964.966373261268,964.697591983937,685.671994902508,983.97929194719,862.157680573734,1050.02326429414,865.231378780012
"309",1040.48081563906,1039.56407485394,714.523267877246,1108.11169343769,888.497418586257,1139.61311975377,889.411199811767
"310",995.821553299643,998.073638310277,695.876917671897,1028.90881721631,864.407575865966,1084.60923137734,865.282562763355
"311",980.157890840242,978.242696447986,697.98915653648,888.75248525046,854.472847312232,1077.35285988477,861.114912866759
"312",1024.74738390736,1025.30741786953,714.14390178469,1214.558526733,881.295953283003,1080.34450068097,881.276447777165
"313",986.488340093223,986.763980926959,701.610457761007,1059.97972573797,867.184187511571,1076.8005940694,869.50231387441
"314",970.929085286188,971.099228204932,706.797571036253,1013.62883025601,851.025386502485,1043.57110584167,852.66763720346
"315",985.689987708025,985.240644677488,710.313972492237,960.134133285593,867.612100706386,1037.9894811183,871.760049048958
"316",979.136865879143,979.58239695256,696.576613462513,967.940627138238,883.138395139913,1065.87905026742,886.62640512341
"317",1076.10436499356,1076.2609153752,731.688984441499,1147.76802602143,892.754274326841,1196.38447965714,895.218554357201
"318",1004.13065507133,1003.46538481465,703.157760332717,1007.37301669467,878.111080512832,1078.26608076966,882.753613721734
"319",1006.41711989862,1006.597438154,722.467490889168,1154.36353585161,900.088803915913,1105.88718994792,900.20060026317
"320",1046.83413501797,1044.12172578522,705.165353792528,NA,871.07148019609,1166.32020591748,878.864461487797
"321",998.42430892019,998.692055049253,709.432615822324,1025.53452686391,871.10333204765,1116.94719937976,870.192657996615
"322",1003.48974542817,1002.34167257345,691.232185554363,1058.04203291506,857.137880409755,1117.66830126769,858.400434078572
"323",983.702274981064,983.222563385752,676.523332855896,1000.78168954208,843.941341080221,1062.33550988352,842.025385308774
"324",963.157614338096,961.470510774629,685.639721713374,901.073489778647,859.292092716609,1049.21277723797,860.103444579757
"325",931.066224361714,930.463855794546,673.42503023361,953.76334919089,835.570576140902,965.345983278839,837.252558921113
"326",1015.32999943864,1016.37096694432,700.655250374488,1021.71895979351,891.507658212913,1092.7161357501,892.189584446615
"327",1021.331963646,1020.67997794703,685.249560903475,1003.16438365398,856.433716960943,1073.1789752319,857.340678887178
"328",999.127441252767,998.468002846188,699.283942166784,963.325565040406,879.331153201728,1053.35457390639,876.544858270143
"329",1050.99667561189,1049.66468244007,689.645498260454,1100.70728293938,865.752935145761,1152.42276682936,869.786419823716
"330",1005.25613205223,1005.58342643955,710.145004416459,913.879579267314,890.351964492926,1105.19434872734,893.454524197628
"331",1042.8089169715,1043.61366552518,703.784036535072,1104.38468949641,872.987668640393,1104.03457839998,874.026740252405
"332",981.771946163238,982.043710117748,695.788982009923,1040.02419986312,862.390748368813,1041.19897561522,864.599222161166
"333",958.407462874329,958.247710902471,692.529405472427,947.997917368156,861.257336546093,1015.04559596949,861.105085563124
"334",919.80858262553,920.438292128564,671.008770219573,883.23795765157,827.603248380173,986.457712243434,829.16662275677
"335",936.518003644959,935.720463486468,687.577044081582,903.564560557507,843.993552563085,1049.12884162841,851.309711645497
"336",1040.66594234162,1041.6917993005,698.524818048145,981.546704428333,868.951643626598,1187.02509649078,869.847731977615
"337",960.017999299664,962.276182793051,688.186476691102,883.288588305274,839.91047914472,1027.38588205773,841.760595472876
"338",929.595750586219,928.951787794998,683.016338012485,975.481309873451,835.349682632537,1010.58579517355,837.01211864874
"339",1004.88028275555,1004.60610889329,718.255396925254,1088.03614569172,874.671648584927,1092.77169578885,877.961752215342
"340",971.908073287601,973.253981329484,678.951809993663,887.19226214801,851.039028508596,1070.44263602145,854.344631818281
"341",957.937763566863,959.112473384447,685.893754571611,963.97366279121,860.897636283815,996.35429745923,862.502355714393
"342",964.262996643813,965.117861828181,675.602714560646,815.244348713641,851.750239221071,1039.50659779889,852.005350484302
"343",1050.05473224201,1049.73108408784,732.223414668765,1119.59197251254,898.383291912374,1151.18431944909,902.711540349142
"344",994.935974736043,995.313739941956,701.892966358289,1072.1595967688,873.096737544951,1038.88725890381,873.830935369386
"345",971.033618200021,972.018061647244,696.724358596569,991.059424893131,849.829245042929,1049.06065363522,851.189081878113
"346",951.26508341068,950.693839273567,688.313370354704,958.912004256596,847.336883176644,1052.00639860375,847.808934846228
"347",1055.09470621277,1054.84453741823,721.062791338684,1078.71011333802,910.112620803955,1137.13391609223,911.109762295584
"348",965.045454254104,964.494534344563,693.08464736104,856.736086220956,875.882031073709,1046.59019162131,871.908639907576
"349",1007.58959654272,1007.09257085952,710.524953948859,1090.07929963103,875.012009706422,1146.36499541244,882.16546850424
"350",1020.58942717678,1021.22305270961,677.258462388142,1051.34696653052,862.037178565609,1096.47188042966,863.992170486104
"351",1034.45643523359,1034.15126216859,723.177822802475,1152.82907083661,889.574360892513,1167.5188668709,896.206091044481
"352",1023.78687003416,1024.47629612788,700.216692241251,1093.16499479459,879.977240397633,1083.67757585438,880.11135670268
"353",970.444376787728,970.681513687634,678.13808530572,1031.54738079799,843.323917398575,1030.86933749858,841.752451391166
"354",1057.91187025456,1057.29017737879,720.321918685007,1068.61794962804,888.069732793531,1215.02519224777,885.761977348446
"355",993.192115386163,993.945511813372,691.903450050921,988.957368782504,874.787388860743,1095.94582717539,879.010742467883
"356",1041.93133446723,1042.11764824057,700.465783600837,1102.67797835599,886.303886578656,1105.5492382022,886.303932704642
"357",960.344363528881,961.134423095402,687.38770264319,906.98552746189,852.017085042147,1046.96133819647,854.417002333156
"358",991.171116041672,991.124744143969,701.200765764115,1034.48979042385,866.482085674169,1070.44581093209,867.793601654865
"359",1057.5680323199,1055.48196931857,704.69447735132,1113.01214776086,876.726861875691,1150.15641827741,885.130815996714
"360",991.823451069151,990.817742139821,711.821275770808,880.298096890598,871.424015213295,1059.07019434524,869.002261985542
"361",1013.86142462704,1013.76991461073,NA,889.385279206809,857.340737340849,1177.32954117346,857.340724804212
"362",1022.63194172997,1025.23871282536,696.983375266653,1216.30597374235,888.460006750017,1103.7558286478,885.503670770215
"363",1047.90011755224,1047.58235075458,717.715800394808,1013.7674761852,879.41342035448,1158.05777634617,879.418165985565
"364",947.38285088812,946.80290235483,684.342371216641,891.912771346774,845.954271352571,993.096897175578,849.948455626685
"365",992.10478115242,992.142648705564,700.3685068296,1031.47962920964,873.0502824685,1047.73085436041,876.145915001655
"366",1023.48915007337,1023.3156062722,689.308351485661,970.401257623387,857.603517740817,1080.322923797,857.956799909006
"367",979.663519431832,980.586257023237,699.871317955491,917.161208249567,873.733055036632,1084.44322272183,874.269543259442
"368",1011.84425069118,1014.15555648982,698.074507474961,962.36781304635,879.563439727655,1080.8090978241,881.510540565223
"369",975.605076169233,975.223438113587,678.377755051825,1060.89563981917,843.211721837262,1043.57851829265,846.27378748835
"370",995.233126504961,995.04855144471,715.377163198049,957.602741016455,901.04307383471,1067.25541116803,897.491296159948
"371",1000.0907760302,999.030976280031,682.249021207683,1048.98636575734,847.161028130049,1052.09179555263,849.266722173274
"372",1050.98580716005,1051.16470346835,702.347017705501,994.964259264619,880.411183358654,1189.16956298298,883.402456600633
"373",1001.46852189457,1001.67508225142,697.840127250433,953.401650440804,862.600505822494,1043.99395675613,860.918490186203
"374",1087.75785904775,1087.70010903113,733.402235506345,1166.82040078416,907.525611175414,1193.44525412865,907.088481943408
"375",992.193384282936,992.587857056523,698.196930012161,973.869261145877,878.029021508128,1066.39528383889,878.400862133358
"376",1045.08867608211,1046.20873259458,719.827573251966,1025.55367879466,912.607249992481,1121.34562944581,912.607255888484
"377",972.745132312282,970.847828771792,684.09544076191,935.58915699296,865.289188951342,1055.82851726818,859.367058122879
"378",866.33666073696,866.119918646693,648.48791967866,925.887782871468,800.003109962859,927.120155029535,803.31638977138
"379",987.153133621702,986.996059640283,713.332819763276,945.854162778234,886.097503582046,1109.19968079142,888.844272245974
"380",999.911634335987,999.843531288363,687.648087913383,956.222477507416,859.845567159776,1070.85007805709,864.487676789992
"381",1072.99932900385,1072.97345818305,728.48329897461,1051.60319357092,930.217477854916,1283.27832064305,930.217487730609
"382",1010.46840224654,1012.64037963142,699.390159404049,914.205416997887,873.107024486765,1131.03535550742,874.519388370605
"383",1036.51070000453,1035.44597201731,683.869550678046,1009.10916266086,866.132436081394,1085.88758235142,866.132483624691
"384",973.901904660203,973.551306788689,702.292361029105,1044.10572358877,858.349470469298,1033.22834028866,862.187274447984
"385",1033.17447184308,1033.26876656148,712.322154684013,1007.61181337596,877.200677822855,1108.70461054289,879.577284207852
"386",1019.60425110854,1018.72338287075,702.326552793277,1102.99773185897,885.127250954778,1067.85832492728,883.655700167955
"387",1051.48455526269,1051.49325117863,694.011530635138,926.752712095612,866.25100361941,1115.36238569304,868.710503318218
"388",1044.57349818873,1043.20680946722,712.550806030765,1208.288615504,907.346510751364,1095.38771539747,904.854990490185
"389",1048.36178519937,1048.10445924566,704.59722935594,1055.31581566063,891.422473472289,1129.88721833092,891.355919494494
"390",1022.27472812467,1021.9353800223,704.521977958868,944.602050455792,876.471252899065,1111.52083781379,878.252814871974
"391",1020.6817862263,1020.50409752299,690.126171557997,990.062266674889,856.064068005321,1063.06655350965,855.057952789875
"392",1037.53118404783,1035.95843087735,705.483707347299,966.196718792729,889.976251588874,1203.72028632849,897.79320091689
"393",1052.41881500733,1051.51135604194,713.167961218651,943.248325069564,881.055622208039,1151.49312516625,882.875830519776
"394",953.951497750668,954.40714569302,680.26426484403,913.35926100765,866.091469921006,1043.69224564127,865.442521253246
"395",978.536795309609,978.661675112042,690.466611661006,896.227290057237,858.254912368782,1095.97270507109,860.137455502209
"396",934.068311839146,932.974405494376,670.650214512927,914.548089423283,845.388326416363,1002.00452907827,845.028814679086
"397",1046.0263687104,1046.51099526874,705.852175796598,1084.01479954533,873.775443917155,1125.83792522842,875.648739279807
"398",919.006529816505,919.925436908732,666.327753815385,855.510055585667,821.832450932439,1007.65779409853,825.689182534277
"399",1017.22629071933,1016.99665042621,682.655240781914,1039.52215171917,867.403914609617,1116.6849778796,866.641393040708
"400",1030.52668269705,1028.34105448953,695.416834116544,1188.66354160457,893.876968830289,1080.8276280164,894.828742666668
"401",1013.15817643271,1012.59554945005,709.313216586046,1005.79567121884,888.020249895712,1120.48212953552,886.376727494457
"402",967.35499635159,966.405128594185,688.991439395649,898.805398029455,854.783272323228,1010.82050029193,853.513458217727
"403",1005.1872630754,1005.44434329348,693.727402361033,1025.10005155345,852.058076282365,1123.27890247432,850.042493390645
"404",962.259614072535,961.863520185714,691.026719193966,976.708001295109,854.899457015362,1053.51120738629,859.021803520308
"405",1078.63212465119,1077.75188928903,719.348183950025,1234.37526033793,919.505460813612,1145.28401030683,919.128535219217
"406",1039.86154300877,1039.49898909385,712.498293036655,947.390341798062,878.018849262188,1092.69113660778,880.732690870177
"407",1032.74655344829,1031.94859286188,696.571584535778,NA,856.683707396956,1132.63027115245,860.232167148668
"408",959.602520742787,958.333661103467,679.935283977282,1248.12296786382,845.538793498966,1088.66035282618,847.325613206875
"409",986.553736607476,986.861929666104,704.075051266233,949.672029969551,878.306110235397,1046.0654268543,880.866723345752
"410",1019.37510859393,1020.13628087838,708.863193920615,1079.95199090317,879.787863906169,1077.22647709139,880.456984872679
"411",929.727780926087,927.400588345404,669.597817488731,948.255307571334,829.226644407089,1014.6821346445,843.24774329703
"412",1136.43873017959,1133.92930773656,710.507425196136,1027.19258877173,899.336945238927,1219.09160043438,900.604603377842
"413",1016.63451838304,1019.13477969779,710.330066652572,1027.64152153734,890.470048589082,1174.51537336161,892.67037505425
"414",1036.68010756106,1036.28160141979,713.134519460545,1116.05238914016,897.585894375444,1098.08364993326,898.886688288213
"415",965.393858580918,966.241469305774,698.925046910715,957.824042103491,860.843086009844,1059.98350482726,862.119186558805
"416",974.933304925006,974.241459124487,669.416343096962,993.113641099352,854.202732830844,1047.19679959591,857.297992457283
"417",980.490263195502,980.411089829881,691.612945201993,1057.72770492205,852.748394084409,1068.08352932725,852.74833431654
"418",994.67239832986,994.885378438527,NA,976.218023406423,841.341977936665,1133.23989206262,845.538821350265
"419",980.536263595907,981.485043181444,671.792912819418,886.347955190648,838.928723557759,1043.12760219976,839.199096080406
"420",1032.32280740349,1030.71052285453,740.871594037246,1052.10896953039,904.133531040985,1104.41143058604,908.477457815844
"421",1020.96150106188,1019.77252981864,721.924595009082,948.285251448092,895.392590659034,1085.45212411493,893.460148370779
"422",1000.97704716413,1000.92705512589,698.255264688866,1040.95376984517,880.261646526515,1069.75079853113,879.672415679267
"423",1051.37274274506,1051.51131505379,696.496186409302,965.586723658466,876.634527501348,1158.45249200955,876.637441516378
"424",960.952589759339,959.849238448676,677.768409058478,884.175800469289,840.159463839616,1002.31810922962,841.324181672565
"425",922.816045733216,922.040299667934,679.504521097695,912.369419985539,835.434115210001,988.320907714311,833.756237193037
"426",988.662632564306,988.246127554239,704.505771315206,1142.17018839902,881.149800824487,1043.26420238025,884.71145968636
"427",1056.84131973378,1057.09870760912,739.66220544507,1049.79658669848,915.570071163593,1179.42199425323,919.073344833686
"428",1044.10284442068,1041.87337771023,693.847813780386,1059.68155842719,860.254764032092,1144.16871113318,863.955357199022
"429",1005.88598037593,1006.78438995945,696.195840017761,883.407533898449,845.106244403013,1116.39582942261,844.979615834372
"430",1010.287296796,1011.0176391589,703.993148488744,1007.35017174273,878.199623369513,1182.02894297609,880.734005189322
"431",1006.90332162466,1006.5025353538,708.56684231511,991.164305920395,873.50684516377,1065.53326417385,877.315103239483
"432",989.24153839972,988.68987490927,718.39997451297,912.948389687746,881.441390158545,1098.05222252365,886.169618712823
"433",1104.86905400866,1103.77646461208,738.670731529936,1074.8337552908,925.257660955635,1226.37951890964,927.239986892074
"434",973.855320413168,973.67463431212,682.62569154988,913.102126004506,851.108511520025,1042.04831806141,853.903295743601
"435",1021.52780017282,1023.17840480404,714.158332754282,961.240387917813,900.387601659923,1082.78567160941,900.789756834588
"436",1048.53462756594,1050.3567653407,721.366438288669,969.315570299006,908.378351819828,1164.98477406534,906.815485276158
"437",1000.20837028704,1000.46919584359,687.071260977528,937.943889390996,853.376188290456,1093.22138532725,857.596388658964
"438",990.372165831388,990.859466768788,689.740918993289,945.847629156279,870.54206182863,1060.00907793867,874.354007098595
"439",965.328915842904,964.471162519838,674.053055565291,1045.73117750011,847.312053929902,1024.57569579247,847.819393813752
"440",994.371055051011,992.725820815812,699.067391334077,902.531258832522,859.971400381005,1064.07720364803,862.799844514635
"441",984.596449834898,984.226943173554,701.247588051497,998.849968999236,868.80304350517,1050.97837737979,867.562875036382
"442",985.900582385779,986.180320851907,688.861026436613,1014.33147648184,860.266724012475,1114.72523819063,865.020458134261
"443",924.040105895435,923.704116959367,670.32844057772,1020.08247305293,829.428974098087,994.599239102829,829.42899908974
"444",996.393133519893,997.545719617512,695.031976379093,921.181816646253,852.432960269652,1067.32624131088,853.726456910982
"445",997.98012864926,997.526692597318,697.142465888683,995.966832970706,860.803503958048,1068.88726099583,861.005436589615
"446",1085.75831568981,1086.55524316956,754.097551141922,1197.34139659995,935.08997736939,1277.04073289386,933.962213068879
"447",1023.13312016671,1022.06226619215,720.567180343434,NA,908.00141767234,1156.70283533281,906.109315240743
"448",1012.56259975199,1011.58912840143,698.400666886608,920.683603964881,876.994307822782,1125.17401604341,880.353810525487
"449",1005.69556701518,1006.41572022066,678.717527720918,1328.33813933446,859.181153153827,1069.63860554385,860.900284624646
"450",1104.28513525823,1104.83154372632,718.88440607893,1187.00655664072,906.103952370628,1192.9940372237,904.010876970102
"451",1065.00663557707,1065.58197451828,724.428270561978,NA,901.002167137458,1167.55007609671,905.540030462913
"452",938.50289419752,936.398338376511,670.581845206222,939.091444590035,836.960054185874,1022.49892986315,837.914616133417
"453",1008.77836625909,1008.81903206825,701.162519301666,1192.53810064356,865.168859992378,1079.55430440155,868.204868102606
"454",1075.32209749264,1075.01854899062,690.854013297244,1097.83221270602,883.797545404968,1223.08714508337,880.216412826921
"455",977.240645501007,977.346326556209,692.16256032043,942.946538387308,865.289438893542,1078.71280299856,865.509836241399
"456",994.353502842824,995.075696710178,694.556587060682,978.848186733626,884.909319474196,1135.61567665425,884.182254903823
"457",965.101312717199,968.100613095939,678.732758082262,941.872992614566,857.738337599679,1066.33239316209,859.004777222902
"458",968.93056912654,970.874853913304,689.747239942633,953.644018711932,857.051830950865,1103.17162554785,860.290971528621
"459",1015.80606473687,1016.29596916083,712.860993653116,975.376453195091,886.963286425222,1115.86461551093,889.096782925979
"460",996.344000509659,995.292815701775,706.120910775153,1055.72150045816,877.090507913903,1060.59459011938,884.145144489553
"461",961.221412198821,961.645472338419,700.079531731559,868.629021204737,877.840601318054,1025.27192656233,884.2195731162
"462",936.969577650145,937.308171938497,673.04532553103,947.772203537762,831.828475250891,1010.08036639578,832.144165141723
"463",947.148190070186,946.824993247911,678.948225100046,989.78560216444,846.688648901223,1030.39159286255,848.270251575893
"464",1095.96578977392,1095.20641965304,738.524715435563,1081.3575391976,893.560123625521,1231.31526437521,893.560158350333
"465",980.977052095499,980.504257173666,694.966735570868,984.928786074967,858.058441884157,1043.36602778542,861.313314980409
"466",1026.29543924045,1026.22396153291,705.600727053751,963.872714048951,882.405480145445,1118.01069371274,881.339986418404
"467",1057.93136338365,1058.40763964127,699.192592962821,1035.92917616147,882.206412894055,1112.32086603277,882.41508428436
"468",962.182976906771,962.31801350439,697.65928468303,838.933811186311,855.180016446454,1035.8718450315,853.47093654974
"469",1024.28921913482,1024.05743296558,706.028736786695,941.355354141779,884.891149233645,1122.76541852406,884.505177864572
"470",1014.83130898836,1015.27345819009,690.095704541795,1004.57631131254,879.84275946999,1074.52525527046,883.060920992461
"471",984.341126503821,984.774924605859,694.588284076557,964.806233833002,857.425006076579,1052.37198121514,859.757420644929
"472",979.400958344983,979.34652578344,685.756440377548,940.492500645607,845.932561746148,1080.00685490796,848.487125847545
"473",1042.88999997956,1042.78428875189,705.656505633546,1051.83428490164,872.913904107592,1114.40608428803,872.997858120869
"474",983.60098682987,983.372948928036,682.864064263753,1059.82493951989,852.785096954592,1023.01128951666,852.785270324552
"475",1031.2456245298,1032.86214671138,715.463069485093,1019.28075308351,879.71520742118,1113.80285607322,881.590189615094
"476",985.515440903871,984.589210310679,696.682611322854,996.186307259084,870.69893730813,1070.87058967487,870.166279772491
"477",1021.10112091288,1021.80682010446,NA,991.531190700149,865.369353307037,1110.95849989875,869.025838402313
"478",976.37238749192,977.902178037054,679.645215911554,971.881412564999,854.941039497654,1077.20549265239,857.84464809093
"479",1012.60471845385,1012.94671473244,709.630715454764,913.743318078977,893.928662133515,1076.51717256664,891.533854768463
"480",1071.81436348775,1073.18683929679,725.088619210358,1025.81208104366,916.539941020283,1169.17157928719,917.35180165613
"481",1010.81269506203,1010.63462111607,714.510862030504,1094.62224207628,892.314846480547,1074.95281241134,892.384207836695
"482",1084.9422042805,1085.48284263444,732.493204420908,1004.9737161421,885.1894571466,1195.74209832585,887.117833937545
"483",1013.89266998633,1014.62450138949,714.31846983953,936.888890394161,876.823614277251,1126.57530558217,882.7023316678
"484",981.602556789212,981.713904510985,699.858447101103,1073.14983854077,867.805471625627,1043.14828764027,870.516624086713
"485",992.63418698533,992.4046716916,705.096502794197,922.949572001012,891.530493960134,1076.51734903865,889.362238895541
"486",984.160207971151,982.611728620999,681.81346091415,930.263780948551,843.931382860047,1062.39956320396,851.448746196762
"487",1029.08451644255,1027.15917416351,706.739816223858,917.183860454234,885.186424994121,1178.42931622604,883.687946232308
"488",1016.37455728218,1017.5242756126,704.895742409768,1048.55937309688,883.951827819178,1101.36484344195,887.03836004118
"489",1028.03659270391,1027.38835099734,678.455265380827,930.821346284067,836.071818980172,1074.0018855739,836.305878312558
"490",1081.61209818875,1082.24549727912,707.015153845047,1160.005137784,885.882310538433,1181.88198766621,888.646455884789
"491",1075.68915357814,1075.8734026609,735.188567182287,1151.09792367839,930.345223094142,1123.69327463149,929.353061373598
"492",1011.34425040942,1009.69123171592,671.207282306864,955.705639636201,860.374153950141,1051.692933274,856.595894938289
"493",1026.678231713,1026.84919626414,712.506652542967,1064.05805494556,885.361977477005,1121.69485219674,885.43592525873
"494",1041.43987293744,1041.37654846546,706.768703303663,931.833831194195,891.705249125695,1184.59299530432,895.695786405491
"495",983.997790638279,983.925337298183,701.103198808301,1057.54612964163,872.680761350629,1074.28161509934,874.531029534029
"496",1013.87196581252,1015.02432125786,702.924580916237,1069.35399113566,889.907820864538,1129.79892024568,891.487209552393
"497",1027.66306334218,1028.24208902547,685.38083510832,911.659392990848,850.701782036305,1095.01939254633,851.743490399875
"498",970.775784191239,970.802707287824,705.344551700023,1151.92401222892,868.91402878982,1043.39169964576,871.108761323064
"499",1073.2741611105,1073.09695741015,720.58778998569,1122.8601746095,899.545116050481,1158.19514799249,898.677794449932
"500",992.557560247028,991.405342786459,685.86282494491,979.350697452939,858.068511938157,1072.33260040009,859.15431293609
