"","correct_data","Hurdleztgeom_split","oiztgeom_split","ztoigeom_split","ztHurdlegeom_split","Hurdleztgeom_combined","oiztgeom_combined","ztoigeom_combined","ztHurdlegeom_combined"
"1",2318.07334449935,2346.04438620872,2337.28509713622,2877.39751027956,3403.80926740033,2258.68130790564,2249.32424933666,2783.96515869497,3340.44918899603
"2",2301.28966550482,2383.70385502407,2465.1108926596,3948.24360624214,3430.7951104018,2232.6450780319,2282.13391873693,3698.80742336321,3283.60683029847
"3",2342.63312110186,2382.41983825075,2370.10200000011,3028.89271953457,3583.35626980012,2282.61585223705,2269.83586686248,2911.88725567561,3487.74057046193
"4",2336.22646928659,2350.87552637744,2273.72117137911,2616.69032452361,3012.19330925244,2276.9637615559,2194.6754579256,2526.11855021838,3011.0133980021
"5",2392.57801358593,2416.85769887486,2388.52489714902,3018.74406801376,3897.12937737121,2340.45569409441,2309.22341568957,2928.39116562854,3819.12317165117
"6",2374.85601872454,2433.73521611843,2415.34332985939,3390.74749014323,3875.26964628589,2302.81456341419,2284.40791742571,3174.59791648935,3687.98209762496
"7",2460.94652535257,2547.59333767815,2556.12056669542,3753.84630542475,3786.42760701136,2415.63084043787,2393.46382816996,3503.98846809478,3601.98553845005
"8",2355.23033051883,2427.75551039245,2403.75228938542,3103.83818213101,3668.64396233103,2300.57574720696,2277.06537409388,2924.57323945545,3504.16763716749
"9",2200.07796463424,2222.05395798568,2266.74388915938,3422.95165583032,3325.48802436275,2138.87884791563,2166.80786318956,3283.42669285882,3199.33388748798
"10",2316.58561269005,2319.50626816443,2333.76510871951,3458.14904267962,3523.68854990096,2263.74732282563,2375.64933199629,3649.60757178963,3402.26333992963
"11",2297.42256641607,2332.36266246692,2323.60333813984,3006.09874920615,3449.21592424192,2265.60246591898,2247.00708698828,2925.66843188166,3405.75635674021
"12",2445.31541521387,2517.12176535415,2521.44686226994,3405.36876238792,4068.86700235945,2368.03163472749,2377.01614477127,3246.6511583351,3527.51523024598
"13",2544.54123344686,2614.05777545995,2594.54610770189,3694.98691830108,4665.26286879026,2497.01501445852,2488.07980766712,3582.94508569727,3420.9295143493
"14",2468.47293796388,2487.60216373043,2477.97512526098,3130.41718760394,3949.6524623205,2412.34010621633,2399.31571521951,3032.41024153238,3799.53821642452
"15",2320.78221930505,2404.22460247652,2508.66799470667,4172.06065496657,4036.59353679229,2231.25580733752,2305.1183562931,3840.58083185069,4852.83115897069
"16",2281.58813180977,2323.56642447016,2323.62011900293,2836.88663882259,3951.59152076883,2219.12845141099,2217.56341541917,2711.87324892347,3684.45526938435
"17",2400.23326987709,2442.3928332858,2428.43249717851,3233.9189046443,3272.93260180352,2339.01095775123,2312.14211189668,3098.02387825895,3174.21644154045
"18",2356.45459552328,2407.91427634371,2451.23577345173,3545.03670281015,3655.67252404257,2284.38050518834,2305.27248384921,3323.86093599897,3500.48393548553
"19",2411.36549153815,2476.08034930102,2449.41932206085,3096.19386305815,3632.53448583897,2347.67986022865,2326.946961218,2928.07946204284,3407.34190320256
"20",2293.52860308681,2354.1143700911,2421.4437723648,3427.67599938353,3455.37980985818,2221.06265276558,2275.16725089109,3230.21038632732,3293.21097148326
"21",2228.38539359219,2235.13690405213,2232.97019327675,2900.66194449549,3306.1289421342,2158.5265374548,2159.983271384,2842.80706091041,3219.63090411425
"22",2273.34707128655,2342.66000731276,2326.93345406476,3182.08547235288,4358.49880783519,2210.71338102349,2193.30856286408,3005.92848022385,3424.65751628467
"23",2410.66280339352,2486.98785766039,2498.45378462897,3304.56605237682,3917.67243278991,2359.99394082664,2365.94878023599,3128.09374685765,3754.78545488056
"24",2509.49850692538,2486.34870374532,2410.18193248475,2981.84556093838,3509.48593656201,2446.74245229379,2357.76351504837,2929.12586444354,3453.92424526834
"25",2423.41118050615,2477.26523736223,2472.47612375597,3292.80438501715,3696.95271951962,2351.72605932196,2346.58322425582,3150.14162067036,3549.18117320452
"26",2271.15096483892,2293.82113439162,2271.28155676857,2926.19330103728,3443.89252718038,2225.01878786824,2191.81907131826,2836.13897632188,3361.65107737313
"27",2398.09291778429,2431.61477770883,2344.01074373242,3022.41312596131,3511.33275424969,2324.84414613856,2243.03920402003,2905.93945600388,3378.95526735935
"28",2313.83289053646,2308.07077005642,2242.5953750319,2590.46614772915,3134.90389300906,2262.20440308437,2186.14375328292,2535.81621107806,3140.94213991606
"29",2329.14884059631,2376.04059483239,2381.45869546218,3137.67756910538,3771.41523828282,2268.31473981573,2272.79452383741,2986.90337270226,3621.88993218133
"30",2366.908425034,2417.35060591372,2397.78817771613,3032.61877644932,3950.9228630307,2315.65786265552,2296.00904583229,2886.42155573454,3734.86719984845
"31",2287.78555707108,2362.91455266694,2351.24644128808,3283.89417301899,3989.63850126502,2219.3918113781,2215.05741844661,3108.99847238306,3412.46200597702
"32",2274.75047134967,2302.95818826376,2289.12618558395,2821.15310520002,3380.16423090594,2225.79636674347,2209.48727775552,2723.02134859601,3282.61826926727
"33",2291.14473983946,2298.13824482587,2328.57818862635,3022.42670097931,3409.46071022725,2232.66335673186,2261.9444443707,2956.16412075942,3537.63585879066
"34",2324.49564297064,2377.78096489606,2377.57231294962,3246.05014259344,3877.86673072176,2254.22017127651,2241.91279232317,3056.0233221014,4008.62128901983
"35",2162.58972808567,2213.39070296088,2210.51632215163,2677.74800354788,3453.26716319045,2106.81457523916,2095.22128382574,2549.17569419092,3206.55036136307
"36",2256.39333145353,2307.57819618962,2325.63612009864,2987.08152130237,3539.94179818186,2203.37089880064,2210.12220173101,2836.1381903924,3383.96068605541
"37",2163.64234708249,2145.583636339,2281.23874954438,2803.60185112169,3322.0308733162,2102.77194229397,2170.38010793743,2672.5837897625,3147.67451930691
"38",2585.88512900959,2591.20216108745,2671.63531158958,3738.86598120918,4544.72265119508,2492.82501584989,2541.13269073432,3593.29528084078,4271.22765267819
"39",2501.23171095481,2479.31828675109,2483.1197235878,3025.43398339876,3710.17933254,2418.83855304238,2376.42943569313,2899.42821236523,3572.35407590946
"40",2159.43495424779,2183.06759458726,2166.22700797442,3024.01220232585,3186.95600663277,2110.11234806529,2080.89593200847,2941.27060656213,3078.83755152612
"41",2558.73496521541,2564.00573889436,2580.56404049383,3584.45578746056,3869.56656547939,2496.42711366261,2485.44586725012,3463.6686572475,3831.61340830306
"42",2149.06218287017,2191.75658657828,2216.08278324885,3113.54352258467,3265.30239758745,2107.1075405777,2126.97404002626,3041.00198163242,3114.91877341031
"43",2383.43459424136,2477.03095211625,2537.12035685573,3730.5667856736,4317.09169052138,2347.39105334463,2376.93655252112,3525.14488535964,4131.10333469755
"44",2456.49249760121,2508.71806622319,2584.28697715433,3810.66133546569,3687.63652102919,2374.71682259024,2437.1599687071,3647.49388766987,3510.08950045024
"45",2336.37236287359,2390.70848778512,2402.63006563577,3103.27464484651,4187.12395849578,2262.19438599316,2269.5629008736,2946.42317134467,3924.2521688967
"46",2294.31451183592,2332.07577647164,2346.28607354136,2984.29545195616,3497.42293087478,2243.09558552782,2243.17217046766,2826.68923776944,3341.93012164923
"47",2284.03283048147,2322.26972240166,2302.478389706,3161.10768770094,3664.08728987609,2220.4393936267,2201.38296744367,3049.53106319958,3498.4241873126
"48",2296.65636040564,2322.25901582913,2318.02886089515,3211.40896337388,3705.03968827308,2245.14537449328,2240.17782317643,3116.12205531552,3554.693805876
"49",2447.13006975985,2454.57934030916,2428.64040626706,3016.67870544655,3572.50737359077,2402.64887481854,2363.37446013885,2916.22262185302,3432.54816340231
"50",2262.04659320328,2286.76740531955,2283.88702156194,2935.2981557385,3560.77293193772,2199.23284408344,2195.67395432484,2832.2912954436,3363.50456730243
"51",2440.89045336108,2470.08725943107,2452.12772367421,3280.5530192103,3484.86974614277,2401.18716619123,2360.511124956,3197.05313813246,3400.99543768884
"52",2503.26929442167,2558.84928135075,2542.38730199167,3284.70289265444,3714.68760722683,2453.20576415607,2418.40310166914,3134.90241460312,3563.44994638868
"53",2243.32307835896,2274.42882295855,2305.1161117314,3159.27623974301,3846.09901492629,2172.33800894036,2200.07510098244,3041.15495124603,3814.12102551335
"54",2212.41424022009,2221.49377449156,2271.95208621991,2911.01027916221,3262.99074460814,2153.78678374577,2178.15649520146,2814.08677365552,3176.17462344135
"55",2307.2295526694,2363.41209241701,2366.73382117023,3107.12097998066,3744.58943339084,2251.46110471419,2252.24071290697,2930.31744340157,3550.16370641031
"56",2493.39936292375,2578.03943380616,2617.47204822979,3432.82811254776,4014.89290845418,2432.30760941903,2470.6549887423,3263.39395824774,3827.68540973257
"57",2410.09786076829,2467.41008060925,2464.63643751501,3121.43942633329,3921.64813098433,2362.1793051494,2359.37174688599,3010.10313110609,3787.48583176875
"58",2290.29937331618,2328.00668867427,2320.11489933939,3190.71667915637,3582.64304856229,2234.03788916967,2228.03832492432,3130.6147723116,3475.00744337544
"59",2420.79547037132,2479.51499321873,2364.30905357797,2885.58189982573,3763.96710240143,2351.41301006841,2238.98450942842,2724.90877083142,3520.47030859958
"60",2250.72502187108,2277.24006740283,2199.77673119699,2848.72253461168,3399.20442549159,2191.97222359187,2103.85692689694,2721.06491290305,3283.25909140451
"61",2296.62223206673,2340.90300858876,2335.19496205668,2989.07553009807,3684.78403567448,2235.42276368736,2229.00654788708,2836.78782905856,3497.82046230724
"62",2143.17448461825,2179.89005614932,2193.39326408917,2942.90331103452,3314.23310491684,2083.17418165299,2100.51165164662,2835.64014644671,3196.16147130979
"63",2301.35070316618,2351.27387618241,2347.91400933117,3487.61647371943,3495.53025183943,2219.03910311184,2226.60112477128,3256.64841116031,3356.46580355279
"64",2239.19166325122,2288.77812160897,2294.69622376826,3291.27004140307,3507.98402713701,2193.39073651451,2191.31693127268,3129.30958346226,3382.85347218403
"65",2549.4861046508,2660.49406975827,2631.96606215877,3884.45513416559,3464.977873881,2466.81266473887,2418.36279794069,3583.35207332936,3332.65853928207
"66",2436.71636790618,2469.20323465166,2492.61827028609,3380.20164752374,3666.05112292761,2375.34606673907,2391.31913465048,3243.5761020651,3511.44979010706
"67",2555.05315802713,2572.75568189147,2488.4097190467,2876.7447197771,3429.52576958883,2477.56146290966,2391.48655335662,2767.34255520188,3324.83241796395
"68",2408.63674437578,2445.64132449907,2355.43392389114,2909.53755163783,3465.62967833383,2329.74932670821,2242.02691283478,2770.19800998994,3344.84303939705
"69",2268.78955655527,2333.12557946351,2301.95850061872,3245.64168693318,3623.25277254137,2196.92938573256,2162.50953563355,3014.66474738564,3443.87161807364
"70",2412.09127531441,2495.36381156316,2405.08672659704,2846.94298818097,3557.34760235034,2362.19050673495,2272.79584468911,2685.56177877405,3457.59350712494
"71",2274.2466517562,2319.30568788254,2357.52667467506,3427.97077326388,3281.92447762155,2205.49492906636,2242.05279882986,3368.96267298291,3161.06448234853
"72",2227.21823031649,2233.52922846845,2260.60040294643,2982.50796127447,3318.15040056551,2161.53654298483,2184.1508556841,2940.24369323214,3215.66886233444
"73",2461.65274472263,2472.93999074984,2409.47218799459,3154.38984770459,3683.68238579833,2392.37249403842,2305.31878436188,3022.15577232669,3550.69136138236
"74",2251.90496551708,2372.68997202,2383.42747826553,3856.78319060318,3554.1029209318,2179.91691645624,2173.38263181562,3383.67465329486,3403.90845935337
"75",2335.24595576885,2398.47126725851,2252.72518747356,2895.10215057315,3463.58282014189,2277.7713446372,2131.13494730232,2737.28354414214,3313.65455854211
"76",2287.46401550743,2322.46867733392,2365.07186220009,3421.27274888166,4841.00112812643,2228.15354980142,2267.63034105334,3325.09504861428,5100.56465845671
"77",2088.2510279266,2127.20970117396,2124.08975042163,2827.47835717559,3319.88009664583,2054.19153677383,2045.02040072711,2752.84485408615,3326.37967330908
"78",2141.15035484513,2202.28505959395,2223.20417632107,3256.13129888158,3431.26893867354,2097.46278554088,2115.61093046572,3144.86611733973,3288.0809485675
"79",2375.1875857439,2428.61529929743,2415.32332874896,3084.39959050727,4140.03296006401,2297.33355252328,2279.65542227098,2913.88483438781,3963.45258846543
"80",2363.01248237355,2369.50224290092,2371.42525901781,3089.26725931505,3662.47122369949,2304.91346779533,2302.37317511215,3065.81322616713,3673.21390265234
"81",2220.69935575297,2262.78475256079,2228.26490139204,2975.84805444494,4316.18443941042,2163.973911739,2126.66300480999,2846.08670073148,4431.03681551724
"82",2301.61712199349,2330.91144367815,2303.82848818772,2862.34531565781,3724.84133443515,2245.50998621282,2215.34066753428,2774.5251963449,3567.94380301862
"83",2191.9066521845,2228.00489090484,2228.67998856211,2995.87356183781,3901.25273198422,2130.29189761562,2127.676416688,2868.89331583316,3456.46014121421
"84",2394.04228715861,2429.13953368078,2415.32464131177,3185.12972728944,3808.69015823,2346.73176245587,2328.16405272466,3089.39561506096,3712.58712136031
"85",2741.29547909858,2793.95161103288,2910.53645253832,4017.11562136756,3453.98560397472,2694.71283645748,2804.22342612656,3960.0324387678,3352.7156286323
"86",2363.5365351737,2424.23132648345,2387.83294397925,2954.71605473001,3560.02050889095,2305.27490733612,2267.16853935502,2792.80202438346,3504.4017243027
"87",2275.37324217499,2334.74473303395,2294.0173619525,3020.23385497954,3962.72675703436,2218.29277413485,2178.20029718951,2864.73949912966,3647.84459568912
"88",2348.98708952504,2379.83133094622,2359.98758694719,2858.03026096115,3468.68966002507,2290.93360281853,2271.16680832221,2754.56644590548,3331.57663361832
"89",2468.70628399403,2536.08988146062,2534.9261133806,3361.74583702664,4043.67017855866,2399.83246784191,2392.47595404581,3166.26558457215,3855.29383359046
"90",2320.48815982751,2345.13910444269,2332.05918045315,3073.93713707942,3598.67015819942,2269.06999743273,2244.21919058718,2998.94467872119,3460.30619714221
"91",2451.15602564921,2475.01673321657,2389.10548768809,2776.93747030363,3285.62936732092,2391.90367661396,2307.49698827507,2699.56596282245,3229.49288770055
"92",2456.39440281318,2484.59859970465,2399.76225398692,2757.00078312349,3325.27198360877,2404.57397893702,2307.61727421013,2641.62369185341,3205.52302931151
"93",2387.75080252008,2431.65191983808,2367.98862311508,2847.64047813778,3407.22430503859,2309.48506375291,2252.24310300707,2739.1768887612,3291.84507602959
"94",2419.133960657,2421.1346022876,2346.65752450192,2912.70568789242,3731.87948372907,2369.64832327,2281.48350364938,2855.04297512514,3683.34044777572
"95",2175.13779037564,2199.60134705108,2148.28009003136,2693.99926707643,3168.52296971436,2100.05045894261,2053.34006040942,2610.14851601161,3083.78066716007
"96",2297.7474274201,2336.47212312031,2274.19583476883,3051.55109542223,3633.4842345558,2259.67654381065,2190.19859033409,2950.86520123673,3503.1507765354
"97",2274.42905702994,2321.59861523122,2337.97957531298,3188.37745899828,4357.66565460395,2223.35018320107,2235.53657343998,3078.5637079813,3967.55191484635
"98",2341.48899197234,2393.98442829238,2375.7727121204,2897.14198534048,3637.20522420518,2279.67722965485,2264.36796260326,2765.13712777858,3455.66668826248
"99",2312.04772046935,2463.12808207674,2485.61753493203,3603.55161501457,4005.45108524719,2264.64801265972,2278.18848027975,3245.66397853969,3669.63877012032
"100",2351.73350730578,2401.84060836206,2440.46950197044,3124.2212656261,3836.57736176749,2300.44704038305,2329.13522108604,3006.10560503944,3682.63483162093
"101",2407.40129078172,2438.20684013037,2438.23353176914,3076.34704617372,3776.06375558848,2346.05763620303,2344.8838452443,2965.48122569518,3654.92708908575
"102",2299.3454217125,2337.2413590304,2315.92178732424,2932.64337105322,3577.5735914371,2240.54416899976,2220.21659741124,2815.584238649,3448.55264164021
"103",2262.04078874579,2331.83520287595,2311.78048860603,3158.93126839881,3699.26899812253,2206.2011882867,2186.89856836403,2950.47101225076,3525.38134088001
"104",2396.00261443188,2443.28738437115,2437.39257229932,3108.99851654273,3788.22507483446,2347.71273417714,2340.90671232417,2976.14972384611,3644.86165451619
"105",2358.31018406211,2405.18735989993,2397.17698986042,3021.7309080828,3381.64522163697,2298.4175277025,2286.00570183248,2873.76423899957,3243.41617657105
"106",2472.25970967636,2505.27491461235,2505.74308828904,3186.30139335163,4341.37655660907,2414.26742431048,2412.9399048168,3092.61847557208,4165.92142056403
"107",2435.84652788735,2447.79427031658,2466.63786210872,3182.29192694056,3671.09910461297,2363.95390385103,2375.78476560546,3064.98069724096,3515.6082278195
"108",2340.10857981159,2415.81290813728,2425.13186732187,3392.00774102517,3749.35647576073,2292.09513860327,2302.27151188245,3163.68289506128,3516.92606070801
"109",2176.49689245632,2183.98477941063,2214.31450960816,2830.7404504736,3262.42159829515,2110.3903076524,2138.65681393778,2793.1850822999,3166.94876578399
"110",2214.28410503015,2290.99948284423,2320.03529101574,3412.23497382252,3407.0513940313,2152.69092511722,2177.04381800911,3213.55023025761,3255.21948811733
"111",2355.42414844837,2359.45559249388,2295.56174211945,2680.90993651629,3562.90050925208,2293.37630768839,2217.59667418711,2613.31146290891,3411.83866823084
"112",2351.80268585491,2428.98779006659,2434.84754243098,3366.59789608278,3813.58466493778,2284.41893446401,2281.10138314515,3131.61644217712,4093.58434584008
"113",2122.71140416129,2149.20997704661,2129.33467253069,2868.13497205488,3342.8551721284,2078.34279592535,2062.53596768345,2850.42422070448,3228.05067332717
"114",2321.7678264329,2314.38203118248,2282.05259719466,2765.55574460003,3300.99102269002,2273.80934686847,2222.55674302313,2702.41874337722,3241.31735465888
"115",2372.60608869176,2415.86761242179,2369.57163186506,2879.33301233105,3995.88749354871,2310.21402215543,2267.04508080422,2764.1935835193,3812.62596141091
"116",2383.08509228342,2504.27895352115,2573.88167967608,3680.34277584772,3721.21402535462,2295.67819053295,2404.26697028517,3461.41201975967,3587.5164886276
"117",2372.13189556893,2420.78530976405,2409.18205655986,2920.35241784851,3356.43834407222,2316.17897105371,2304.10681281127,2793.09669646356,3131.80517978015
"118",2199.12070492649,2165.81846684298,2443.50222276097,4072.11506828579,3988.01282666996,2036.61706897675,2353.92065597248,4119.15737524015,3907.93356945386
"119",2343.82580368268,2389.83081312669,2380.35506732396,2972.29951480411,3690.0907480809,2279.34440814097,2267.10593475171,2819.2226728133,3539.54346169233
"120",2276.47173416089,2313.17238624068,2304.87568410289,2763.40371830902,3517.36144979501,2206.48749237398,2198.66194086197,2642.23530549041,3368.11118000747
"121",2441.65694536517,2465.72841910452,2417.38906616478,2765.12975369143,3325.94348522764,2386.03818740666,2331.53771236336,2667.30812198003,3211.66120623372
"122",2207.81623327386,2262.02660057252,2278.23995354762,3163.15992898682,3420.77479685295,2154.1276810727,2165.43689707532,2988.17823336877,3296.29345983694
"123",2351.95374365491,2403.16871152754,2373.29644869819,2823.04054588537,3649.77473212165,2293.72869255987,2270.91804444282,2712.05891171556,3453.50649396764
"124",2262.77975936639,2301.54027047312,2302.66264458615,3263.96844104965,3807.79658503896,2197.33855527606,2195.79516780819,3098.5162572916,3645.12923502059
"125",2392.31315171757,2424.29614177572,2407.00774625348,2951.59832985784,3701.20132286273,2336.08018963529,2311.9228111068,2846.68640481146,3570.53734359845
"126",2516.48021380042,2526.94739038763,2526.11957840459,3528.00536875205,4257.40100188343,2467.19484855813,2442.8960794201,3406.90904095227,4195.43309606693
"127",2407.22325996489,2462.22565215539,2489.14859395813,3442.13087662291,4276.77992930933,2346.09027222616,2368.17410142422,3294.30070564793,3963.02605725528
"128",2201.21887326797,2296.01718450712,2278.71689040732,3004.97107941046,3346.40105395723,2125.17448729281,2112.06367772707,2781.48667602337,3175.76430687535
"129",2482.9016531068,2533.82411695869,2550.93603020393,3180.94425923657,3593.38856849192,2426.15903056596,2440.26219155073,3069.53339422514,3480.06852155235
"130",2196.03072980033,2293.69306988284,2237.44854109912,2837.76330086745,3495.64472900709,2136.97501316619,2099.94410003689,2667.02831571924,4092.06260672674
"131",2231.17018244283,2263.50338607155,2192.48535679477,2566.78450120646,2981.5440147641,2182.39820059118,2111.40978433435,2475.90838762821,2865.04170151516
"132",2348.3357249519,2455.45683258097,2468.75737483506,3365.3344466482,3824.76343985347,2294.38695389606,2302.50018699551,3098.99828103982,3566.47829465083
"133",2433.19671439596,2511.36346018899,2633.64732981116,3708.48483203326,3599.54832669715,2400.88394467764,2511.06033814247,3557.90684716941,3547.64992027704
"134",2399.20290608427,2448.71939805616,2489.78997817843,3380.37904896469,4068.42239745536,2337.10548825504,2368.10820536123,3202.63120423314,3837.36819793524
"135",2296.14091415496,2351.83348919906,2390.53347593342,3683.80034062342,3668.08069271606,2224.5298143536,2259.98696305577,3521.2884640298,3562.52418181519
"136",2371.99261882883,2399.69604402552,2343.31053523293,2773.58910411747,3366.33140344596,2317.20682364203,2245.45752798828,2642.19877855445,3240.85296096366
"137",2389.57836040154,2462.70196229928,2484.4006948633,3206.31044360922,3904.43536237363,2342.22879297978,2357.83730393309,3070.08114519745,3766.36147261828
"138",2221.85005699747,2286.82307126021,2233.67191844564,2861.10429709726,3650.67220530891,2160.88290167484,2113.56804086381,2724.34076193301,3404.53507464064
"139",2280.37620016156,2326.42873642724,2305.54380943448,2819.67760553561,3421.27042801958,2229.81104832685,2208.69849591791,2698.48032316594,3296.26051928604
"140",2406.73284279288,2402.47548024608,2377.90024058061,2964.70195671898,3894.45928487273,2341.70980904927,2313.65627331431,2876.98654951746,3736.14944795116
"141",2256.46400969455,2335.32619289936,2372.35315761488,3822.72492651697,3949.7166336388,2152.92364802053,2216.87577663662,3510.47590015865,3786.61176258861
"142",2190.95347136685,2250.18658894045,2284.91428585278,3489.02740845494,4653.04423910384,2139.23639940477,2170.31344283601,3351.3836411247,4527.59267797519
"143",2108.14732793187,2208.25380480687,2234.62161605339,3327.84622484661,3295.12468658261,2053.75212525705,2066.61499073406,3049.07550422153,3130.48741245451
"144",2307.28307879651,2389.88898956038,2464.98522819186,3967.20064097032,3611.84288542965,2249.16109608224,2302.67170840419,3676.43924490646,3381.38460511984
"145",2250.20017209184,2276.72700070754,2299.36696691424,2983.56744349065,4024.43202095155,2193.01302147203,2215.28515036293,2902.57607219246,4007.48913328361
"146",2352.77964748393,2442.93676086423,2404.47756875707,3054.88212227142,3547.78835598855,2300.23327264499,2270.58129459996,2878.28490987176,3366.35490356658
"147",2230.26640489385,2259.16306888816,2270.0294139859,2839.89656745251,3379.42316345796,2180.71157128256,2201.02698821646,2759.02935392357,3298.23319015936
"148",2319.20850469812,2342.46315944695,2330.14359023253,2858.25106470781,3421.15683433917,2262.41451382654,2245.81175763912,2748.62292688008,3352.2446468333
"149",2389.73753225633,2411.08091472416,2348.01722828856,2787.93119007494,3452.34492150242,2331.23427030868,2261.63536227014,2682.90208024165,3157.9942834641
"150",2116.83047079657,2209.57482134488,2189.08218786777,2979.41342443112,3249.36461326085,2062.25947071119,2042.92409849647,2743.56024651712,3069.13786876925
"151",2378.12963101436,2437.22027521497,2454.0924606965,3129.94507970084,3367.43934802178,2292.00267308398,2304.82455127553,2953.92926625894,3208.47528923009
"152",2344.52787496638,2368.78808468281,2313.83088888698,2754.74745069451,3222.80795636805,2313.65157697394,2250.89097783315,2713.41591946978,3202.76658448016
"153",2463.32493254136,2498.7388331986,2458.2456781097,2977.67309173474,3716.78104781016,2409.44331774264,2362.24083717391,2886.86199874119,3646.01968815523
"154",2377.30035621424,2400.98721631941,2365.2064877693,3085.22542812449,3678.30037980706,2299.13386449475,2232.21673787152,2875.40358497406,3506.51024049114
"155",2228.62360410444,2313.5608949733,2277.79469652992,3402.07477983124,3510.38119564495,2174.83039534873,2139.2953711912,3194.39393086947,3326.88677919515
"156",2437.89799781038,2490.57577156996,2476.46089226354,3218.0685837246,4104.85166644828,2375.77093478239,2346.82023179524,3067.99723802958,3949.64496983082
"157",2399.40439461226,2440.34824168024,2408.61039550327,3012.91116940683,3661.95537814143,2352.33857165963,2316.89372067962,2896.29557525171,3522.38249544126
"158",2470.90053034031,2514.71836982838,2493.33278322065,3108.09199286385,3851.16372266592,2396.48242072307,2376.41286975409,2978.9237358186,3696.6825396963
"159",2381.33133366853,2409.6985257491,2401.2144098297,3178.96675148384,4389.23417861389,2325.51858736031,2317.95860585206,3078.6932511192,4308.61057613856
"160",2207.92410892282,2264.14979083711,2249.04070433715,2743.71693834894,3297.6528370253,2154.8242242497,2144.09378189924,2624.21514768472,3206.24929853756
"161",2457.97813487443,2509.3717807352,2478.91655571746,2979.47501867103,3716.8113810006,2394.26726460918,2365.82299404246,2854.52064823204,3579.42669134212
"162",2339.71580604557,2340.70599582149,2405.67058518813,3599.90071261646,4898.10274040444,2281.39995499849,2358.31281757748,3645.93639270943,4995.3566080634
"163",2433.55569369896,2441.04748706356,2450.10477171798,2996.1434367832,3926.38943353976,2328.9919243567,2341.62615724592,2863.84367964291,3795.54445456931
"164",2294.21970552575,2364.00459407221,2480.0441643212,4042.39520198676,4703.87696047444,2250.76540381796,2343.90419308825,3837.16467734464,4517.76719771281
"165",2240.32543397343,2271.11168849238,2316.75779004282,2962.42639557358,3660.79579557031,2180.49663294609,2220.29872863876,2854.20146383579,3627.65865531431
"166",2418.23925720843,2462.08825303881,2474.2416330518,3511.9741879719,4152.92307641818,2365.19889976121,2376.69827763725,3372.00353421787,4265.71063452033
"167",2307.30353690657,2339.55042980151,2338.31209818547,2938.18138481352,3535.16217854515,2268.50692576831,2260.8440147093,2840.80516114714,3414.48452777643
"168",2298.90670096659,2348.83552737459,2315.18341894567,3160.00233922571,3516.0972769482,2248.32718863044,2211.69512348034,2994.11136617236,3334.59002468788
"169",2288.46047958108,2335.63499906911,2315.41970400499,2970.53137265753,3673.77095707903,2221.16149094159,2206.7546801271,2848.44778652358,3321.47081629317
"170",2297.77666474767,2343.1905682808,2341.42841279028,2934.13909059178,3351.57472833273,2242.03314086725,2242.67857357856,2798.47910238044,3190.6900624874
"171",2395.40356123743,2468.59784281671,2480.3405102196,3198.435272433,4094.95134349346,2327.82580332138,2332.81626414622,2978.94626038423,3916.54446679816
"172",2353.71598809835,2384.97916875086,2381.67288868996,3002.67007847482,3637.78144669641,2306.00148461814,2300.72667269996,2908.11201076996,3543.51932517312
"173",2287.13696941745,2313.20623090173,2270.41064549401,2741.78353838049,3554.14493970512,2250.16210168444,2201.84726301959,2682.37649400731,3555.40223051075
"174",2388.47904243871,2423.68312001783,2430.71853058183,3328.37241934347,3808.36191083328,2310.44718191863,2327.38014992468,3298.29143157305,3635.0151616991
"175",2168.83954099722,2207.89761226825,2202.86248082285,3011.46801864228,3256.97879981744,2121.92661499307,2117.67222705939,2928.71389586315,3134.98724385489
"176",2396.7791384019,2432.34445648488,2433.65272348054,3074.99687551662,3602.16267474019,2338.28110140247,2339.16446839036,2949.47479034374,3448.15452666353
"177",2149.83333167564,2227.05684989335,2386.85493585674,3427.28770364786,4093.30588929009,2250.48386939938,2267.40436688682,3261.85683242422,3990.73453389272
"178",2332.23847006174,2350.93400171709,2373.94288643226,3496.46747887376,3769.52028009462,2267.99622627834,2293.25476356799,3471.61608542889,3681.35316771594
"179",2232.34124948975,2266.45107745254,2281.83539696154,2904.13964032081,3483.99913797861,2167.42503923677,2180.38199327244,2753.08150714368,3328.99762289379
"180",2422.90732935759,2453.81886498574,2307.79025945107,2695.37080729487,3589.46645366473,2365.84881720447,2213.13216725169,2597.70130755213,3410.53889006884
"181",2389.93700733619,2444.85139250883,2421.0002485119,3136.75287815661,3735.65711962061,2330.86077452986,2307.55242709471,2987.92103519239,3579.59712488976
"182",2392.38687454387,2432.02096437521,2459.68989280441,3446.3284334442,3460.95094505571,2342.02673363422,2358.42475039325,3307.36753595366,3292.19608650299
"183",2230.77189519393,2329.14496405475,2379.37518003139,3784.78486468478,3855.80812288373,2174.13528683317,2204.55895766631,3417.51671057577,3511.29443280321
"184",2494.74820971058,2531.10240503845,2514.58963496341,3153.20238950374,4260.10959396645,2421.41968968859,2398.35476672155,3009.23818104525,4155.69276191366
"185",2357.50434069494,2373.51703931152,2337.46043166553,2794.90746480598,3360.59808567137,2299.69313059984,2259.88508735372,2699.00558544243,3263.08634566049
"186",2082.80093862562,2130.74407606982,2139.13669353439,2906.45978120282,3241.41543079235,2029.90521990471,2020.2799420646,2747.59480037521,3125.057182358
"187",2542.24462057423,2661.46659129854,2645.10131155718,3650.4960440824,3803.89206348651,2493.03153848647,2479.64198746435,3427.35618167129,3627.31938957305
"188",2332.11831565484,2345.5659839393,2350.05644014948,3264.00353226869,3717.26437139393,2277.10987337246,2274.0184071754,3160.81132067313,3587.50957546821
"189",2414.33912401069,2454.49400166589,2469.37161903485,3137.43415453885,3947.85671895943,2362.2666164836,2375.27932541429,3036.28822155684,3703.08210747295
"190",2438.7593806679,2556.1760922106,2588.91177925512,3479.83393805641,3442.84048782329,2344.3976963084,2376.55149359835,3238.92105564108,3216.70702017372
"191",2234.1019028876,2313.38164712871,2369.97114949416,3325.15568381166,3129.44491662962,2175.80194433883,2226.50890920086,3127.56006184957,3042.97382924411
"192",2442.48738794847,2512.57858048243,2690.84942544393,4398.27128316671,18400.3230136402,2347.38697420429,2512.76843992424,4251.20947248909,27999.3118389293
"193",2198.67654933658,2282.26950726753,2264.36957879546,2992.50677339461,3819.46545517738,2148.39119309931,2130.80152749621,2819.50339247476,3674.0551918334
"194",2370.6223518332,2421.23250414996,2414.56605435024,3024.10341491586,3993.19944503179,2317.33396915074,2310.97426028182,2898.81333442762,3885.68662118046
"195",2329.06171926644,2336.50987455817,2303.525864015,2722.69190861384,3733.86862499499,2296.79048003997,2255.98675286208,2686.42877622375,3779.82827122308
"196",2432.39517409635,2472.56357946111,2497.1347085599,3363.24176548176,4405.78875240625,2378.06251110433,2400.33544762262,3258.32326203008,4273.33944926868
"197",2266.62087506286,2241.50485768051,2206.6579897141,2769.1529809907,3800.48675113335,2228.3415387813,2175.93856000923,2755.595375054,3998.87840200731
"198",2332.47394260347,2370.45612843267,2341.11328745775,2973.993325448,3830.58041892783,2295.22102997503,2268.5249638534,2914.74642725454,4244.93406749247
"199",2379.56820294207,2466.00332275919,2455.83073706786,3532.03363684678,3620.54672656134,2310.92293532894,2284.34303250535,3281.80558978176,3483.70994830045
"200",2433.4639868676,2490.89736380999,2416.33244872966,2951.00946138698,3568.71243133819,2362.74495923236,2296.7381916632,2798.1262738089,3380.14550366054
"201",2227.42093892608,2294.00383448193,2270.28437324806,3101.24776303421,3330.4357992746,2172.57887565221,2137.51426700156,2907.38526644394,3189.04526665278
"202",2314.53763148229,2391.03622050108,2428.04007136086,3495.66021043956,6196.99124699208,2260.00563551198,2287.14266716058,3275.73595500539,5283.93733508215
"203",2403.43335511687,2408.82603488795,2399.86504328177,3328.63323820064,3830.08200537557,2363.33842174824,2351.58629673032,3323.6598076956,3949.07601963864
"204",2224.75105544848,2263.41072310897,2272.62025418306,3062.17781294675,4303.35798808257,2183.51111922478,2187.07043951313,2969.75876780622,4258.98404217803
"205",2225.69881738079,2287.95364486337,2288.58170320148,3282.85957681596,3581.43514708872,2165.76922116611,2160.50466027469,3085.042729217,3417.84451282686
"206",2369.93364708012,2377.45556317428,2354.85271076281,3172.86321514135,3743.31309518051,2314.96136764635,2287.62912915749,3092.77133471448,3579.03563091662
"207",2450.67213913485,2533.97760934139,2443.36367826435,2828.86057207319,3472.15094513175,2404.37493202782,2331.56464975911,2694.84624913744,3282.30464019399
"208",2291.89288528404,2337.0249022346,2366.23814688515,3244.0036030738,3383.28361676096,2242.81047704826,2260.26998583366,3113.10790229545,3310.99363365863
"209",2375.49365648877,2399.16374741694,2411.63145510387,2989.35085471359,3507.33905473527,2313.49939879491,2316.49566937056,2891.44617448463,3493.13821279611
"210",2340.11856942977,2371.5669326761,2388.31840726862,3114.06135061112,3912.62605746568,2278.17567896349,2290.30241075686,3004.54337510848,3775.66276804357
"211",2340.19544221036,2397.07354857839,2402.84820592833,3114.69469506824,3520.38661696299,2289.88584511572,2292.0598279894,2940.6421534501,3361.00877311182
"212",2295.0198428525,2351.79586126135,2298.03264203752,3051.83621919777,3346.51909189639,2240.94377856864,2194.90309377729,2919.70718838326,3182.81401306089
"213",2329.75045763903,2338.5057570152,2368.02722729822,3239.67818050074,4269.48128790693,2276.47375616303,2316.44960217067,3215.55897878071,4737.38201852201
"214",2113.35653110457,2186.47549317451,2192.7877669606,3150.73421830703,3311.31569165034,2062.01395609168,2069.18227058713,2936.8738752419,3160.34569912326
"215",2429.64369905382,2486.53544491025,2465.88784871017,2990.32000673794,3673.06167445502,2363.85157684318,2347.39673218723,2858.63574520654,3528.41076681451
"216",2204.3060868681,2281.24722420737,2334.19698701745,3480.58204317376,3178.68422479142,2162.04545560314,2207.1575372954,3289.54697481329,3079.58930977802
"217",2419.78555600763,2438.57981583701,2413.48402729994,2939.77087591503,3786.42744284173,2352.26797910172,2322.92744637759,2839.37688212044,3753.31898742863
"218",2370.93782342338,2408.62683026027,2376.50139088719,3044.22960238483,4260.7770755354,2299.56021233892,2271.49857520753,2933.53711491613,3982.77554840136
"219",2249.82166161506,2273.30520388709,2205.08637095252,2689.74010220367,3705.20689103245,2177.53009792939,2110.89156740391,2577.1082712957,3593.52349029673
"220",2339.42534203919,2388.76242819082,2372.03872694564,3104.63720573692,3687.65762401602,2277.39010540572,2262.78859150372,2952.62616328277,3531.78366315518
"221",2354.87078787484,2396.19028675976,2398.12918052306,3344.09501937418,3817.29781725665,2289.07159989372,2292.51478586916,3176.53704172844,3567.01194720301
"222",2425.40472698243,2441.63623689044,2389.29001820382,2816.70506251545,3649.78303429598,2363.93448166816,2305.97856933943,2708.935999168,3656.81429443522
"223",2422.43684785748,2583.23396303721,2615.4856541577,3651.3243717422,3379.59064477505,2350.68693564809,2406.6186313283,3427.96992235924,3194.82104517107
"224",2437.36650637533,2437.05187130908,2448.71265368214,3469.06391877849,3860.13278116463,2392.74268433741,2411.05358623828,3474.29699859324,3705.50403052532
"225",2431.46923255522,2501.72734403369,2506.66233348008,3255.49779517239,4233.12169226618,2365.24543656385,2366.33549577732,3060.19890725118,3970.14900938417
"226",2269.70697743066,2314.22079301192,2315.98096568009,2835.64840521373,3771.56038109432,2209.67606644865,2211.40272480443,2718.10169077361,3599.26420941008
"227",2278.73146038239,2342.05919600255,2354.82385963648,3351.18496619701,3867.69549872201,2210.34347841543,2217.80189344214,3161.22046512123,3838.4212315783
"228",2190.46806724432,2243.64600865422,2182.49310671286,2972.69316753933,3270.08699045112,2141.13542680445,2076.84791928259,2827.52206110408,3151.63193492963
"229",2348.25953415459,2398.75433592449,2377.36765520831,2934.33934373156,3345.4242145975,2297.38383218588,2270.44686193953,2811.9558142453,3325.15146819872
"230",2381.32756317708,2403.42290491889,2399.66370904924,3046.95305059625,3918.37185405383,2326.58496784859,2325.34469905544,2959.48471815981,3828.95946476293
"231",2280.07840177278,2369.8247308132,2361.31432155257,3088.93488941494,4150.00428704382,2229.3067807685,2225.15894176381,2917.82882518865,3512.52429312272
"232",2236.57027293373,2287.11985174878,2340.81930671671,3478.2719852392,3409.06164489354,2174.27226516222,2223.62344865773,3390.43301644961,3282.54094971464
"233",2138.10771254127,2220.10021636676,2247.28646241983,3163.04393701021,3243.57512313021,2077.4326315725,2098.70817781423,2963.06676726362,3069.47189713448
"234",2383.67210609025,2382.25460994078,2390.34356474063,3148.64359093256,3906.43356988196,2326.96120073254,2327.15834630811,3072.73328359487,3747.04801836908
"235",2325.69063080921,2371.59473523681,2350.7612175013,2767.30234050346,3424.83878209475,2259.43198295748,2237.47642430967,2635.07106371323,3203.49346156303
"236",2363.11390109425,2431.14345332824,2474.91560646977,3763.41429926837,6182.25312575678,2306.65325401462,2343.65844652238,3569.36972954842,5345.46863319345
"237",2312.86318565678,2343.1419807354,2286.94923377356,2731.74733754237,3990.4299402004,2274.3762436134,2205.71285434921,2641.81028307,3952.85121104868
"238",2380.40674503189,2415.8813714173,2372.63329084887,2872.78612636742,3759.03518671691,2335.89064217731,2284.31321858508,2776.32487644538,3767.7701107568
"239",2380.73749608129,2426.22293235672,2424.95220790808,3271.95559927383,4261.16143131187,2313.80126391676,2309.14052614897,3124.4474614183,4052.23896973524
"240",2280.48139540228,2342.54838032611,2358.88619909493,2860.98843315768,3683.4628592669,2219.81909696051,2231.70952070051,2705.82009237664,3411.91105221596
"241",2401.73552190379,2412.13752966764,2307.13932448625,3075.66862041391,3465.97633809065,2332.6532555852,2223.47361803652,3010.38552385823,3341.68253039438
"242",2497.24126663335,2539.92483324223,2526.79846096913,3294.81150749538,4241.6565717794,2420.42010840429,2407.44582946838,3158.2236718479,4111.15776150046
"243",2185.15762916485,2238.27216547811,2201.1744817303,3068.97450352777,3431.36615886959,2134.22996225083,2086.12190474972,2915.48457736621,3266.40696585014
"244",2450.8869740253,2496.28934368871,2417.23895100104,2956.43480496256,3871.49750898153,2405.85669177548,2329.34565593228,2863.09203170186,3772.04624080916
"245",2285.08646221716,2329.3226090459,2325.2749965383,2888.69418423746,3635.08529078039,2227.93233391403,2223.83374116422,2757.93375446802,3456.07964796502
"246",2342.11119718744,2373.99436827562,2310.75090329798,2692.72757608559,3331.13921554857,2285.35997355785,2219.44272260235,2594.01897826783,3266.54598442088
"247",2306.65218601045,2341.97092141337,2313.02134151738,2876.76411530061,3375.1452134633,2245.79126354578,2213.78959282636,2734.27525510317,3236.27665655608
"248",2496.51996427443,2538.20162911253,2504.30978203186,3114.03192780089,4121.25714532033,2424.18670752284,2386.15742861102,2952.82346772125,3890.85551514125
"249",2266.08801793072,2375.88321791632,2413.59273436891,3337.4108130572,3209.51093805584,2207.59062292892,2231.77537272646,3070.92118155389,3085.15614933008
"250",2273.54820146021,2340.27141948906,2387.38618850563,3712.90829485745,3456.41562619252,2227.55824183318,2265.54830228124,3558.73354969186,3327.26205315272
"251",2361.24979739056,2391.24278309928,2374.48233587989,2942.44815278018,4042.77960618134,2295.80246884296,2275.4615469246,2838.51415946648,3852.38230312969
"252",2304.9791241821,2428.60449146278,2414.29033589749,3559.91732154783,3521.94040624926,2238.56039793587,2220.04055939433,3248.09343557114,3352.72630158546
"253",2356.82612202072,2412.92890298315,2357.86508719745,3028.83970486241,3735.05679657201,2286.86942500313,2240.84941285369,2880.00201699404,3516.62391096556
"254",2402.22158484407,2450.166550428,2452.586320467,2962.79345695157,3483.15708031398,2334.86262549568,2336.13994875375,2830.72623240411,3312.25311060595
"255",2192.10485057893,2243.498442708,2185.01910942831,2667.99934464752,3583.1638125112,2129.4038421642,2081.85552754476,2545.7342677482,3359.37079511151
"256",2260.44961799984,2298.7673604323,2382.28825747522,4468.98959872043,3685.15019248131,2196.18827621169,2268.65839192682,4345.94666080985,3492.64618445302
"257",2330.12721332738,2332.23565770283,2372.69678452075,3446.83555961809,3668.76338688454,2274.34295794134,2317.54519499103,3444.2018053879,3561.37545657123
"258",2526.34187984325,2583.8035236993,2480.91114461884,3082.27441153441,3665.78232686793,2479.08158971137,2374.02794986233,2959.98005469272,3483.4064225378
"259",2380.43343509552,2433.13315666905,2419.90169062301,3105.82354105271,3752.48473351311,2322.83149218662,2304.8278152739,2992.45536672113,3589.52595747416
"260",2423.02951924393,2483.11398530894,2508.67066565783,3231.50938435,3846.83394446902,2361.79050586642,2379.15247133492,3108.61290994375,3890.80525696478
"261",2312.04438203834,2371.74808085173,2355.7158929296,3161.35516683956,4318.51525011466,2259.52621013846,2241.03350854357,3005.73100153351,4083.289149547
"262",2363.95531283509,2388.23837568103,2363.13734266604,2788.71643009824,3361.97698607408,2293.17150208741,2262.19189397874,2670.64510877959,3238.0081640727
"263",2459.98732503392,2478.82506800442,2481.94488995622,3297.40513202581,3739.71573585754,2382.76941885365,2384.96800018976,3202.69202118972,3645.3379930078
"264",2386.06428429797,2424.4050594572,2479.64119682827,3240.05688418187,4021.08530508358,2325.02828112002,2379.40880798933,3148.1488909425,3824.5587464724
"265",2370.33726935108,2430.86320619783,2330.26926670819,2846.86877549877,4058.29351508124,2309.92776497533,2206.3280680393,2695.39306020079,3789.55398922616
"266",2381.16125703404,2419.29227163923,2407.46754479,2929.49144332527,3660.04749195136,2315.66003785616,2299.25618742973,2787.88049411262,3517.45272945108
"267",2408.41618216926,2463.04819848115,2357.7203426235,3149.26053934665,3833.73266124823,2364.410013611,2248.57767365621,2994.13243093331,3687.55991761953
"268",2445.87201356203,2494.80197098233,2459.56795126865,3111.40176794931,4157.31877550346,2382.99619791801,2350.61652121743,2981.35103011277,3987.38973443343
"269",2291.57626620638,2323.13582996258,2298.01232794717,2921.83624078889,3659.15869076878,2237.21040082196,2210.88638569368,2815.58423874214,3510.92778333037
"270",2259.58712913562,2225.63308302435,2207.36844966101,2894.32932790644,3198.35317138744,2199.169281448,2171.64147332117,2854.75693848387,3143.36660080838
"271",2354.10290544155,2432.80980621415,2408.15245047452,3283.38786945052,3436.46708151305,1705.11065073192,2262.76053214876,3072.04747339409,3218.92596566599
"272",2372.12827417374,2427.91381729421,2384.48376669292,2961.71998932546,3615.68153479369,2303.83546803946,2268.98364770469,2804.19308786889,3460.57473898789
"273",2159.32908861624,2200.82992262341,2195.41875444533,3055.50088841521,3432.20022955619,2108.00474087272,2100.03992459054,2955.01848767321,3333.401724463
"274",2502.91032751831,2513.3454378076,2488.82992788729,3183.46804748553,3561.67921744101,2452.33350137161,2434.27970557098,3151.32705888838,3702.7129582175
"275",2445.4573465046,2527.28088375236,2473.32636506756,3161.52964497788,3694.58241362693,2407.42170273537,2359.799680791,3016.21188418754,3536.65432671115
"276",2370.85237784031,2291.37437085078,2348.21076350901,2915.922974386,3637.91526701039,2322.85461488074,2290.69648718943,2856.2182881054,3572.28808741462
"277",2313.35373961341,2313.80397729127,2337.61515306442,3419.42150160717,3667.14695891848,2275.84858117885,2298.83162661371,3425.48790877235,3540.0075132553
"278",2318.92494726452,2348.59474120683,2385.11596762964,3546.52286433916,3583.66726648174,2256.88916528953,2290.36529227814,3390.10619359444,3479.92556659193
"279",2348.6519770671,2384.66378451803,2324.28129929323,2842.09703164634,3648.81827439987,2297.90353027324,2235.54238107478,2736.57786884815,3516.73519571917
"280",2226.81826761311,2296.12509408242,2282.02640729329,2925.77685852687,3406.67794539541,2174.96280999591,2165.94565423229,2790.41751333091,3246.1860108568
"281",2397.58849833484,2446.77842176124,2344.77359702737,2768.34042682257,3439.97068651525,2335.42416387758,2237.95757163526,2649.29076184965,3306.58562108042
"282",2199.66482316869,2210.45940777166,2244.10048463523,3129.29072064557,3177.32586833154,2166.47591522915,2194.19939958053,3105.60013201559,3134.50648056882
"283",2437.29450211495,2503.04197512079,2554.79428267507,3640.48468064806,3728.25250991288,2372.52863801143,2417.27084711193,3460.0159446115,3627.02825874287
"284",2272.01903062326,2306.13685036855,2324.19156514913,3078.42633734044,3885.82532513462,2205.86081490893,2220.06209440995,2978.37501172785,3665.63236881018
"285",2339.41088728095,2375.67184254753,2361.20697271961,3008.55612869523,3784.68782003851,2291.5061852627,2286.20193576914,2953.6090643284,3678.92197041148
"286",2408.11659316986,2473.77639152613,2422.78185721666,3056.96798156434,3910.24162509868,2357.83323413284,2299.57689175038,2904.25363772662,3708.69083800025
"287",2142.90314452645,2182.2555571088,2202.34234918485,2998.98853733235,3117.28091387373,2078.97177305117,2091.35710872597,2868.75532542654,2985.73446105146
"288",2301.84852057791,2313.62954979734,2295.93545508209,2943.61866614594,3373.32540358175,2241.7390085642,2221.17965283014,2848.05942302314,3257.80609885349
"289",2311.02410088913,2360.20779757504,2412.08597077787,3747.7937556555,3600.81418338446,2248.88214709572,2290.76012292101,3600.35037187109,3471.38748561378
"290",2121.64727870297,2176.10279791163,2183.87017683265,2717.09171457251,3287.86219778857,2075.9736681785,2079.22546229543,2581.96320198046,3121.85870965334
"291",2449.6105070393,2551.1007654971,2474.01849793695,3266.87696458326,4782.42746303788,2395.20430590138,2331.30352469259,3085.89171426338,4332.29144179768
"292",2362.42313520349,2403.84954636011,2416.97917232268,3311.00950451295,3655.20916398138,2311.31598023551,2320.2515228914,3212.23078972481,3749.98644551636
"293",2324.57837565837,2418.57879585511,2444.96437645663,3469.15838960343,3537.47287128699,2253.17539742266,2274.56913104681,3249.03233322248,3336.34735072376
"294",2273.34899707231,2343.51346648037,2338.16351251882,3228.35164026033,4066.2990875552,2217.9998550573,2207.12370559613,3027.8617163518,3740.18093653421
"295",2329.95728207569,2349.48319733657,2354.77981339594,3097.72770247801,3728.73550652023,2271.80493589646,2268.88331565324,2989.96415741075,3600.33940426374
"296",2408.34614156638,2185.08076545137,2399.23044068995,3309.49043923713,3316.9485600668,2340.20957605633,2307.77527548516,3228.47475341451,3213.51756834012
"297",2400.94315846889,2454.5387131374,2433.67650017986,3222.37997959724,4282.73999684585,2341.71999779378,2316.91762683709,3040.44931645224,4025.55273714504
"298",2253.51691762121,2285.82426086153,2254.60507061736,2813.09377970144,3532.64916079523,2190.43359041609,2157.91593199913,2700.83862289611,3386.55074728276
"299",2509.56822311766,2523.33097158672,2507.08709188918,3177.50024268261,3803.84080893069,2405.76554467734,2422.34824376852,3110.36591623348,4401.34995941172
"300",2194.648097625,2232.36141747366,2222.17476061882,2993.33599436418,3448.25659570454,2150.47446385539,2136.14273449029,2902.28178553781,3326.89042352324
"301",2282.52956032233,2331.5493156163,2337.81341670571,3114.81117351603,3391.88196929227,2230.04417498316,2234.29630212372,2978.92690891305,3246.49419815386
"302",2270.44355870867,2293.58149602104,2314.50198097834,3420.22507927776,3643.87202650567,2212.03472890099,2235.87194180337,3345.37234099988,3498.07515740439
"303",2411.32924093766,2444.42164565936,2411.7468062208,2903.10939553698,3540.8762101291,2365.89370713653,2323.67306732537,2797.13462630449,3480.97444939301
"304",2347.47515996044,2403.0087705365,2399.03460262673,3303.61357810023,3725.56276328596,2281.41032918214,2282.19733754868,3209.72383096413,3561.71712429911
"305",2294.51518492318,2356.62714220301,2258.0784153595,2754.56439289063,3678.26518216738,2234.17916864261,2142.08564481368,2621.2290277753,3439.44646777779
"306",2343.04705984499,2447.99270885989,2464.57644247458,3396.67293132163,4683.99990877848,2275.69849783339,2283.95403429776,3121.79261050805,3679.66967746673
"307",2239.51923644457,2342.38697658126,2365.11258064929,3564.71593703033,3531.92197024907,2188.28556886264,2201.43597626912,3263.61113603689,3363.74204020516
"308",2283.75772493304,2306.66891114409,2304.73488149056,2812.10609448492,3291.78011783449,2226.68692025896,2224.3528318856,2714.8631452099,3052.14834833782
"309",2274.32117435277,2342.80542325454,2370.93488978006,3633.48020285715,3538.60557825375,2198.05268819256,2217.72529326327,3376.82534144789,3390.43745695608
"310",2234.29519569156,2269.44373452287,2299.95998571814,3068.34647976604,3736.8283097419,2181.28077552975,2212.07705031394,2957.38727581971,3596.73796736902
"311",2270.65919664679,2343.95785514932,2321.25820822412,3191.40566042645,3623.67443097105,2204.85265934655,2188.94484743321,3024.12760534017,3449.60895429186
"312",2479.61292602316,2498.44295534166,2474.55057387569,3159.84764700443,3792.89792685267,2424.65207580549,2393.71006613738,3103.78060112101,3687.49017619207
"313",2364.21486858362,2432.09971382728,2413.98495778359,3265.99140629157,3768.44596805944,2305.43244790402,2284.13337987096,3078.19609099715,3603.43394518202
"314",2323.53071498076,2363.45413601051,2318.47975430197,2892.77962292854,3504.44671573253,2266.49664612627,2224.34810747546,2782.87237546561,3338.47634335862
"315",2155.73259133273,2197.23827863168,2205.94825971473,3011.66177001391,3863.38013203144,2105.54413711945,2114.2116217034,2894.33510783781,3680.86298700025
"316",2341.56599138911,2270.38655309911,2404.10908136666,3231.86621927345,4085.40583419648,2280.21600375421,2282.37879360098,3044.08783941596,3968.31996543145
"317",2326.53122354973,2405.58551388772,2335.10396752669,3027.20464717982,3504.85333127341,2291.29424542217,2213.2341275872,2850.46182311174,3345.51215296553
"318",2406.30141596143,2465.47565846257,2455.37155652149,3135.90046369178,3847.50235390651,2342.10300286204,2325.38914347018,2953.96596579288,3649.66122001595
"319",2638.29808709985,2653.30497928201,2713.87735777107,3780.25029913781,3826.94349193577,2576.50302321222,2626.69380280961,3681.78916929027,3637.45081550684
"320",2229.10796404203,2311.17462628989,2325.79219561257,3462.38748324377,3530.48249018008,2171.43799232923,2179.02449347815,3181.25414172526,3380.52611806731
"321",2390.01115801847,2411.00133126085,2403.51944405726,3269.64895971143,3710.23175406393,2341.28498323035,2329.16582550707,3214.39958254151,3719.61090491109
"322",2309.9836523505,2371.69774826561,2361.59899899018,3154.03440543742,3429.98551085998,2278.58268079792,2263.97874299939,3020.03391711307,3285.57578279423
"323",2294.58116937504,2324.95615264116,2269.29066374449,2909.2461641533,4212.41051600935,2237.62527987854,2178.64159336827,2802.93690792671,4026.90823425732
"324",2326.98252597056,2347.06933805496,2346.37102786802,3091.37995828136,3710.98443604849,2262.08753450308,2258.37005088339,2975.96647382732,3587.26816469385
"325",2344.41161151607,2486.21504295862,2481.9479834481,3887.78652513355,3707.15927453911,2287.51062053678,2283.13723179316,3502.55674269962,3527.23688893578
"326",2274.3400042465,2298.81429517183,2333.55835415566,3281.32736233426,3984.03484257273,2226.13098664601,2263.76021041529,3236.44863924515,3913.68429530951
"327",2376.4318038548,2370.47811438772,2364.23293317952,2995.51428268303,4003.68493670539,2319.68132360414,2309.90483271383,2979.38678753565,4381.68839061462
"328",2413.03168980663,2454.55049568324,2458.58291584803,3497.15329134486,4854.59967631271,2360.54983540672,2358.53119827389,3402.3021785871,4798.57469079616
"329",2451.04645330565,2460.40932460662,2472.62595055975,3204.97754385906,4877.25838200742,2382.98512174406,2393.51485842229,3092.42162735507,4668.23805380588
"330",2057.72586135848,2110.89414861686,2118.76770387396,2937.97150362587,3258.86649098702,2020.19208831961,2024.83143843134,2830.09132386371,3279.21806272864
"331",2442.84682350082,2456.51318850036,2458.07473313824,3456.79516881835,4919.09391547614,2384.94113456754,2382.72755948453,3386.41384130839,4806.86442620828
"332",2435.03029912232,2566.93952799402,2674.51957471589,3690.416829725,3232.17820699939,2351.76410491883,2439.4792245816,3409.773645879,3057.66633641272
"333",2398.62055422585,2432.76580524136,2522.87673406218,3870.48970726798,5297.52204246424,2340.22770179084,2431.154940923,3826.83672396907,5355.38725953186
"334",2338.93863607456,2407.45827850608,2373.00826119937,3343.13865981808,3856.11597412661,2281.17935808721,2244.59567183349,3155.35564272451,3704.53706158176
"335",2308.36591690648,2367.02783454366,2350.84066316897,2949.80958184975,3406.94591614394,2242.02254630969,2228.3828326027,2808.71021190527,3239.69259407169
"336",2224.20445364883,2256.98863815087,2228.51245329829,2832.47425300008,3443.23354253486,2182.0734984787,2148.74582543291,2741.8331530394,3371.48655819044
"337",2342.97296192385,2397.01078624162,2423.54970178363,3470.97140598006,3531.45820549113,2301.1016175143,2322.43535266023,3387.8183970808,3387.81589848269
"338",2384.08235059389,2479.77488046986,2514.18887934524,3604.12534895006,3542.03470087655,2313.02047633426,2338.45564107919,3393.55450626431,3319.6229264839
"339",2212.50139858585,2271.65512073762,2292.30823850838,3197.71358933517,3738.93985354748,2149.98025311319,2164.78106352313,3003.42098691686,3511.97362278364
"340",2089.51433586073,2164.8929398286,2181.07436429928,3268.32166817418,3568.22665176738,2036.37181639563,2044.59956029635,2975.1540257313,3408.59610388192
"341",2403.52517216826,2420.20508424952,2392.51072252,3060.81146866001,3740.33338106141,2336.3199787183,2308.16780978401,2983.72558759005,3634.64835602416
"342",2417.53860034349,2483.13099820176,2518.57390343594,3504.86034248174,3924.02034158006,2360.25377873781,2382.45917094078,3325.50521942157,3759.59310533032
"343",2234.27452258899,2258.99644623882,2246.51483880628,2951.2682025747,3529.71003695352,2167.65323132221,2154.88076494383,2871.72818524253,3415.37980760002
"344",2341.05526099552,2387.76017722307,2433.51464115578,3672.59216151032,5508.05857958368,2282.75707138049,2325.89158132247,3608.78912090249,5877.08712903655
"345",2329.0563735411,2408.50782772253,2458.78991630048,3467.84505578962,3886.01946685739,2269.2167127055,2306.69721829222,3255.23392607494,3683.59275660415
"346",2313.58232439112,2350.27905669901,2331.68203609038,2910.18325013754,3603.77758455442,2245.14105022921,2221.08274515576,2759.74304060355,3460.83190080742
"347",2309.42375311361,2358.40933413377,2327.75691376226,2907.30047808057,3507.23426367655,2255.31297149354,2219.59902757622,2753.66921157254,3327.63147455082
"348",2350.41780355178,2513.45583335005,2517.548792559,3277.2988723953,3976.11149317074,2267.5708480953,2385.5311094329,3115.66457306967,3597.36618986068
"349",2372.22848835243,2462.38393158767,2404.91701628561,3141.63673606099,3546.00414056365,2311.53748483177,2262.03228451472,2950.00957120345,3365.64066847043
"350",2173.29296193374,2194.82115222705,2200.60233251324,3063.87576562488,3486.83947703102,2134.58197391593,2138.66523926473,2989.38213844315,3374.13731888212
"351",2404.41654852615,2435.838923157,2390.4659692351,3007.09030478778,4112.77310036588,2340.78972044085,2288.78582949472,2879.29157117687,4032.88420287281
"352",2251.86399198724,2297.06098572671,2311.03190257142,3422.70936622416,3687.53703121979,2196.89219147382,2206.92977255219,3248.56475727307,3557.33184634188
"353",2142.88883298121,2160.49707103151,2134.27168227102,2906.61442890296,3126.94976959703,2089.19373491225,2053.09740932623,2792.29832487562,3010.29108426624
"354",2253.73302268931,2285.18486891011,2309.39994782361,3104.41402387073,3885.53940481315,2207.17939287776,2231.79548022937,3045.63724625689,3817.92969221614
"355",2327.70340025111,2341.24048875785,2320.86040920557,2790.34128998109,3223.32321736741,2274.65682560325,2248.84878911584,2700.20578239673,3139.19183224255
"356",2387.28274269352,2414.32276985718,2429.08995251942,3084.78822739962,3396.64184610655,2336.51167170351,2348.14063348083,2984.28969485592,3342.27093993115
"357",2319.15210060807,2353.56132183437,2311.81349359058,2814.36526746267,3538.5058841918,2268.36816913631,2227.36764904955,2702.42859324921,3423.88780742653
"358",2397.48133729,2428.57876055821,2432.80520212372,3070.66051648844,3708.1010881625,2355.63714252221,2356.19257003604,2997.85491995757,3610.07571409348
"359",2402.85175330975,2465.33732530902,2454.38236831089,3474.09548951525,4520.05802065756,2355.91219042893,2324.3227961916,3278.86732846662,4185.60563990816
"360",2415.46981898356,2431.91612221508,2433.20467925304,3645.63226155139,3555.43954595694,2349.0157691271,2351.1185213632,3652.71011828642,3452.92575556229
"361",2384.00246440678,2423.63902797938,2403.05316601097,3012.04684942071,3702.04772849274,2334.53605446356,2312.27605344852,2899.89372021292,3605.2954429522
"362",2245.81194644296,2347.19299052913,2328.93519047604,3242.97658349068,3561.0460987651,2168.06794504776,2156.60500880779,3021.42739179273,3378.77114288385
"363",2364.41664859377,2375.20762341749,2371.9267414211,2884.18216099767,3429.05772526387,2305.2530231581,2297.80142331277,2806.13075402155,3411.21894768835
"364",2316.50275581176,2327.59910423082,2354.0590291689,3078.16109919144,3369.14587266116,2247.51065482868,2285.09723823057,3029.05270168322,3326.0606981955
"365",2519.26927062741,2577.91401487282,2508.27002726924,3030.16917800053,3768.51827668162,2453.31760060781,2383.02570796229,2870.23767766101,3539.44207744573
"366",2410.92699339221,2468.95836990562,2476.90548019161,3009.42620310487,4034.20798390103,2351.59544215715,2362.91682550651,2887.78689632408,3895.52801530288
"367",2322.73518113862,2378.52739129058,2391.98587913032,3217.22128184326,4289.43478935302,2269.62404436383,2281.9176377755,3090.15197521665,4061.22205501856
"368",2410.15908819653,2468.02721808618,2519.42935096442,3991.56906178149,3921.2457463914,2327.12785563797,2363.34957406747,3754.43627059992,3726.63135954899
"369",2309.77272957021,2384.40440398527,2408.61956597506,3347.03534479724,3492.13080957043,2240.46710191524,2256.36122242487,3108.37822483025,3329.32625397224
"370",2308.54494555645,2403.74176018926,2423.15038936412,3830.53871017362,3615.27391573886,2258.28681143428,2267.38556217012,3527.08371994175,3454.04813704979
"371",2222.15390890173,2293.94826348799,2288.90989114633,2954.91613732073,3555.50005774378,2165.13788850858,2157.79567638681,2794.63816887517,3434.34500068072
"372",2381.87960627166,2423.25751481928,2441.12180896161,3306.57668914198,4171.18065492326,2337.66873941963,2357.94310282567,3238.71879537568,4161.6525517899
"373",2310.86369388222,2317.71933458246,2251.77683833315,2679.13379916468,3322.1050282408,2242.70733462861,2161.99942719976,2562.39175373927,3227.41573226654
"374",2145.11206553077,2231.07368222121,2261.07374912019,2959.6033556108,3680.92195338821,2092.68531502003,2108.71362952044,2735.25457259393,3527.93479799321
"375",2380.50821964487,2436.74984363955,2414.80236807492,3119.92554279303,3313.19644347594,2310.86276071175,2286.8011860839,2927.95765753363,3202.42756781804
"376",2429.43617295262,2451.31105000744,2411.21115583033,2992.14770196271,3630.2977213596,2372.75857630344,2318.66086419327,2872.83508669672,3501.53832344949
"377",2434.65312703138,2475.42149963903,2473.36852992697,2966.58564088031,3472.64578206328,2374.92253766421,2371.0012284499,2850.48258952179,3357.23830196201
"378",2355.72259225064,2410.82234188195,2352.63519606164,2796.76575124116,3814.14810991823,2304.44562546428,2248.05242146273,2674.20241984776,3632.37103383704
"379",2522.91245799657,2539.48085031842,2500.42603057564,3072.45250440666,4264.59212679409,2450.10720233551,2406.07614699256,2954.31952241482,3830.76069168612
"380",2381.61076246062,2463.43610822973,2469.61187421318,3270.56994583778,3487.92981867191,2323.66845603521,2337.74061962984,3105.66147434508,3216.08879440656
"381",2231.56290258741,2286.177089354,2264.44586042054,3082.37266915305,4300.7109678726,2177.80140075692,2152.00539509091,2909.86723190409,4221.02377583505
"382",2294.48623095403,2386.06359040149,2360.38447590516,3429.20601795253,4162.80127753225,2230.83549206726,2206.69221857404,3221.51751010278,3997.57420660434
"383",2323.21603767021,2353.42412988194,2312.77254610238,2966.29501311191,3956.8542786183,2261.53596485342,2220.75650582891,2852.33954194241,3841.02995769262
"384",2369.60784243573,2440.26725949536,2429.47877941135,3213.41409431232,3908.15028833851,2212.73860004338,2301.19458638183,3026.70884395057,3727.19754825434
"385",2389.84986704911,2452.320869304,2337.6214482209,2743.63497757397,3365.31695374714,2332.23698598979,2230.28307378466,2633.75489472406,3209.1919115412
"386",2364.74542258156,2412.58620160041,2429.70645936824,3500.80382799618,4410.09332638678,2310.76809258362,2325.0679277872,3361.92251765657,4175.56808093099
"387",2480.36432855578,2499.60107427465,2379.8040420299,2965.14509711733,4605.68928407706,2395.79744440358,2271.77884449413,2852.37299325297,4554.63442376741
"388",2278.46759882848,2366.0932510412,2493.13781194694,3632.87032378958,3824.2475049344,2150.35727428593,2329.47204291901,3370.07340353984,3638.4797196027
"389",2360.99344540215,2372.57472619511,2371.50565456604,3122.15622633889,3443.31556426835,2306.52068019177,2304.74666899805,3083.16893987247,3470.46891921992
"390",2266.25387187931,2364.72028787011,2387.6398417591,3378.96016495332,3559.63595686242,2213.20523483793,2226.75282666151,3137.39375960392,3398.92813597538
"391",2239.19863387472,2308.85961367123,2242.00455430034,3017.21493597971,3561.80402421675,2182.77506026635,2125.90753724835,2846.07856759417,3387.45473297131
"392",2341.74695239702,2389.35609398209,2355.53924908126,2862.43292886062,3446.18583452459,2295.74611315696,2251.22037047954,2727.74843672695,3355.78557577878
"393",2393.30422608378,2448.10112646539,2401.74380317719,2917.2792966492,3609.03968140262,2341.96132760617,2294.85200061481,2796.06757441677,3507.469554789
"394",2344.8573243489,2405.65880679179,2359.00430953079,3111.57188790611,4126.36279230401,2272.42601926793,2220.13269484105,2934.23620432735,4055.37665193299
"395",2422.85073564925,2453.44288265999,2429.5957028324,3077.4300153986,4177.65050884969,2368.11824007499,2333.2295130167,2937.65908241433,4019.61910285197
"396",2230.85151450833,2332.98320324207,2337.48883183206,3204.90488817633,3392.93569275125,2175.56032086738,2171.51190733132,2927.30747109737,3238.32869596774
"397",2282.6356798945,2342.06543457496,2269.74436621558,2902.85805070102,3471.08934451996,2225.4262283953,2148.3239635704,2741.55598569068,3322.97983688261
"398",2137.07245293822,2163.01646736258,2192.00338904201,3061.54311131506,5803.58717968375,2095.59264532814,2122.30481996153,3011.07489342372,6151.99933121625
"399",2149.90597135154,2187.72126050368,2107.80266697382,2638.99923335778,3095.66310535616,2098.53078402107,2016.50968653472,2539.29197652274,2999.45370487651
"400",2223.96350460364,2298.16676056506,2301.64516809404,2930.40627449217,3452.92723410706,2216.21729982009,2205.0769485179,2814.45531133302,3385.65548550252
"401",2310.18054341926,2344.33390745443,2309.7587296066,2699.47107960733,3217.02120630799,2248.26970154644,2213.4577542678,2593.37505327554,3103.78344032168
"402",2476.0376744863,2531.84258642582,2502.75953451445,3164.41392524494,3667.59004508923,2403.8400929866,2373.08860674285,2998.12796036883,3515.95442180737
"403",2157.9241307422,2264.20322093175,2292.0962098273,3002.46001345247,4041.8452956223,2103.86338601149,2129.03006037091,2810.74872191172,3537.3229342135
"404",2241.51355080421,2273.08212906225,2300.13739915402,3283.49378832187,3862.09245072798,2188.50619828942,2213.10841661465,3191.71506222484,3679.80728644554
"405",2436.70134064544,2549.285387883,2465.91178092924,3107.03332582915,4710.77616324345,2379.61216023468,2316.62130957791,2906.71419193235,4219.26560852376
"406",2325.69173572051,2366.13567266993,2450.51629889594,3974.20521625106,3212.30514931564,2280.18982620999,2341.11100448268,3799.63554156753,3105.01566718989
"407",2392.08114977252,2542.10787657395,2634.91715833844,3960.90201837937,3457.96511110241,2322.21575233093,2379.97182094857,3536.08904295439,3264.9934219153
"408",2345.78310584721,2374.80511398107,2332.37678408007,3043.27396910381,3712.63366781678,2266.41273300197,2228.73330466691,2899.84439281409,3549.75563213673
"409",2168.15363996581,2271.45597046271,2304.82266660918,3539.48151273155,3507.48523569603,2127.21593867274,2146.21118486782,3270.99512396189,3349.44107925642
"410",2352.42604816107,2390.71009552895,2376.66359988963,2893.89856451416,3484.82132999594,2301.83772511029,2287.88214503654,2788.75985450093,3327.30834079732
"411",2337.96277259696,2388.94362570507,2390.20075051523,2961.0270957373,3484.15066180148,2277.60292776966,2278.04313894214,2830.32117003561,3386.81365911843
"412",2406.31761404885,2418.09612063514,2366.84700062385,3060.37654427163,4362.80813174708,2354.1919999081,2300.90565557441,2999.0873847312,4265.94359322245
"413",2437.4721970061,2445.24017040239,2374.31297475525,3197.04342213645,3705.71456206358,2365.36488252634,2282.36833153112,3090.82513102318,3585.56530569347
"414",2490.32519380233,2514.94781510296,2485.71274614134,3084.42490888558,3979.84029271848,2433.47352417938,2402.98756359979,2978.6557679495,3831.93111924332
"415",2465.3633772254,2514.21008015044,2476.52126502009,3269.34889061504,3330.41485863975,2371.88283812829,2353.40001156574,3183.76390255386,3164.42479551956
"416",2295.07994953413,2387.96437740562,2418.97741462232,3379.59743346849,3787.01466287045,2222.65634911006,2244.03681673467,3141.97202209904,3563.26969877204
"417",2400.85716969624,2420.79274656442,2362.53210599765,2932.63963428832,3825.93917662771,2337.65169464057,2270.92810273615,2811.78263349787,3631.47959108431
"418",2306.271770379,2266.27814393388,2403.78928864065,3156.68417958235,4783.41819506019,2254.77423053771,2303.38363827769,3061.92533391355,4864.16336927529
"419",2473.53918551813,2511.89436044533,2475.12536831304,3005.47833137164,4005.88949208234,2398.54850969091,2366.28673201559,2881.41385762918,3672.18963100318
"420",2357.58747597456,2385.38926925114,2382.09125614575,2926.20864128882,3571.0231468833,2309.62284786301,2305.66727701366,2844.70640655141,3480.93605207139
"421",2422.09113611169,2517.91447236364,2518.74100289998,3484.2504156065,4405.81530256203,2332.9456838007,2349.44864762564,3276.20290868342,4077.44664446137
"422",2047.52957141189,2266.32200209937,2338.7187251235,3119.59411182674,3963.05364724326,2032.61404852585,2238.73073603017,3022.53683013142,3608.63216198062
"423",2274.47972136335,2320.07376518174,2340.34615150616,3496.5927062857,3866.89056071034,2213.67301019835,2229.18705226979,3335.7326230604,3725.25586655821
"424",2074.22158519911,2121.42983411298,2110.99580580806,2774.90059965273,3687.60695892208,2025.72664661868,2013.8291105815,2645.67423053281,3529.0832597068
"425",2487.7901896221,2497.87286204038,2493.8639832511,2935.07222095853,3352.42756554041,2421.66043177627,2407.45116732438,2838.86202173945,3273.62321101217
"426",2387.70363847598,2444.88970370626,2338.30069610434,2859.10670430134,3813.73715621219,2341.63531855566,2240.43112878512,2752.1103539908,4282.06192307633
"427",2288.57103738673,2315.59671662472,2319.55550506617,3278.00041787195,3735.76517882978,2224.91425097837,2223.10643287635,3208.40809096229,3673.45057744068
"428",2336.24894624333,2420.84444577896,2470.00071127226,3815.5971504724,3582.11753871176,2273.88724466634,2317.35943198843,3630.68094664865,3428.54644321135
"429",2135.80071316713,2190.4179240322,2209.0220019261,3223.40166710754,3796.52312690292,2095.56444360447,2109.63107389955,3112.46132880346,4587.19821846216
"430",2349.14697583406,2409.18988953203,2380.26123443545,2925.21796274496,3544.07487876987,2294.62905982063,2272.66549413044,2792.3363263806,3425.10993448188
"431",2285.53590305411,2338.09401277497,2348.12922400285,3114.37919134169,3636.98627746105,2222.65827667383,2229.33789753843,2956.26885808752,3451.37431271065
"432",2444.17561677688,2515.19493140876,2510.75712593432,3115.77238234097,4660.29280979408,2389.5168467157,2385.51386025923,3002.70133735082,4414.54036599863
"433",2491.96649659239,2517.57721630356,2430.58875447967,3093.12559313956,4043.55427235643,2416.96181513981,2316.26417531706,2926.26226775656,3792.19811438156
"434",2296.59868525674,2276.59080022299,2206.64434252044,2747.23521366991,3595.01613157207,2195.48379725047,2110.37354653439,2639.03650030711,3526.23436100072
"435",2539.1010519706,2542.9980370007,2555.45916827036,3118.85455381533,6313.9309870863,2455.55406653111,2465.07682202456,3052.38630925477,6507.33845107182
"436",2336.20600432947,2345.37632214082,2359.35998901826,2957.63506149768,3179.91837376664,2286.14507787094,2298.26193403232,2901.71391792035,3218.17254806008
"437",2472.44160762082,2610.70611606643,2497.64616497741,3383.72902000238,3399.65725497476,2420.26946575406,2311.82446816759,3136.41159345423,3243.00071094596
"438",2569.03151568438,2666.65929215625,2560.91459784855,3214.58545672554,3786.94307307752,2496.61907254584,2390.12043016323,3004.49682493498,3641.57783262441
"439",2385.96442117001,2443.07905224203,2422.75846888417,2869.78614961397,3443.18628964182,2326.22425379203,2304.07596751591,2722.43604114499,3235.08552574482
"440",2179.24906625332,2294.27768317402,2272.42333550976,3315.78481402311,3316.92587602543,2129.72356925115,2114.77151172991,3079.14400814891,3167.71742594023
"441",2370.88700234935,2389.49419441326,2394.46919456301,3105.11806697176,5110.93927797,2317.21313044305,2319.46617425459,3072.94413083103,5194.82467324892
"442",2351.52858648877,2424.04041613541,2410.08192489956,3244.16252919134,3939.25371823246,2267.95628562073,2255.12268721829,3017.28428449119,3679.27605264931
"443",2374.03307073991,2421.95890544084,2363.21347205508,2777.23320834678,3330.21131429311,2305.90241527043,2246.05009327637,2630.88997635631,3142.05157766002
"444",2342.69341561315,2390.41529958018,2395.14948562536,3282.47049235127,4014.79146893409,2283.33715101129,2283.04171095719,3101.5296118171,3837.08626983122
"445",2373.99344585735,2406.93045696783,2317.8769554722,2882.72544315041,3709.75930501999,2335.11087499269,2228.83652753232,2771.17278748824,3599.12829062992
"446",2423.23638540266,2521.64096574524,2514.74744189183,3624.07177876749,3807.71229080773,2347.10451502662,2343.32224819429,3374.41347078949,3646.48958088265
"447",2227.51166420723,2257.77343450252,2312.70499116072,3454.80578505288,6019.94458699144,2175.79794620916,2224.22987124114,3370.76281896116,6359.4877828648
"448",2567.62887942833,2652.96268582043,2624.3300390132,3405.02029886187,3988.91950693774,2511.35173470649,2476.94264127445,3228.17230200982,3792.70404254089
"449",2311.67929262696,2451.43398180207,2473.114810796,2976.47483804528,4103.47501072369,2387.81658705668,2349.90897870082,2829.64707289385,3924.58535506645
"450",2338.83903798722,2408.89016843106,2423.75032248029,3404.0741175608,3725.47058446627,2282.50456749896,2289.61613342945,3221.42617981363,3571.68379116846
"451",2434.36337554812,2501.70433383003,2478.64067360715,3081.34278326399,4670.71695204685,2369.04449680773,2351.37836534191,2932.87055844065,4243.253099875
"452",2319.4173768336,2363.70411989889,2365.74419858957,3203.83564428697,4063.46995293747,2285.00757360116,2280.91682521418,3106.02309127274,3935.01816137695
"453",2215.16508934274,2189.39317694853,2217.71708824665,3048.47437785,3210.8142384894,2150.22800563679,2181.70441403326,3095.49859566743,3099.91907019325
"454",2306.5008280538,2340.1351118778,2326.12778253075,3190.7428324346,4274.71543939324,2268.32580247219,2248.3234752144,3074.81669996936,3495.62210472666
"455",2265.3415125936,2284.30715002731,2216.68133994355,2634.83394037739,3340.66465182376,2212.37699140456,2132.61279496738,2544.53108545398,3382.7306480469
"456",2408.07867582337,2456.4433817109,2430.53825926725,3079.97686609258,3678.97239839761,2353.25598337558,2314.77759510983,2931.74678686861,3511.80610486354
"457",2287.42809429965,2387.05122062463,2370.06512363699,2901.68294146659,3463.31539648559,2304.78660193387,2301.36192991594,2787.4230089461,3411.30874777945
"458",2354.67850746638,2395.394590527,2353.08816300314,3217.87852987314,3744.78877432983,2291.87594914917,2264.27288701086,3163.89347368977,3585.37053041282
"459",2321.75929320719,2375.77933875016,2392.11649639598,3664.89571366845,3815.04011807512,2274.84633766969,2286.24109518777,3551.7677168196,3669.76303642461
"460",2346.38516409958,2396.42734921,2383.76684999531,3217.26118846607,3886.87335387277,2291.24216200418,2278.00128664351,3058.50794615909,3745.47629451657
"461",2342.48352069182,2381.08877854762,2385.36920743859,3316.1913195273,3257.680043999,2250.23278390206,2237.07404604491,3106.42473699745,3135.96157573065
"462",2489.58821520825,2548.1903376276,2582.3026607545,3428.99618304149,3480.2397910493,2423.9781239665,2454.59505355528,3285.25181297544,3314.71587817087
"463",2403.6322006481,2399.1130198146,2319.59212805115,2995.11407733062,3446.60495889226,2366.59239991247,2280.57666562072,2968.33598507406,3341.64511942304
"464",2380.58914569778,2410.83546236701,2359.8796020804,2721.57536225506,3279.99042821237,2323.70387175961,2258.1548860187,2606.42230960564,3178.26373079342
"465",2480.59212007384,2558.28764578331,2639.82174051679,3696.0827106509,3493.26596858298,2400.03610435983,2471.62304051137,3506.6871721834,3334.66567915114
"466",2366.2620565122,2399.87577256867,2343.63845870693,2847.91390926725,3595.00004306768,2305.11814544566,2245.25785678078,2724.30038095623,3444.69109546069
"467",2520.85915472209,2626.91609173384,2623.6099656202,3682.35204671274,7403.89192897588,2463.18979916369,2470.55966077103,3492.53263120935,6714.22011381937
"468",2468.91868526577,2598.91917626098,2595.95226724379,3941.59429310776,3499.50297846159,2371.69274865805,2348.63099781398,3526.87667776696,3360.46280989688
"469",2319.78549469742,2341.31915751435,2355.48270835175,3161.03601465796,3544.04481064728,2268.00796478248,2283.7398799546,3102.24789138814,3480.09608858479
"470",2255.67288153432,2197.48424671852,2405.18524122428,2958.97056099009,3581.72977185443,2156.30836420195,2283.39317488224,2815.11757382247,3393.32512302133
"471",2448.01524856595,2466.13536254529,2415.70599840433,2938.20113030894,3576.68556887705,2376.97412388471,2327.47287251542,2852.69849423596,3510.32893605181
"472",2139.45714352139,2202.30646176859,2227.08058758929,3222.57239582361,3884.2877784686,2082.20458221275,2095.56715857949,3032.043835956,3936.28530396948
"473",2286.35320458279,2333.43932359027,2342.45086948517,2966.46136571001,3529.89641305799,2221.1682417526,2217.11348893357,2820.28350869504,3372.12924813947
"474",2304.85892456342,2371.31304270484,2364.35396372528,2974.57148446681,3707.39981550803,2241.75693800385,2234.10851493751,2794.26819610782,3544.67833426162
"475",2416.74405032919,2527.73111953324,2555.40486541312,3627.67138407005,3622.48132131729,2393.70448725334,2423.38483662859,3447.40645541363,5943.2715849606
"476",2279.55244965335,2356.43197017459,2353.59561449268,3311.67119799317,3656.00749907424,2226.06759533308,2219.44221972697,3099.2666899709,3895.64384752766
"477",2418.03852865553,2498.19638148144,2423.26346481273,3112.824719163,3625.10979123525,2342.32032799625,2290.66884890691,2950.29297031428,3440.81287249696
"478",2331.50705146916,2367.49461786187,2329.82839016345,2866.82936305015,3967.01297950802,2271.79478695924,2223.48139484208,2727.23552437525,3794.29496876959
"479",2289.82629702503,2337.6955553125,2345.81060135816,3243.40417836245,3408.42163299552,2238.24017718856,2248.56593340287,3161.87042198215,3268.73230029066
"480",2406.92016146229,2425.70062450561,2534.05611144449,3868.61599342628,5585.77163451399,2351.87804410371,2464.24154110697,3893.47525596294,5355.21422941603
"481",2353.91680285275,2411.38308009473,2411.48003784457,3187.46964811979,3929.12993406846,2285.68643826564,2282.8561019857,3002.32419347703,3652.6283129475
"482",2262.54334460739,2289.9644401454,2237.32934850353,2609.73017947381,3289.08310432586,2226.91951938471,2166.73373076294,2550.15957946374,3227.4372008419
"483",2235.23734923672,2241.89302651472,2259.92622045009,3249.34161668932,3781.74909356275,2182.95124383041,2208.74201496316,3299.08038699853,4480.88819905306
"484",2323.64381719028,2332.94012490302,2334.5976281286,2819.21414422655,3361.58836356396,2274.88735146864,2270.42171441344,2756.79246498574,3322.13174547665
"485",2316.61067813094,2406.71988999551,2397.14726724646,3208.36839780356,3668.5720241165,2259.83811520379,2255.45321766388,3010.42974150474,3518.8457823036
"486",2395.87972916856,2424.85434210946,2402.00181675157,2979.27475353191,3742.25664639896,2325.55751277388,2300.38529116929,2835.48747517554,3594.41184492546
"487",2361.48138748731,2502.5313137215,2504.65124056975,3332.76721658201,3679.81507067962,2261.72845811428,2304.03524011062,3056.76676380522,3468.95969337633
"488",2301.87945221899,2344.17801781828,2281.30392545406,2638.85903217464,3246.08742150977,2266.03722090489,2194.50333533647,2528.28179116793,3156.91524431615
"489",2351.15156220956,2452.01066121458,2528.5864087521,3617.12058704048,3416.02492801652,2299.4112522622,2352.2848361377,3378.68610887096,3327.85388300939
"490",2388.98314825249,2450.09694433592,2452.73092885151,3236.64852562475,3981.70980820824,2350.45995781055,2348.49836300856,3127.66413163883,3671.19990315566
"491",2212.48389705254,2294.29381356801,2331.47051371693,3483.83759706281,3203.09863933875,2140.26207739184,2169.1350537121,3209.08576444785,3048.62174684357
"492",2134.11811938452,2171.12964409434,2152.68439906729,2884.4151503711,3368.15360705798,2072.40885098636,2074.74923854318,2747.96779073605,3223.72560414288
"493",2431.47076273825,2459.9678241335,2432.69431933394,3116.52059489218,3915.45678830023,2371.12979715638,2334.67216468783,2969.07358943061,3759.76907834065
"494",2406.2830750788,2455.86174053549,2355.27844913635,2716.85739836196,3166.91901522832,2335.52667799615,2238.53270986119,2583.47617247368,3024.70470484792
"495",2236.02244699413,2274.01940280871,2215.6405788704,2896.84058204894,3635.8740080039,2186.11701736912,2126.793518089,2773.19032598948,3503.04863965001
"496",2381.40631304232,2490.09731058135,2569.27631043803,4394.95027627642,3636.23633856659,2336.41106295034,2394.96898871667,4004.09955665749,3466.71292583906
"497",2144.71510934854,2179.16009983943,2157.48867504496,2986.21754390416,3339.00522186947,2106.40601022824,2081.92159711671,2944.46503762841,3202.24924072851
"498",2333.33031163029,2371.80793939655,2367.86722262551,2910.55844972403,3701.96836999665,2272.45647377557,2265.29835118081,2770.9484031345,3554.85526189307
"499",2440.90491052561,2475.80375364926,2456.14944559743,2911.69105777122,3428.30933824993,2387.78743544432,2366.17254062601,2815.92249106285,3318.92837939388
"500",2321.88953653577,2376.65849014252,2411.54227967919,3194.45537914439,3814.10695626638,2263.70898845085,2303.52650407082,3063.86030876288,3573.72041895943
