"","correct","wrong_link","poisson","geom","oizt","ztHurdle","ztoi"
"1",1561.92997164496,1524.17724821663,473.983524064064,566.501210867182,631.262211321806,1863.25462531272,1863.25462531272
"2",822.443837964591,823.702097714046,471.810925686157,588.252656329809,597.789231726851,947.927767310272,947.927767310272
"3",959.940793057234,948.777490674765,500.509253935018,579.276813220815,635.863148711038,1067.61207736725,1067.61207736725
"4",127369245.921451,140264371.216082,486.244467652205,591.995522066151,632.815468421413,28346412.4126833,28346412.4126833
"5",5624787.93163044,5572512.89406589,472.789579747073,570.877482108362,652.739345782277,8971148006.54499,8971148006.54499
"6",118132875.58064,120125761.68671,494.316503692579,599.266405461479,645.589038792803,22291936.0607561,22291936.0607561
"7",31030153.5499485,30407669.4068047,500.524265327047,609.079466880748,651.387995572645,2592143.50265262,2592143.50265262
"8",1122.58460290513,1120.27775441531,493.023770699065,590.786611874342,662.608382280883,1273.66769968183,1273.66769968183
"9",902.62686740061,895.801004768066,493.782569241174,611.39336551819,603.588215399393,1003.35368786156,1003.35368786156
"10",807.515671934508,798.484470129684,471.110791380351,553.678821876895,579.473375816817,905.056423894489,905.056423894489
"11",1029.18811366139,1042.90540515401,492.722620871147,595.824318612996,610.898879604091,1139.18926400975,1139.18926400975
"12",1122771.4882432,892486.830956544,498.760112237018,610.506519832485,631.248212562553,1226.72536269938,1226.72536269938
"13",852.949831191405,852.908422820827,490.929725779334,593.675173526878,608.673647511181,947.96168839152,947.96168839152
"14",863.206063881682,855.563407666014,461.416491862186,543.111500386783,578.228612539687,987.968728824007,987.968728824007
"15",3937329.24029318,4494789.47785886,458.218284393153,562.413510786858,605.482319330183,1104.13900846396,1104.13900846396
"16",759.230772023208,766.498365735744,477.493631220882,565.955387115275,555.743804549104,816.437466674034,816.437466674034
"17",1304.68914053219,1315.98885094064,503.330887016539,597.594150894143,665.752730015421,1538.11573208749,1538.11573208749
"18",1078.11790021072,1043.15069084335,497.285801297319,597.405220758452,646.265645825647,1232.62647647053,1232.62647647053
"19",1143992.81268341,1145760.4799607,NA,600.428256982255,578.657883988557,949.27182398185,949.27182398185
"20",822.200282882545,828.707244585694,472.381612055711,578.401828158913,586.897640911886,941.692919336016,941.692919336016
"21",1766.59197637146,1723.0010124266,487.045882411789,586.689054172839,640.297140152056,2032.689907903,2032.689907903
"22",1178.89475768684,1197.36447190096,511.266830616053,595.055179253701,697.449226388379,1389.22110269727,1389.22110269727
"23",858.23846951252,861.04211720796,503.29534675061,619.112254806713,609.478643621456,943.662061727689,943.662061727689
"24",1169.82334724011,1155.41770991998,481.492743759054,570.566391686678,619.457618844466,1341.48163966278,1341.48163966278
"25",870.03441339803,868.330556981032,459.970172106846,559.480317977453,577.925688937011,1009.1672197154,1009.1672197154
"26",1019.36975449863,1008.08259268072,513.777807555086,631.317725461152,656.1409841792,8824263645.88816,8824263645.88816
"27",796.577260555566,791.010380677029,499.736223906119,603.216972283848,585.213488351126,873.735078636879,873.735078636879
"28",1016.86796623108,1011.50801810098,497.989066891816,599.057665290426,614.885191270601,1153.96925554719,1153.96925554719
"29",4026593.58968604,2330415.7272895,457.470518688774,557.01233991672,587.140037663945,671101.935939341,671101.935939341
"30",807.090643339009,808.653437348114,470.402499739137,559.177118346239,589.841543637891,891.749874071854,891.749874071854
"31",384946.230504782,389349.844319695,481.796025811932,582.5758820687,604.866817663156,1004.00113408997,1004.00113408997
"32",751.454206652727,747.241404881755,474.31668364685,569.812002199707,565.33782028945,813.624302628158,813.624302628158
"33",784.188461270817,782.53469376681,488.385878501311,591.027991196154,597.174034499025,879.152304456066,879.152304456066
"34",701.702933514807,702.535216417452,498.869779038279,591.262749010791,601.927066975009,775.060050672302,775.060050672302
"35",952.71381814338,1007.34855209336,474.179612390537,572.772546940239,566.446809357447,1087.09158069592,1087.09158069592
"36",979.577275657274,987.16434677896,505.137057090106,618.013834798659,639.603834086685,1074.48741646374,1074.48741646374
"37",745.359720139779,749.56773380319,487.065417725716,583.677131944473,618.10574040029,829.831149181234,829.831149181234
"38",1135.80730807101,1126.99265918282,507.923112757211,603.934884198202,699.868596730725,1352.97922832976,1352.97922832976
"39",960.659510341114,977.138093211114,481.241687128263,589.029402806692,614.273447434545,1078.05052118374,1078.05052118374
"40",882.21334716151,873.128931433088,495.487635496983,594.551161250216,600.911273793589,979.499853068274,979.499853068274
"41",1097.72985161551,1096.39762727658,504.285814937929,608.912755127207,649.019246803475,7651109.23669804,7651109.23669804
"42",229859103.703876,223557048.315173,498.427828181797,609.873272161714,678.745893637686,35816155.8730398,35816155.8730398
"43",866.026806305141,866.211908982393,491.021708730039,588.711554620974,609.714071308601,935.648508739866,935.648508739866
"44",986.847578372087,991.185059714214,479.414092195878,574.518085384129,619.984992727957,1110.55722298579,1110.55722298579
"45",1516.72735351465,1517.47829299328,520.305336341004,623.629496185799,685.438316121114,1801.97443114548,1801.97443114548
"46",854.810597153127,864.577077110382,483.764223826201,593.947841016976,617.210108077428,966.200794919423,966.200794919423
"47",322178206.320525,233148192.015504,477.700291002889,587.510703899048,609.017094419421,34185332.4356804,34185332.4356804
"48",12020595.7371471,12858163.1481206,500.559376051971,615.840934802832,630.450155144972,1873937.39843756,1873937.39843756
"49",790.242545405766,796.914702930064,486.104210725622,579.11552932789,643.574643577144,891.595436328351,891.595436328351
"50",876.25035629562,873.814134477254,494.934349204458,605.641080646139,621.200867232104,984.306563148562,984.306563148562
"51",1562.72850458465,1483.58728426587,496.686883234828,605.256296529766,681.545299053838,1892.74985870541,1892.74985870541
"52",4936383595.80989,5121231384.73899,469.886947667902,555.064550573587,607.733502505952,401769863.330731,401769863.330731
"53",825.407568119424,827.305062171856,489.409785224354,572.159669105468,645.408914679269,940.776445620536,940.776445620536
"54",1042.84241254199,1042.29461997913,494.304116196572,585.112903991062,649.683372152174,1194.57236700647,1194.57236700647
"55",2075.62079675425,2142.9470499696,501.874659088515,611.80995220052,688.340272893748,2410.38279290254,2410.38279290254
"56",820.298397709118,815.639215760502,495.437872530924,601.222025801134,601.911164462794,36086610.9006989,36086610.9006989
"57",929.271735334825,929.47040043432,501.973609013071,598.281702278464,655.125093264893,1071.85656368999,1071.85656368999
"58",845.886985341435,850.196728453981,486.882791701751,588.765078459518,642.22599449798,983.430803602082,983.430803602082
"59",939.908635739321,950.092381557325,467.285568869831,564.02820573196,592.470860195319,1056.89069853249,1056.89069853249
"60",1167.07226398887,1146.32635319059,493.692334033716,604.43281849916,614.536056082814,1312.17305172048,1312.17305172048
"61",1090.94679764918,1106.65884681135,482.605156299615,585.342816148137,627.997538886971,1279.15311159724,1279.15311159724
"62",1042.33148006261,1013.43860359033,488.424643974565,576.56607529703,633.57468198939,1213.90351191229,1213.90351191229
"63",13057171.3477722,10757996.9823081,481.196205363632,578.663000515133,648.923560132733,1283857.90335185,1283857.90335185
"64",909.108316707631,888.965704384808,467.050661970679,568.502223165207,565.010871011396,1002.7600171951,1002.7600171951
"65",1287.562827919,1374.89277669277,505.717234412522,590.36251929098,629.706503792463,1478.75717850273,1478.75717850273
"66",798.142572429566,799.13109418902,464.086176640301,566.32251890564,568.941442010084,884.188849209501,884.188849209501
"67",448182891165.883,432378807557.951,472.94635253835,562.975642995341,627.199756318936,2526766470.56336,2526766470.56336
"68",729.216502362203,729.732496845637,485.27054715767,570.54597990201,580.198312727028,803.503445393992,803.503445393992
"69",1415.41552176396,1370.30292474621,486.540294716032,577.549354408551,623.189835145657,1658.84790747595,1658.84790747595
"70",1138.26105092404,1143.60643707781,449.917285714309,555.223332089039,561.108030542341,1273.63896221733,1273.63896221733
"71",1273.49446747012,1206.15707026624,493.442597525132,593.221413895439,623.949469141968,1465.31589585729,1465.31589585729
"72",873.397989944347,879.349329319325,478.650493130222,569.877615548862,591.729044929932,956.4434940226,956.4434940226
"73",1133.90407687515,1119.0161694415,472.036053586868,558.262479940915,661.273255346207,1336.72532460388,1336.72532460388
"74",2973286.26792114,3062832.34595824,495.690018987508,601.687655241115,606.76616413749,1823969.74292555,1823969.74292555
"75",681.451313696422,677.16055255226,472.584889548369,553.248854564243,569.339226417159,741.842481691682,741.842481691682
"76",957.190516126797,966.841830844887,503.554572569411,589.86100269968,649.435552507928,1096.7441280463,1096.7441280463
"77",1009.22870644417,1036.5274962495,474.782293747792,580.215951928476,595.989525935154,1134.10329623851,1134.10329623851
"78",600375723.250962,572582358.012657,489.811097661792,591.400121291736,623.257531501348,54450275.2943949,54450275.2943949
"79",865.549866484008,867.400987271131,487.8355263912,585.688085682088,606.091324242417,953.424597903986,953.424597903986
"80",21683274.6298138,176360460065.044,511.077959964339,625.464694599426,656.955226403064,2892025.56814783,2892025.56814783
"81",1437438.08219499,1407661.0953485,476.654775616557,591.666531147702,610.162374433773,1149.6022668018,1149.6022668018
"82",1001.48201443411,1005.56416179864,465.007210139189,546.912179181455,617.376459261221,1152.56570972951,1152.56570972951
"83",1387.41604168446,1414.78248225562,495.803621552089,611.244460044435,635.345344789194,1624.58242924525,1624.58242924525
"84",835.134205371985,839.081754610763,472.920391185568,568.925966858734,580.806661779491,922.672396374852,922.672396374852
"85",806.891113897122,803.963303420641,467.004689788156,571.465934191213,590.882429851633,907.528402382524,907.528402382524
"86",743.179216961866,740.019151336335,487.633686669629,579.119121451459,574.427949072433,804.70860551618,804.70860551618
"87",804.945337325872,812.083809903683,490.15327787718,591.36683228475,625.989164214504,899.775982423959,899.775982423959
"88",1037.63786437728,1038.7564562018,478.367997218127,596.247810993272,626.511349067276,1233.83660495214,1233.83660495214
"89",1243.40795023582,1265.92059968284,522.212231759685,619.683662340347,692.664471210149,1426.11677766729,1426.11677766729
"90",1206.92860739006,1193.51103484515,482.659295983538,585.093536627699,615.200032501414,1362.87423143038,1362.87423143038
"91",60219266.7390986,54720386.9348535,475.353625509332,567.932331058904,600.854090081159,3481450736.33477,3481450736.33477
"92",1275.07019498956,1279.97379879979,482.295830124504,591.759010757897,650.996089198358,204950049.461664,204950049.461664
"93",844.264230522821,844.766106245444,450.643025742841,539.622448597245,563.085332868365,948.449037491839,948.449037491839
"94",36864729959686.6,64490754762958.8,468.718716601601,564.809516954274,643.78810557796,40902575155.262,40902575155.262
"95",1136.94273262723,1124.61204041343,461.282307737561,547.080175527587,648.767428648499,17897509.6449901,17897509.6449901
"96",2377095.83608179,1942723.09471237,501.953340851135,607.083416331265,632.379868540027,948.193959485515,948.193959485515
"97",895.733647571977,900.044391854001,504.875060186825,617.767115479426,641.913417313875,1006.49824214773,1006.49824214773
"98",788.951162087037,784.336774823293,487.560234824168,580.815515836882,618.858076423369,874.206818521178,874.206818521178
"99",1031.20614444933,1102.84379594049,479.418954319928,583.90284556315,586.759396110248,1196.98865439495,1196.98865439495
"100",1347.5503614412,1343.75241720249,501.010598912878,593.619911560285,658.808763374988,1544.77958220755,1544.77958220755
"101",823.600879051457,825.011132861195,495.389568847529,584.921986024078,607.914307318228,911.129025084436,911.129025084436
"102",1039.30708381253,1056.0292576596,480.700285668063,580.710068511391,635.245438819147,1189.88212407531,1189.88212407531
"103",707.990677244986,709.096427266857,455.832758851617,545.563463253597,537.170722768615,768.387398352986,768.387398352986
"104",1203.5038383586,1303.46264761373,457.952865977298,555.008049625033,608.605391918334,1443.30392747204,1443.30392747204
"105",1976177.25644845,1961674.74946674,475.603611856045,582.063506486991,637.419217781126,759171.168512612,759171.168512612
"106",107507725.590622,99218564.9089617,466.265255335672,556.564747639278,577.913767174536,209412916.949536,209412916.949536
"107",664.328037389577,667.55076576251,479.439818058428,570.48231156957,564.210293568247,720.282193060525,720.282193060525
"108",1001.58039046696,1017.42650775826,469.969029863594,567.787637653843,586.839266481428,1135.73151787525,1135.73151787525
"109",999.632257402316,996.40111191716,489.412765097947,600.638325149613,618.357344030475,1119.9986827941,1119.9986827941
"110",814.326772268662,815.470681763897,495.191284095374,594.93832518633,612.450586424554,880.322436030431,880.322436030431
"111",1152.58513547049,1171.46114172045,479.815721331669,591.325997194743,616.561966918837,1308.78905928334,1308.78905928334
"112",682.071452368916,680.686304946948,477.524019422954,569.875457501014,572.168479931162,744.543927368335,744.543927368335
"113",1112.87156458491,1132.27565468969,478.051893423783,588.511613150981,628.28629732911,1272.66892594738,1272.66892594738
"114",874.315893233794,890.761204289838,471.149996026106,554.24695024742,581.456971545718,1002.8913599355,1002.8913599355
"115",781.455847013312,781.09027416706,482.459551401452,596.110564654819,583.148676494072,847.831294231868,847.831294231868
"116",1463.17887660261,1487.41328979952,509.489641977284,608.001795490277,658.834226518379,1668.60812628618,1668.60812628618
"117",994.065809326,1023.18721782986,486.288785372061,582.281149544773,627.244126850553,1140.21215897808,1140.21215897808
"118",1086.28940964073,1061.4942363221,484.708641884538,559.609223579393,641.423722234707,1264.40977784961,1264.40977784961
"119",760.15004180961,767.36381950604,511.244445229054,612.75877847883,595.362143684833,827.739517468769,827.739517468769
"120",823.228073143852,815.919395803386,448.293142520828,525.925931579026,566.03051648044,930.344066125921,930.344066125921
"121",1374.66901945484,1375.94841717522,501.058963371363,619.554952678345,686.157418628568,1629.02683791566,1629.02683791566
"122",786.443394206363,790.837357685298,510.9063036024,622.019210031026,604.563401099726,868.724418509812,868.724418509812
"123",3196055.24400388,3186120.17592131,443.717136265961,514.347911874847,594.014548172944,1046.99568061754,1046.99568061754
"124",871.974494031775,867.261577738475,508.994833568621,615.753427580848,619.571351863014,971.719002041519,971.719002041519
"125",1006.46537629857,994.832752407033,477.51552918294,566.009237405675,637.19961946883,1140.75805488791,1140.75805488791
"126",1042.99430657798,1036.83957869429,477.325927255386,561.80558290917,616.018996727877,1179.16693039167,1179.16693039167
"127",797.278265891922,794.109058447065,512.004060441483,614.314615020396,621.402751407691,884.237215277562,884.237215277562
"128",782.755406553139,786.800374639575,494.793010216532,615.19947137363,590.436016788619,846.194485893161,846.194485893161
"129",1198.39882537928,1189.26643999803,497.170096473835,596.12884690248,652.256228107548,1404.19445885467,1404.19445885467
"130",1304025.39558779,1271131.97657023,502.527864974501,609.825051162751,638.619244714557,1289.4356019561,1289.4356019561
"131",1646982.91977586,1634761.08025055,487.397666911309,582.017550177312,644.469603267587,195219.123443465,195219.123443465
"132",1040.65358943353,1072.96222280437,482.874809846256,580.412816881396,625.365823479448,1173.40428870472,1173.40428870472
"133",964.956307327133,950.772790944868,471.189823716193,573.52181757906,590.709513518044,1071.61032098913,1071.61032098913
"134",1036.08753478004,1040.95948536404,494.889641329531,597.381965892132,622.69684517157,1142.47615696031,1142.47615696031
"135",754.935221591436,750.769103167788,477.219022419045,565.104382321325,565.839034079858,820.723763439409,820.723763439409
"136",1055.98506119325,1072.13881303378,476.545266285715,586.890539625104,624.056587318573,1205.90536226729,1205.90536226729
"137",734.46435200379,748.872749010538,471.716318935635,571.419863058577,575.054999745864,870.941487403629,870.941487403629
"138",1362463.03645487,463571.135928406,487.951488358042,588.800409859896,603.214050396852,1208.80084605977,1208.80084605977
"139",1068.13748204688,1082.23588391696,507.188394159304,621.631157713991,639.316642271427,1216.51276083029,1216.51276083029
"140",6603640.54272262,7561676.70721273,487.245819525461,599.435049768644,612.159527065976,22234413.5801888,22234413.5801888
"141",1037.90239858588,1054.79408195238,467.482510365169,572.659426570153,593.800927444808,1245.74761686999,1245.74761686999
"142",1176071539.43764,1643046708.09828,487.935612958076,585.056398327459,707.516003184396,667043605.032556,667043605.032556
"143",701.926698741893,707.509727423176,478.259554781658,575.639296194876,581.510841402564,780.078892784675,780.078892784675
"144",1001.26173811192,991.879396384617,477.023849873745,584.173215538879,638.776169185895,1175.94915395129,1175.94915395129
"145",952.236591477135,955.46790970103,455.660361689257,558.211635810381,566.376173992499,1061.58150242904,1061.58150242904
"146",825.683315201986,827.044074147763,465.678044045945,563.27773786905,554.993323450526,892.599833579097,892.599833579097
"147",1118.40273998677,1123.15875476577,505.366670456401,629.206327456537,674.306662676504,1286.56386461131,1286.56386461131
"148",903.195880715002,912.018101227209,464.037681741867,553.725007846032,575.545027949833,1023.91391858939,1023.91391858939
"149",1055.80595733694,1038.19690552239,496.387987567611,593.767283387814,613.300838408973,1200.24041454322,1200.24041454322
"150",869.396017212532,870.55274022873,472.757251984321,567.131997795989,597.094415262957,1003.12538802287,1003.12538802287
"151",130060867.76154,998.223370261478,513.654667533378,578.397454871985,620.212134743347,6377857.74010145,6377857.74010145
"152",833.111055433775,842.879700956271,488.448780166039,598.049908270836,584.31494921828,910.039818464727,910.039818464727
"153",5191022249.38994,3833690626.57329,459.50318944675,563.665223682621,604.422329458714,15152822917.9057,15152822917.9057
"154",873.040854927027,876.472182915331,474.908490181107,577.691562378469,596.923013554939,964.738500675985,964.738500675985
"155",5722860.86974807,4788277.9097955,489.857377360427,582.87167568008,602.15017964261,1298475.2904257,1298475.2904257
"156",948.526417553609,965.165560970705,496.818512043425,594.311565993988,625.183868417533,1088.90528915153,1088.90528915153
"157",995.137706729551,991.238817725046,479.540624282713,579.631421790745,601.311930674984,1123.18817469809,1123.18817469809
"158",971.556182806868,995.018946186333,510.823292769229,601.771308364158,694.346867539069,4982088.87204763,4982088.87204763
"159",2712272.24880534,2939793.66784875,480.352735691502,570.04185618424,651.201652741478,1405819.06580957,1405819.06580957
"160",1214.17171994593,1211.60210464027,489.543607771519,585.331082279665,615.039470326278,1403.39991853851,1403.39991853851
"161",16917456.4339788,14370677.8794133,494.61167040534,604.863961844998,629.717792974965,3275166.68635222,3275166.68635222
"162",936.695769837684,953.110779466856,468.078083586517,565.878857058355,597.949615624902,1048.46057282634,1048.46057282634
"163",814.466448226797,813.464497441343,510.877241768826,613.724636612668,607.833560093281,891.665299989354,891.665299989354
"164",831.068848567557,830.590421865291,499.862452381118,591.13072221367,626.443075948726,915.030462758975,915.030462758975
"165",961.508861589126,962.478905108616,463.662163675521,540.884105756768,603.514779506413,1098.58973547986,1098.58973547986
"166",786.510461430005,781.240725864727,463.735975808618,559.83312895904,572.716568932578,868.263058159451,868.263058159451
"167",874.209340698125,890.772063367528,476.367763583813,566.668044469185,639.800218964467,1028.02488733031,1028.02488733031
"168",1007.94398855772,1006.68928902511,493.568929840043,587.798647038062,624.346037375064,1126.24388197306,1126.24388197306
"169",5073.09421332602,5685.43758275203,475.0017853189,573.697480712088,694.809545393664,726809.058827098,726809.058827098
"170",695.494824717577,701.420905951071,471.143163992167,572.766991474594,560.450648682857,766.281383076216,766.281383076216
"171",707.07744102377,708.627333823113,480.705477467763,574.407655673761,566.665159664474,776.088287912316,776.088287912316
"172",730.320385105775,730.10328310143,469.987389587802,564.082410227837,567.90712651168,783.823553411267,783.823553411267
"173",577200.253147678,969.37420416934,503.781893537986,612.581820708915,629.102726409859,1121.3624402795,1121.3624402795
"174",1108.62196659557,1148.71964220071,489.311735845446,583.525694316009,629.272155208283,1256.49323296399,1256.49323296399
"175",922.930986467664,922.842741181378,464.310562678102,582.331753052752,580.092984770439,1036.71783591492,1036.71783591492
"176",915.999900013047,919.476080451653,474.704822900409,570.264223450891,600.7240853948,1024.25620300475,1024.25620300475
"177",1039.27382900745,1018.01146429171,458.602650855687,557.165663762153,580.747468656064,1226.49562616277,1226.49562616277
"178",803.366737031152,804.779700671573,481.283612101437,578.794556180105,601.181302029788,904.343983751657,904.343983751657
"179",955.636853204193,970.185477039704,501.597452130968,600.717830838484,646.353363992853,1090.40903278333,1090.40903278333
"180",1278.69140033236,1301.49143742136,523.004610406002,618.54968467828,698.916521406445,1286856010.05522,1286856010.05522
"181",797.921553643059,794.919247583399,470.292571082389,563.508678767158,566.784180818538,887.864419121152,887.864419121152
"182",739.462344152102,736.266931508578,465.544685873948,557.443373311108,557.023260403634,794.697027075172,794.697027075172
"183",3622990.2375914,3066044.45448297,468.089414494259,574.405401102981,579.044456880067,338605.442335507,338605.442335507
"184",1038.69374776841,1022.78443901961,489.864792141523,573.271780593639,628.256006313325,1151.69451340656,1151.69451340656
"185",965.206091463013,955.627052977461,493.632888258509,622.064072152536,607.624096845686,1095.84046626168,1095.84046626168
"186",856.777467307394,863.994888827923,486.407354557673,597.067412564384,596.956317887119,979.213346666131,979.213346666131
"187",937.718390200857,928.599526857949,492.951875953524,603.83837598652,612.675143199427,1038.47419976393,1038.47419976393
"188",967.730364764224,976.831587826994,499.536294204399,602.353224578696,636.476091552159,1097.72122687684,1097.72122687684
"189",5866705313.55405,4959317099.77499,511.221143108204,656.951717888078,660.289113375144,289290593.95576,289290593.95576
"190",1227.76703174026,1256.45666166664,507.660040416837,616.441680396051,670.588076115613,1434.75473185181,1434.75473185181
"191",849.642463733272,843.583196845101,483.616161136113,584.62272806339,573.906399339716,943.315872819784,943.315872819784
"192",968.081525811045,972.926910439176,455.181376727767,549.421238985253,592.897693408488,1117.33535510642,1117.33535510642
"193",820.027181017781,816.825446685049,468.403516647314,560.603248472683,575.740342967473,905.760416093612,905.760416093612
"194",856.057189782487,851.409338041297,468.838887380949,550.349089700989,603.416621021402,982.754594286335,982.754594286335
"195",1488758599.70641,1303586831.9356,481.788982084778,575.856131297997,610.114705469803,3781189518.64335,3781189518.64335
"196",911.532573940071,916.480567287549,488.119760938823,584.278976468979,606.551711834829,1043.45136361282,1043.45136361282
"197",725.439743742317,728.468787631167,476.884516099802,583.662626270898,572.217176161268,806.884899673443,806.884899673443
"198",824.255966412049,816.965302876234,492.627630783288,579.634250884253,616.398047921389,897.125843371335,897.125843371335
"199",894.213092048672,905.595015080451,494.077531005348,584.860570111703,607.123297711508,1002.64216379005,1002.64216379005
"200",39699381.3178077,43352045.5470751,462.162600580663,556.10954086408,607.762028812399,7227560.27853514,7227560.27853514
"201",877.325266774145,893.598448597054,490.197246903663,589.040338299368,614.979245095178,986.601629234089,986.601629234089
"202",1050.23792908307,1051.47460979158,502.867520587033,584.074056951708,651.088028603263,1189.40648065768,1189.40648065768
"203",778.540435116981,781.488502853141,486.867253549391,604.450693775815,621.918022138937,864.009091508939,864.009091508939
"204",887.138036292144,884.115017883602,492.014868819447,597.111108789234,622.46392323077,973.909831686551,973.909831686551
"205",800.388996058891,794.002065071935,494.096756372788,580.386744310538,601.948017023396,893.806462733603,893.806462733603
"206",5795870.74108582,816.141587957353,506.381679020734,589.976781592628,622.288540328687,620179.955060384,620179.955060384
"207",2241953.0126304,2030866.03815793,494.22176179367,591.151460928084,623.217769105525,1307.82723209554,1307.82723209554
"208",791.616725084466,783.113033730514,482.851193581342,585.429951889921,591.243167600713,892.616365247483,892.616365247483
"209",1090.39153003286,1131.49752794465,471.208579118217,578.273335732995,605.528142254741,1271.44397803257,1271.44397803257
"210",1083.73608153956,1071.79291711385,496.06361080985,598.395661943591,655.014636349927,1265.27950088705,1265.27950088705
"211",948.659117736354,942.102015841508,476.644402781973,557.440460257572,623.842794781591,1060.79690055757,1060.79690055757
"212",784.561205240515,784.665122115768,519.60448701328,635.247100161731,634.578174890957,850.635655620635,850.635655620635
"213",886.792497185471,893.647351787035,470.132635216696,568.190059232959,602.207528476486,1011.58013395339,1011.58013395339
"214",70721545.3070499,72861778.7744129,499.255801716988,605.638293163932,614.523510340007,31461868.2723458,31461868.2723458
"215",915.837730612259,900.563267023015,494.849237584584,592.07162974679,608.446052298603,1005.7794979391,1005.7794979391
"216",52509625834.1294,53366472554.7549,480.480663563261,577.674810907268,628.124078373554,4374496647.44424,4374496647.44424
"217",1074.27843534022,425358.956584606,499.140472450227,601.157890691794,647.487277351428,1255.32786111522,1255.32786111522
"218",527239695815.562,643605014907.492,512.736876589168,604.904873334458,738.584492495496,8891497714.2542,8891497714.2542
"219",1246.31782663847,1231.04404358837,492.989100939733,602.108480763207,613.49329615706,1460.07960511005,1460.07960511005
"220",1244.17199784645,1265.76764324592,484.953274534225,585.803122478083,643.625477221782,1453.64537982897,1453.64537982897
"221",733.5750481346,733.976917426065,482.56298318024,563.6769479573,578.903495134724,811.283683687685,811.283683687685
"222",995318628.608427,982797418.398707,496.698112551489,608.261600369347,689.77068647337,92511240.2162121,92511240.2162121
"223",6059692.60605936,5667350.22751695,485.43869419328,586.691972698826,622.418957017511,418454825413.76,418454825413.76
"224",869.136077440244,893.348801283767,482.023065439704,573.782615543374,598.042215649672,1004.59721070754,1004.59721070754
"225",873.549930361352,882.444621289892,472.502894908616,560.325738489376,599.983612218073,997.361894019061,997.361894019061
"226",1038.74409109311,1027.01225790136,472.180076984528,569.861374103466,606.13914842792,1257.96033684126,1257.96033684126
"227",1099.571294694,1123.22463138708,501.850873011641,611.361138941227,656.015661783581,1307.48435983977,1307.48435983977
"228",899.977309812391,901.23089725161,496.650053438255,592.867665060032,596.584565182372,1005.45200742952,1005.45200742952
"229",947.237856896979,938.952204781959,465.170960617156,546.422984900768,608.063059138003,1133.9644143489,1133.9644143489
"230",788.639404957914,795.676108436281,502.668178596501,593.975984551958,609.657192017915,4420593.37820625,4420593.37820625
"231",964.017803728041,966.633678091866,474.710913490568,576.830421944918,583.646337792009,1071.11824452076,1071.11824452076
"232",886.099491394218,884.246453294734,482.067115227894,582.995649435624,631.366249777822,10147914.510506,10147914.510506
"233",977.451714650937,990.181161825761,516.813991658545,602.128022264218,661.798730652497,1082.67805840207,1082.67805840207
"234",1332.76737600541,1318.85677741685,492.957830833871,587.385524055843,660.976996858328,1533.9233567241,1533.9233567241
"235",893.407384160233,893.629378817376,491.24156434105,599.536497984775,618.250874519838,994.062188419392,994.062188419392
"236",104528732956.83,144475918989.145,480.551449080317,599.521140480789,714.173209926177,21787426382.2692,21787426382.2692
"237",929.92233520106,937.86134715887,502.953288920696,602.123414476666,624.138494625157,1056.51671794094,1056.51671794094
"238",887.346572605623,890.939863494897,485.480915209936,580.361171111448,594.720343540607,989.025157930732,989.025157930732
"239",845.989154471163,844.058688321208,486.53235629489,593.541158850837,589.590147346743,912.745413175622,912.745413175622
"240",932.007275455652,950.867842677507,486.568612339833,585.389087633637,600.966970057315,1055.08265416438,1055.08265416438
"241",655.309444336106,655.734892661551,480.759663141463,565.070686981517,587.141858781788,708.45453483318,708.45453483318
"242",745.985973238756,748.475790726946,482.862416512671,572.603590669724,596.423203461292,834.225663104805,834.225663104805
"243",712.0706285627,713.889828678633,482.44723490484,571.554522795927,583.927012825063,806.481060258123,806.481060258123
"244",822.100534172217,818.756150911483,492.19349806192,596.977249204932,599.432461910325,887.595995262847,887.595995262847
"245",1571.81651876022,1616.10419912729,495.531158186674,589.055420768782,729.833748299242,1913.799359883,1913.799359883
"246",18079711.5297817,11898025.3526789,478.579203290055,575.273311569722,640.672189488029,2083270.20190243,2083270.20190243
"247",2567075.69399599,2503.76979864465,494.004538429934,595.399368770275,666.584694124126,638122.815521257,638122.815521257
"248",1517623.96931316,1566959.08981542,476.82539990753,573.08761135583,670.284642465592,2215.8865193785,2215.8865193785
"249",981.717140874744,974.807555554754,473.059251307784,596.460703375688,585.984456067293,1093.01647694784,1093.01647694784
"250",929.580828696182,932.760185702618,496.58313704768,591.8034850573,614.813648255702,1014.4523698451,1014.4523698451
"251",3125573.30896646,2822430.91392789,480.398438812784,591.889198540286,585.948095322754,2280131.1356276,2280131.1356276
"252",822.557829848437,812.74876429402,493.307105716069,587.257081204131,580.65103605838,894.964823221915,894.964823221915
"253",44017777274.1951,40054562364.0178,501.689774471678,615.621997350758,629.611540988032,5642434052.52614,5642434052.52614
"254",883.196232902527,885.572102550066,483.62814764238,580.742608575273,595.955005581475,979.614469788151,979.614469788151
"255",1144.26810231358,1161.34515924104,485.32520202207,580.575114468056,631.080843034947,1316.78395086982,1316.78395086982
"256",15046687.7700486,12541573.6291936,484.298329596612,601.323488493627,565.479403576773,1572115229.25699,1572115229.25699
"257",1065.75213478182,1074.66915632594,489.269523268336,605.238664942814,604.892851620451,1215.55793286649,1215.55793286649
"258",1200.83724651361,1191.01095590987,480.063006093824,603.897339708938,650.489144238624,1441.71030313134,1441.71030313134
"259",1024.91909101433,1008.64090977853,458.137371059763,540.111943286638,601.207216112379,1175.13947410031,1175.13947410031
"260",778.624788207998,776.313744495716,476.030629318061,570.792117761047,585.323046991098,865.282805201034,865.282805201034
"261",826.071448978642,825.558484500517,488.717861564721,587.636023965502,594.35504546514,913.490895136604,913.490895136604
"262",274671588.327035,253840157.305005,470.571777228381,562.367301465497,635.072266373998,84136774.5067477,84136774.5067477
"263",810.108582615199,810.135471005197,505.732600286188,595.03149197803,635.131184414697,911.342485532769,911.342485532769
"264",982.647882246256,985.160939637403,483.560098964809,590.223348686632,623.730635619341,1181.44319835439,1181.44319835439
"265",916401.94190616,5994755.40845309,492.868304374427,593.389782562935,625.017768318223,1100.80052609402,1100.80052609402
"266",940.194489559309,924.961008229835,486.043632498271,575.3095395826,607.197770966475,1052.65477721445,1052.65477721445
"267",1089.25246377776,1080.17792876995,466.671816141525,558.10042342093,617.780101691045,1239.1150574813,1239.1150574813
"268",1094.48673592149,1103.59463208547,517.748620650526,625.031791720965,679.614244837232,1242.60759500953,1242.60759500953
"269",1130.29609166237,1125.82776640218,493.005670297422,576.986539489838,632.591796749504,1305.95428576219,1305.95428576219
"270",1024.23548340497,1031.03459938821,477.7530927706,576.398388103994,615.290839033226,1172.88061298292,1172.88061298292
"271",875.37384177444,885.408993994202,480.277597127653,569.312480354997,646.660432769651,985.965313862744,985.965313862744
"272",2823767176.31471,3606115520.56099,478.798076806659,592.340381020074,598.580749864398,73433501.8286853,73433501.8286853
"273",658.142714200113,658.101637889444,481.542052206025,583.326110238188,559.671086297683,712.66782918387,712.66782918387
"274",901.84894086357,903.654332624886,480.765634623528,583.579032348246,612.729449031872,1026.72876147848,1026.72876147848
"275",892.031204389651,888.837056384129,494.526311420913,608.999788655297,597.54813896892,976.896483544813,976.896483544813
"276",953.224990036421,963.42925881607,486.045679936974,579.370003130036,612.980545466342,1092.94631045332,1092.94631045332
"277",1151.5749081182,1141.76315418348,483.221946811222,595.37037750166,628.088983874715,1326.23244269766,1326.23244269766
"278",983.492800123609,53914274536749.9,489.787721179758,604.41436462003,617.445620194154,1129.07710863226,1129.07710863226
"279",7342367206.22922,6730820904.27565,516.440237450961,628.505888744595,676.184132088259,260074943.68219,260074943.68219
"280",839.213188127134,841.197692331945,488.398231813039,598.326031523127,620.288762945218,914.628180311486,914.628180311486
"281",11388640284.4669,10115000542.7935,487.707927703666,595.64059174554,704.181051417048,180640727.517528,180640727.517528
"282",1271.68190632228,1266.17970420344,442.587344740949,550.546698615326,573.154278231091,1473.29881020401,1473.29881020401
"283",999.578994122302,996.606255407992,493.583119801755,575.89048250564,639.266653490233,1136.30872772867,1136.30872772867
"284",1119.65789246464,1089.48755567089,493.315585751748,605.309767378192,634.730839932163,1336.28145138887,1336.28145138887
"285",893.176475168038,898.281220006739,462.166024837051,569.611577487856,581.961975131278,1027.21894170963,1027.21894170963
"286",926.61112821583,932.641878215174,481.153358963348,584.310825265626,612.812209633364,1047.30534262067,1047.30534262067
"287",730.59494640564,728.594379480026,489.257129502471,593.534904184477,584.706287498983,812.26857155529,812.26857155529
"288",1036.24835490757,1025.04488701915,507.267945542926,606.748978464175,645.11036477826,1175.07267044914,1175.07267044914
"289",904.722286376901,904.689372873964,479.406029155951,567.26718856843,613.576431691386,1022.89794929489,1022.89794929489
"290",1138.98505276348,1136.57152766959,512.517457254989,627.688801623928,659.661395578517,1283.17072148218,1283.17072148218
"291",705.927631032035,707.640251234517,512.167775530533,619.43105227873,628.755885815419,775.71301753325,775.71301753325
"292",742.103886129059,743.017380499445,468.662961064889,560.017783687729,584.876768828394,837.760937225467,837.760937225467
"293",980.691086910683,988.96974391588,453.080597860447,563.693775636002,564.301233392173,1117.0455379431,1117.0455379431
"294",883.121844701238,904.128605594334,498.866293043315,604.886940550863,599.900067688529,969.478538612059,969.478538612059
"295",2260.55487740828,2256.68300923744,492.125789632097,583.161202088808,665.289862540331,2715.84329654514,2715.84329654514
"296",837.389857471312,834.683664035229,468.408296120105,572.556266455994,583.228589528695,20116839.8431118,20116839.8431118
"297",124856183668.249,166779996012.931,477.74723501944,582.393037840112,668.030473899515,766248713.023531,766248713.023531
"298",14633740.5134591,12214399.1342872,495.221969335647,600.138220136377,657.952159705226,3912809.41623506,3912809.41623506
"299",2048.80306853128,2069.9994645881,466.727722331394,559.028711859471,639.76438340362,2431.35290396202,2431.35290396202
"300",828.747784722972,823.046123386594,474.680397371484,570.955896967626,579.856661994932,910.28009973497,910.28009973497
"301",827.527132311,829.030446232485,480.102995847452,570.643172984673,579.72503760208,895.676411735716,895.676411735716
"302",1407749637227.47,1190139548320.75,474.920032178348,557.826669710814,602.053782015454,14149282867.0156,14149282867.0156
"303",841.893337279052,847.754316004932,487.868647171677,598.558422780327,595.978106084973,943.785473673278,943.785473673278
"304",839834.889478839,921502.934468,492.493954821227,582.444852056983,712.151319343863,899240.127456404,899240.127456404
"305",3833183603.32486,4229837809.23454,505.841639128323,633.537391786462,658.143438338939,5920702264999.33,5920702264999.33
"306",775.485738954408,779.504478310964,463.288588852514,574.365267640154,563.739832585837,844.088379605588,844.088379605588
"307",792.064104807352,791.298708152469,481.563766618367,594.257077114708,589.857170473237,891.49242477772,891.49242477772
"308",1017.97696346754,1024.03681894581,478.227933239694,597.158306558801,594.514958475014,1082.36451740899,1082.36451740899
"309",727.885456731246,742.730807393547,461.178132976318,559.780884841724,570.392086016746,817.379549568322,817.379549568322
"310",885.30597337913,882.58438661469,472.579534162077,565.978755336953,597.620701460708,983.698133481135,983.698133481135
"311",844.36673098237,834.343545896874,459.264239520192,563.891183365239,573.18453239533,966.554989589921,966.554989589921
"312",393894491.484736,441388281.406357,467.96318856936,557.729645077042,604.342142250993,250648835.002818,250648835.002818
"313",151695397.722146,107244893.501161,492.429745376606,589.139635424208,610.472542173837,435241042.676503,435241042.676503
"314",776.673652234165,778.676671946082,483.452816554539,580.115503234604,595.06899885176,872.092846178971,872.092846178971
"315",780.890970234891,781.170971220944,483.805972349755,581.573364400811,605.602094802081,878.735272370299,878.735272370299
"316",934.108567931678,937.217892490131,496.922974744439,606.093748451961,622.899053545639,1021.44997354125,1021.44997354125
"317",110706447467.409,92786605305.6321,485.165962510981,597.926920195414,634.991877254154,11761472561.7698,11761472561.7698
"318",890.834930581154,896.21054448069,502.62828197002,598.797611681514,613.418108413544,1004.5575453069,1004.5575453069
"319",965.879520044281,958.523394110318,479.037031026954,572.500399857512,616.423558441281,1096.54073541128,1096.54073541128
"320",819.283355263138,829.019947480581,501.722004708003,594.591960981336,603.112652923745,913.323043477576,913.323043477576
"321",825.899552598543,821.427023220337,509.305642547716,625.291833307928,605.743554431546,895.940657703613,895.940657703613
"322",1152.04941175736,1180.76559644827,486.688702414386,580.639186512139,610.894914431478,1313.47014934221,1313.47014934221
"323",1154.60466973558,1148.91287102725,470.744872979616,544.901079682143,594.406098977296,1291.4848550067,1291.4848550067
"324",868.024387984626,904.727977121003,456.732832756276,531.665506858864,572.573493708545,986.267852793386,986.267852793386
"325",851.020825222782,843.138600561376,478.555443623333,573.293632965539,605.166955696572,944.319342075282,944.319342075282
"326",982.563708907817,978.866028445502,483.25191743791,603.056007697076,597.84329435504,1080.70329994882,1080.70329994882
"327",840.226411273492,839.281186235892,511.195119817968,598.81901933841,626.704144831176,915.815530959869,915.815530959869
"328",792.050355184322,788.562032647748,477.436484225157,559.899658621544,574.489497250833,884.542862822449,884.542862822449
"329",994.987132917131,1008.64433934271,482.284078775921,566.95264429707,626.397924627457,1132.69723466378,1132.69723466378
"330",1371.32574505414,1375.71438585673,476.141567825962,569.368507713338,638.63791119873,1571.44108965816,1571.44108965816
"331",1027.07013608143,1069.35513546985,470.024531879552,559.055731930794,623.23176761374,1194.00940282654,1194.00940282654
"332",992.379907621905,1013.71950504774,511.516187913806,609.13103081358,644.447158419046,1146.31646133137,1146.31646133137
"333",10107110.841133,10663726.8490323,493.706670563246,607.858359928728,637.654451790997,2444492.20253065,2444492.20253065
"334",1440.62925384053,1449.13348619268,474.869804832445,588.565019353267,627.940623561125,440810630.428627,440810630.428627
"335",1173.39693324599,1163.51024049745,479.962554330751,606.880673084494,611.499261969658,1356.7615032881,1356.7615032881
"336",800900.104327986,618202.942803279,474.707760131742,583.10023172214,574.828420973938,1187.1346159108,1187.1346159108
"337",792.003315507962,785.793245363736,456.194505288786,539.724055221017,560.227717246179,882.09817677443,882.09817677443
"338",760.776534843436,751.12029383805,507.85528675363,604.512584175951,600.485970669837,839.927044690452,839.927044690452
"339",1489.03057045676,1447.41335851223,483.289468539185,588.850269373701,636.454279644537,7319485.3525394,7319485.3525394
"340",813290.616715746,1206.11939742333,583.807060118612,663.944886277497,643.41538431404,17963175.396534,17963175.396534
"341",926.160651835606,941.535849949989,483.669637413596,564.683436047955,591.874709216282,1024.93726746907,1024.93726746907
"342",1246.10403182395,1287.22720407977,497.369834439835,605.604370193403,636.827419885723,1457.74262615703,1457.74262615703
"343",15616949.7173843,17288968.0794304,455.624095783421,538.521008978793,630.194436685173,89312585.8295414,89312585.8295414
"344",837.993560125289,837.950370811463,462.761427853152,555.677789148217,588.771455562869,958.230111519731,958.230111519731
"345",1601397.24889827,1251169.45832741,499.156982282087,603.07335630189,630.823722566573,1002.94169131658,1002.94169131658
"346",895259.451156068,809089.342530279,479.265150986044,579.790732255548,590.467561447818,921.680995486381,921.680995486381
"347",1158.86222622896,1172.15386764504,478.684834452853,565.846136427726,621.004106508142,1318.41051017662,1318.41051017662
"348",791.600429954338,797.906201758963,469.484382174966,558.166127058632,586.134487318353,893.83042975709,893.83042975709
"349",928.989548790743,948.400265458692,481.70088183508,583.347287432524,615.142748491551,1062.5970765448,1062.5970765448
"350",1005.3743208203,1011.72677115814,494.462625311123,597.227898135563,644.383523717281,1130.04703353411,1130.04703353411
"351",157390833.003372,824.805055584602,503.357575080787,573.521912135354,587.713606204103,5761286.58351189,5761286.58351189
"352",680.845903848441,680.113265831748,478.98120135832,555.67249366543,583.09917332788,750.717710888718,750.717710888718
"353",973.565256225245,978.315006739712,487.413993653557,612.247331882847,598.819168808705,1082.51461815051,1082.51461815051
"354",1474526570.54824,1391939588.61169,468.052533541337,553.689280716391,614.099752147808,174048136.658029,174048136.658029
"355",6682091.99895923,7226654.05076076,502.852599671597,607.069482930374,711.59053196826,2225603.27319179,2225603.27319179
"356",1756154918.48382,1801207930.02518,484.190222087788,576.17698838429,694.001316068382,54345808.3814332,54345808.3814332
"357",888.78201914425,890.695752890921,491.949281878082,598.074878213853,643.425063630449,995.587452889302,995.587452889302
"358",929.106221333276,904.790839076743,496.80772404822,576.616918414955,610.645164691841,1044.14810809544,1044.14810809544
"359",763.38715289531,760.002028247229,450.562816288255,533.823339082532,558.944885640157,822.660226158972,822.660226158972
"360",820.963971143763,825.936110672127,481.854864674022,571.674141806584,578.589455645184,900.392120329341,900.392120329341
"361",551686.783690778,470547.012352713,476.669056840852,568.431622352239,638.898735684756,1694.93592626012,1694.93592626012
"362",8030069.39504454,7543096.11646137,486.800822792645,616.600986012817,612.202741610577,1998714.78931113,1998714.78931113
"363",937.252107259894,942.596890262085,506.297846542008,599.363366344478,643.038262547233,1066.17365960967,1066.17365960967
"364",2188.40925881937,2327.4487527024,475.40245593213,580.281439970048,653.581701742414,2653.27266004955,2653.27266004955
"365",1026.09497235709,1005.26986318252,476.792872558534,589.998075172784,604.091546633129,1180.94353488006,1180.94353488006
"366",730.165955873915,730.282920404814,479.756062928282,588.779951706542,592.279878979241,792.716761450203,792.716761450203
"367",772.809577356203,770.128907256493,485.20873803158,600.081197199594,586.419698280066,831.536216397292,831.536216397292
"368",951.321582119218,955.518348716731,473.491982162977,573.61518389586,594.099370948006,1049.37650564749,1049.37650564749
"369",905.228783162039,898.474319154157,478.48362360835,571.334095999558,596.731356689646,1014.17800987491,1014.17800987491
"370",1000.64900213618,1013.19950086425,480.960382496026,571.018667489902,642.269304868649,1176.76527911132,1176.76527911132
"371",869.031573066877,872.353168129178,481.720790970283,582.123795192245,603.33013881378,989.095684027874,989.095684027874
"372",16548012.7525081,15063345.4901326,509.674142389223,616.556761706922,663.096138919542,2999734.0960276,2999734.0960276
"373",854.653936727082,845.517258462812,505.110943838857,619.930984226815,618.430450225365,959.328952479864,959.328952479864
"374",1047.82406327799,1050.22678165427,492.142672943351,587.28976143868,625.053196951601,1205.86690048634,1205.86690048634
"375",854.935909411716,852.461019519562,487.620527552627,591.343615422624,620.729984748497,986.905971427486,986.905971427486
"376",862.867712615793,858.781489000159,470.515212751606,576.635139583605,593.09725766514,1000.55955869444,1000.55955869444
"377",1208.15053813624,1231.90281460503,474.163239142816,562.126564899176,609.025931151805,1419.18101461725,1419.18101461725
"378",147552.618898603,280561.629843942,498.821566989541,591.92660312267,682.654089009773,938429.412785804,938429.412785804
"379",1012.91587563799,1012.08528488695,519.439347387963,615.656624156516,685.627414812744,1137.66438182465,1137.66438182465
"380",6681909.14747083,6591374.2235431,505.628421520222,616.565844750845,608.940153391601,20128422465.8972,20128422465.8972
"381",880.666852011193,897.986384740589,469.300233567348,561.036507651879,602.728703157216,1009.45941209579,1009.45941209579
"382",1732.2700601956,325344587907043264,490.22080602271,613.057784769602,682.726455373636,2053.30263135125,2053.30263135125
"383",745.524853187203,748.691852006201,499.782472619424,585.585506661361,628.629670741361,835.739424762891,835.739424762891
"384",1147.58141503674,1179.33001577132,488.854810461034,588.628841351895,667.578618114897,1348.04056471464,1348.04056471464
"385",2284966.16045416,2388050.43680013,416.876274019434,497.330502401259,566.876172967259,1331.41279244083,1331.41279244083
"386",909.409846797176,906.827636157912,457.802300465001,540.830282589292,596.743742499108,1052.88624287752,1052.88624287752
"387",995.176114952403,987.684747315241,503.809492136305,598.875426225256,621.787674718498,1117.11437475411,1117.11437475411
"388",763.854214157673,753.272575083885,471.882601209891,566.675997609583,563.395583430008,835.332569477302,835.332569477302
"389",754374863.754597,953.509414515383,NA,565.296452469271,631.532627479651,13385788.1772319,13385788.1772319
"390",888.047709682232,891.181634160555,480.169424857921,577.023510876592,606.373974502183,989.527988564116,989.527988564116
"391",843.841005136072,836.116287509224,476.30202518706,582.393536339681,578.665488317465,943.354506227428,943.354506227428
"392",1157.85157737964,1168.56789069211,471.755268814889,572.095082061776,610.318350075072,1394.47692975553,1394.47692975553
"393",1147.56837273854,1145.86887043172,508.098045730709,633.107919121669,645.686575972347,1328.17469245875,1328.17469245875
"394",1030.71753101496,1019.9148439745,498.4153883158,587.274719749578,643.296289088516,1166.7246862454,1166.7246862454
"395",1014.91498827665,986.792802404162,477.691478870025,574.009919738857,600.148216095598,1181.72996316982,1181.72996316982
"396",918.543946433002,952.332099317945,449.014333336014,526.510564053304,598.431696661765,1068.57732516417,1068.57732516417
"397",1446.03191703056,1435.18004546961,465.10412292033,560.518491163625,609.771022810542,1660.82502294537,1660.82502294537
"398",929.445887318004,935.066622834343,479.953546294978,587.26964519097,618.473533019776,1060.42859672238,1060.42859672238
"399",22999002025.6,30419709114.293,490.799307380806,577.329036621907,734.570876470411,8395097867337.9,8395097867337.9
"400",1574.66529904166,1548.41447112456,486.227377055074,580.981767877685,647.144155620492,1870.95141670211,1870.95141670211
"401",873.016462803061,875.798763846493,473.214168458056,557.572130166315,627.262880243963,983.485196117338,983.485196117338
"402",499110714.658131,492616430.668213,468.658486372174,571.167660408783,628.856561114431,32274820.5520004,32274820.5520004
"403",823.524169793868,833.866931873958,485.729987760696,584.133315724478,586.069809276293,958.094531169858,958.094531169858
"404",860.156665516333,861.406556292267,477.751472413823,562.590475106496,592.018971945506,970.167551099764,970.167551099764
"405",826.553449089713,827.150044413561,480.403991081128,563.218140676263,613.72817986392,917.394670309528,917.394670309528
"406",1327.84342372493,1257.07682188675,NA,606.159530065776,676.07575652162,1591.21103921943,1591.21103921943
"407",830.916057304118,833.18486563464,488.819913836341,591.501133320057,626.673125812211,936.235432491865,936.235432491865
"408",752.671973428702,757.894775668163,495.259266127912,596.400636823989,618.069525675679,837.323702355953,837.323702355953
"409",814.008476815075,817.100292249722,495.091550919307,596.065181891068,625.046718517735,910.743837143357,910.743837143357
"410",930.096231699598,931.676979762687,497.327782381684,593.94381682939,613.683427769702,1026.38166873301,1026.38166873301
"411",702.981893752807,704.734962747145,479.909767041367,572.633765410932,575.063778079863,748.422706963202,748.422706963202
"412",825.872103997062,828.392770961627,509.883879730443,610.259663434495,640.191006000536,912.8198920907,912.8198920907
"413",17491224.3683906,16036709.3212482,482.494539638857,573.294172363973,650.024220618202,3765342.88222107,3765342.88222107
"414",1144.56764812583,1161.63825748726,486.751367859013,579.570167052103,615.243683007289,1339.14707967352,1339.14707967352
"415",898.808412625485,896.195295337457,505.041965188468,624.731586526469,641.715346589069,1019.81722903434,1019.81722903434
"416",102611202.870592,71007193.1541205,483.016053345468,571.06606415695,621.453932005321,6174726.62441879,6174726.62441879
"417",941.743965889672,935.216829548032,504.780350354694,611.899362045973,647.660523117631,1116.6819710274,1116.6819710274
"418",892.362543653336,898.018099079707,474.4649365523,573.912388471767,620.614524601946,1002.49977013709,1002.49977013709
"419",1364.35771395193,1380.55618246439,480.366044234198,589.946706309064,647.911049758374,1585.27028343918,1585.27028343918
"420",804.081999203361,800.79819575792,499.082820280556,590.256871626319,612.791429928498,884.180332990363,884.180332990363
"421",265905835649.405,237224379119.446,508.571643835451,624.567604692471,700.898725895859,2177286979.65745,2177286979.65745
"422",823.783712969159,827.104050135941,471.176596527462,569.144815656849,583.690329747187,978.118933155434,978.118933155434
"423",998.84302914417,996.87326025541,494.987150640253,596.261069232619,615.274383026183,1132.88601794663,1132.88601794663
"424",265503419241.334,249098266152.129,517.818769754837,644.845128355547,669.977549038195,9517618178.88031,9517618178.88031
"425",1384.22099806171,1424.95284661593,475.502726111502,566.209842222924,619.321115292899,1627.01544662172,1627.01544662172
"426",771192.66376212,441779.343298975,482.79000865628,585.430415052703,577.682445930393,910.231545778579,910.231545778579
"427",962.114783533123,968.723157153907,464.296434155675,560.55717467178,591.559967689362,1093.71657718384,1093.71657718384
"428",1687920.1950623,1762877.061709,480.012140913956,571.528878101266,639.365459857532,1718.22649899578,1718.22649899578
"429",1785.93164984797,1787.71318007874,481.72635322033,584.213745057196,638.832872904744,2173.13039021955,2173.13039021955
"430",1144.35848291006,1146.33578249253,482.238444223841,580.308141534837,612.171913722963,1329.22228299944,1329.22228299944
"431",3237155.36315203,3325725.6886722,493.287648845732,611.585936118593,618.758056581439,83728071.5823406,83728071.5823406
"432",915.234848706639,936.708240195823,507.54540108916,605.203615532609,635.220115966173,1036.54161536317,1036.54161536317
"433",947.445164380316,935.583213099304,498.19421866412,590.50566561182,682.815750731783,1102.30547153324,1102.30547153324
"434",590870.093993521,592296.462328962,486.941933032399,577.428350072258,632.856913821859,149380183.120612,149380183.120612
"435",868.592093463596,880.535424868428,465.072972554134,566.206256421611,590.367294808712,1014.30486477144,1014.30486477144
"436",758.377374709273,761.723648170303,474.56681232249,574.896714711505,582.912114747806,844.805198230337,844.805198230337
"437",1034.3167328033,1026.39530178729,501.956383637777,606.497633384963,641.332168531651,1191.00485939388,1191.00485939388
"438",155986876.837443,707535.642828877,NA,589.165743136051,675.613049914715,4433990.68758989,4433990.68758989
"439",767.950679165237,768.598636911756,481.821293729332,573.510713822837,586.496024373234,868.208026953659,868.208026953659
"440",745.98954140461,743.256670394451,476.400668276713,555.179096869391,613.53522828654,829.255675352122,829.255675352122
"441",713.048230961837,717.460375067902,481.943016979338,576.770708047637,583.127127576758,789.552370862867,789.552370862867
"442",667.472064358348,669.922853395407,480.377380591158,583.848070698468,562.047866226634,708.849890750758,708.849890750758
"443",893.26626287343,886.67553713616,502.989143765044,607.362966866659,613.868731220097,983.321588067785,983.321588067785
"444",802.804263772866,801.730130845791,486.680445018536,580.837628907444,622.223456827466,905.752410113754,905.752410113754
"445",724.15809090002,731.465975098871,475.823102968832,564.07832069979,571.576871905647,793.61395379666,793.61395379666
"446",1180.22271134911,1221.31730401118,485.072580281457,586.286654514322,659.157776299857,1413.44630422151,1413.44630422151
"447",1281.93149482661,1331.91751960894,473.04353966693,577.312491901727,615.303021336267,1539.89060648793,1539.89060648793
"448",904.757540964985,920.052131299436,450.567896109536,536.063132938272,584.093302871157,1059.10552059177,1059.10552059177
"449",755.957775986677,756.663649473636,485.113495226888,582.028324634591,602.5592445296,834.835786772902,834.835786772902
"450",4984936.50618498,4905254.29453336,462.802582685604,559.476790838785,690.990013545037,1191861.76907184,1191861.76907184
"451",818.68848421383,818.96123913644,484.018954285157,570.912611641548,590.894952794263,909.555575392831,909.555575392831
"452",883.33165743362,883.308987538481,462.647213042727,564.367258585382,630.293430534337,1014.46241250284,1014.46241250284
"453",1616.05250765888,1695.21711376422,475.428897884992,593.354893367706,615.971586535248,1913.12590357664,1913.12590357664
"454",871.014134954246,871.157782690985,492.571912797603,598.335097397739,605.086106082343,985.624400502397,985.624400502397
"455",830.224846929958,827.917157463322,491.896946379848,579.731316120883,621.061485761029,905.186329270542,905.186329270542
"456",749.321423433468,751.208905375521,501.633700655985,608.408518276252,590.707441120937,806.979017945645,806.979017945645
"457",1485.32873084129,1452.70991882691,483.75173698264,576.948437747756,600.249698242607,1673.85859394919,1673.85859394919
"458",1340.25707961368,1339.27135322357,474.615088754465,601.702520239975,607.770821883368,1545.31809141448,1545.31809141448
"459",723.881235758404,721.190492178623,491.961753823415,586.938434221208,596.493532660826,781.83225795581,781.83225795581
"460",986.178979810255,977.979184843312,455.746762619624,535.655762928067,572.143793227131,1099.21049009217,1099.21049009217
"461",1848.7671574081,1893.55338284754,492.230560483311,594.713808581959,656.051422125687,2130.499053135,2130.499053135
"462",752.809138776084,756.135309494097,484.794030917013,601.218688442849,585.771738292678,832.277508221929,832.277508221929
"463",776.84257239264,788.439507329093,474.376292789195,559.000419125414,602.025886808901,886.617653216342,886.617653216342
"464",807.785198136569,801.849085729911,456.977481897312,546.407233549231,591.4010838508,942.563358358733,942.563358358733
"465",50313725.3822044,41151463.7882092,498.964184097224,635.487333531603,652.724174793248,133991339.57047,133991339.57047
"466",829.911467434338,834.701160266277,469.303067146693,570.761191912506,570.459946310861,939.270997770712,939.270997770712
"467",10969399.3100546,13062244.0971812,496.589193996105,610.785882082275,653.914187647115,1590677.79421973,1590677.79421973
"468",847.065377434123,844.774069471166,463.985790848272,559.381561516753,569.62608472364,933.736517304705,933.736517304705
"469",1237.69106732867,1260.45266115886,494.017822497109,606.563540323443,665.212358784861,1419.97025384057,1419.97025384057
"470",1465.38751089176,1375.11233164666,463.30578647211,542.611677119578,602.664800392844,1725.80561928846,1725.80561928846
"471",720.605545665545,718.970622703691,484.518509627218,582.568337503924,574.979334510099,785.875008933408,785.875008933408
"472",1115.94176929133,1123.62727362838,497.174451157958,597.812395092119,652.948382041698,1273.65882839252,1273.65882839252
"473",751.18995732091,752.241384170756,469.152147827403,551.036571468578,601.192754967738,838.74315307595,838.74315307595
"474",864.699266965573,867.512574468169,487.304647609971,587.290330443885,615.868484275448,970.050274457479,970.050274457479
"475",847.516827372052,843.811898331011,505.249544081655,609.501297456839,627.710913790175,947.281978194142,947.281978194142
"476",1613.73578796414,1585.41706799518,491.229785025325,590.99007933967,673.247603831039,1878.67858745633,1878.67858745633
"477",797.247361494647,795.052631693459,475.703627624147,567.413840961691,587.110586105114,887.21079485573,887.21079485573
"478",933.337972340442,921.965499354787,459.754351528351,544.876810318619,586.957348638607,1083.11585885934,1083.11585885934
"479",822.669836638252,814.173373715437,485.330807971771,596.574973313491,577.355013598265,928.414140982258,928.414140982258
"480",2188072.64304986,1955705.66915636,491.290232743239,582.647964264609,590.883903282271,646204.735745178,646204.735745178
"481",772.795444655362,759.928909720095,494.164969712366,588.022383213134,615.52642465534,866.176548570843,866.176548570843
"482",1189.06940891134,1168.1278024018,466.277568689737,583.770392027928,610.547299356955,1431.11463925715,1431.11463925715
"483",736.46515227956,741.723189881268,507.773556791278,608.561132403249,606.021542130552,809.237491260152,809.237491260152
"484",853.98795969459,857.216023809176,515.322442090049,611.562748514608,625.972546027873,943.669233945304,943.669233945304
"485",868.990524859467,872.489386465548,489.23565922843,567.304690483675,612.179248269895,972.582523405897,972.582523405897
"486",782.39969769804,785.302718890357,467.321475742465,568.858843000277,566.943464788975,854.837588934261,854.837588934261
"487",249382.143437918,1212.3744714916,487.99921991169,576.246991046117,681.840492258041,1463.78226045761,1463.78226045761
"488",133106864.365443,129424764.409148,463.497626239047,555.392788879648,612.618757041779,9574946697.18192,9574946697.18192
"489",919.960378308796,911.29107554866,500.96042196174,599.531066770702,628.417970526517,1023.65843412671,1023.65843412671
"490",1021.33240980144,1035.59301512968,495.182390366987,608.541036387873,627.995045475507,1144.67605876286,1144.67605876286
"491",885.535881170706,877.424590638368,493.708329251709,591.939473143754,609.037932913837,976.599248790149,976.599248790149
"492",893.891558521796,898.194869966368,482.77372326762,577.610730632444,607.956370726787,1003.28105444568,1003.28105444568
"493",656.466333006525,657.437253164167,448.696397070533,531.494211324827,525.248557577662,688.30930386263,688.30930386263
"494",771.988513886934,780.77717608802,471.309503885608,561.371916217734,586.760161008842,861.661091809722,861.661091809722
"495",993.427166652489,989.43975843681,474.477465416233,573.283892900568,596.213336872624,1112.3279879164,1112.3279879164
"496",699.25840524068,700.971976437037,466.211842099518,551.503570230993,568.391436718629,753.367872447894,753.367872447894
"497",1162724.05410741,1052524.09004079,490.302406530666,593.689827843339,625.82832164888,17058103676.8506,17058103676.8506
"498",756130.564676704,466018.711607024,500.192469270146,590.553191307081,694.262200722912,1512.75824887564,1512.75824887564
"499",903.026093359365,905.009198353007,464.014627418003,564.810878686563,581.056097269096,990.259946951797,990.259946951797
"500",1051.71516325232,1059.83512152658,486.075371924504,596.982269429374,633.944705752313,1207.90395287513,1207.90395287513
