"","correct_data","Hurdleztpoisson_split","oiztpoisson_split","ztoipoisson_split","ztHurdlepoisson_split","Hurdleztpoisson_combined","oiztpoisson_combined","ztoipoisson_combined","ztHurdlepoisson_combined"
"1",3232.40958865615,3160.06085515557,2471.90860503392,2747.49852178108,5840.09141113517,3234.4059300348,2409.25298799327,2678.43945047323,6067.27732222437
"2",2680.80611073644,2587.31525056511,2594.48278615873,2984.47521500357,6576.4396307166,2644.03101299123,2660.40152914657,3100.20897707072,9383.70209430846
"3",2689.55603916859,2692.26225165977,2649.44518524782,2915.04611775482,4686.49221223372,2621.26351202488,2572.7789920706,2841.01455042954,4704.6045482434
"4",2790.77310564417,2788.76891343071,2719.35160291624,3291.78137212112,10721.0394362913,2694.29194015342,2629.58730408692,3217.18079631966,10658.1697147332
"5",2822.48192300069,2864.54017870811,2933.90160659055,3586.12327828377,10285.0871581217,2808.16227657928,2881.02138908121,3547.03443286238,10426.5929003645
"6",2806.23452066731,2898.55867730543,2774.73538835324,3215.06533962414,10801.6847258957,2756.75710174139,2656.58052352118,3107.68719608972,10666.7798115876
"7",2643.70556393188,2655.72387186421,2373.48711970439,2540.0622252985,5045.42634619947,2597.5880710291,2293.97964221089,2457.05370161513,5125.64981391535
"8",2771.77007075004,2748.89077687165,2377.04895293385,2524.30717252518,5206.38969862195,2709.27970758329,2296.37503208181,2432.4276516521,5180.58760171094
"9",2600.65452350065,2598.6902366013,2349.83599165441,2468.63027918085,3433.19741184826,2536.6541857013,2274.56459405878,2394.98441498373,3437.0483531288
"10",3272.18504036136,3168.26513422072,2544.53806914517,2802.94688038489,6509.73217512446,3273.60620240792,2519.35704550063,2791.25534633706,7813.46782463154
"11",2582.25409307083,2603.86183190987,2400.89930205659,2533.51812124777,3582.04415009959,2542.45615966253,2327.6648304817,2455.72235884327,3536.09286436884
"12",3018.30146024421,3040.84886554966,2896.48112390119,3484.41744379907,19636.4726895936,2965.36516272765,2830.52078167308,3395.83808203596,16803.4256035096
"13",2855.87749851887,2988.94777478696,2653.39513235132,3026.55966110976,6828.58869111892,2783.50439257674,2500.58135646581,2871.55750044833,6220.18658051629
"14",3043.0094260539,3134.75916286869,2675.23468688858,3232.58987458078,9962.85009756028,2957.71058270109,2505.19164948381,3050.28326693059,9567.98266508447
"15",2632.89408060699,2667.00690075109,2654.75725778371,3085.53410626306,7179.829489379,2553.29789550415,2540.64252238992,2966.52274053804,6918.38664754028
"16",2672.10085952024,2653.70364964522,2608.25571968815,3069.68797844601,5999.71185246084,2592.20315609042,2544.05223774954,3028.12514996423,6516.16604061182
"17",2814.91512031948,2837.83924473437,2370.38697071287,2543.89041921385,4058.58132083031,2747.53988283338,2281.31717160854,2449.22283104523,4026.124935685
"18",2738.38104027331,2646.70972479071,2430.29957741448,2561.49291958198,3838.20497705234,2693.03433021505,2376.19664459264,2503.05983838836,4265.71828103981
"19",2794.16527871222,2798.57209159876,2504.47544709798,2685.19434197011,7036.09976102682,2697.69491906019,2423.51803091559,2614.56877155855,7042.88239282494
"20",2716.39585696862,2692.90956006013,2823.54994557257,3578.50274068802,13606.7926323852,2656.43627977482,2800.45006039086,3625.03222158817,16320.3818171081
"21",2628.33614560134,2617.69475677581,2392.96823912363,2539.90443168841,4833.87818565626,2548.46454739531,2319.08541280095,2469.19026793214,4943.44222294679
"22",2730.09238712096,2822.13066384228,3028.60651196322,4371.67982435546,26842.3470304415,2661.56752759396,2826.38810288988,4157.1644304061,24392.951148167
"23",3109.68333082323,3143.06131171622,3450.13723243986,4664.12142876808,25578.3758370281,3010.75737526371,3312.83649187022,4641.773002014,30495.7254549042
"24",3104.19832602616,2791.40306151821,2511.22166080846,2817.07472094709,5776.98865401011,3015.51698555996,2540.10036624458,2858.10654498319,7056.3979272053
"25",2793.34910534313,2776.6587408516,3023.48270047242,4425.16528405263,51937.4158247574,2723.31552260366,2987.99823718682,4434.3244612459,57990.3687227614
"26",2866.6992613353,2883.45695663504,2375.03865855745,2543.48655390945,6747.7875634217,2817.1361471166,2285.31384939868,2443.88628569388,6425.74986109377
"27",2701.27466299644,2675.30482583203,2535.9409615802,2860.46713155853,9755.61647782675,2647.76440152408,2479.37492841724,2792.43087139381,10034.1013018678
"28",2524.41939530429,2539.77895927895,2481.02157128138,2774.52407565861,5086.89459513102,2478.01575799434,2401.14917186585,2703.62846283216,5381.01560144798
"29",2603.82582414448,2568.47232077056,2479.0477957387,2873.203459444,5535.06681925938,2540.33575397409,2421.11451234146,2812.85354592947,6229.38962821949
"30",2874.14380129563,2887.55344270046,2886.20521909756,3380.54598146436,8857.52147767151,2866.65653827598,2780.0643780173,3296.34950962518,10087.4453678791
"31",2900.52454529635,2811.28982721945,2752.0267367343,3398.05176826946,8427.65587875264,2804.8311536274,2713.17404353481,3415.4167908283,9970.69700018749
"32",2639.22399548141,2655.8944556506,2398.5918343352,2531.8338982652,4130.41266021977,2565.87862220273,2322.33787345605,2457.26765525661,4042.57089990202
"33",2714.95911262848,2675.9388968633,2654.60415796284,3077.57966795566,6844.56978361155,2679.29893373499,2658.73621645321,3076.11499731251,6967.48711472142
"34",2592.84434431178,2569.01803311647,2436.58626137546,2694.58426417624,6623.07686918791,2547.62032038533,2386.54569257803,2640.76835884507,7614.03095240558
"35",2979.76124106124,3033.27614021932,2794.50126229144,3183.79991535047,21105.6422886766,2915.1422798578,2706.7708169897,3125.44141290842,25196.8517620846
"36",2563.42101343964,2550.41266744042,2759.8296261572,3594.17584077105,26282.9610190202,2485.74495319848,2705.22871515789,3592.54642976854,31069.3730374294
"37",2654.29745358006,2641.69267369118,2728.43894952357,3548.47771922455,10894.7023657716,2647.26190418886,2752.23449705529,3652.98048068954,13519.3257669084
"38",2787.1165473718,2824.13364421578,2645.76777262415,3020.73816883956,8506.35597053175,2716.18719284738,2547.86058031901,2909.31695370373,8183.0782272492
"39",2752.70953935025,2792.85003100421,2893.76228665184,3925.71529294498,28196.0631181963,2675.04675232979,2765.65603837471,3875.32871639715,30695.2511615101
"40",2920.93638948755,2845.76759729422,2628.33373980412,2941.49441379054,7106.28166109422,2822.907197841,2568.57414621955,2897.71768905237,8045.47490564781
"41",2694.58644530153,2616.01218322261,2564.45292732658,2871.4218586807,4575.07331705376,2613.43826124406,2561.69453339377,2929.20774901098,5833.27424366558
"42",2756.35842680212,2709.2941188681,2802.35261382952,3528.74298650915,13811.0141355148,2703.01111315094,2796.49399542422,3575.69505862809,16580.037477498
"43",2688.49983159575,2701.75370613505,2496.07091373065,2782.12760686123,6784.64385561346,2610.92070355683,2403.25427563917,2685.50310894853,6693.19630904767
"44",2958.46064668442,2681.85743516079,2639.21657319571,3008.17738880486,10075.8066849842,2885.34457573626,2739.00657250606,3112.30485988888,16151.176573384
"45",2817.47359262567,2920.67197373509,2805.60913363648,3545.34264717985,NA,2778.07508277979,2653.91108811089,3322.78758303331,NA
"46",3039.83330528681,2976.24411188573,2725.74887589074,3347.88029424088,10324.2887434145,3000.82344379482,2713.35163073645,3405.77581273927,13200.7629322509
"47",2963.30643378042,2913.50675432501,2755.30926533891,3059.66713939603,7963.28910750745,2898.79489802135,2717.03112056234,3023.62634910592,8463.01467177164
"48",2858.76253178299,2964.17967125406,2783.70182146899,3349.8948611747,10148.39139609,2799.54492288393,2637.94175762066,3198.40504808615,9796.31946364891
"49",2650.60948577791,2677.38042769908,2450.16640550619,2600.193442401,3745.8438535345,2576.75351309487,2361.98211255213,2507.18921752663,3614.36356834308
"50",2818.70840826407,2807.82935572956,2587.48154174642,2785.0280089152,4415.60711176941,2752.01584746937,2517.51440872745,2714.71503985507,4463.66981559062
"51",2635.72170670744,2714.60936149523,2706.23714621125,3170.24424589709,9225.58319036942,2571.23297990387,2569.07101350011,3031.32759511645,8543.76450865066
"52",2665.45528444799,2701.7258427101,2474.79160170197,2762.51509943159,7015.27675124715,2573.19254978826,2381.60556733884,2670.19515275158,6574.65752447315
"53",2560.07396308594,2565.81694302517,2409.58171603449,2581.48430214476,3481.82689800416,2500.02099364193,2332.59526760642,2501.41338978408,3428.93293376868
"54",3037.14081986998,2876.91047086469,2840.23330199319,3529.53443156051,20126.2837053283,2961.58876710555,2902.70672715159,3657.67058399395,24299.0955629276
"55",2579.36913240452,2629.13779353672,2641.39082426655,3236.66362890636,12106.4586940299,2498.08094123596,2513.41312157685,3094.85972149099,11137.0118871444
"56",2766.23256623769,2722.70989230573,2560.02199251596,2828.05667839995,4377.68310273929,2677.56869444927,2489.23379683489,2753.44792176854,4585.32798698122
"57",2892.44342959866,2736.12056338957,2477.39852252153,2776.85265987449,7692.30329273468,2848.26730126119,2454.9718834979,2763.45584634484,9406.03065353103
"58",2591.28354723995,2615.13865618866,2623.84495734296,3151.43308763349,9182.2965777145,2538.86025279114,2538.82676259488,3050.43236683123,9069.16803436972
"59",2805.90529048715,2730.90231077623,2368.93974060046,2607.95116906522,5540.92894314362,2752.65232152764,2325.18811807426,2564.85894097005,5893.22979494632
"60",2678.67498297893,2726.18050963651,2665.52467000552,3043.01406419979,4440.70145027792,2638.69361259554,2569.2695448626,2949.17568959069,4328.85112452376
"61",2650.66694997806,2616.43356529859,2308.72936562913,2582.73893913997,6148.72558630056,2614.31909705895,2260.25922400103,2539.54113253336,6803.12350095286
"62",2675.41399858243,2622.03158439471,2612.21456192234,3064.3110406588,10530.3694749371,2598.98988868131,2590.62753664532,3071.94517045679,14077.9338883602
"63",2700.83566643132,2771.69886434507,2806.65594289075,3488.82456195595,11369.6806850649,2626.68638975621,2648.70515416667,3356.89341806948,11539.1709926949
"64",2782.57779449778,2776.52559325771,2521.57872584798,2678.42820795521,7594.07101498394,2708.05079622067,2452.52011968799,2606.34341684056,7976.03400032197
"65",2903.09312811461,2864.20104078304,2680.44189555671,2968.84854017338,5644.06731754613,2833.76140582456,2610.94138470085,2882.26282041056,5783.2280187883
"66",2595.10706463068,2589.63999978533,2505.3730487682,2976.58847945736,7555.59673403378,2532.77053950124,2441.08806240422,2947.07564530478,8422.63655234146
"67",2848.70400823547,2951.38394435231,3001.58927616267,3849.97050207369,24910.5221845146,2765.10361833809,2821.6893788345,3664.29641097467,21675.8436348954
"68",2611.81871410352,2637.10335095535,2392.86800865387,2508.99371522593,3724.23037923366,2551.15467430973,2304.56027297987,2417.98639788313,3633.1882392503
"69",2967.65748427563,2912.94202944757,2536.29317873001,2691.14688693092,4001.79457973244,2891.69511000861,2472.28678814809,2627.3248249632,4007.39172142032
"70",2510.03386041152,2524.96601282408,2436.04280370219,2612.54894628037,3244.66134989574,2454.48339484952,2354.48633688306,2526.73336436271,3220.94546860358
"71",2757.65783087818,2805.56943898127,2656.09759970616,3023.43561787793,5835.92347989673,2701.27216559179,2556.08225175124,2914.46061505021,5446.62406466766
"72",2849.34980878067,2823.73818107231,2551.00994574596,2728.13841225052,4350.36679847078,2797.76216468852,2488.88240423863,2667.21792559687,4551.85686320196
"73",2516.74410824376,2544.09744537433,2331.71056571943,2494.98408037867,5809.18924203971,2471.59181813064,2253.40972830295,2412.64617206522,5912.64277430643
"74",2765.05005961324,2733.7799396059,2596.51694801012,2987.03353964029,6413.60041114727,2675.92118644764,2519.39760312467,2910.29191979746,6710.7923176618
"75",2675.38166258834,2647.33813067091,2620.30245059972,2928.13489560266,4866.94991497879,2619.74840277167,2562.48538979775,2856.2498361809,4883.61904423463
"76",2474.00954766359,2487.43616928938,2451.70862683717,2733.10384591501,4569.1832803717,2403.33117648386,2371.1791167009,2662.05551768617,4658.45266418353
"77",2725.39505931615,2718.48552124393,2578.93341585765,2878.3841052409,7427.53972036649,2626.00957260738,2497.47027264561,2804.41469242794,7608.03958530243
"78",2659.41710187825,2640.21661038432,2500.02947221803,2685.64430235906,4208.58460302304,2596.49798404943,2431.62894768236,2611.48895828203,4425.84448686623
"79",2955.94500726375,2963.67150186982,2408.26211923897,2765.20011797857,5398.604178502,2954.14652965797,2330.07621201353,2676.33141534241,5558.84586515034
"80",2643.61380172106,2690.22374993752,2512.87429666996,2788.70410962261,8655.33051021135,2597.34552958957,2426.70422880327,2701.02074120974,8292.97881775682
"81",2589.31486325318,2552.27914089605,2386.09710929979,2589.8798027302,5893.35189069047,2511.87414972897,2341.82006789591,2563.72367414128,6668.6308809085
"82",2729.85858044142,2715.10469599705,2434.9551287481,2775.2792502816,5952.05425837779,2638.94573008728,2337.93163713985,2672.81135078658,6038.25611680755
"83",2905.31740981994,2920.22765439899,3066.20476541493,3831.5008600594,19159.7029661998,2877.09382145497,3022.10092735248,3802.66981712788,21481.4447657741
"84",3119.04359687601,3085.49277141589,3043.24982616908,3490.39346413674,13828.0966159218,3057.07632044331,2983.34125918506,3440.46938758502,15325.4826680418
"85",2580.9531618911,2540.13323952315,2611.7657624499,3116.70031873201,7164.79657786592,2532.41627045903,2616.72826110175,3155.51373629866,8504.06136269125
"86",2803.22717259447,2790.13580001403,2425.99956588444,2543.38354513151,4243.16821126216,2755.92477358147,2363.35550038943,2475.92428857171,4284.09924453719
"87",2646.56539899592,2733.49348163965,2707.39795721527,3531.02948404965,6384.86233416962,2614.16346164246,2576.51601285362,3355.58703666682,5698.02384055412
"88",2886.90814476738,2926.42544513275,2886.85718142277,3407.75949741433,18486.4363440431,2784.52455469455,2750.42235087353,3265.98717716063,17604.9375584814
"89",2721.25271646935,2751.41958272755,2549.8746032928,2831.25561685501,6363.41300562368,2665.53879445073,2461.91185257455,2748.82490782474,6513.1705394518
"90",3303.98903133073,3476.66501602461,2914.47134058664,3654.45423961395,21539.3551653836,3154.97637261073,2684.77325182135,3415.53892897,18627.4727267977
"91",2848.78000145974,2774.36439824487,2435.57681399095,2656.00279345131,5064.32486860852,2722.41871261289,2360.52630698934,2582.8986881017,5155.00571402229
"92",2933.7980365221,2948.83700382264,2919.63342891023,3309.25094703494,10735.5318916389,2862.55130679865,2821.03787032209,3236.70680476327,10939.7935253512
"93",2621.39211085123,2634.51914125364,2673.62281203187,3151.9227119377,7455.57720395235,2550.63095591237,2587.99377648211,3066.88352203527,7355.98884374945
"94",3046.30479111,3127.32734510069,2984.68236431539,3572.44287034182,7979.90374604734,2980.45388775788,2797.8757826316,3351.13948832353,8023.62985518533
"95",2980.95755497145,2965.47916240752,2919.38350034245,3479.89744298768,26698.0306055742,2882.80876204255,2855.74943941918,3439.40280160048,29017.8435579348
"96",2870.16881655425,2781.12485376376,2579.87186817467,2952.27871168518,10907.8338419932,2799.37900218084,2574.48062047619,2972.58886548392,13032.2026847509
"97",2610.75514824766,2601.35918719113,2407.19290995436,2542.64688912585,3556.89085020507,2547.47645983182,2339.51007265747,2472.90070499173,3528.35002660253
"98",2725.7819058898,2689.90059985051,2706.75780425242,3428.87932137608,14586.4405137836,2677.91558050453,2704.73303225179,3465.60847979302,17669.5675366623
"99",2911.55279577686,2924.04944768251,3158.12885928973,4122.78463920413,17162.4096268018,2906.3333970299,3157.85484293098,4238.45266772715,23223.4645155726
"100",3106.18373821215,3066.81791710216,2696.2420161025,3051.33829606023,16586.0245992563,3040.15209004997,2638.10424072369,3002.32277355208,19014.7329036224
"101",2627.13882390139,2712.42148671118,2400.36536388165,2625.72277735665,4954.31386234002,2567.86731330689,2308.51521125779,2534.55297798491,4703.6918893247
"102",2808.71715368755,2996.72228282786,2932.24838729436,3722.73030740891,18290.1320577803,2717.44565630179,2655.88990105894,3410.36709478144,15525.8172770227
"103",2751.87895551812,2710.58397169043,2669.17442468174,3028.49598359795,6601.21060133762,2695.78352030882,2640.18580019619,3011.18311292629,7396.95078806561
"104",2617.60019137065,2660.87683745454,2571.76707501893,2777.09625098105,4886.15118334408,2547.97078664264,2462.74432380501,2653.3920197631,4468.57901039924
"105",2978.9480795391,2927.23436451121,2582.1168269566,2819.83457535844,7018.38965501444,2939.20651182729,2569.48578942345,2827.24320641869,8318.47194518574
"106",2789.19966587977,2800.57376342891,2734.55922165113,3172.40770482752,10470.8570115733,2711.53525160619,2636.66559195721,3092.18406886958,11023.813586728
"107",2750.34852108154,2677.13729830889,2541.21929638473,2990.38289726753,5277.79790139718,2706.94352528175,2526.12039827164,2975.56507860894,5863.34415572395
"108",2994.08739325937,3015.06212680761,3282.82919558703,4409.08730836369,14223.8606853811,2921.99087864,3188.96094910031,4371.45470371392,16451.4291097535
"109",2686.685699416,2699.41378859874,2487.1006895966,2742.32974864687,5102.87382303239,2636.31350535968,2416.46319240029,2667.8127405347,5174.5436255213
"110",2793.62500093307,2682.29719988802,2686.16585204856,3265.71301172904,11290.5182947386,2721.32025766976,2694.97545642856,3314.58932795504,15360.469347619
"111",3643.27789107251,3230.69377516862,2827.07718132278,3250.87874977625,16029.1293083798,3347.29557932698,2827.9908105508,3275.23112435344,23503.4292448271
"112",2805.45712974464,2832.86438341001,2765.4648114065,3202.99961995149,7825.96736050442,2730.43826779563,2665.7890274857,3105.79229581638,7956.69246593863
"113",2622.36635817976,2616.98020348571,2504.86361764959,2693.61196012968,3652.15433119201,2560.48072508565,2436.79999042812,2628.44140004971,3742.46537582095
"114",2652.38943314111,2642.24243014,2566.44636842067,3001.51910263265,9798.52582403759,2618.89786595903,2509.40438064037,2953.24675436434,11047.3816017804
"115",2891.8284771174,2967.68173051242,2820.02336563186,3429.64024898293,26800.264136394,2799.11423936674,2701.8971880031,3346.45260937079,26727.37001848
"116",2688.02099537074,2615.44454138389,2297.38081189381,2403.47426151235,4038.31411822208,2596.5818045612,2239.63656928353,2345.20769312885,4221.53497395032
"117",2642.38572058496,2640.1310283717,2424.30522130219,2599.57692266341,4531.18704018596,2586.55645867754,2356.25292663756,2531.60491907,4558.14395423598
"118",2862.90140319726,2849.96594371353,2982.09233863947,3772.1127670189,10042.8052522076,2824.35326393885,2999.39712042302,3864.4841418076,10890.9547016347
"119",2713.41443670988,2710.65214331879,2553.03220332031,2825.10697071379,5705.21082042567,2651.41864006737,2480.25781550166,2748.57055856314,5722.79146194728
"120",2364.1589819233,2277.23835445438,2190.04411170412,2494.20917416901,4902.32405191166,2265.03713829478,2157.42711119934,2464.78765512464,5499.33585601048
"121",3059.73197357305,3143.15657439067,3362.12078189914,4506.29368559778,31478.1801162282,3015.60378159891,3250.23631674829,4421.71942849952,30554.8500396816
"122",3818.22274322502,3573.36118040421,3174.97577127907,3550.21277023034,11623.9256613027,3803.59963448138,3203.81385598163,3592.77638529792,15143.595483623
"123",2945.40748772518,2780.66413989139,2751.36054937885,3310.70315521227,7906.24836770352,2907.64888448743,2843.16039255096,3490.58292720722,12095.514888451
"124",2882.35333956946,2786.39437609867,2785.97309518433,3281.97060722734,7620.67286978442,2783.31168106025,2774.24958548281,3280.8563385423,8364.53552969833
"125",2690.83117734299,2686.60973296268,2627.41602629753,3024.27269046617,6470.61096482771,2610.48346197865,2547.62610524016,2960.87172287049,6758.52492524549
"126",2633.50935515724,2597.69076656783,2429.8440700377,2633.07305526015,4065.26805762775,2567.30055331508,2388.66098672543,2604.65245440772,4393.93070636323
"127",2790.15618090358,2745.7777195129,2805.92423656656,3551.5143384042,19438.5046856469,2712.89215738378,2768.25957642707,3549.64687602335,22187.9436359749
"128",2701.03519477749,2706.28683027714,2684.53704238581,3148.23441056962,13090.322586443,2615.2622572294,2589.00911792497,3065.28596970298,14011.0898226253
"129",2623.64526703512,2697.51763370852,2634.26089108348,3113.40351938697,12002.9741011103,2585.6313072553,2510.74052305971,2971.38628277219,10674.1189406259
"130",2999.40850725959,3025.86756206739,2717.76734005928,3028.38010248897,7814.96553316586,2904.66844203094,2616.64839271805,2921.386265941,7523.26434302626
"131",3275.87254486224,3254.76251907998,2734.32001741941,3075.89990736408,11072.2256788462,3133.18945925754,2656.68551266628,3031.2136266414,12275.5270415171
"132",2826.56389230816,2820.13916258846,2526.07210028166,2816.59332909661,5102.44785318666,2754.48593768745,2453.01560618569,2757.41560516996,5210.02107839791
"133",2771.23596047637,2762.08354179339,2420.61079658112,2613.04981086728,4270.02887809637,2711.28045627273,2331.28960578951,2521.2343675656,4276.0114713506
"134",2620.30148074579,2671.28062525858,2602.92857148673,2876.68780001154,4998.00669758166,2568.17560078794,2506.77576668887,2788.97840607599,4936.99236555404
"135",2683.51603997178,2737.82299260761,3007.37138901265,5224.071879506,85781.7117850643,2624.35450074503,2861.20387041023,5238.12592697374,96555.7387084832
"136",2643.63700343814,2640.01351529187,2663.52883637398,3103.5076210534,6010.869583613,2590.16801032354,2619.31590780101,3073.21970820553,6076.58936894855
"137",2789.53372659516,2872.18326720455,2800.31770569645,3302.52726432142,19904.4442477709,2726.07345456215,2711.46951515312,3277.7467851374,21122.708962423
"138",2481.95113315361,2533.23216615781,2547.96143117333,3195.99207039148,9717.54507923853,2438.50039455019,2421.55775656819,3048.57493946887,9150.21417500883
"139",2510.86817962688,2513.38665985997,2476.23768912372,2797.19746236681,5013.37855949967,2455.15643387127,2407.85703263288,2732.82761270618,5269.21920097613
"140",2488.55769920108,2519.87955643021,2438.75712019834,2616.38952469688,6361.8597460444,2423.87369105345,2354.59410495919,2535.4108017749,6136.23306139831
"141",2649.2945894993,2618.27774734815,2336.19121782484,2480.07537057443,4266.07286765642,2596.03934989629,2282.58088116793,2433.97235184508,4607.91638166933
"142",2561.02108620759,2525.64862009876,2510.13058708908,2895.29946535219,7791.04611565296,2519.74037746793,2511.56589561666,2914.89989872296,9176.29632328726
"143",2650.10318590697,2772.20210398698,2922.67438297453,3740.54224562875,13778.2484423186,2579.28851014283,2718.75012710947,3504.16104337477,10933.1710116291
"144",2532.40228785389,2568.41272999274,2535.52153726153,3043.55325343798,8944.42395491306,2469.18265449685,2454.82947179117,2984.21365839097,8830.39893180705
"145",2698.10464028004,2674.53214546891,2368.23328428169,2632.95301916434,4696.22809786593,2637.22834955891,2310.53239350193,2585.68948484007,4686.49025861923
"146",2758.6009120684,2740.21938347618,2709.26017560762,3325.49049636093,14236.5125419771,2756.6755298698,2699.15009780115,3363.92453786867,16951.1946436054
"147",2794.57876071205,2730.87763527903,2757.57653108938,3529.75244916221,7751.24850942701,2734.06848680706,2733.62214558883,3539.22597252069,9658.325325443
"148",2825.42176959558,2905.39042029552,2768.65264629404,3587.16083614056,21677.3435555814,2802.55300389642,2653.63413359512,3491.50363940833,20478.407722257
"149",2767.90314772095,2800.0957261353,2558.72003893812,2807.36940024708,5681.52961911465,2677.87982664143,2438.49632538022,2670.65898066466,5197.96273343394
"150",2814.95778447481,2803.50158322086,3014.84839090076,4158.57425168843,28945.3757176753,2729.59307676474,2951.31362585504,4131.0698511973,29924.6261641591
"151",2538.64187472389,2500.99424571178,2485.60679929347,2834.38681610708,4880.30609240385,2476.61302209684,2470.13295977121,2884.8224303159,6465.65213838288
"152",2925.37947748358,2835.21271293504,2659.60180458832,2933.96718532973,6128.70659258454,2870.43102846793,2638.90033467436,2916.10459134037,6639.59163677858
"153",3362.91584026134,3320.55893558591,3214.80942622152,4050.49011477653,46754.2766029391,3220.09703272075,3161.40180381244,4116.38988201135,63433.3855930622
"154",2798.8931417404,2807.78737053696,2624.84753411608,2921.00378931243,10413.0734893051,2741.81534339592,2541.92973177463,2827.03451829723,10855.9852134906
"155",2647.78762846309,2592.80917938057,2464.75863326704,2720.5047343659,4852.551341937,2567.75492216347,2418.22436947124,2679.65803699462,5420.03238169027
"156",2959.19321127141,2960.96882058009,2728.12223998711,3198.50764342866,10244.0823271733,2893.17309596393,2653.45774787404,3123.38950695137,10096.0825670875
"157",3430.87458820082,3748.5410247903,3206.53494625068,3742.13183047135,38003.2729666584,3394.89854389321,3000.77440333236,3534.43545633847,30071.2756577575
"158",2754.93844431803,2704.75322365655,2787.82224328826,3619.80720489927,10574.3725023394,2685.7842739364,2757.54167141141,3639.71146086906,12434.1232447435
"159",2826.88467815627,2723.13314349373,2566.36730149159,3051.67084047987,5781.8568605968,2817.6381765646,2610.45582180618,3162.03099480386,7313.55973823145
"160",2690.72435919448,2720.75621485716,2542.84330746873,2790.70432198532,3655.86259475159,2613.5471963586,2441.17650713283,2675.99268999498,3490.5240445732
"161",2713.90629865638,2713.00309616908,2692.1156548112,3137.54987406771,7565.85129429052,2656.08459547015,2606.5908833419,3065.15821598464,7706.35368178185
"162",2598.16772804227,2576.3806008809,2427.26883700593,2680.26291902429,9171.41912516602,2519.2619433703,2357.13504693869,2605.83259566174,9644.61316220385
"163",2949.34455445218,2983.54890631037,2711.59821428221,3029.30129769956,9617.71642406678,2865.43432590198,2629.14525657658,2946.3172638085,9418.79474600406
"164",2689.91626848981,2713.41980303678,2626.42202103146,3087.29718139122,8053.99996027199,2651.94089877867,2553.10519091102,2996.17305969462,7834.53498708969
"165",2791.06758899712,2757.06630297831,2733.44180390017,3162.64278511123,8137.12193977436,2740.44387471697,2728.49169242508,3194.96353381082,9190.94864854616
"166",2561.27944544861,2609.04373246734,2613.128606127,3023.80185829799,4678.34116420014,2493.61245015584,2493.03706382466,2896.85506085858,4452.47196382774
"167",2582.11812860797,2626.33715461455,2611.45198737772,3000.23684897697,11110.7407344343,2520.74130247756,2500.26682559312,2868.79394508467,10643.192789164
"168",2743.26497067388,2667.12645231168,2569.40091341557,2810.9391505749,4622.27335601791,2706.27838733463,2568.61326390467,2850.14868421738,6089.58199933951
"169",2784.65071890411,2656.00842987674,2432.83703477535,2641.29690707902,3567.31546156769,2721.45403800118,2384.33371769818,2593.88649847957,3835.83938979117
"170",2850.82778321002,2849.16780132228,2793.14915246868,3289.02981616886,27378.3512963471,2797.29726244458,2729.15086150189,3226.9379051215,29771.3457255608
"171",2619.97476285775,2663.14465795876,2489.91696376225,2757.410442392,4080.03477414282,2555.10654241606,2387.68105775467,2647.42290911116,3837.72887306271
"172",2970.25861817297,2818.45079487758,2392.62484753129,2611.96454691283,5700.99087747009,2858.72971279449,2376.010687953,2607.325829614,6744.37813940802
"173",2641.57866020472,2635.0259924813,2399.18804945753,2496.37425393745,3089.40957228492,2561.94583113149,2314.92241102227,2409.43668154715,3027.3366109256
"174",2708.85223891794,2692.94230107603,2628.53855019145,3080.71806640658,7794.38743341211,2638.96719748164,2560.5118843956,3034.01478973621,8612.72127594053
"175",3116.0564522413,3131.37171610926,2682.8461180643,3110.4523634819,9215.89605522769,3101.97411484318,2559.31576219012,2966.2914808873,9247.88666559214
"176",2630.85270641605,2620.68115658929,2402.74296060596,2531.20177841588,3598.7120736829,2548.72474356507,2317.39948084835,2443.76978239232,3586.72413425374
"177",2998.04583512411,2862.61759713235,2435.69393191339,2766.19830588156,24473.1006581541,2907.52403797892,2401.7230977854,2743.73325289654,31903.5156061112
"178",2608.15733667064,2629.67738572406,2503.06443186896,2998.99017966869,5535.63413194435,2534.1155057558,2376.91938650847,2831.76160493826,5265.65412808546
"179",2799.31896072172,2930.32286241111,2959.71771416853,3567.68039963574,9374.14812942259,2750.15447588382,2766.68584467968,3359.42076274968,8378.34924224483
"180",2946.79488487862,2996.29266852257,2896.08315609447,3389.28993125168,15785.1771003707,2862.27095862915,2762.30809531354,3254.87783010845,15249.8075025486
"181",2693.32032353661,2745.19463313561,2601.39939600971,2923.38634541576,7050.74628478456,2598.73548833104,2492.45655221199,2817.75713622533,6616.2482354987
"182",2647.73102494467,2675.4813609474,2645.4214707185,3185.00727283082,8731.08559851144,2588.12622611675,2538.76568217257,3095.26936085692,9040.52734935173
"183",2651.89307338225,2685.00718276293,2487.51673190486,2634.96913605517,3663.06096778718,2578.8492082769,2387.79818700587,2524.71693803354,3455.63700773712
"184",3044.18269436299,3130.79430481843,3273.30385275345,4299.23793139999,38607.9125450848,2935.64760114972,3118.16969823994,4160.12653520181,33562.4322744486
"185",3531.46734362123,3521.97054259294,2885.54835710087,3405.37147853545,16516.5316722896,3543.06232557265,2822.76955232177,3330.93359667453,16564.3407039655
"186",2849.89015144139,2782.73016653651,2595.19162322665,2876.01026132373,5700.08000062599,2774.69050731374,2546.62300707542,2843.4872328373,6898.54085361651
"187",2726.0612002617,2680.76398456494,2755.86251310921,3259.49307280661,17296.0796561404,2666.51902974376,2772.43200841469,3330.28481221604,22449.2945121863
"188",2926.577168604,3051.08842191813,3090.35500105187,3835.0614309378,40774.1066846682,2835.4314790174,2878.36492123083,3601.48254758473,34195.691669802
"189",2922.78677797585,3094.74689072396,3093.08387779316,3907.37251744276,58498.5351195709,2853.41103883299,2869.189182493,3675.6361659222,44126.5620559172
"190",3048.66051893161,3041.59883442143,3249.60152533566,4160.928172384,51412.5731652299,2994.43281485376,3254.24284618132,4290.70136298017,62618.117060632
"191",2827.3651030866,2820.36326337555,2522.00257016462,2897.38190492058,4883.16365401775,2794.57424074437,2468.44761255686,2831.06086467155,4949.18036647234
"192",2744.59534707986,2668.99896973889,2429.58328534408,2620.04353661424,4776.75364738324,2695.51937042964,2380.35981867819,2565.5547352524,5343.59583715494
"193",2737.99825745584,2716.73424569692,2556.28038706226,2876.06157539618,7311.5926281464,2689.91523810176,2505.77108823872,2840.66638177809,8207.43865997008
"194",2902.63073134033,2892.57203166307,2604.70235512169,2918.84106060716,7500.05476368076,2866.77357952236,2541.02802982118,2842.73651570109,7265.09408602387
"195",2675.50501001518,2769.04642550709,2694.74717327638,3473.70725054107,12343.2224384663,2593.77190229953,2542.15874627309,3289.33023542446,11142.8374868528
"196",2606.16005780298,2632.16715910241,2549.71551473488,2972.40806910975,7122.6058404768,2574.49844390716,2504.05148207189,2966.99338306841,7825.73618554245
"197",3450.75827439258,3773.27525784676,3468.12158613067,4238.58362361233,57271.819209763,3417.55997477188,3286.66161272708,4094.00485387708,53615.641403676
"198",2499.49900898915,2567.16695577377,2532.37528912015,2843.66585289456,7855.69181283791,2449.93937295997,2417.09989928534,2711.01136020253,6859.43605230297
"199",2745.30736612096,2766.75991313037,2465.44979984214,2702.22168145268,5771.87291951721,2641.15720418351,2378.39306873182,2615.23053582117,5628.05995144769
"200",2602.87840531514,2579.0952140946,2438.90210661209,2597.91548337135,3002.6284564665,2547.47485583706,2368.59100996838,2527.45374133308,3027.79786966576
"201",2707.71449898547,2738.41189794705,2694.1934718849,3089.25278077716,6355.5380328941,2660.02853962496,2600.76085967226,2984.24445498064,6369.73326864958
"202",2701.30703294964,2727.34663638237,2548.3505434622,2737.21309379294,4813.76159066722,2619.66462256744,2451.01830676587,2634.57010994221,4599.47419603427
"203",2843.76891592637,2792.90336761154,2568.99136929882,2809.30720425807,5901.16912451892,2795.18623753833,2535.53093020414,2776.83448844936,6595.27826263387
"204",2705.07029429318,2750.6947915566,2655.93584252457,3079.15586302406,17192.6259013749,2621.14250167082,2536.54113278455,2954.61879767722,16111.3192222118
"205",2649.28246086601,2625.60918734772,2479.33369141811,2614.39929085153,3771.46897835934,2580.13028279275,2421.60065014435,2558.5637264258,3850.28562462121
"206",2846.56470363373,2850.67135676176,2677.52934639708,3091.65395467994,7480.09336989477,2794.06078659499,2603.99802983573,3021.83481662615,7801.97280117963
"207",2944.28841289564,2937.20250848315,2725.83417093418,3347.5454622468,16276.7358449442,2846.10582094037,2649.21653559166,3282.9523535599,16800.0544531183
"208",2437.90200535461,2364.08932997262,2355.25746075562,2713.11098606059,4683.88820430193,2383.84804418564,2370.92494988764,2766.00832455352,6048.28411895568
"209",3471.65929693086,3458.08627829401,2973.94372477875,3573.80851823192,26378.3695514595,3285.15412965998,2894.67590151947,3547.75681066989,25281.5477767675
"210",2617.1952470694,2679.15643948579,2419.37812991384,2993.38611480636,5131.7950583341,2548.00712577967,2312.03479626844,2859.15191958882,4779.74172841486
"211",2666.14888501989,2616.97852857065,2544.0825760803,2813.12390009603,4599.81059993889,2652.56153068439,2526.43325558748,2802.77507375972,5366.97107797654
"212",2978.37799901747,2949.11502015755,2715.03116560647,3111.17096572449,7969.48412222161,2882.8803361848,2656.54508348859,3058.42423470896,8444.01991486948
"213",2628.58042789696,2599.81529336492,2470.12543438948,2701.91535337468,4876.84511712723,2595.48347858589,2428.54065508286,2662.91304783371,5360.08718471055
"214",2585.84553796115,2659.0233098639,2717.66064311923,3200.04280938493,12014.4044646487,2496.29139023549,2568.61474819539,3065.06978832679,11086.5576181244
"215",2782.81545462212,2725.63989198865,2626.83782715769,3017.35450652841,10415.4246414621,2723.12283162161,2600.37404585438,3009.28374903097,12877.8904392319
"216",2800.47696721046,2781.66720709816,2604.92183821642,2906.43413096684,6847.55703109956,2716.38831492239,2547.35790114931,2865.32292184205,7040.48489744749
"217",2647.10945673639,2677.44054497997,2579.26040748509,2703.76722773214,3374.09756071847,2588.25836571446,2484.45955351047,2601.80529884231,3285.94709624217
"218",2723.88093702566,2710.60545852617,2349.88093254652,2476.47406381805,4015.50117031599,2649.94127444509,2269.6770961454,2390.46867374007,3938.04242655076
"219",2662.37577670436,2773.45207210126,2513.27111972065,2819.78631680044,5611.36625703069,2604.31950046101,2362.6057007295,2633.26378651804,4906.15159202097
"220",2610.95428677521,2608.56267567195,2365.17840166281,2484.32717614213,4392.69845862515,2568.56864133851,2307.48817780846,2425.83022129743,4593.81181114974
"221",3049.45846833009,3008.95252359402,2459.82069609093,2642.84995829237,6319.59730336798,2963.78697807416,2389.79903363481,2566.83483622425,6518.63700007556
"222",2629.03052759956,2381.0111157617,2288.01248618431,2423.25881685615,3025.95741473582,2560.99876590443,2347.05709887271,2505.67207538063,4327.65778986946
"223",2612.85035827184,2590.08184617733,2533.89077282757,2946.41314075146,6850.08504276281,2560.1090426699,2499.74460147709,2923.5122239592,7950.27836497345
"224",2687.39353535478,2820.06349843983,2786.25154936841,3703.62603275262,16457.3931680688,2621.89368387728,2592.61698560344,3460.57592722612,14501.6485081838
"225",3240.06408035183,3096.20429521163,2752.63616259206,3284.88575655162,17928.6190504549,3159.47559146872,2735.79109502503,3315.28304649679,21709.780059785
"226",3302.08721768938,3397.36321325785,2617.19374860841,2963.69876696958,10388.3168696823,3221.85020309434,2493.82061463697,2817.84380176409,9860.11982899008
"227",2633.74800859838,2633.87792070389,2306.32085895942,2442.80483530315,3800.98439628383,2586.42475879763,2242.1634270978,2376.93106778656,3795.66768255788
"228",2556.53678567774,2525.54885039788,2487.938858284,2817.87474695081,5687.78213525983,2498.81843815029,2456.42704151495,2820.25612785106,7071.8486920201
"229",2889.15101839253,3015.55461103732,2574.3410859197,2876.09757977389,11392.5426610205,2870.70959135499,2491.4152434688,2805.29542923406,11561.4056079055
"230",2670.51316288095,2672.06179900568,2618.11404880598,2880.90458034321,4694.6538745246,2608.19073516736,2557.47861098114,2838.39143999383,5051.55614783715
"231",2690.71907623327,2646.48598211288,2605.99511017658,3050.45824554388,9098.85099325317,2654.52782418814,2589.07176021164,3056.62916800791,10864.9705143815
"232",2608.97926466586,2581.43053145205,2706.05655575943,3720.25985651965,24959.21141015,2549.52021343955,2685.85020083865,3814.78819022416,30931.573543423
"233",2995.94540925184,3103.73038485988,3043.16569203449,3857.43445517627,48331.5395557504,2948.2175717585,2819.90742247405,3587.28853390943,46457.462835545
"234",2683.91488051956,2674.59090085211,2540.56119262807,2875.86285847491,5893.94973029567,2619.66262291364,2478.03399664793,2814.94039313711,6294.09199511633
"235",2843.97096196066,2961.51986292669,3151.11453384288,4208.88021652759,24167.1509996739,2735.15310615196,2939.88441701475,4115.32172223244,22851.7617835797
"236",2773.92605119244,2779.00870964398,2610.70376741366,2929.90147626628,9481.04566030105,2744.14871169648,2536.35026758291,2848.84163381121,10263.2497215978
"237",2752.66299346549,2738.43742297507,2383.82249003234,2523.31468524194,4175.9500615814,2698.65218232225,2309.30791088954,2440.78917197661,4167.74801645329
"238",2569.10284325724,2550.77547888595,2574.47646031997,3121.59985741256,8476.82420743762,2514.16351378364,2555.32949674172,3152.80758453608,10064.5276259512
"239",2646.54608730891,2623.85268733412,2597.95295732239,2988.00436066659,6651.39178037067,2566.86150973404,2546.64051507655,2949.21506169205,7095.0118161499
"240",2787.14012480498,2827.83900963783,2742.16976903779,3697.11637701896,18909.3361632747,2726.54435660736,2660.89165051129,3672.22841293923,20870.4337195844
"241",2972.84963129535,2888.242992881,2505.63049890451,2809.7879120105,9629.45340482094,2935.13960169482,2465.81248654451,2786.25363500421,12207.2971588887
"242",2750.00556441882,2691.36160249572,2445.6212647658,2835.22425758523,5004.33663249536,2696.03282530378,2409.58989227241,2823.74191997847,5497.40363374265
"243",2793.15695961621,2818.46233217071,2716.35390092275,3113.1991681991,7679.4800292133,2757.63243135667,2630.18871502056,3014.05420901687,8298.53423683451
"244",2659.12513451183,2646.87582350468,2591.77409126342,2951.85371825891,4681.7937189551,2612.30653771343,2544.41906335453,2931.03624447173,5335.9306815871
"245",2853.688477416,2731.316627889,2517.81760818132,2904.02527325233,6092.4498051547,2764.70715680884,2483.68881592304,2896.5188941313,7358.01041783476
"246",3095.25218575803,2840.20761168036,2718.83679188559,3249.54791332823,8314.94221638461,3054.24093508174,2806.31981256785,3405.51403005396,13473.5038288314
"247",2657.18998458977,2694.88028788036,2480.87610266055,2655.48192366049,3926.72574122035,2587.07900443349,2389.15288224587,2561.02751116876,3823.82654739511
"248",2540.4267767791,2427.94557153792,2309.63082198838,2503.54967150751,4535.45810532135,2483.01131818781,2309.36760990455,2516.95940393528,5994.26110052607
"249",2660.16541427143,2676.00992750161,2537.75402202012,2863.08043338125,6018.80267856932,2586.32939653793,2448.62759245055,2787.19576359865,6194.14480618509
"250",2671.17889281954,2741.35727966712,2866.35363625186,3782.88730771439,12019.3327626534,2680.96780043257,2849.42605087102,3807.8356399377,11125.5454720761
"251",2791.35951150396,2800.66685812628,2586.53030184511,2806.37657570063,4243.61235097655,2728.12603217882,2485.82740039664,2695.0825324894,4230.72254403869
"252",2627.83728354612,2636.72756406064,2599.13687817111,3001.31409945605,5715.92964691991,2553.35759313846,2512.56646676741,2926.3151407415,5893.13168778811
"253",2662.43692975401,2793.93405191699,3047.28527078419,4313.20361574238,112927.842818986,2593.49612721824,2807.83442061223,4067.46220500262,95816.7340318894
"254",2882.08921524464,2899.73581607713,2710.60749999054,3005.6506865156,7261.29363574671,2788.52529240242,2609.30997143982,2897.3361067315,6763.44119067222
"255",2676.93472331439,2686.21469304045,2676.28686648119,3147.51823391548,11633.384885286,2596.75967929531,2576.14729710903,3059.68560222089,12129.4711052683
"256",2556.4414579242,2573.2632014994,2513.48013788015,2856.94613575606,7007.23728490218,2501.27032216996,2434.7584070515,2764.44546062904,6515.88728009971
"257",3068.20435881174,2989.02135560378,2292.46007393252,2541.53734960078,6056.82899559109,3017.67284162073,2256.97824894278,2514.97820916198,6571.96702874379
"258",2716.46296412611,2723.25924785167,2697.53063924939,3126.61003168256,5110.26053972229,2678.93644125108,2636.69055635897,3069.23672597211,5492.75510329852
"259",2687.39533850506,2676.5102184502,2374.67784145776,2488.75570620344,3697.14666025193,2643.26860003007,2299.35774771491,2410.15095100483,3756.04397836285
"260",2846.08714616799,2789.38918189687,2671.17795459909,3076.19456897704,13847.3988579452,2752.36527288404,2617.68129603862,3034.21680218649,15322.8795889741
"261",2602.08977977772,2610.35767544085,2447.7379904959,2651.4359009393,4122.15965039176,2534.01705742513,2360.6544811998,2552.68196241318,4008.85038350608
"262",3222.72814270665,3106.55373088342,2961.57777211783,3769.64872435614,19675.3797287914,3223.0175845287,2953.93062739603,3836.06587597328,28674.6334998188
"263",2601.25301514621,2604.52942003914,2540.58377168666,3099.54898916329,8748.62074968393,2542.91639851912,2485.74543681099,3075.166185863,9364.95672655027
"264",3042.8936950721,2929.45420866412,2987.67357907417,3617.50446592448,14652.1609748155,2936.23899818045,2995.31570571169,3686.35299093336,19836.3572284335
"265",2951.02801720939,2968.02867614482,2466.41551283414,2637.96798867693,6490.34133147825,2822.92279198138,2364.13791856447,2535.41118584405,6166.43765306789
"266",3019.90421461267,2888.66714112927,2774.5421825662,3173.18185799779,19316.2852300045,2947.77979044183,2781.82014846879,3217.21863668904,27390.778588253
"267",2640.11242413179,2399.49968608272,2300.50890349652,2461.38640751482,3915.33844785295,2590.35451362231,2393.85968277608,2621.79295551709,7446.8505449043
"268",2979.46026772535,2880.11250545756,2889.16380498403,3734.63771592103,17497.2602672623,2916.80877303339,2893.22444174192,3814.7888907852,22656.5605452136
"269",2645.30091715936,2674.19853733846,2652.92801317455,3273.5148234777,12833.1678813271,2604.24846338019,2541.87905311575,3139.92047673896,12784.920214405
"270",2669.35775251487,2617.79056602788,2598.66035317285,2981.82398403873,7940.96865505936,2585.34018444527,2557.99150144205,2949.9695238728,8785.6652294913
"271",2733.92011027899,2776.74238858368,2560.93232084603,2842.3971973201,5403.87274461346,2679.7087616867,2477.75898918941,2765.31322262293,5463.72419373238
"272",2889.38092964263,2767.36554137583,2430.20970489304,2607.82515659339,4468.95349920053,2762.62172057715,2390.1229004885,2573.90788321179,4921.2784940028
"273",2903.71143710579,2790.94331401426,2887.08212086452,3614.8186503632,8988.0242844198,2830.27798191221,2912.37919189303,3678.34572748625,11726.5803897284
"274",2855.47525299306,2809.56037311866,2563.20558658339,2800.2813902417,5040.46613168034,2776.25565368268,2515.17070147294,2762.64192394166,5433.41472319563
"275",2911.71498368967,2788.2324956118,2410.30207874767,2846.69471449549,5493.81986685699,2832.02051650511,2368.59561174095,2838.80326945117,6177.62875548768
"276",3101.60804839083,3183.19717421831,2978.38107316224,3514.53421781759,12964.5690497728,3065.54788835902,2793.65724921127,3327.74844926602,13104.9528256774
"277",2670.03341412015,2713.77493205191,2592.62050157337,3061.1702726854,11851.4042388192,2585.86785503221,2465.07487296404,2952.41954821465,11450.3353074755
"278",2665.87723970354,2705.24421808104,2624.2566313643,2952.36866913012,7117.0566010507,2612.86781480755,2519.21964101624,2836.31443844501,6911.13725497479
"279",2688.32475905155,2625.53598809757,2545.27873544388,2901.34165390596,6825.77736148188,2644.07345317126,2559.96055382367,2909.90867754661,7232.70176141909
"280",2674.32996561551,2672.26909608944,2561.99649897269,2823.42071829897,4556.07171571408,2603.32807550246,2482.24822238922,2735.61908294788,4550.64957148649
"281",3006.61279080773,2918.77444312533,2439.35045197346,2656.20805144502,5251.55060186138,2922.95187874716,2419.51765642932,2638.31921881934,5617.22029044421
"282",2709.81947597423,2690.00471717039,2716.48972445487,3123.41473154587,6969.7175971054,2635.83440005325,2654.20562079479,3079.14607759341,7403.91011564811
"283",2744.54624694383,2656.07468498514,2442.39954427943,2623.42863516615,4738.38810261495,2687.7362913895,2410.72050449492,2594.96215812821,5493.80424158446
"284",2820.66224869199,2667.23237370096,2453.05669701792,2896.66365865836,12246.7466575579,2833.91090864899,2541.27415502943,3069.43517624586,20543.006989025
"285",2745.45891822553,2712.76285964891,2550.45959143205,2758.31162219066,3984.0101923694,2703.86508695233,2495.42886832847,2694.87421571285,4074.46240386742
"286",2834.13630530236,2701.14947795591,2403.73508626906,2604.7845475562,4341.91180093037,2774.13975212909,2362.37546783087,2566.29425238948,4833.03741914983
"287",2816.2999315601,2743.33484269482,2576.89032246194,2855.90279209896,7867.96201435864,2768.99136476183,2549.79153593222,2828.23987589551,9009.71327713458
"288",3467.02454854807,3139.63450237561,2803.85037889079,3093.76126917773,6998.75003787186,3269.77984372648,2783.5874410997,3093.40084779997,8343.82577686013
"289",2690.29449618975,2706.76467389238,2584.39071688366,2951.64984130542,10165.0081987322,2595.2687444653,2501.70817837232,2873.64681627873,9996.80219456357
"290",2790.4193015986,2822.32519630609,2900.41983723105,3699.8485311037,13631.8206863748,2731.51311454499,2791.21890696973,3580.66117963805,13394.6443110608
"291",2748.15895220731,2781.95040386907,2791.82219855598,3224.011133718,6156.98602289014,2708.2722819837,2704.95085876802,3138.95328597699,6061.47232600517
"292",2875.38487808322,2851.73842761744,2382.41448582948,2520.37484741013,4696.99630812867,2814.82682250723,2308.09795446699,2446.39967914896,4891.73229293238
"293",2831.24967569225,3497.262870085,3340.93684620253,4138.74827945228,12645.24786691,2724.32918917166,2638.93193391935,3369.38003129538,7993.43683976916
"294",2812.69093166443,2803.22053729088,2775.69528056811,3570.96061083571,34314.269467609,2683.32814265754,2679.86474981432,3600.86092999055,43159.4299989242
"295",2756.29701793909,2649.82992609039,2676.28260906779,2989.5803287506,4832.14654088948,2694.90238428146,2725.09358722008,3055.43387494555,5688.0268778815
"296",2636.29171930828,2605.60616502052,2595.62057375144,3013.73918190044,6329.46437940648,2583.56629282532,2572.54739299672,3032.06937188327,7587.3195225529
"297",2926.06695836015,2819.63946539873,2668.62508935811,3046.04081212491,13205.9354797474,2909.20814830202,2714.56629298054,3108.86593757478,16506.9345825066
"298",2662.97931463356,2599.1968779371,2447.22951009701,2670.01405348452,4647.80633168464,2607.48268446032,2418.5835173285,2646.44191186963,5181.95101302528
"299",3215.27343461179,3262.43473121803,3115.02059746924,3887.33256821284,17941.353770652,3130.85027971641,2996.11133899915,3778.77508603127,18530.2541931558
"300",2925.40102736814,2886.86431858915,2556.74548075587,2806.23410774441,9304.3824347024,2864.07505423927,2532.13588359924,2789.14905626286,9955.31551476077
"301",2730.18988981398,2751.44775027948,2853.0008315162,3653.7570908299,27102.8200829251,2648.00102889357,2745.11623349749,3559.93193061962,27688.5030551065
"302",2654.69036040702,2635.02018154713,2530.36871955928,2766.21865172134,4756.32531819209,2603.09977308199,2488.53469083873,2733.43006869509,5175.32363635893
"303",2677.21330192314,2664.69373846022,2679.32816785784,3326.72694738814,12733.4833744973,2637.17532687266,2658.54063942076,3306.34568344659,13387.495028249
"304",2759.51704510997,2733.13917382076,2428.41671121547,2682.38005617856,3845.84261335072,2733.02130560503,2362.59776357656,2612.58113078853,3984.36212830827
"305",2678.64079537425,2623.55036820326,2625.50946811885,3219.40765186685,15500.3545466874,2661.40550942994,2610.11116988667,3199.47860060001,18762.4104632274
"306",3174.3362729208,3018.39952245438,3120.13050658682,3858.42505556218,24392.1040705549,3100.31982714983,3193.44110021495,3931.596975751,32033.7375268359
"307",2696.92472025534,2723.28223963378,2570.27892263117,2814.00169114015,4611.05514299411,2634.97271936566,2484.24504728492,2718.66453786939,4470.97549655471
"308",2940.32417154401,2795.43919451145,3014.69958046367,4390.68446721347,21595.074753657,2870.69503821463,3064.26876219013,4595.45916069387,31391.877526226
"309",2581.19197700515,2626.88286291242,2622.60398243046,2966.36395994472,9842.33192182767,2521.24344513169,2529.94402786891,2887.35022888995,10170.5863213851
"310",2888.96728386336,2868.66397640655,2825.16511501152,3270.90947299186,19874.5092566257,2836.05799312838,2767.62315011946,3207.85884244165,22514.4329174097
"311",2605.70994210095,2614.55209520623,2549.80512853094,2846.13232307386,7135.8784927759,2550.60998832967,2485.64257015195,2795.64958145453,8090.1366373418
"312",3171.82356226971,3136.59335239802,2952.66039008029,3636.24162438104,10991.869066903,3218.01718908626,2989.27358065146,3763.0424855328,14748.1603229396
"313",2753.22631658246,2748.38145160548,2472.7627029062,2656.8202334175,4663.63496449632,2682.09058641127,2397.58491064253,2584.61115515142,4610.25189308591
"314",2938.28789913943,2807.90772735462,2610.13648842812,3056.29647356714,14390.0140276141,2956.80794124016,2651.54968236013,3121.06849020038,19692.2983400832
"315",2588.72777135831,2424.54490467055,2372.44195611078,2672.67034084551,4868.99550565722,2535.62837274934,2419.68225170924,2755.75363154912,7362.5083237244
"316",3584.61602787035,3288.72719084301,2863.24987790195,3301.65846773388,13676.4225172198,3657.31928308093,2926.79867439243,3403.78063391129,21227.7068592773
"317",4109.22737635472,4217.10019282051,3396.11140286522,4061.53111910495,44536.2177414496,3993.49130602116,3266.92938603206,3949.29043310576,40463.6521578543
"318",2573.80614995489,2657.61296238905,2662.65203187788,3134.99664327544,13012.3108365763,2516.24086305794,2525.87233548864,3009.09329541055,11827.4565360208
"319",2508.76543247652,2409.94562635723,2397.68011824226,2923.34880346142,7459.22364604677,2477.12325865125,2439.60373340058,3015.12833881557,10579.3999109772
"320",3044.43397835498,3074.81616452986,3163.41318130241,3753.41726085874,23802.6344783199,2940.09252568239,3029.13724415784,3659.44955929274,24784.7948028351
"321",2902.02479587697,3073.00742694117,3220.51207909707,4225.202361185,39719.5170819871,2823.66064356475,2975.66524282627,4049.11058476611,37148.9843211616
"322",2652.72078038845,2589.72421606078,2317.45485992367,2528.67364055351,5406.72089471462,2561.38729958396,2260.52190826863,2474.23917853676,5967.08359145032
"323",3064.33029183263,2865.07121079648,3025.94372563011,3706.59979110813,33565.4346963083,3065.06654291452,3212.3099357935,3898.7868132903,51554.2648730483
"324",2647.90655291236,2617.48483390547,2546.51236273345,3099.12210607275,16313.7918283805,2674.61405235631,2560.11251031783,3155.54874966013,21920.5323539498
"325",2899.49548359012,2863.64095987218,2939.8531566229,3600.21572814597,18469.2150360573,2849.86056578802,2945.95144092259,3630.02882568718,21812.8584530624
"326",3048.06816503504,2940.70656654699,3000.09238030269,3788.81348371599,18746.4863050293,2966.88614005356,3054.86799046332,3965.67850889403,29695.4966067042
"327",2727.80759244609,2739.79361738712,2609.7884803346,3021.30066588045,7536.63517977264,2613.59669297889,2502.70216042391,2927.56559168115,7736.24648615762
"328",2709.50196934078,2702.0537370288,2554.92492561643,2954.48742214242,15393.0666395605,2648.24710245071,2486.60822230267,2880.48614423362,16255.7931956737
"329",2795.13525814855,2913.46945042109,3109.46832434971,4813.96753046903,40525.169477194,2738.48723615649,2886.83495634002,4526.80696216208,35776.9914705613
"330",2780.41412464083,2870.81402016743,2595.16748612683,2882.89782704686,6118.1842708685,2725.79311534927,2483.95605886462,2780.89859733528,6041.97525446123
"331",2751.16861464688,2734.85931422639,2866.20123500824,3719.4542694341,11036.3642186832,2662.3771035449,2791.29180648682,3681.4782076175,11503.4568766174
"332",2667.4903448846,2678.86484388405,2413.0827314746,2526.38442269302,3389.16507918622,2595.96459871189,2318.91366886098,2425.07502703547,3298.53521059782
"333",2746.9020562837,2806.09239088277,2594.14203242435,2899.86327085736,10729.830430186,2675.93572846231,2484.51800969552,2789.17602625119,9815.84574853155
"334",2627.46829549559,2534.55125022402,2420.76321813505,2580.68087898223,3314.10634979237,2589.70487325578,2400.82491281197,2567.31544070689,3772.67924153296
"335",2671.28177213608,2644.79682375454,2270.82155561028,2430.6382473416,4198.91091063262,2624.79835422992,2195.09039980291,2347.13072872368,4217.45424204417
"336",2704.23413651683,2684.92946121625,2424.80874667439,2735.98097786169,6692.16122001158,2606.87818387936,2351.93404217966,2674.48335717038,7010.01203757428
"337",2985.13509417173,3024.75745270712,2461.76348550554,2604.53442345204,6011.31053887753,2877.85329085658,2363.54252490912,2506.76192424823,5754.7413333917
"338",2543.46692787852,2529.30894328941,2401.67730934249,2652.02876987592,4552.2397705642,2483.24695433663,2340.24546044113,2599.41313816967,4889.16050513873
"339",2663.94802666641,2632.36930370958,2525.485728699,2990.8638560549,10054.5538923034,2616.46965476476,2484.89763049463,2969.11552048876,11530.1769894676
"340",2784.45721297238,2707.27447016206,2824.99629330956,3315.45234270079,14505.3624710836,2709.60234259677,2861.64325893873,3380.2716419172,19696.7621335915
"341",2928.19692223176,2885.26659947935,2548.66712632393,2734.01529159163,5351.21871574934,2858.970299091,2493.3187210378,2674.1620876566,5689.71233489639
"342",2824.33264402622,2788.74431297073,2524.5447903662,2819.74668457253,5140.68701566493,2766.70938330045,2467.21023033735,2760.99334065271,5489.06297170889
"343",2951.71998622597,3100.45164671694,3400.95201423931,4283.26594197544,84605.7850541419,2867.56790055344,3161.64303832923,4053.67732333838,75368.5571275766
"344",2612.04508507718,2623.61805935147,2535.35987283396,2743.48676601293,4587.93006568407,2557.85087910653,2462.47351525792,2673.17905396815,4660.52538934833
"345",2652.2788273602,2696.08050709921,2472.78453014111,2721.46548168286,3995.69723549191,2571.05482856923,2358.07447508159,2593.32771744563,3777.28289691753
"346",2977.92135119269,2904.76896879188,2614.03191090027,2886.47621840621,8514.67063811571,2904.19962823088,2551.62819784516,2820.26795566332,9619.6819679002
"347",2727.33936102512,2735.34414472142,2587.40687394315,2989.82847222639,11581.2234171789,2665.22908915928,2520.7043453001,2934.91696139737,12176.3867709946
"348",2589.09459114118,2589.61362785463,2409.13376186364,2635.17460007596,6190.63141270445,2526.28326773673,2341.24782573194,2571.64644939349,6562.94828696927
"349",2680.10959697517,2786.62731007671,2827.60253176469,3635.10175209309,21246.180127018,2608.8776523945,2645.87560656582,3479.2418052853,20607.5191724725
"350",2726.2555592304,2829.32171203402,2857.2355186948,3605.06031630397,10008.577845636,2652.15658175146,2695.78907278703,3458.28326479471,9208.53019780425
"351",2522.72386755899,2571.09658877451,2479.25402036747,2924.5840274082,8386.53041898119,2468.76671274003,2357.62023985203,2797.70833883381,7902.69022377507
"352",2627.73742617988,2644.69272749355,2686.82268362485,3307.29227394638,11978.0504853947,2577.74500032218,2614.78556919638,3240.63384065618,12081.8457055177
"353",2584.79047556457,2623.13022317247,2622.35953106858,3019.10986113954,5986.55683578509,2516.71891386194,2515.94500932427,2909.25948566967,5792.71070166099
"354",3041.02220702772,2962.5413340459,2539.57202508815,2823.22427770391,5768.67400767561,2980.72864081481,2477.27259843024,2771.54305592985,6658.35762409805
"355",3552.04882965977,3489.84094986921,2786.82632924025,3191.8613758551,7916.21142348332,3519.45517722539,2727.54188353476,3133.4181314097,8395.85973508007
"356",3263.23202196291,3367.37270499808,3211.78048314745,3802.50388616742,14039.3114743379,3174.76054417281,3060.83428393925,3666.28087564929,12905.6267063803
"357",2755.40328162336,2610.07757783031,2711.99822932272,3453.13117578004,24638.9295406558,2708.80288106564,2849.487474444,3678.51355190788,41685.2027005172
"358",2605.10335491255,2626.97282519906,2506.07190213841,2808.7815463836,7159.54655156551,2532.5727853138,2408.14077257739,2700.60460315713,6649.48754698533
"359",2648.30367167599,2677.51541118546,2714.38511138147,3406.6282994486,11509.4867111271,2575.11120919461,2617.55884310009,3325.85310389058,11648.015101686
"360",2689.46543521695,2670.79064467885,2559.50050287268,2827.59377284553,4706.00052468408,2624.30580702865,2486.09470776882,2745.54496070723,4788.68168293271
"361",2867.74359959778,2836.4099159284,2656.04914638238,3134.02748528634,9830.83435152304,2829.56657073789,2603.86230251042,3104.65978214504,11247.3577502246
"362",2570.79150446948,2543.55701018499,2389.07330909762,2570.21137869488,4937.85326872024,2514.85214475474,2345.00110612936,2534.73421585338,5398.7462321871
"363",2733.18230222562,2767.45437757874,2488.04030824986,2820.32366846695,4527.55677240175,2692.42563360648,2392.60816858858,2701.1303219995,4358.49271210879
"364",2559.80743790387,2524.7014837957,2488.09526477684,2905.87763868874,8853.86598117244,2480.44506429919,2438.86984622639,2882.69579623008,10523.8171953154
"365",2575.09019193404,2621.61956385105,2581.53990140906,2998.82641367268,6067.11967765504,2507.49093175464,2474.1906817821,2867.38209905211,5486.12699129589
"366",2692.84123686931,2611.36752526391,2437.33491265343,2839.41023132802,5175.41157634124,2632.69377290719,2407.04141973677,2825.99813566943,5949.36026088314
"367",3023.81279643879,2980.80100559959,3297.70287074321,4611.72708059182,42796.585864081,2981.73856491385,3333.70412552875,4760.54178349193,54362.4343696914
"368",2519.44422187169,2531.38439692377,2485.76880247112,2872.5501010074,5518.04718285719,2468.80179084095,2431.70374951654,2826.67648223328,5770.73543335089
"369",2752.42504003333,2715.6584927564,2480.94370279301,2633.70855065016,5120.25719919756,2718.91469456516,2435.25885733752,2587.50350855313,5530.319240431
"370",2672.31465822119,2764.89680604757,2650.65348391459,3070.17767381134,8296.61743166539,2620.41067343909,2517.53846083813,2906.10437551375,7487.42889552599
"371",2551.85880707525,2551.78296365739,2525.11222551242,2853.39669204047,5059.18528619753,2507.25523870194,2478.16850280965,2827.81590091113,5437.58870570479
"372",2598.63805054923,2679.4180198174,2874.62170104052,3759.74228724204,9743.50670007405,2497.28480357785,2637.15455308854,3493.63735888016,9007.65549089363
"373",2589.88161419882,2631.43071668306,2518.44294148244,2894.96969060082,7385.44192165343,2548.21588689224,2435.76142928239,2798.38223081797,7041.01742360314
"374",2860.0571326805,2594.12664484157,2460.80777750171,2752.66633438991,5182.56992801972,2820.76401488146,2517.01526439848,2815.70911559792,7702.99685782881
"375",2888.75741024074,2909.37631462574,2678.09231211035,2953.62462470339,9785.11204594359,2813.85531103425,2606.24970403246,2898.61873178416,10421.539934315
"376",3482.07284477603,3592.07695000845,3398.66713847148,4108.76266267917,25304.39737784,3356.09227625155,3209.76759632693,3952.79024015018,24006.4311195171
"377",2764.48439834203,2707.54247480659,2578.96178684164,3075.69923333517,7305.74374513635,2715.53607064255,2566.88024456474,3114.9049039018,8604.80969487034
"378",2752.26656428322,2740.02243955511,2586.18988219423,2873.60466367398,4922.92140850617,2678.57838324622,2522.4955004386,2811.70793773317,4894.12482024601
"379",2634.18518924684,2666.45332088523,2700.61886768507,3360.92054057989,6734.91163559692,2558.36894553121,2582.00587213198,3223.66278572704,6655.14742977778
"380",2611.16523923658,2607.97052438812,2258.70886254026,2478.0833949707,3989.26217092773,2514.32377733001,2174.99165718284,2382.86364863133,3863.94906053385
"381",2679.33624250596,2761.0706849108,2687.82468460718,3182.99906996841,7456.12498251645,2556.61943371603,2544.08742601731,3070.06014554192,6898.58294888891
"382",2668.47753228686,2635.69515178648,2609.17130235804,3079.57558477267,5882.7900110119,2619.82691051365,2586.76151137828,3132.58509084352,7305.84404367731
"383",2659.31723291287,2656.34629739902,2390.67478261038,2582.7073898001,4519.79627639678,2610.69677043538,2319.61863099541,2509.52322109622,4555.95013317099
"384",2909.62673122214,2938.44449032372,2886.0408504152,3303.49319067077,6653.52769070957,2848.24641400281,2842.12239758907,3304.4595643626,7076.4546613052
"385",2465.55334413369,2380.58398585577,2325.26438479902,2707.02206508601,6837.53194582785,2413.18693464121,2311.82961189302,2697.4641183602,8216.67254119671
"386",2625.09242014468,2685.35240612402,2467.86508916033,2692.34344379581,7560.54600316341,2574.88895687668,2372.89774101595,2590.30738052458,7146.91244763377
"387",2580.87035283173,2609.39785706034,2469.00924265571,2662.6809854369,3723.82966903502,2518.98751113815,2373.75896417849,2556.36539907275,3629.94637787867
"388",2665.48534725993,2702.52636121468,2510.68105029697,2735.99247004757,5352.58261900528,2617.58795387589,2411.96692283905,2616.49567600296,4955.76583915608
"389",2584.52164890114,2662.28903679806,2752.07249251084,3670.53506434656,22458.5669234227,2525.32956002094,2600.57254874461,3508.72960171562,20759.8142860965
"390",2765.67667908443,2747.86979140181,2712.51308569914,3053.32778644162,7810.84518427002,2711.85275332082,2658.38385834518,3000.25670862076,8260.63401428489
"391",3500.21416472778,3372.72940643995,2599.00480180831,2890.81772474568,12034.1012095839,3388.63106345007,2555.60174246668,2863.09576629555,14105.7623279691
"392",2766.68509930884,2702.75878439708,2670.12604294485,3096.67347092119,14305.0887224045,2753.54666381698,2653.6013750207,3058.01298488986,16429.7653764941
"393",2583.1001969221,2634.00147629169,2528.12937878673,2753.18705561008,4086.71563298077,2525.788910338,2425.36881173019,2646.19361072376,3876.34412072746
"394",3157.80746287662,3132.18367836467,2911.60895590342,3532.29636222922,22578.703456286,3074.09710243664,2841.4364531845,3509.49282285497,28114.9503775492
"395",2785.39505422113,2689.9299686334,2734.41772016906,3062.78319641397,4975.88526492213,2722.23676438079,2781.12429694578,3128.4885084112,5782.37194974477
"396",2967.48377762817,2705.93725899491,2590.51834332092,3032.51539720088,6504.32478010095,2925.40463241454,2762.42390053058,3277.46850746312,10379.7757773499
"397",2712.81684377458,2633.9016342018,2675.25983398113,3078.71022945412,9039.15737169569,2669.22818743722,2680.2522881659,3074.21509638397,10322.0727222855
"398",2643.32353815413,2614.76902852122,2511.29155873624,2787.40320583635,7686.52748018266,2577.75474944484,2458.61692782208,2730.50745548746,8105.78151075856
"399",2545.90689029922,2532.55867112445,2485.92768879427,2747.36119696248,4453.57169662895,2473.29034841419,2419.02531680158,2686.1542155864,4883.22023744242
"400",2718.59467424857,2622.02498044503,2510.81471714211,2957.05331929639,12980.9671842608,2701.68647863638,2541.64141278761,3029.71759449791,17111.6785786261
"401",2659.25076754771,2633.23790622901,2425.05398633849,2572.63898544852,4021.38690402183,2611.86184796012,2364.16317786424,2508.67558485791,4201.05457114061
"402",2526.46132851036,2548.06556107838,2511.69929768829,2820.13733204233,3855.84513419759,2467.73061390609,2430.91965864426,2749.64352716,3970.60807972802
"403",2830.83193320298,2864.65501249159,2726.97537070335,3124.34526824274,11611.0678405644,2761.18041288348,2641.03127201582,3054.42868121534,11985.3982011574
"404",3317.98755563078,3052.23734127834,2979.17382597714,3568.05008070443,27570.9558236482,3377.67883080062,3111.97215644189,3701.40244541791,49307.6907412609
"405",2717.58359800093,2751.02901134658,2786.98391905512,3684.35548014583,8624.95816989404,2714.09947372517,2730.31218241115,3677.27793519153,9560.31798725475
"406",2981.27406156236,2946.03067789378,2571.40033344093,2824.47863250986,4809.72598487668,2911.50898522339,2504.07612935339,2760.65479255594,4886.83570235357
"407",2664.74637249778,2584.07972933958,2509.6657108244,3055.8573750747,10008.8585221245,2624.24148239963,2507.75466217373,3085.51291789232,13178.6524285683
"408",2902.19878022871,2718.54617189926,2620.84983741977,2959.61674503467,7683.80090895992,2835.53428432831,2641.98719690936,2998.2431194459,11442.1666289372
"409",2653.35228534521,2673.45975787939,2745.61077608874,3366.82964678644,10120.0184999247,2606.91688232415,2678.70973204049,3306.1304765404,10268.8819708362
"410",2931.45988056453,2902.39229706191,2779.57664155118,3182.37865400451,5720.34905183288,2840.25639413491,2704.71215576569,3110.67126301634,5939.884619621
"411",2534.43257148159,2516.10754745871,2412.59491495398,2626.51136794199,4442.96769752711,2476.72831707207,2353.13977054523,2573.92965189859,4727.79333907265
"412",2705.92804675981,2686.15414380489,2529.14863161608,2813.29652846035,4693.93720490783,2632.28362131353,2464.62804737115,2754.18798388508,4692.62873094265
"413",2795.44656004141,2730.26257402249,2438.16203149122,2562.35464609227,3960.96136879109,2739.01608709049,2388.62662353831,2510.3854819587,4117.12635461337
"414",2763.32650733324,2682.77695765431,2713.55738155166,3334.26818176392,11539.6967682351,2673.08855892984,2688.56822441001,3324.30105785509,14822.1562470924
"415",3009.21476284063,2975.58352381675,2379.31760581732,2588.62115987502,6574.21975264438,2983.71086756504,2317.67144457648,2513.31758770275,6525.03098161236
"416",3019.71785010962,2963.84419506367,2483.61909998961,2703.33777728234,7224.06199874433,2971.98168968077,2413.83609447171,2633.31918778716,7552.74665889723
"417",2736.61081136167,2717.84851991052,2518.02785584818,2687.25356768669,5172.6312150766,2661.57813463797,2443.90367361558,2611.04901951875,5306.65851855173
"418",3035.51701260071,2984.90597092863,3191.92970243514,4049.23972597321,15321.5071510469,3014.00028178008,3203.687778223,4115.25921269607,20092.3090596206
"419",2766.16855523064,2617.80125897297,2524.40547667432,2866.70934855139,6584.59619645305,2700.58612493764,2544.40309833041,2913.78291273322,8682.82053166325
"420",2849.37307587615,2716.77522227596,2558.08183069812,2878.19555079589,6560.50829566832,2779.50320479271,2551.30040924771,2899.35202972733,8324.95138235986
"421",2489.43053612702,2508.56849802728,2490.4170507768,2831.25248167082,4496.21541136938,2428.91634783919,2411.93304693356,2758.03990748448,4564.22123590263
"422",2607.95751910184,2673.49942944558,2566.96828874153,2922.03415702047,7956.80582137623,2530.32535851617,2434.7343388061,2786.83521517241,7337.88793424904
"423",2976.20384022321,2998.32647647749,2549.52310946418,2851.52430380759,4879.31795794225,2916.58070004702,2434.58927379886,2725.6875331005,4722.55434947079
"424",2975.86566756443,2985.70489896758,2390.4202486753,2546.07992810198,4416.17321873873,2881.9061634994,2301.94684902311,2456.37808953531,4215.06126291485
"425",3054.81572399914,3087.73422058796,2688.83888364748,3033.46882738946,8789.22477765166,2966.71650546102,2592.60797122015,2949.0717633016,9023.49130018227
"426",2867.04861383788,2918.42125498587,3036.2236103211,4056.75561380731,26119.3244935852,2829.05181185071,2938.18970877088,4009.51200705296,30048.7122606496
"427",2626.56692407792,2659.05611719892,2529.71920380183,2712.57980101695,4108.18415828132,2564.35301218134,2438.93991186978,2617.70830952628,3888.06768523332
"428",2579.46927085697,2550.86414918547,2405.43852616132,2569.53332753443,3472.08994914826,2519.57841355807,2343.24161519969,2504.8025604088,3535.18512148559
"429",2623.63451816022,2622.44702862972,2751.36655251629,3549.57303320693,11459.405412498,2546.67059707103,2704.39984226905,3535.67783930692,12223.3188154695
"430",2687.94832624064,2688.75768995421,2494.63652549668,2674.41393806503,4081.83209538788,2621.61541947079,2411.20810085777,2581.31292846109,3939.48444095787
"431",2708.51671677613,2794.56543098384,2880.83429573991,3579.13650805275,13256.9080814202,2671.44984204559,2735.22992999752,3445.5185343731,12836.7172166653
"432",2580.37524014453,2578.51730007976,2387.25365235619,2679.4369156464,5377.54699832239,2510.66428868252,2302.54413838346,2600.72148906238,5644.05865929521
"433",2581.79711933696,2613.12139910078,2413.37118999088,2562.17530009755,3560.05171599791,2531.64913004926,2319.75430505279,2459.02793989903,3495.21514639878
"434",2778.43678802389,2794.49595549718,2748.5323408784,3256.26276728042,16834.7629920245,2701.44192862788,2666.85728650149,3217.55982416639,19372.0448848245
"435",3333.72748307962,3243.8457642254,2874.82635026007,3297.05585564654,16587.0807278725,3249.28161557313,2817.43764329733,3263.43505813715,19784.8992955007
"436",2814.19236211675,2743.53072777474,2554.10369559724,2786.30702995697,5220.23273944674,2734.95039583588,2481.00536965066,2720.92847456937,6169.72276621109
"437",2584.67035821975,2484.79336027646,2494.66927518547,3155.52135640964,9483.62480910943,2504.12903598651,2540.33416288486,3401.9935311304,17085.2437791221
"438",2935.566271146,2990.50419299523,2483.97221793005,2600.97475795916,4650.95183450856,2850.04443418426,2389.68733971479,2503.97841927133,4402.63719267504
"439",2602.26405463761,2592.82144175845,2532.34249180793,2918.27887968849,8814.43353475034,2558.11509785011,2485.57700896242,2878.40307988442,9625.96071088035
"440",3132.34329551707,3099.17464657344,2875.88424517122,3474.38192013853,23693.7121961372,3098.34560272625,2819.42719846239,3432.25559332886,27665.0235045444
"441",2850.77069049586,2940.2818474271,2783.71730041537,3120.70959394264,13604.2934418172,2807.4008554871,2676.23721940929,3006.8710796815,12784.4526048706
"442",2762.7036820817,2736.09961006707,2708.26139814557,3385.25934243945,23724.6421933246,2682.95771636905,2645.43567329133,3322.43218327897,24502.9741985338
"443",2769.77480374818,2740.90861166489,2792.13138283553,3484.67337934894,10671.5514723298,2702.6099796426,2742.03857552154,3460.60851988394,12170.8126139058
"444",3292.07577573555,3107.9867762423,2954.117607337,3519.23526967772,12990.3479947572,3283.26558804367,3009.08539139407,3594.49106040137,17540.012325148
"445",2735.20923124752,2739.32796225697,2476.6050107384,2637.78785455322,5423.83908114641,2661.12623470059,2397.19192929685,2556.23442148545,5537.07655318147
"446",2613.60844560905,2625.5307825483,2611.34913666754,3086.85806894611,8376.47558216089,2543.74265324843,2527.69861450443,3011.0036820617,8568.4083149337
"447",2835.36016827962,2923.20809670008,3425.71048249376,5722.05316241452,236591.25566006,2799.35054026352,3283.14621995134,5592.49843264437,214486.984816614
"448",2659.40368920125,2603.80750793409,2457.32597425112,2573.06730156829,3327.96687640074,2593.37269839211,2413.98075518592,2535.96075424812,3518.52076545641
"449",2554.44669197125,2585.05720165159,2511.55657268934,2732.40473609472,4179.67517841736,2495.32680201857,2424.63687267328,2642.60449567389,4021.18126597037
"450",2655.99897147278,2735.97703285878,2766.28263693958,3289.75152987779,7175.64767350694,2593.35013099037,2623.76824431413,3142.13152843129,6757.18103358242
"451",2862.84163567752,2826.25040974378,2943.27865243319,3702.08009324362,14624.3694285997,2767.35136567143,2899.71606453696,3733.90855530378,18515.7324883284
"452",2795.03941016363,2785.43197042864,2777.75197537005,3194.04242770455,11047.0513049262,2721.07173466886,2713.92826444555,3131.63428156159,11189.0449435583
"453",2603.50615064612,2615.01533564837,2559.09171112461,2806.16432595322,4483.66085533981,2547.34544863939,2492.74921894254,2749.48828582785,4617.45496009865
"454",2531.29835942089,2438.86649778763,2298.04837533624,2446.46297081142,3381.43568674294,2468.33675063892,2259.39267249001,2402.97298270483,3729.77406052198
"455",2606.64725653034,2556.06394369851,2388.08119025811,2834.90424964376,5396.91005344083,2558.27717221973,2369.52170577977,2853.06297566352,6196.78416425616
"456",2749.6594931173,2736.35404680512,2542.01500850205,2744.93935745718,5509.45297883389,2665.85537546893,2481.34969761988,2696.9811110908,5772.49287230145
"457",2804.3105155642,2794.18072437773,2707.7222208312,3171.03317592772,21276.396244105,2746.63010511822,2646.17298220707,3132.59878600206,25356.73885348
"458",2606.48761460907,2619.1883499727,2542.9169554902,2743.0673007299,3544.60320263945,2549.60743769453,2473.4688233577,2678.71990856871,3587.1444435793
"459",2520.39520802965,2569.65187494745,2572.01509838647,3002.19189367872,5835.32155553998,2462.34397504665,2460.67039794531,2878.92889466519,5339.24288641218
"460",2544.78903558454,2590.53503035365,2457.24973443243,2714.62520087722,5964.15480188304,2445.93507103358,2348.9883228799,2614.60382328946,5513.68613181239
"461",2729.02715798202,2733.42291792882,2773.06673265074,3387.20325625379,16808.3874226252,2665.95926713398,2695.78372742317,3312.35085972717,17186.2684529491
"462",2646.95301717274,2632.19185404521,2477.0023708089,2625.11307208158,3534.77616995552,2603.25449734561,2414.61804446982,2566.01342527041,3681.61001210033
"463",2677.62759810633,2651.19857909143,2600.88965667791,3215.08039379251,12824.8106695667,2633.94171129768,2580.67565835816,3256.53362417715,15952.5806165993
"464",2805.51427075727,2644.51201518702,2583.17325030125,3152.88954450412,11566.2173355049,2757.11103510611,2669.75152801295,3335.73578917899,16560.7021372106
"465",2594.8492425734,2483.49508045548,2509.55406723774,2814.90779024249,4343.94952862597,2549.25172079699,2610.18466547348,2941.68773196639,5871.7718431469
"466",2709.9745886977,2500.26803279954,2200.12067981105,2385.5505439777,4920.18605231429,2626.76184798339,2194.6784625799,2384.91979775463,6417.92462699218
"467",2642.4761371005,2655.71914429161,2574.63247806527,2786.47764365669,5452.0509224992,2575.10024338296,2499.80446251652,2720.05655747214,5674.33829653385
"468",2662.09769924916,2685.26457350576,2780.25387787372,3561.1189448557,25205.9480973423,2629.95482877097,2730.24510574146,3528.86162288799,27888.5749816373
"469",2842.42715107552,2822.07961617616,2697.99036630058,2987.0547617344,4370.36196536491,2786.23756308713,2606.77005883892,2893.44448362827,4464.07716155229
"470",2897.15796566619,2899.43923845578,2954.75607151363,3746.98107512142,16791.5071289497,2832.23077467883,2889.85906128612,3746.3089283036,18822.5156131637
"471",2905.62317473489,2880.54927829737,2374.70739492277,2468.27830787416,4130.63158975303,2867.97497381231,2301.58984969291,2390.52354066216,4066.62054575718
"472",2988.47392783969,2939.60076579397,2909.1527560675,3327.3020520268,18582.9940674661,2893.71469519295,2854.44579847111,3286.85398377621,21916.6023786632
"473",2771.34568985294,2723.35849082676,2398.73736821426,2760.28949515324,5817.89423175588,2690.21617706569,2324.10327402356,2680.34615496841,5994.45896261776
"474",2758.8399788495,2786.59972581884,2692.56290179792,3128.39968234865,10331.0665210705,2683.2055643689,2574.77870182127,3013.82321252159,10104.2353464589
"475",3234.22516013912,3280.73647650571,2745.71160473551,3148.1376716412,7510.67964720559,3282.57377120813,2696.77066970622,3139.42736259532,8335.49238632309
"476",2722.04347992831,2686.61607094322,2521.84640053115,2899.26981084286,6791.40816760613,2668.23322205076,2415.61197380153,2792.66587755151,7132.69403556395
"477",2755.926888045,2836.17132814512,2619.07798006732,3011.45331189196,8387.89318797972,2663.52683626476,2493.31604994995,2880.06553064223,7485.15192573332
"478",2865.21388575106,2914.61835274793,2591.96159056604,2869.9832797966,7517.75403203102,2820.41605578791,2492.2764894576,2762.12969696927,7153.5647712303
"479",2709.14500715099,2688.31162499267,2551.18953683543,3012.72702245586,6767.2930927179,2701.83189020541,2519.52352787343,2991.26105938747,7174.2879214014
"480",2817.53907002742,2877.00216875986,2579.59526767973,2767.94205412663,7253.9436192384,2776.73586311249,2472.82158531202,2642.09951291204,6352.8265181643
"481",2790.34111490366,2727.23621736097,2508.81044452596,2653.71362485517,4034.81703692923,2708.12317413175,2441.09820177486,2582.61719438351,4207.16854189541
"482",2785.73204722272,2818.41937449126,2680.94269030879,3023.2265757926,8208.42031503094,2705.99598450861,2588.45662646225,2937.81842454421,8309.18281409502
"483",2664.98244660838,2701.84279244072,2566.2363353636,2798.52059472605,3726.72349840877,2591.22036081643,2459.09474006386,2680.7053739427,3580.50792474359
"484",2729.16054469275,2710.77868411963,2544.34525553808,2855.01469617972,4906.06062136594,2637.24139039857,2475.35180252651,2787.8526051368,4969.65512546355
"485",2616.98034759749,2671.56600671079,2699.35144969606,3204.99742949488,10733.3004217232,2525.32958710548,2550.77301146892,3077.91826624317,10416.3542263987
"486",2653.46015384552,2637.89824213923,2745.7918210948,4093.86378899301,21882.9367436795,2740.35956298653,2971.32398021477,4749.94240854157,34164.2764152412
"487",3056.11330060813,2913.28136766449,2668.53237712231,3148.05049769991,8880.88205759536,2931.70391495344,2621.91903799322,3123.12979694879,10203.8514729001
"488",2668.50682672096,2562.35028119417,2361.28383793416,2462.19034252488,3256.57345083772,2579.77524966312,2311.37699840239,2415.41080533153,3524.44124550575
"489",2856.84012875133,2752.31887950577,2886.62565008164,3850.47285099186,16322.076165486,2805.36583916287,2996.47010250558,4108.6581710693,22116.8377047083
"490",2657.87809753413,2588.71344562138,2243.65180596899,2364.9981711461,3947.06233280782,2574.52565571266,2171.19107585399,2288.74989869301,4048.42694794316
"491",2618.25373321594,2697.86925032121,2460.1906353866,2816.11994360887,7299.85205073029,2540.03255415879,2327.83770628222,2681.3887897528,6728.56504435745
"492",2528.58417873467,2451.29815138921,2295.45154396716,2470.49292643944,3900.18578940475,2479.65833181841,2273.39481593167,2465.94770532676,4625.91930326247
"493",2757.77550514658,2767.99149330868,3054.5859198351,3994.9273057696,31133.1453587278,2696.85031508399,2953.60223876433,3957.30787063757,33719.3623958362
"494",2620.00545818928,2633.38159832216,2575.8692051194,3032.63365122108,16065.5276227505,2603.73565198601,2547.19417185186,3034.71664290992,19965.4496465441
"495",2844.1640746476,2901.38483156752,2977.7865319192,3683.74280530441,30750.2500863107,2776.53800945326,2866.46783133078,3625.46233689324,35693.1349486953
"496",2772.26855711085,2769.70391120218,2436.64576778965,2735.57543077784,5606.9082925147,2688.42248321512,2370.41541866806,2670.17689161791,5099.16264946685
"497",2689.92184599727,2761.94313745999,2448.18819251192,2623.97433489224,4980.5818108585,2634.78144549795,2349.28420851785,2514.60818320993,4463.67064708934
"498",2803.10740253708,2738.65342658859,2464.560527827,2657.97066832198,5119.31358670294,2759.73979842606,2427.9590215733,2625.26975000684,5752.68518954553
"499",2827.08058097741,2831.61122976609,2527.03366656973,2774.75391885539,6139.63583464124,2768.13000029979,2445.68416502991,2695.96933331254,6175.13024501089
"500",2585.32625036466,2753.72276827844,2823.97892911476,3748.5514862318,17212.5446144521,2515.8775149682,2560.94357541615,3363.8202038988,11333.4962687449
