"","correct_data","Hurdleztgeom_split","oiztgeom_split","ztoigeom_split","ztHurdlegeom_split","Hurdleztgeom_combined","oiztgeom_combined","ztoigeom_combined","ztHurdlegeom_combined"
"1",2646.335820685,2679.75514617361,2630.83076801152,3352.92921215318,4830.4022585618,2581.47818625638,2533.34616584408,3261.55307577167,4885.21687105423
"2",3063.82577672768,3323.89071880193,3349.04517466886,5935.08634650606,4842.32365363474,2962.06827964691,3007.15392950622,5650.00826113836,4720.54439970921
"3",2620.50806653988,2675.09671451917,2631.46568680166,3513.87950209666,4650.95929910852,2553.87898309009,2515.46799222346,3393.85156855212,4613.15396625569
"4",2625.32163063469,2623.25474257231,2439.60609619511,2851.9907842489,3558.56535540143,2562.17597045601,2361.39085902324,2761.70993484026,3643.78462124614
"5",2797.10798392616,2822.92561232028,2696.82188677038,3423.72342836835,5085.96998321207,2745.58838918176,2613.10623583413,3333.21545185904,5089.13891539606
"6",2775.02148887676,2866.81987067626,2757.53840942593,4077.42425436314,5174.1414367279,2678.30194961908,2582.2091779194,3803.96474738891,4944.82309161378
"7",3387.22069955021,3580.19505432746,3391.81112762734,5113.82154879112,5851.51099727071,3368.6402412691,3111.48638997753,4763.61752769498,5575.36488071202
"8",2685.98340892941,2807.56886929195,2708.91551078935,3620.88689136671,4793.17011287104,2631.68717214373,2541.51204406376,3400.87160125353,4582.78518397928
"9",2977.63798500246,3006.16681943716,3030.35181492438,4827.85813728396,4780.61421161044,2881.92204518986,2878.59994248499,4669.05093814459,4692.21788501474
"10",3422.41306880415,2947.73083578974,2960.09777755234,4484.35293548971,4959.91616296775,3548.40374451538,3255.68536731636,5038.42781654426,4990.1922489642
"11",2837.97135836101,2875.8386910993,2744.27620001356,3569.9055042187,4519.49715276968,2850.01354997453,2671.78494264656,3499.74365435559,4610.51899967392
"12",3043.89255298297,3170.15221054112,3049.70814137504,4200.02439055538,6425.59045372422,2943.27591755786,2867.02108736822,4048.66455216549,4793.46209845214
"13",3896.7975246653,4016.07130388599,3471.52644647866,4959.39678763168,11144.0023107482,3943.75224691462,3397.01544289187,4953.14451500587,4711.32688377482
"14",2824.13605135826,2821.21855798913,2759.98694617134,3653.7729084527,5737.54039770006,2767.57147636619,2688.19908450795,3563.2485003035,5554.95566567033
"15",3242.59434207857,3468.54189485876,3805.5175356521,7418.33523854819,9671.98278350828,3058.95032101611,3375.35661336307,7023.6752398094,32614.3756164267
"16",2594.71595866474,2643.42234546472,2621.12090272666,3368.01033167846,8528.29955319612,2523.57838532002,2500.40186329011,3230.86179680652,7849.82684244367
"17",3087.55004386487,3122.95993569986,2996.36513907015,4133.55195585317,4745.97293695364,3010.17804309695,2843.78410450315,3988.27325166548,4764.95548707982
"18",3058.05556817471,3134.86667373796,3128.05608188849,4543.47452721257,5032.75037163809,2941.21956984537,2872.33114369142,4223.43062238857,4828.77733817561
"19",2760.82806744211,2868.7128178302,2749.75855924031,3596.908098676,4798.67668280753,2686.33464636039,2587.2006438153,3382.60790817849,4452.76485467991
"20",2837.39684146909,2944.57414887831,3109.22478313026,4563.08382719775,5405.50181258583,2732.82451530183,2874.74085501621,4294.05472911242,5235.16251649128
"21",2866.38870780054,2795.61604098736,2672.02964911479,3501.26045528874,4743.50333537741,2787.10033186606,2631.41878931304,3506.35853493925,4856.26374518093
"22",2715.66254075667,2828.35248732587,2748.9962322553,3878.77026354157,7461.53109615717,2640.44604508152,2564.51922685942,3666.9968713521,4638.32573034991
"23",2821.62105647765,2956.06862645139,2950.66510138883,4084.50788114805,6439.01593443389,2776.82018045799,2765.02555296884,3861.98090734659,6364.41520879943
"24",3006.00072647967,2917.09485785936,2719.0374041566,3458.11650972632,4620.45980733578,2937.10751537467,2700.82703240449,3450.94393991366,4748.22840733511
"25",2897.07125772873,2981.50292864529,2940.36021558966,4029.64223543827,4797.33105706514,2807.60620749382,2777.54038624603,3876.52320014256,4656.03264434564
"26",2723.48553935171,2734.79036436736,2595.67689944005,3440.16875866017,4635.97908382232,2686.68615947811,2514.82500197984,3362.18822292609,4654.56334025549
"27",3095.07972232734,3133.1759598976,2786.1266263282,3635.64312664997,4784.74595201242,2978.89072076161,2663.92094382147,3508.92084257995,4633.5026111977
"28",2696.38850591447,2664.9793440397,2456.40919448971,2859.73418688446,3949.89142988326,2644.45390650078,2405.76253044433,2814.85207924348,4089.05959952963
"29",2555.26176119153,2623.74433824033,2622.60188905448,3646.2713778507,5053.47410572354,2490.53419669312,2490.76856633592,3471.76888633268,4894.21328525646
"30",2762.47696220862,2822.76050194626,2738.35630966646,3537.37052506292,5741.21134502035,2707.81273681022,2614.62354663869,3356.77243863896,5344.9596695398
"31",2756.83435223791,2893.08327763881,2817.60131808373,4095.92138598763,6771.46973609849,2667.98029723064,2625.10712027215,3898.97762760022,4838.67025713389
"32",2498.16269062544,2528.68269600016,2474.92288997504,3128.78478247852,4201.90573951778,2451.60783585726,2391.32930638087,3029.65859779326,4160.2693573838
"33",3030.7290980122,2993.84602383248,2907.17020606959,3747.09509732276,5251.23660559154,2964.17449480099,2859.25120788919,3713.06561378787,6169.08611806735
"34",2778.97185120379,2855.72849549329,2850.03034776986,3984.12919523179,5858.8775079453,2686.4807454555,2648.56314107949,3734.62474225593,6698.80980955267
"35",2444.99316323398,2540.84421005694,2458.04090856755,3069.58482049605,5147.89364453709,2387.97075103982,2330.8721025348,2940.38435042543,4775.05224258938
"36",2647.7781817305,2732.28579143606,2746.14497723205,3665.60333082418,5475.79348276303,2603.80478463894,2583.0681556114,3452.24938621708,5112.74090426202
"37",2640.56118567386,2876.01638829148,2556.61867982534,3197.76564365706,4375.78930420765,2570.27009354955,2426.31603990641,3053.64250140589,4147.6666302958
"38",3058.3377145138,3145.77162411057,3178.13960372503,4742.68059673993,8197.38142140716,2933.03649989969,3020.87105901563,4623.66436649101,7738.34306018127
"39",2908.9721112773,2998.99579712695,2759.09439357077,3432.04983378985,4951.46659302286,2822.79530188168,2639.51943501547,3302.79637112219,4877.37226768188
"40",2726.89052804504,2749.19515244254,2730.59529921042,4092.42742957699,5318.19358778679,2682.56773281856,2624.80317607727,4036.37402095106,5169.98199922101
"41",3619.73886744325,3544.80318386192,3391.15458317521,4873.4931603395,7418.62479817724,3545.50336875806,3278.45843152469,4776.18174874722,7978.43348730902
"42",2690.58392300161,2745.78910511633,2731.42567954305,3978.82139590525,4544.72717644362,2670.99014299763,2652.76938817429,4000.46457239896,4425.8720547059
"43",3195.13230258739,3301.0073265052,3271.3480634477,5040.25414937949,8375.45477372321,2995.8194149274,3017.85850231114,4765.0054253382,8157.29670205611
"44",3120.64449250961,3201.16557287382,3347.350510595,5328.0943886785,5610.93520425137,3002.47338811023,3145.62228171228,5236.6014130532,5369.19906596698
"45",2760.42702839879,2837.28529377403,2879.74881140159,3860.92410660107,8638.39874322536,2667.22825313692,2701.410737012,3671.88787222951,8113.82800122661
"46",2616.99166433732,2667.08902894299,2654.29482128671,3503.43508675661,4418.89216605081,2571.05185554801,2535.69869004885,3329.21586802847,4213.39168270885
"47",2839.2264230355,2886.66442291535,2798.72907278735,4082.27690375492,6079.67466666688,2756.50372781091,2675.68542164694,3988.40762168128,5890.31996265149
"48",2676.35470027746,2683.2033159368,2642.22084991113,3823.27074154396,4870.45884911429,2644.8809993091,2588.66902658052,3758.7265999938,4732.38940030085
"49",3317.01401118924,3269.58298948326,2911.42432277027,3730.95297852302,6454.8700153796,3313.24305368569,2863.81916685213,3663.300597183,6435.49439862815
"50",2660.50138283605,2683.0399171348,2576.38568662289,3411.12317153566,5116.02863872127,2603.17129603974,2482.78839576119,3313.51984828109,4167.50374166789
"51",3242.53686644927,3297.52144181321,3102.96258257303,4167.42001634165,4782.51637560231,3224.57565718464,3001.93730913883,4108.79502214948,4814.85183931936
"52",3135.49494789261,3206.10175922553,3080.24673359956,4043.15929912596,5520.72681595739,3092.24012810558,2923.91675572858,3870.6033690918,5331.69143862187
"53",2648.63893351138,2690.37969736366,2754.31549631397,4075.62128018346,6558.91034024231,2556.52663439475,2618.54482642676,3957.761620269,6831.0211609742
"54",2647.67796881361,2719.19560130782,2636.18703467398,3476.48220580631,4477.50036525012,2579.96695444022,2527.84678760564,3391.9136875753,4474.0283306297
"55",2578.50397655692,2667.32167712714,2669.28701613659,3717.30149294936,5466.21295253352,2519.84355096349,2517.48918112619,3489.67370469884,5140.70463475882
"56",2908.90822034178,3039.30557896317,3091.47759800471,4209.86275385192,6524.63411471711,2840.23708705323,2913.47155292158,4043.86802193053,6530.89616387536
"57",2710.20642880467,2786.06901856678,2787.70528248513,3642.98446466872,5914.51065698739,2669.24500377773,2673.90629409572,3542.20027131203,5886.40495566907
"58",2608.46721111866,2661.91855959355,2656.36522190066,3955.40816103342,5028.23453438927,2555.57739282361,2556.54908278178,3985.00952089885,5011.53769430621
"59",2943.90874729516,3033.77146503911,2675.19473884587,3321.01530191554,5299.96555356878,2859.21935641949,2514.62605132028,3125.88609181527,4864.32466438085
"60",2880.66265799899,2897.75660250788,2522.82163390658,3323.27208327165,4360.7745268581,2806.75435603533,2404.17056795147,3178.61460294805,4243.89560212413
"61",2574.68850838493,2641.01922863595,2568.14953711093,3408.81313688421,4629.50280504595,2503.31122652547,2437.36098777522,3229.07196373385,4393.57520305945
"62",2450.73739572955,2501.68358249672,2531.10044767984,3606.1447480631,4675.67737719355,2374.07026613285,2419.63643826252,3485.16177334662,4474.47812272398
"63",3165.79809702376,3175.33564568923,2986.54678990105,4846.4020865562,5111.9791629159,3111.73994497678,2795.46013605263,4497.80319057874,4935.43273908987
"64",2610.68550162612,2671.26077615237,2694.81744428677,4314.68821232079,5072.39709372129,2568.4437235308,2559.27923407691,4119.09953075322,4933.75407910797
"65",4170.66501937878,4380.45015072664,3760.62540526853,5489.98365194089,4955.3399485936,4019.65613318196,3369.36051326039,5045.21732818326,4807.84053670571
"66",2744.90000607943,2806.83508339534,2856.07264255177,4236.71634027648,5308.48965165002,2675.67665498454,2743.25523166249,4106.8124835965,5160.09235634456
"67",2993.13429817982,3002.10263222951,2763.13079000412,3203.37801465669,4246.24434559261,2895.38569759303,2653.11848244368,3081.00250027717,4149.82781815627
"68",3058.79486274049,3109.552444625,2734.93826153123,3413.29653181287,4630.43561368899,2949.35665195973,2586.01370909205,3235.98253115802,4470.36572842693
"69",2700.4100785481,2810.20845308677,2687.93848807931,3978.11966911177,4915.10427043273,2604.46613380364,2497.20104593918,3687.95676270187,4679.79736378268
"70",2832.16883502721,2950.89924637868,2670.11060130997,3197.71183113242,4656.97225314654,2786.33903600354,2510.9375274378,3009.57237329024,4696.83710767902
"71",2809.58168862951,2874.39778246704,2948.46720875196,4598.41183937902,4575.29983773307,2712.1465349917,2818.86602493009,4677.65956521145,4524.20579419987
"72",2718.49717104103,2693.96504548429,2726.34040505951,3787.23898634029,5202.83612071953,2636.34062060903,2687.40801299461,3865.67936823157,5325.4247135165
"73",3111.68834620718,3084.60103543295,2792.59095471521,3697.46960769825,4718.05553820581,3023.31184566743,2669.6725039355,3562.24442441276,4591.94579309832
"74",2893.09971649589,3287.37121012921,3141.19263476761,5582.60545000448,5365.60633594629,2787.28858359025,2667.7051077807,4689.23106934969,5170.88315249778
"75",3187.64104323638,3285.87274287919,2630.49344513133,3400.28396883116,4484.15967069724,3113.29409765945,2466.8830331195,3211.2834303685,4306.96355383076
"76",2813.90607600269,2868.00500503268,2927.14504553646,4375.39129608277,9193.68578397029,2753.24867065293,2800.68905616359,4266.55444468569,10529.2974395244
"77",2550.44561639903,2608.7323596514,2521.15878776365,3459.74403056575,4854.22444056114,2530.99481467756,2429.60931172677,3389.33773279047,5070.04625278868
"78",2531.61708792065,2653.29029149722,2707.0679987077,4352.58493718525,4741.03136145946,2496.62381027265,2567.70473088312,4307.5340935465,4708.1111686903
"79",2920.1299071649,3004.39593242955,2863.02965281525,3749.35541399064,7224.4607598182,2814.0566557497,2677.42550411739,3515.3439142917,6834.14405003885
"80",2773.96905033231,2765.14190319412,2727.2174473753,3706.33748427944,5311.75502899665,2711.36666140107,2678.88889883925,3756.46782686788,5679.08405785161
"81",3001.63389578966,2991.31800701973,2732.77323362328,3664.34117734103,8783.62760102844,2933.96691462856,2601.02302876633,3506.5410039811,10071.1476992268
"82",2606.57287663836,2640.65803040162,2565.06851977192,3274.29127445905,5321.84910356726,2545.85916495208,2468.64234969695,3200.39260549816,5177.8093955391
"83",2670.97480747303,2727.57963673349,2685.69867390783,3690.4736682135,6376.08521295908,2597.69435937713,2551.46336071585,3537.59832343826,5207.89824883086
"84",2744.11731793573,2783.50475320286,2696.81934756206,3759.97469419347,5124.63908127933,2705.9070213276,2603.32496248904,3667.71030852718,5068.80134933779
"85",4762.51640095163,4808.42838991676,4314.08310977032,5811.39033046422,5308.01326393606,4731.48754593935,4265.51369034117,5919.76055516743,5363.84152634094
"86",2737.04260824814,2820.54707571199,2676.53226775088,3344.10147589934,4378.80338902162,2672.2353432308,2528.45328290982,3153.31847966795,4887.61039602671
"87",2842.93653846934,2981.82528090173,2722.80563801973,3594.43317877733,5945.37458870036,2761.01191790665,2566.09583495402,3405.92545205483,5279.63213499444
"88",2620.18639813895,2660.20316140016,2602.45013179675,3218.98430005969,4445.88823861996,2560.4612736745,2502.04416624037,3106.54195226072,4280.86756781927
"89",2885.85195256157,2998.64163455748,2946.07031311785,4033.9463264145,5961.52880597241,2803.9710125916,2744.34224402114,3776.30679867053,5657.9783350877
"90",2750.46793990979,2774.68222180682,2677.55491135602,3678.65161337323,4954.41238630713,2706.18516162373,2588.84987217038,3647.91545802494,4875.01224925689
"91",2996.10877575543,3020.66298310537,2682.45002543538,3113.19580568303,4226.33457104742,2934.44177139499,2600.4036088007,3041.11757962212,4282.38799381221
"92",2769.79907685942,2794.26948118427,2581.51965880072,2992.30424505176,3926.24711577604,2717.55031088212,2483.51361117058,2869.53861416973,3822.95952718151
"93",2835.92576043181,2894.37338579591,2685.24352691391,3254.70283648063,4479.2516527237,2734.60238466707,2558.37693493637,3152.65767312234,4424.49514626722
"94",2751.33875730633,2736.68725971294,2553.71519295723,3258.24452682217,4560.48770488927,2711.02909275031,2492.16995138895,3212.88151504865,4558.6040584156
"95",2650.82554703836,2673.56672716777,2480.92657515827,3170.56709712155,4209.93620126365,2543.93219114638,2367.18111785477,3088.33966840233,4137.39550147453
"96",2707.75478683842,2758.87251337949,2568.20035631861,3614.27830475928,4830.79297807804,2696.28607613761,2478.43462161714,3527.60236737246,4739.52009511903
"97",2555.2429511503,2624.78092808521,2653.22043750771,3953.62501245155,8647.66264802318,2507.43517678592,2529.01239049926,3871.28000978714,7629.35032855915
"98",2567.04426153312,2629.0188017047,2570.7092909362,3246.34031632956,4819.85518256651,2498.54727776685,2447.67866638507,3106.6634157222,4613.60422224868
"99",2720.646450395,3057.57800100464,3071.70725410852,4689.16445591441,6576.2680385509,2677.39959711876,2698.23002488371,4133.16142150531,5811.88740658479
"100",2777.70665815248,2878.41176401507,2895.35276008352,3766.05711507057,5887.50172042809,2730.56199048761,2779.8109776041,3663.96256759867,5848.93326327866
"101",2579.65070312087,2614.41115397478,2604.20597893622,3393.80604810503,4501.46823432836,2514.18060602121,2502.36820817963,3276.12498991698,4376.57599523335
"102",2555.7545075305,2603.19533652406,2519.52406683031,3282.17965325949,4635.00119923017,2490.85939290801,2408.98145736813,3151.19844769721,4461.43132179397
"103",2672.13173778024,2774.91547172598,2657.54169494947,3744.23316106587,4797.13832151856,2607.50127504539,2485.31610172852,3483.74347212087,4586.50053164605
"104",2662.01911916317,2707.73398752633,2658.28272127515,3504.57488141869,4999.14202081122,2621.03813552866,2553.22634939394,3363.94638748976,4933.96436346252
"105",2779.0437911942,2842.45560207785,2772.96744663277,3632.94432787338,4622.45732640848,2709.390651796,2630.57593478486,3443.21256600085,4385.96943826207
"106",2865.21829196928,2904.71899305634,2853.05453781768,3761.17948510392,7842.69645451483,2804.89283000813,2752.9346427814,3680.69413160813,7663.49895656269
"107",3114.06411803944,3102.96771555177,3030.11828383594,3938.20543964456,5513.95626982188,3019.47699694758,2921.55183973645,3804.91003526973,5258.94358090446
"108",2656.37943251395,2779.99654395536,2804.5646750504,4279.25590705063,6009.97213103995,2614.98189409966,2632.72707047651,3958.23774973309,5579.26664444256
"109",2625.96576176262,2614.85470084865,2634.3888239223,3475.70772942657,4973.21147770512,2536.61403674082,2565.07502455569,3493.58270736887,4956.28136134139
"110",3052.09707260287,3253.73049589967,3119.65647059106,4631.42137652888,4659.13318334802,2972.70509726731,2892.68540176361,4397.2884112268,4507.44711484164
"111",2670.43755097853,2666.53964682429,2493.75987665966,2991.76897611408,5059.2722246921,2602.83136497502,2427.88812448373,2952.55783107141,4988.91804918693
"112",2967.0246480949,3121.50981446688,2959.79767888535,4164.25313517803,5336.76745035699,2874.31095218482,2718.7919133226,3845.8898912481,7045.08494590392
"113",2523.77175129802,2544.20842973005,2427.50653159941,3439.68949041782,4478.39781551925,2482.78217495639,2383.57562211464,3530.1841365207,4491.39682389862
"114",2654.70914759245,2608.52477309611,2490.45733736527,3075.96476771635,4043.73153935488,2620.95328922036,2444.53881539404,3036.26956698111,4088.89571943117
"115",2819.32492546084,2868.45917977883,2682.90448618274,3296.36182256924,6436.792713768,2750.69732610311,2571.43512715398,3176.33847063446,6244.59429894315
"116",3256.53555526878,3355.57538872104,3263.62069515566,4962.23519008982,5894.85885752607,3172.0269947697,3008.7576135418,4685.18280104182,5864.02063271975
"117",2538.26217186276,2601.65047176705,2568.37854084055,3204.76075982666,4019.51107122743,2480.94677469589,2448.08165180262,3063.62173705392,3695.64970565881
"118",3288.4927479753,3704.01355970739,3283.62369220697,6332.62634907391,8048.86058998603,3962.35860723582,3211.38987710575,6741.6309917217,8447.23491171884
"119",2574.29337068049,2632.73364628446,2601.09312933617,3407.42900052871,5159.19634665469,2498.84189840078,2463.2285943895,3225.3419718974,5013.12768219947
"120",2615.02782994141,2660.22105863092,2523.1795951699,3081.87152026253,4446.52613276366,2533.60173031313,2405.15197178668,2951.72889360646,4290.60611326497
"121",2729.10487782631,2755.83800241923,2610.0721253133,3009.40305934497,4033.94898723119,2672.44235843861,2515.64363471277,2904.01536820102,3904.34833223163
"122",2558.51426091972,2667.92933825175,2688.29922434202,3955.63702519206,4529.43857530654,2507.15091757962,2514.52732340441,3715.79737000994,4355.74149296597
"123",2738.63553151414,2814.56980649436,2669.48360152281,3210.17464384546,5267.8849357145,2675.70074665467,2551.68573324876,3086.88696811058,4949.96338634345
"124",2494.52520681122,2544.64538898224,2563.41186494114,4059.41657966601,5804.49903793634,2416.94211781249,2429.08714484836,3864.63388783159,5631.94258823762
"125",2751.19988340651,2782.65903755934,2678.02344878783,3364.58542297305,5125.36165154417,2697.35377159674,2577.74745689605,3264.09429875188,5028.93760490125
"126",3099.58190845122,3071.18732570346,3050.95701014644,4515.25210398281,7495.09857962663,3069.89277310856,2969.04707190484,4401.72174178277,7706.52053701869
"127",2817.70411950268,2904.55689217389,2947.62418281233,4439.67896645864,8352.75708917951,2749.25528471257,2788.49067819799,4280.47286066035,7526.22360287029
"128",2687.26177413062,2889.12741192242,2726.94317267977,3678.94486360523,4559.82573251481,2577.23688134454,2475.81230509322,3390.02757915667,4420.30566158041
"129",2921.86206180508,2966.9257819352,2965.1282499416,3751.41058960802,5024.80904272975,2863.06670023977,2861.03863891886,3675.74280230187,5145.50978620838
"130",2890.6596189642,3135.96838863724,2682.41136100394,3459.4130745853,6301.33322910992,2815.08995729114,2487.05133237476,3234.0826079099,11768.1753841779
"131",2514.60558525353,2554.07844460825,2363.88078988307,2812.83386737045,3552.87490208161,2468.76449517051,2274.57611467987,2718.04802248906,3430.07744156586
"132",2705.90642394775,2910.2865275951,2913.90083633061,4169.82191754166,5974.81794889996,2651.9736572707,2655.57379322332,3791.31397616743,5776.88240984964
"133",3103.32627824648,3244.69555306628,3550.86728139718,5020.64831632169,5422.28762853474,3098.59367358684,3399.51523818151,4858.49608721318,5631.52805495149
"134",2725.75356101852,2798.65400186207,2901.7292149006,4228.17615431947,7014.02791346914,2653.49187948778,2732.18886420581,3988.21372497401,6521.07838255182
"135",2796.6576396149,2884.98448160985,3010.50194183577,5050.20450760699,5625.04558129451,2696.64169716528,2810.39048592103,4877.73089950739,5712.034812673
"136",2899.52288191135,2913.29965834052,2660.98869762953,3186.71098235576,4912.66402255394,2837.10273598218,2540.64063296862,3032.63219147989,4868.6113641971
"137",2730.58073521561,2826.47276966618,2858.8704715443,3870.47498667714,6181.25733392557,2672.84025208107,2706.3914095999,3728.72479885246,6109.83916777299
"138",2671.12307017982,2786.1228329741,2590.90993699813,3376.09735385992,5362.39441281102,2606.04095970871,2440.72047977414,3224.84714399876,4941.38272509021
"139",2724.77669407168,2792.55688670565,2658.82893846167,3294.27760376365,4949.3559203365,2701.83375204876,2538.21327966198,3149.89737522985,4797.77322531899
"140",2958.49613637205,2892.2884813305,2754.39942126381,3449.85542642316,5808.66496111123,2882.51858429653,2698.23279866045,3367.22298609005,5619.70672578686
"141",2650.47448436399,2807.11639408877,2900.32047583497,5281.70862087096,6638.9407908016,2667.92082195839,2631.59911525459,4785.79217048498,6386.23326835535
"142",2517.78851515115,2606.11478653535,2709.86346570998,4633.98992761766,9268.29445915166,2472.40355681786,2568.53246801494,4508.84087009093,9446.0087166969
"143",2576.9265788645,2792.98544136785,2852.77970648204,4563.21195373259,5071.63963015788,2513.81996665339,2556.22135021827,4163.55721781303,4872.00079990705
"144",2924.61110620567,3099.19901223893,3358.60676560949,6121.69876803844,5963.71854463607,2855.20183366905,3061.88680910441,5650.20533124993,5311.4504863358
"145",2580.18200638962,2597.71248952623,2653.85251352734,3666.1109484916,7992.52779365668,2519.10223901973,2576.46599272048,3629.26602068601,8806.9441812303
"146",2804.59570330901,2971.41974503316,2780.24426800391,3616.25063530539,4692.690329508,2755.06290191395,2600.82295937145,3395.38340394459,4430.98178178504
"147",2621.5424168423,2615.9884715842,2587.54959727936,3323.79968395595,4889.06552277628,2587.5136196721,2536.59334092792,3267.72352023987,4995.53946514169
"148",2594.20591490901,2615.24656910291,2556.68048500188,3204.89047977714,4374.42871784273,2534.18020037502,2466.04902314162,3088.07659556384,4571.99627637202
"149",2668.15317325136,2685.36880547684,2530.08067842182,3059.14444323064,4097.63677229922,2606.18702729662,2436.75699934538,2947.1750616368,3751.78049647003
"150",2583.42575375873,2749.93259493398,2658.88066118998,3834.43665147296,4772.07290534101,2520.5845644066,2428.07440678577,3479.87816972762,4455.04577402362
"151",2931.29054320776,3019.7853870345,2980.12587754011,3820.24836522224,4707.32673955618,2808.79811376511,2782.99459041596,3612.01335593205,4533.55002407493
"152",2635.31446522358,2653.61990955052,2530.57618431828,3100.90901631302,4107.24732541285,2628.66085762463,2486.13467935242,3098.04704754729,4230.52559298037
"153",2970.31317540478,2980.77597987087,2811.23606695351,3435.32885384663,5371.0354074168,2941.44077626771,2737.92781401561,3389.0883118055,5688.25148194825
"154",2943.20371469488,2943.5215596164,2739.24030320362,3596.55118965992,4707.66539933482,2836.31117726518,2550.60206000385,3326.26298835458,4483.00554928038
"155",3156.8685403592,3408.00444966211,2913.41235130564,4523.95893263253,5031.94991444523,3060.03099533432,2676.29806050308,4238.20055872948,4827.6747460248
"156",2911.73401571221,2983.15096984191,2926.7659691297,3906.80959686708,6449.64305330826,2838.97875761137,2756.30216842838,3735.82281357339,6303.21509040368
"157",3017.12712992102,3075.91599887799,2831.7592747115,3535.55169121979,5215.26492991603,2979.67153681195,2724.95620391075,3404.305643272,5021.45353716379
"158",2748.27066138363,2802.42434637684,2722.02396022755,3469.68917191852,4688.76488709322,2663.10483218676,2589.85117615988,3337.41779721708,4549.09418137686
"159",2844.42549950326,2869.91535088818,2790.67097455768,3739.68022490429,6789.81405570996,2783.5805683432,2705.60646050785,3642.90305171204,6900.965806307
"160",2564.37696652739,2612.55886933799,2523.24242933012,3135.57313454633,4429.38230103591,2507.64952068863,2406.64495490014,3011.91063149555,4443.15015019822
"161",2749.89330204001,2808.03707800845,2701.87498987395,3291.20834049804,4478.58391133234,2681.45216619539,2580.14656541009,3164.42026789085,4358.55443820612
"162",2987.30463871434,2947.1050725526,3120.95107422417,4907.97871889497,11113.946688663,2927.43775220961,3151.19702156585,5159.44647025596,12601.2928513658
"163",3180.74393815075,3333.65060177511,2744.18384816312,3383.44845905316,5453.24110870202,3221.10253473003,2619.22493884758,3239.57910040581,5422.33607602792
"164",3073.46131610773,3233.39954064023,3349.72665328861,6205.81140095623,12698.8567238216,3060.90870952985,3142.20737780994,6006.80612366803,14309.3419724856
"165",2615.86450895376,2646.37939908044,2733.68591896297,3673.63369851513,6166.74312183193,2546.95466850279,2622.95435654906,3566.26483789321,6421.24530572664
"166",2803.69456256586,2850.94454993426,2871.91419270907,4288.13166427918,6107.58013239051,2756.12689366071,2766.67480426576,4142.9940455377,6900.695843841
"167",2659.97710336136,2598.24768057383,2574.99009198855,3343.23230124908,4460.69185681526,2565.60204968028,2510.36165513993,3264.5651787309,4410.96966598509
"168",2973.25380305375,2995.08282420123,2765.53357482473,3852.70413814793,4711.29485270753,2938.30628359656,2649.61011815344,3669.42587376246,4501.55470470916
"169",2832.66655744078,2892.54583015457,2744.57611103959,3537.21722753992,5360.15320174081,2758.74553343809,2621.20933030134,3412.99263599342,4599.33788292395
"170",2541.29826141274,2599.82126924011,2561.85918369999,3346.81600310031,4308.86798920116,2484.36860940553,2449.55457915945,3187.48635305259,4093.28695169084
"171",2629.0390871801,2732.45186450567,2765.275533204,3737.74131731603,6036.82436805573,2552.92404966956,2565.37069701629,3453.25430919573,5822.40252001462
"172",2527.21599279329,2564.023060518,2548.84718431343,3325.10251399813,4404.79273024196,2484.26788430547,2464.6576202035,3231.03351509553,4332.19007847761
"173",2653.95638414644,2671.13171153282,2536.72834620644,3116.04277777365,5026.30858837769,2633.35181969938,2482.78861757145,3085.48251306339,5317.43990154512
"174",2829.72637025504,2865.05408239619,2826.16587242297,4028.87533121333,5170.51812562226,2737.02998455253,2747.9126693211,4125.36670230896,5067.69144075165
"175",2548.78124767897,2602.25456502332,2569.88012082463,3798.52229458648,4456.73514616369,2503.31960621595,2475.4020062062,3758.37795754805,4346.60471124207
"176",2601.05090624001,2634.26360383235,2621.0563462819,3391.70114386087,4284.73373832066,2539.18933226704,2523.00158600446,3259.95705880978,4124.81215597853
"177",3212.23790144389,3188.10910695016,2904.31678741953,4492.65432653336,7376.12988146852,2705.78411518937,2739.44178824117,4293.51767002795,7446.2863347767
"178",2768.54415520781,2763.16903655467,2826.88357372723,4564.68086511068,5667.76388744497,2693.71109486912,2769.62139017766,4669.02814957615,5805.11759245279
"179",2517.69975850781,2569.93355933248,2557.23114493881,3390.03755832001,4742.98756117641,2438.45923791501,2425.14918633063,3196.65724655049,4514.58838548732
"180",2899.63822952693,2932.53535450514,2536.32841737711,2996.75711855024,4816.98918211725,2845.6717947493,2434.35214897935,2898.0354019408,4542.21595163306
"181",2722.57744684453,2810.11187250402,2706.72375427887,3615.3517136858,4753.46560779227,2659.78581790935,2566.54825051572,3445.00994195729,4581.69258639387
"182",2958.37414770182,3022.87466296137,2993.00438527416,4462.93700109111,4732.0385917494,2918.79338020277,2874.89660911911,4335.62679859269,4503.28395531325
"183",2722.48010949017,2916.94460910633,3046.13515647844,5433.20498033695,6872.80147028953,2650.59143077817,2723.64857322105,4825.11918087496,5793.63608860727
"184",2980.12775539243,3005.06647545698,2906.35738844163,3731.69421160186,6863.64789537759,2888.61793635059,2772.04146949158,3569.08572084799,6831.97456402348
"185",2636.87920691476,2646.45442262773,2528.37089497257,3093.85381278863,4062.52842958874,2580.46265098982,2448.98358537504,2996.15529568581,3950.99959855432
"186",2571.20805966158,2651.58680541555,2614.13397876175,3703.6064778851,4906.40578820188,2509.57548884189,2439.5350403695,3498.52269054855,4811.3504028053
"187",3262.1978674845,3517.5629922925,3314.91921093449,4639.93462944779,5248.09595104312,3222.40253638837,3061.32370737607,4344.70763655249,5014.69142249185
"188",2817.07201995651,2799.75586062945,2754.57200086681,3913.91303683246,4853.5281488441,2760.25198627265,2681.19336918001,3817.14677126421,4725.57304525587
"189",2729.80049100728,2774.73036200991,2798.67701310104,3734.53960025271,6570.02874111872,2681.49204859613,2709.24209692654,3643.80613551386,6127.03222596632
"190",3312.95221180281,3512.36338507353,3372.52779861259,4505.17007062885,5114.954646879,3150.33639681257,3068.25985170885,4221.365835653,4728.70665528923
"191",2850.55516693582,2969.4701322122,3002.03594583038,4582.30355459882,4314.60163264804,2792.45598705219,2788.38272038181,4306.74014063071,4252.31997261458
"192",3441.01541244252,3557.86764227085,4054.51007167473,6827.62084073054,112136.19324038,3278.18707039847,3806.03089960215,6790.54275302033,208619.760168152
"193",2695.3895602583,2873.01724105232,2686.96127824004,3547.67585177051,5554.23786227511,2643.2960825384,2498.34861720717,3333.05819759971,5515.3100238955
"194",2618.65056299412,2681.09810103974,2641.89821894573,3412.78137058551,5470.36649524315,2567.82102959022,2527.26017821474,3277.54203930217,5433.68305868739
"195",2700.72708763177,2684.85255803684,2562.4246137878,3075.77218484009,5662.2204374313,2689.56867323343,2537.70357479702,3075.52286126803,6168.00863256461
"196",2857.79918421098,2904.5189730836,2933.93920034282,4129.56894558205,7436.10121444929,2803.91192630556,2827.86426207998,4036.65376222368,7425.19631116798
"197",2844.91248466403,2730.582048281,2527.19787716309,3184.43718186337,5543.82761031729,2855.31648304514,2527.10448738742,3209.57146499837,6411.78718399925
"198",2916.7725136591,2974.65908047474,2764.69143804599,3581.37231928864,7123.60002855428,2908.87037692417,2710.28439061341,3572.03330964151,10296.018573405
"199",3283.38902102939,3538.79736780586,3164.65643184388,4510.3053146517,4890.66580495318,3222.84424581262,2841.81024702976,4126.18350937966,4769.9510976225
"200",3010.76166624876,3062.96733918168,2703.98845722914,3362.76641937822,4449.37273708912,2919.09191215418,2560.27015250901,3189.38390946066,4181.60740185266
"201",3178.8538498331,3324.77408846797,2880.041466995,3945.95554388914,4519.58453510136,3131.80639660386,2688.2931879654,3727.77233591219,4398.06724379194
"202",2630.70000123929,2741.55454808763,2825.67323999256,4467.95430308995,14684.1623723517,2576.83746936265,2641.0487418581,4191.4441684864,12017.056778273
"203",2767.35240413737,2741.52038702603,2739.82542080004,4044.10636836594,5373.07052317953,2738.90511114261,2728.22908842159,4118.44365123675,6070.40901323277
"204",2751.48007660905,2803.48595073582,2757.83132587502,3753.07981129827,7929.71716519532,2723.76087654709,2668.06777635516,3671.48357981818,8300.37524911413
"205",2672.03862789169,2789.40960875048,2727.96909331954,4088.90942139062,4839.43970979096,2602.18148212752,2536.99663962184,3833.24651709858,4646.24497758194
"206",2839.68530949195,2833.5834241146,2753.73790891787,3799.92411012657,5125.86348939637,2780.4839934593,2688.1144047793,3722.41001661253,4826.64070890504
"207",2912.40720418626,2997.3783857864,2671.46894968256,3116.00438586226,4402.29342128563,2865.03945952378,2543.81722262046,2966.99442766545,4177.74222021835
"208",2716.54591602356,2794.48418884742,2849.65485140403,4114.4193172512,4475.72168029458,2674.92429050743,2702.19642539632,3943.60135339897,4424.78440295443
"209",2669.97927278005,2717.78710754349,2691.21312510042,3438.03590286749,4664.9130112233,2600.48001650638,2592.28400859026,3346.35061915401,4789.94079271967
"210",2639.80203768332,2678.67570018549,2713.19443384066,3706.65666677055,5950.96489585455,2575.49668613432,2600.33018104152,3601.5726221075,5793.93814482718
"211",2579.05685264178,2667.67630261143,2669.89340828425,3650.19788138981,4509.46415505527,2532.67795854055,2524.24134456395,3427.74248997682,4255.1454933647
"212",3079.75777051133,3118.61742356181,2805.17846518794,3753.97991443696,4607.85786844658,3025.72259647317,2692.40919295542,3625.46538977527,4402.52315177139
"213",2924.07349636205,2821.16637926432,2831.32227921091,4126.28290601759,9739.71174713748,2827.95677799494,2843.10489199601,4247.82872427426,15049.364980728
"214",2587.69728532895,2719.03188413736,2715.10570096798,4188.67657967295,5041.09427387008,2521.25872358626,2515.41377407931,3863.43665484856,4829.78063398643
"215",2726.1552604551,2799.03504433369,2706.92852307978,3332.6795365086,4777.98994718903,2653.17954850405,2574.79399934825,3194.26694899861,4662.98016056514
"216",3006.40568462842,3173.20042285761,3302.1880226134,5256.39954272506,4528.28539729596,2990.00618158268,3079.71196627148,4967.35465392558,4434.28631957992
"217",2752.1455370051,2748.93054898786,2687.60559655813,3394.61615653774,5961.39193324201,2676.54469693224,2603.31308245066,3312.56662842697,6371.42366052462
"218",3055.20779899828,3092.72125802305,2846.16174148092,3608.32672728021,6700.47074709163,2962.88754425089,2728.23849100502,3499.05261201894,6259.25167428435
"219",2798.6413319532,2806.74082925476,2529.58578861299,3110.8068542399,6369.63035741165,2696.35080100482,2418.12247883524,2983.18550522216,6494.40708907798
"220",2695.58601639176,2771.43051428991,2686.9794236804,3636.25208834509,4810.03226267138,2622.97815607487,2543.52964345305,3449.44376251617,4601.61192694943
"221",3325.70962464517,3259.34147758714,3034.90450090699,4318.52406846407,6509.67870775697,3234.97491434275,2916.21288679044,4157.29173518922,6034.96914992323
"222",2769.21957820904,2763.75420701925,2632.38244027447,3159.92698184614,5059.1251433196,2698.9229184436,2542.46901340652,3042.48393568652,5271.75112241957
"223",3314.35815921688,3665.1559359795,3570.92313125301,4975.10876147663,4897.73085355505,3213.93770674107,3272.33155305163,4726.16366672835,4654.87766542461
"224",3050.69653534829,2996.90859017591,3000.26568120841,4467.76841583989,5870.14343661303,3025.57222962245,3038.38908032826,4590.9984336232,5614.56454153153
"225",2701.45719388524,2802.93500804363,2804.59272506046,3728.14323328522,5786.38322004427,2624.89243397099,2622.48742870671,3493.52145119914,5418.78048631034
"226",2564.12617938038,2626.02691708505,2597.72588272409,3278.48694486043,5970.35783866544,2498.13836624196,2473.62604535529,3144.8612213833,5700.69179316829
"227",2597.87722232598,2712.79048556495,2734.14982574469,4171.52782568951,5717.3413430414,2511.15305118157,2524.91141285995,3930.71862463375,6129.16596667314
"228",2833.96036894372,2919.7357109918,2648.19898641062,3779.12857805678,4693.07290155656,2779.23516523414,2502.077939601,3598.67239372721,4566.21484994844
"229",2902.65497676481,2985.08876966496,2814.61868042491,3499.33639110605,4673.2500506721,2855.89760244224,2671.25308733983,3337.57498553245,4807.15917379252
"230",2772.57022752597,2776.6841909689,2727.76308331567,3563.81409650489,5808.36105801195,2717.51018975339,2664.40301295211,3486.80435425545,5813.05795304144
"231",2784.61119326027,2933.91737933849,2808.6472946572,3689.03452528441,7025.54877630913,2734.2079212385,2640.6238749948,3505.91562610225,5318.45597581356
"232",2689.67613132747,2769.70726320019,3009.9085421953,4865.19504832172,5021.68629831869,2623.08392934967,2864.02547327146,4901.75506891301,5017.61388530742
"233",2510.72535182618,2661.40010100001,2723.66199018094,4133.67696365071,4616.17526470107,2435.07651940537,2499.31988283445,3914.57572786293,4388.53774356933
"234",2863.09536392108,2810.40865695362,2776.60083290912,3764.84476911179,5854.02707907018,2809.30002982571,2731.0537391043,3717.57608865227,5695.75640637324
"235",2612.73575698147,2669.76814622266,2569.19922338254,3064.90951756722,4503.18714276228,2538.7704498802,2441.38700906632,2920.87892129653,4168.00432821792
"236",2833.18711831638,2959.20421300747,3072.61509857211,5108.35660178356,21380.5301633539,2778.68378606779,2873.56626149127,4866.31566499758,16910.7223876803
"237",2760.67427871921,2789.08518552604,2566.60602910278,3094.80061233167,6773.28350038798,2739.6039565134,2483.92643113804,3008.76767922105,6944.42033098882
"238",2658.64895042986,2695.93281800138,2566.62061703523,3203.68424877577,4917.26025825579,2623.32863839464,2472.93345368325,3106.0093713694,5082.78272710632
"239",2777.16112681179,2821.37409906826,2761.40652165236,3775.09962114779,5795.80505292152,2695.93710777816,2630.82472792577,3626.01275744696,5693.39257038222
"240",2509.28596542978,2593.57844040597,2586.16014343072,3204.5185007,4979.147291264,2441.38730295602,2439.37977473642,3033.90338881574,4605.63017503283
"241",3314.8873009066,3284.9088137862,2761.77062730047,3759.969104935,4663.78890444114,3216.96651576234,2679.23124649773,3734.50589484765,4587.91390413101
"242",2893.88949837192,2958.56024878119,2860.271123428,3817.17186957107,6298.19545235236,2795.95703072703,2709.038679974,3660.88541262053,6183.72220822442
"243",2712.23393480057,2794.36100006083,2605.35226173908,3871.55499653056,5074.14187147723,2669.1320053088,2454.00613135573,3699.30134145483,4844.25769948144
"244",2941.96420704719,3000.57721133139,2695.46232946621,3334.9271644117,5558.88887935993,2903.9791510827,2606.02439356672,3247.4431756164,5642.5889409637
"245",2464.48359621625,2519.336655189,2505.70739030376,3231.89984982486,4757.99821013404,2403.56770877608,2389.78397471617,3084.38939183785,4511.62001664997
"246",2620.19597421804,2651.10449072087,2487.40614534259,2935.53441898959,4041.00418895998,2565.89349566129,2391.82479936476,2836.10385769506,4040.72845999836
"247",2685.94545099634,2718.87349501933,2580.48186423139,3295.50693864317,4223.58619448168,2618.51356159175,2464.33123160763,3132.23021675613,4048.83779570287
"248",2883.88855786761,2929.24436706418,2792.16742322455,3516.42287947561,5928.96640291428,2794.63382041113,2653.66031643695,3336.9865081755,5717.92415703655
"249",2808.01478652476,3035.92602462862,3045.13138464403,4370.978962843,4357.82449260589,2743.07035814097,2748.93506666208,3969.25964637956,4133.83268810766
"250",2943.56728149812,3074.85543096054,3195.37525768249,5316.7441534926,4737.14981689809,2905.28151903873,3009.28334883892,5157.97752941115,4619.1498365686
"251",2735.97089574473,2767.78447993605,2697.04111047002,3396.88382880508,6382.14732080594,2664.41957706367,2589.3669436896,3292.80113171953,6092.00705922341
"252",3175.93289987048,3459.40920331313,3217.73800582165,4894.34911807731,4888.40903256694,3070.51090931921,2854.58929715061,4456.19899259967,4716.17012547435
"253",2716.95754127069,2798.76387893934,2650.38794354705,3492.04251990583,4834.26010514371,2626.78465199173,2504.38852201546,3315.59702178235,4501.31787552759
"254",2632.74331971564,2690.5921313354,2687.42044903139,3308.74141433459,4344.77224748109,2556.40657568254,2554.34317127295,3166.31214648955,4148.90038287102
"255",2665.25127053258,2747.0531457033,2485.68961386317,3044.41172383203,5154.23120805781,2584.01607029589,2361.52660211892,2904.62092097941,4793.94056214701
"256",2905.89152496428,2956.49839595383,3295.1639497835,7758.73998861183,6987.53824579977,2821.88350955012,3131.47558742507,7827.59821774446,6552.73014238379
"257",2860.01438230603,2836.3151367857,2827.29702281515,4393.35318962358,5181.19022379793,2826.5347683617,2816.44744207459,4508.25089362345,5202.07555251084
"258",3181.15670856477,3251.05347431135,2881.60782933133,3651.68147336439,5280.49566800298,3157.44569327063,2758.93146718825,3523.53669459166,4962.75975251755
"259",2762.24371324714,2845.89650648286,2761.02722521305,3589.32548330976,4886.87526689173,2704.04309153156,2622.5375658583,3476.07953268076,4699.15938951526
"260",3051.06280192337,3146.69327084294,3094.06165173553,3969.42092223854,6252.15292385364,2988.71737885394,2930.3868621087,3839.47423340908,6841.8062440473
"261",2711.27159493054,2809.5052470295,2756.28249504709,3883.62446588511,7398.45905939863,2655.57102171393,2595.11040223045,3685.63556223228,6976.06214915606
"262",2641.0680405714,2666.73084144884,2571.1840771783,3086.82493708321,4146.94772962296,2557.79770741195,2458.79512925444,2959.67819622801,4026.52238138272
"263",2816.7115933212,2832.39029932499,2822.64401779659,3876.7182121496,4793.45425783517,2727.87736192756,2716.8092735481,3789.22639783348,4695.16775540366
"264",2944.3399516207,2987.5088368779,3058.95626193499,4053.19651551281,6997.09083152718,2870.69262509487,2954.63108995534,3986.63634893944,6732.88274144948
"265",3392.34148186122,3509.66248038115,2743.50817460727,3324.73793297081,6742.75845275937,3290.70565533555,2585.61391296334,3145.46607312137,6285.93211784298
"266",2594.76510137044,2639.9631886551,2593.04479266354,3233.77610890349,4466.74666954585,2522.47822388571,2467.04789300032,3074.44109502383,4307.06012308255
"267",2902.22316414246,2985.46806782191,2650.4244871135,3682.40865388941,5041.22016387792,2867.20007448885,2513.16999378566,3501.66796142803,4890.53040884483
"268",2817.15486859587,2893.57834039854,2764.61016772118,3550.04031882114,6092.42604790384,2748.81096194282,2630.93859007645,3401.24937358237,5908.25447580036
"269",2592.68476492785,2630.27008687439,2531.97511615906,3276.79291268105,4549.61715915867,2534.79495378713,2433.54616563142,3162.28052188792,4370.87671976021
"270",2877.29006253596,2762.59095648698,2624.26812721101,3568.26647108333,4342.72616564723,2798.85609756278,2618.08279189552,3558.969393668,4354.95784965284
"271",3096.43431707081,3249.81683452064,3096.37107318042,4361.44872287761,5504.2875720833,14963.2647540631,2880.5656303466,4067.9779237887,5012.52036711075
"272",2715.29727346758,2800.21073453946,2640.41735208862,3366.45689851535,4469.10118590026,2626.76922964308,2494.24234291166,3172.43680281859,4259.56794663254
"273",2594.57912254426,2628.231688084,2598.37851515635,3871.80887280001,4927.58309245543,2541.92706036995,2489.52834070902,3801.63484464588,4982.7302205742
"274",3160.74267806512,3121.5179028077,2919.84498336694,3798.50167333972,4741.55193604648,3136.2420022923,2890.25335297798,3805.72824909586,5347.67007746474
"275",3203.19260034481,3356.85140640776,2981.88615472361,3850.0309804694,5707.2687719704,3209.71048097912,2851.47137645466,3691.57603376646,5604.27774438356
"276",2718.76945341703,2889.2565453714,2619.79275894906,3296.1460938069,4694.4374496735,2677.49451792061,2571.26601048174,3243.66476020192,4655.60074724667
"277",2721.23728770331,2689.41438879836,2771.6146802523,4668.89703134785,6005.26048962964,2700.9246759587,2781.49462321907,4830.20941090992,5845.37804500939
"278",2890.83660049791,2880.69709163332,2952.82885873142,4665.93118451878,5055.72205848947,2815.02996872685,2831.43805949347,4471.73599125977,4992.52628833457
"279",2728.10493345578,2760.79118961273,2574.09776909642,3167.94687766766,4457.58505271043,2673.45709939475,2478.30357263798,3056.48212035724,4311.66169899678
"280",2600.88856573698,2717.00315209375,2620.13210479051,3430.1374027673,4441.41594837331,2545.83687585142,2477.18376358648,3281.40045913046,4251.18111924768
"281",2821.9070321891,2885.21083407466,2566.75369129466,3076.59980563886,4278.16428101849,2754.8457626856,2450.01948674982,2951.39567045766,4151.7431458425
"282",2699.16757940216,2694.32948436975,2770.84604638679,4040.93845311376,4266.73899165602,2691.59429156604,2747.72858402677,4069.3510901951,4346.30105810663
"283",3028.21405161558,3118.68764283351,3197.34780431185,4792.7360452548,5583.39090493404,2948.5196783373,2996.63485190174,4563.08906888234,5601.36353014887
"284",2658.56668490228,2699.51059765182,2707.4975019163,3678.51611157395,5838.95344025147,2578.92972058454,2586.86169023695,3596.79717398121,5592.26146144143
"285",2607.04800039856,2656.3482186047,2566.47281941025,3424.0593764002,4917.17757851296,2580.38691946395,2492.07608532417,3395.75396576737,4871.71821425162
"286",2886.19151414606,2979.8897185443,2776.75233747558,3572.84375410648,5621.39637906258,2838.68123553663,2629.63698202677,3407.66803322699,5353.7939168228
"287",2723.15400258011,2735.85818738396,2719.10785077981,3858.404450187,4323.80680750952,2640.21380291294,2585.09950453884,3757.4882015017,4264.10965345328
"288",2918.15466745446,2896.22565441999,2673.74584886897,3492.53664912448,4268.8585193606,2867.61207234763,2601.58509748744,3398.76727539217,4119.15927506465
"289",2783.1476627733,2863.95347020241,3021.53283551925,5169.38696939863,5281.66076105004,2712.47720863396,2846.09331525081,5024.84494338836,5216.62610831816
"290",2376.90484798073,2450.41753216412,2449.74991718457,3162.29184703369,4769.18537030928,2335.69879993211,2326.60299764938,3001.12533271169,4507.56961008184
"291",3391.95872311027,3625.12103652641,3072.20852585893,4030.36752024189,9811.51154841777,3323.32714323712,2883.12998891507,3818.44617591893,8662.60403565831
"292",2775.49789038191,2836.97211463305,2855.94727275939,4036.92996090925,4851.87199113524,2728.05432249986,2744.46827215701,3947.24014112778,5433.80737371105
"293",2959.01932378718,3141.52693423091,3169.51436015851,4543.00885399216,5097.31895101324,2859.00057286724,2893.96428559001,4242.29429235307,4702.09579576791
"294",2872.66222573936,3017.95204943915,2863.65031538812,3977.91586435282,6338.08520096417,2806.92403066415,2659.45813343278,3705.81210171176,5637.74013915408
"295",2707.62660560988,2717.73410715302,2659.41875190308,3588.71991892666,4658.73465661343,2647.5133634508,2567.09050504793,3491.14201906598,4538.76834482748
"296",3280.91002226099,3907.75160403534,3071.97917071448,4385.42802427819,5170.40359025568,3197.44894959461,2972.7492884439,4362.494479869,5112.98713899925
"297",2821.84602906464,2907.84688547319,2772.12637244291,3730.03643265226,6211.66857996303,2755.74949065794,2616.35594080192,3502.01263527038,5843.51427606416
"298",2708.79573373286,2751.01377459881,2577.29812232619,3242.63809311682,4683.23716814443,2629.61122540791,2465.68548582767,3120.88846559911,4497.37854779207
"299",2909.09558530438,2839.81385555929,2773.0557040729,3638.47123722491,5035.17669128935,2886.31435297732,2720.56336845263,3626.92229539726,7543.55154435861
"300",2607.33883464622,2662.01140883792,2572.74014637747,3601.92807700635,4532.34630575462,2574.30904300595,2477.46602602184,3540.90264651021,4457.46546150267
"301",2772.74857564536,2839.41938297613,2816.43278823823,3782.78004440731,4524.62403986527,2713.03205059464,2689.61318015494,3628.40240132161,4341.3205330012
"302",2892.36989504822,2881.62423345873,2905.48310816377,4452.38098470338,5518.8135701885,2838.73406393122,2862.34515361293,4476.52914989593,5475.08034680909
"303",2794.14243376127,2821.3546386733,2693.16080442487,3268.505928097,4748.30217598886,2761.31798796692,2606.22764776559,3169.10702260769,4937.96642641723
"304",2798.24909034787,2883.75380487075,2847.76931669003,4195.7737307011,5361.0398998817,2727.05505068331,2722.63562271337,4195.85635022387,5235.22714071896
"305",2741.17490854731,2831.60106914709,2508.50247513691,3094.69639050004,4923.57753479969,2682.6481703688,2373.82373502195,2947.60512040286,4584.06078977809
"306",2651.02721835544,2812.21911375867,2866.48470463045,4096.23712861226,7828.97356519674,2571.37008431647,2598.07595060875,3721.35543415679,5159.16271221265
"307",2687.43237204183,2888.86464998961,2958.74666499859,4869.3652192021,5210.00576362195,2632.03218052933,2680.14946985845,4400.01346781127,4971.5498599772
"308",2597.92160654915,2606.42355614148,2561.2830539625,3218.78433799094,4308.99613505988,2535.41895508002,2494.41388177464,3144.69736196295,3970.62020995969
"309",2712.74841554345,2839.51840897353,2932.45617058779,5101.63761144497,5383.15669158547,2609.80501795382,2678.31623933276,4718.55426941357,5223.33220124784
"310",2574.67381019136,2622.19291871542,2672.36788558161,3803.90840780923,5718.73810779198,2519.14221416718,2569.48027330839,3692.18735057782,5588.2003746049
"311",2757.47328485424,2889.68062837691,2762.31214711533,3965.48510102865,5204.1069284468,2675.14959915449,2577.5111270602,3764.56039226146,4963.27156372234
"312",2851.7975441836,2857.48567207826,2778.33462005402,3633.58363662922,4834.95414040637,2806.84685428027,2715.28938338878,3641.16232908085,4902.00520338186
"313",2788.13982255947,2893.46413340149,2782.65607882929,3877.28984531703,4868.27852899735,2726.92920652886,2610.04978751347,3646.47183785272,4680.92026862113
"314",2772.30705890331,2822.34587228705,2648.26031307931,3369.79546616123,4737.18917270451,2711.89465353064,2550.47029640403,3258.67728018603,4503.7332023481
"315",2500.4289316502,2564.74924373321,2550.33369539938,3591.64267207294,5911.49212058706,2445.19131703281,2433.50465762017,3457.33013878669,5663.58590405491
"316",2643.39954678535,3082.68361377995,2708.68985092071,3910.21755800203,6649.90919330015,2569.81827973871,2549.47871271527,3675.08881365635,6775.21132554021
"317",2864.34638972313,3001.35829483249,2711.5564179112,3598.87889997196,4462.49031378367,2854.37877656234,2545.064588485,3372.75084676759,4280.32101200198
"318",2743.449220804,2826.75655952048,2774.64832033409,3678.82365585603,5470.15735831651,2667.25368456263,2605.46098904932,3453.54679640429,5185.00784422619
"319",3207.07702598528,3207.37405183401,3349.99176847187,4943.72142976913,5877.3641439146,3137.04984239349,3265.24290512954,4883.1946789146,5569.04784220342
"320",2613.16451638829,2768.67310070092,2844.9224572459,4644.98591577669,5230.70351712065,2547.94961228118,2587.54843781052,4197.98170439369,5033.82063164245
"321",2771.72439415084,2783.80471015179,2750.63959618702,3911.05177598203,4854.814835973,2728.02210677779,2684.13581136874,3890.2500465834,5242.75547624638
"322",3025.42262886346,3148.40697280693,2889.01249175722,3861.16754203086,4606.06178718736,3013.88608208454,2766.57983426805,3702.48824608394,4392.96219198163
"323",3000.81323773036,3006.41018339908,2706.5739460197,3456.14823081635,7365.04149382276,2933.04715092757,2619.01484467149,3362.11859236207,7302.66833013749
"324",2593.07493517897,2601.52379469267,2598.14761841432,3561.3227875552,5050.7590559387,2517.60359895051,2512.60251386264,3453.50469366189,5062.20224925309
"325",2841.07909313894,3123.23295287335,3221.7610372532,5469.09799470043,5278.11160227319,2780.0951684534,2828.7719985637,4805.44483455229,5022.46744812722
"326",2670.12358400901,2690.04720265688,2803.00662767754,4321.80129436781,7779.10063442604,2627.5783404582,2756.2063807279,4360.908982831,8091.62551126791
"327",2773.14555115786,2723.51857195448,2669.58574222461,3552.75140255001,6588.75199433664,2716.93180273281,2643.43008608642,3601.32617267025,8942.85027063236
"328",3200.68591914624,3255.65022683895,3135.8885797953,4405.0951518333,8841.1194126993,3160.68869988856,3027.55081499558,4351.18958050313,9532.90795080268
"329",2865.4393138015,2855.38829973571,2845.51442991885,3861.30969538944,9385.46377054477,2786.00170175745,2765.23191066668,3722.00191284419,9036.63426228074
"330",2461.8412554625,2550.08791186059,2526.4858923715,3699.35740513955,4750.19825242374,2445.52183485943,2414.84075448063,3615.4713945181,5374.98388285796
"331",2900.37402634437,2899.55035471143,2902.66695808997,4392.69153171987,9526.82288728603,2838.2140067316,2829.54917842024,4352.57293169622,9577.61524171644
"332",3453.14475771411,3721.63612472106,3795.04883689096,5017.47408232155,4533.3890864275,3336.10064339813,3442.05899245806,4676.77425471932,4319.66541952739
"333",2903.24713279257,2950.85016039363,3184.592981057,5376.8228399122,12817.478950493,2843.40672557855,3091.54196831632,5429.97500366703,13907.5312796478
"334",2679.53729274923,2773.04904737982,2680.90617592598,4145.48070974027,5483.54937368466,2616.50835769338,2516.49054470561,3943.91909207357,5454.48283470574
"335",2832.45402998734,2931.05212124191,2802.11675193576,3519.80294775671,4784.33907138453,2749.7821387128,2642.17577782776,3350.05341936019,4515.09029351885
"336",2585.49064240047,2621.83871753942,2515.42777477436,3271.40040586742,4470.86990475971,2573.5653063071,2438.16597436927,3192.98545708083,4518.84352392901
"337",3009.5624004947,3091.93009870608,3050.41341405865,4654.43872712162,4765.56109938144,2991.10205778642,2951.55962905848,4678.96757115699,4642.12632930218
"338",2883.62950675562,3059.03287607954,3168.48868333707,5013.51351633876,5244.30096100158,2791.97585772938,2901.78569147941,4836.2785490789,4838.01430791013
"339",2582.20755951994,2677.83104338944,2697.90529705289,3986.43637909884,5811.32316076094,2509.76720577623,2515.92572384751,3729.66805864688,5353.65176436567
"340",2421.59440395241,2628.46552696276,2588.65257073088,4314.09636645768,5131.50981473058,2357.9406807513,2322.59213389359,3817.49561468404,4918.9683854588
"341",2889.29229569271,2889.80788543911,2767.95879555244,3632.9924514834,5557.59768049529,2812.61739755848,2689.00106741744,3580.77375865173,5538.33469149136
"342",2753.05822012504,2858.7359383728,2955.38456489958,4428.92414920494,5733.86681580008,2695.58201932896,2760.08332682285,4212.77821778174,5523.46790505799
"343",2578.19204975849,2598.4565263726,2515.51390405329,3551.8335625205,4776.75912607541,2494.03781095736,2412.49885238374,3513.48585564446,4766.55875473108
"344",2888.98138127338,2946.14536894068,3050.32666333,4928.55867319678,14018.8827013169,2832.94859307084,2949.175336868,5023.27667214072,18135.3598301397
"345",2749.17401391304,2889.90714394803,2999.08726930448,4430.10035036619,6244.15568071886,2678.83945763511,2768.03405503059,4146.26952569829,5919.2664367228
"346",2762.20052061443,2806.45431687463,2685.72038877055,3394.62058735573,5211.82305436111,2673.78837596885,2544.48121585564,3209.47372510124,5030.16896061162
"347",2682.89227514343,2746.75990700103,2595.05084908239,3316.64118402505,4683.2688971945,2628.61707397952,2464.61770100662,3137.23692201546,4494.51000450374
"348",3332.33154898456,3257.93470009136,3098.6822988809,4082.77045731927,6702.42071358706,3304.73070509689,2945.20226452772,3915.42207272984,5855.67639490464
"349",2896.08216665444,3056.23752218949,2851.97388140476,3814.12505455833,4857.44333532072,2825.35603917344,2648.49478245672,3565.72908185251,4566.03314556459
"350",2561.66441481164,2582.91021373028,2562.77163436599,3668.40837659053,4578.51184048964,2546.11911431242,2512.08127319319,3615.09173452672,4490.10895470388
"351",2869.52233032104,2906.32181740224,2741.4793706296,3501.71543571377,6739.39205640997,2790.62347385512,2612.47788172351,3345.59372324188,6746.7583179116
"352",2679.16797841963,2784.38404949252,2779.10899532458,4364.57646886452,4944.14740421702,2617.45522295745,2603.79032402808,4100.92199161634,4797.42176463783
"353",2672.73411289761,2684.43397124914,2605.15209882856,3704.07441791791,4138.18429857683,2610.50289741479,2502.9370579395,3571.3063476253,4013.10374479384
"354",2596.4318938443,2634.83898796208,2681.95733993652,3791.17017024368,6322.35430390534,2552.81664405571,2612.97248110739,3787.88867118502,6560.86332176492
"355",2612.53269037293,2602.56232237119,2527.88670204825,3102.1062630394,3849.26048489132,2563.68016908596,2462.17444559626,3016.97527652951,3799.26285328067
"356",2725.70291294323,2760.79302440505,2791.52454321287,3676.20804655741,4746.47841347909,2681.22446803495,2703.16530812135,3558.79539387233,4772.80029976976
"357",2574.00850333977,2619.03786803069,2488.53121690256,3123.01306867974,4303.16298345245,2523.73794789426,2393.57919128469,2998.46003861807,4175.17404618756
"358",2592.55969716838,2625.77295450076,2622.76776294463,3472.15638113621,4764.00226435776,2563.68886388712,2554.26864812795,3423.02032297223,4718.71653868789
"359",3083.30943130912,3192.89559946574,3063.53743619363,4473.21922789841,8539.68753240137,3056.93275079639,2873.38469009453,4214.94911777079,7660.97702814932
"360",3246.51625330023,3220.2716986331,3157.65386829931,5097.0154339061,4944.63627553591,3170.45107542789,3134.56201334646,5397.694191098,5283.74346496676
"361",2754.40213175679,2802.9768066072,2663.97544344858,3382.32761281735,4685.07618386365,2714.26195582546,2566.56388224053,3264.60626858177,4627.9348800666
"362",2968.21784561617,3205.70647705798,2971.91284190703,4282.99130491924,5935.77169109662,2821.60473594235,2712.73123391649,4014.3748499894,5714.20116359487
"363",2654.82054833047,2650.52309425132,2608.94375944816,3205.40120198765,4235.69156416186,2588.41416979085,2537.62615408084,3133.48814115597,4335.75662337351
"364",3005.85174840673,2983.72280620661,2851.00936183289,3770.34422604505,4641.13495131473,2941.35335090235,2794.78684787203,3756.08644493901,4763.22431740016
"365",2853.376267198,2927.72111877011,2730.31101971838,3334.49334381169,4590.09605576132,2780.12482089831,2584.38846744766,3154.93023288126,4328.1983917459
"366",2739.42651067246,2813.21402889391,2779.96288336195,3463.40853948267,6451.51096499574,2676.50979371784,2656.50759771166,3339.66742165533,6393.39426212475
"367",2648.66123030992,2735.90651313552,2751.70576696294,3875.09535533792,6982.1571487545,2598.32742143475,2612.93952232242,3740.50514942628,6640.65402815524
"368",2922.38881375501,3015.67213297353,3240.70013704909,5944.282078052,6385.27810916295,2797.2068250328,2974.97753128451,5601.60828177126,6120.9864372885
"369",2606.20548462943,2735.10986288252,2801.93476386567,4205.44573062095,4537.37621328068,2519.69906216101,2564.45864890722,3858.39731726474,4337.01652906841
"370",3080.70377230351,3276.27547031369,3234.92756638212,5608.2904391271,5170.2548061836,3058.28855987044,2950.75517722023,5159.5886256303,5004.39727272928
"371",2692.91372474163,2809.84177663725,2702.79835202112,3560.40821641402,5155.34006725949,2633.00109613784,2533.37431781875,3378.18731519402,5133.08093017565
"372",2816.90839867227,2871.54748629436,2900.43592123113,4070.53624545626,6714.05527845779,2795.62850711824,2833.8032551386,4038.37829958149,7082.22238003375
"373",2682.32726134746,2647.09172084822,2466.42983079925,3020.56517539721,4364.99871808129,2594.50202030395,2368.45546235012,2896.29742606058,4300.2487812501
"374",2504.88855843922,2633.17490553309,2684.87746043835,3627.80312035681,6220.36618979335,2438.33798252039,2453.76793801093,3309.29845927073,5869.10378045758
"375",2830.1563301795,2907.62932526284,2800.38147657486,3818.57728844976,4322.06852971843,2741.21639535679,2635.86554869455,3585.95168900247,4549.89294280621
"376",2764.81052352616,2775.78897728677,2659.20236630419,3373.32723003898,4493.94501450472,2714.87766118954,2558.16900150544,3245.49042010032,4347.35736634297
"377",2639.88388723346,2684.91814432188,2665.13035216474,3247.60518540083,4081.26874326809,2577.50584496309,2555.51506331688,3127.78977485512,3970.68969372967
"378",2663.41519123537,2717.78544544797,2577.92724485832,3159.05189276535,6329.18142102554,2616.36951700227,2460.43880558403,3023.11473802623,5980.51970395708
"379",3010.64042576852,2999.58761380511,2851.27977699536,3523.47833834977,6498.84423962857,2920.80718305044,2751.49211451076,3396.23589998968,5595.48669758705
"380",2937.98722267155,3062.26427565014,2993.58698932625,4185.56531981845,5040.46990657337,2878.76728048311,2844.55613630434,4065.709253752,4538.74354160167
"381",2793.11429954314,2878.75197466815,2683.88304449764,3727.31538770665,7558.49153539679,2732.38808902762,2527.55286820394,3507.21324468507,7982.60466054433
"382",2914.91468557503,3107.98795079118,2951.56890484866,4551.34636893164,7975.96677651151,2828.91589564409,2706.29861093152,4292.99128118856,7920.69214512416
"383",2956.75323546745,2975.54761500576,2708.55574354106,3477.73233669444,6379.88540300892,2878.99188522059,2609.65030675758,3366.4993607077,6618.91083219896
"384",2750.69252664839,2869.18481458087,2783.91448474443,3888.69488356839,5741.13167325229,2973.71061222279,2608.90229026863,3651.30251138976,5506.85264005126
"385",3036.55261339715,3152.34286637288,2668.99391958447,3191.11346206586,4880.3691215793,2978.06189033618,2548.48117149047,3074.36567004793,4649.51268584923
"386",2783.83876591856,2870.41140423805,2913.65169144133,4625.11071682693,9675.87836004615,2733.4598844727,2766.15747839039,4423.11793657624,8908.40285376948
"387",3463.19418934614,3441.07850218563,2817.61062004925,3489.23056019408,8490.95483892,3334.35959813222,2698.7916053792,3377.26711701514,8973.92592941729
"388",2989.14675755775,3171.02626967421,2997.89847332569,4742.1474866057,5542.84667931497,3252.78225905732,2751.21348966893,4361.89549169837,5348.7521547208
"389",2792.1406689021,2788.12875728786,2744.95622053872,3822.66191644363,4815.93789339439,2732.68758151179,2696.77835930709,3833.08473315658,5173.94201734671
"390",2687.94283287268,2877.98518166075,2899.27742395783,4331.61054672533,5056.97819976646,2637.04403660555,2647.26021306976,4003.80277171552,4870.80621081335
"391",2749.32186707722,2864.86404761355,2598.89008689466,3613.37506812274,4718.5444010078,2680.9411382694,2439.62113181485,3397.48474862043,4498.05202688653
"392",2735.49709838405,2782.10283585491,2643.02963545248,3268.56512647422,4777.95506835964,2701.29897335817,2525.80938637459,3116.92917178772,4791.77441885595
"393",2858.23858733348,2949.41800905432,2729.98333295532,3352.18682522208,5404.22505023911,2811.53617576843,2606.75778114007,3223.13813143163,5487.14862469359
"394",3099.26127877085,3171.0661565333,2914.29898540447,3825.22890933077,6722.40394909609,3001.00286322213,2740.13745280868,3623.19035328032,7069.93629623683
"395",2969.65850272041,2992.31194771452,2835.31443040925,3634.364213427,7071.8720639648,2913.17640804721,2729.38808440915,3481.48197555481,7451.6380174294
"396",2689.46912135099,2902.7819714475,2824.96116619243,4088.1710103197,4674.53261497139,2625.02968858491,2550.98299836736,3666.16606417461,4444.63707245103
"397",2802.36799639549,2891.38994814042,2593.9315399428,3402.81520540417,4521.70566446293,2735.11511340256,2437.57387279511,3208.77778908036,4336.43780823762
"398",2708.59496785114,2723.07845898637,2752.27209052823,3981.92588878997,19126.2041464841,2686.15794225244,2712.28176180742,4032.33759851214,24439.1396966366
"399",2627.00680311171,2669.6539870236,2412.23943288247,3122.47204762132,4023.1882186199,2583.3753905003,2312.19451723236,3027.5048455815,3938.48355276862
"400",2996.41506357554,3035.0327869286,2771.41289094688,3587.62205998752,5434.7097360329,2885.63352549823,2657.35393810557,3452.64035732917,5644.22974277263
"401",2489.94253478372,2530.34506487111,2455.63392633503,2933.46639980799,3716.20295696739,2426.27561994428,2351.31392273673,2821.69334267514,3603.69645881818
"402",2916.20403287653,2996.71484360378,2853.25700981247,3689.36509507928,4682.52648904627,2832.97924731522,2692.29097425199,3493.51532250736,4499.86909806247
"403",3095.5303799842,3339.568852203,3053.0769276212,3951.59620210378,9772.62567043255,3014.41130218493,2797.7820202313,3701.92619299414,7850.60898505708
"404",2713.47000346358,2753.16441634321,2807.56066499236,4281.77014351553,6815.39995618629,2662.69244079831,2714.05078823669,4219.26844941049,6471.0726199862
"405",3085.1170992056,3271.33884628192,2963.0070635727,3722.96585962203,8735.86401961449,3019.6878887345,2766.46939286027,3473.13543108278,7549.81689406926
"406",3176.99014598748,3222.14800151863,3531.44956880736,6350.52165582373,4874.2309217464,3133.56596600551,3358.95139680298,6117.97759930223,4782.03329981799
"407",3126.49774040842,3455.32120581398,3656.16668373444,5866.55003754523,5263.44871955164,3022.61541766327,3151.12276771594,5109.96515209668,4830.35771387031
"408",2780.4519552587,2795.12143414048,2617.71699572896,3490.30618520716,4664.93671296994,2665.01225627434,2498.60528901134,3323.81706369855,4459.63987842548
"409",2578.19512462717,2817.74484167984,2913.07973292835,4820.5972029094,4987.93413269013,2551.53171946158,2624.02596481534,4410.94157541728,4863.99009545661
"410",2572.11663230896,2629.10114487733,2558.88964857759,3172.62331375714,4197.63295268258,2526.03227495075,2460.62600397717,3060.91953895113,3998.21491166833
"411",2665.6717512572,2726.63927139353,2691.31075815303,3417.28081890529,4645.37028125635,2608.46836596058,2557.34357266744,3267.05084461253,4567.65157448428
"412",2964.2666597411,2963.22980971554,2782.03544772935,3667.64841473076,7803.7886766409,2931.80728840252,2723.48452526018,3626.50574469795,7798.62270405723
"413",3153.5768514547,3106.78456225455,2772.15204489923,3783.83349044775,4811.36895194959,3061.14716497606,2670.55340576004,3679.31379217087,4713.5204283388
"414",2825.65839348454,2857.3077345968,2744.27733749059,3463.18792118008,5452.81367947798,2768.26935643438,2654.49664721664,3350.83300853603,5313.24689865347
"415",3661.53332879576,3689.27393079196,3204.00689309527,4140.03681807187,4335.53198978401,3502.64107215585,3111.93119352845,4153.97099100349,4196.03409069683
"416",2709.76758400541,2877.52608401187,2922.14726249178,4287.03984711107,5819.48053701998,2616.62051040294,2660.80351798817,3991.87478732358,5511.45584809029
"417",2831.85348253206,2840.32788057536,2667.29496127005,3378.58491610841,5427.74427673502,2768.32989668323,2565.9076781746,3247.75619462062,5146.79560099379
"418",2636.28323244171,2880.01050182676,2786.62246105851,3853.60092248357,9614.24233478238,2599.9792848167,2677.60652622503,3774.25046944716,10397.9241496093
"419",2803.16989871533,2844.66905307788,2731.55449737876,3409.71867970212,6231.82623544455,2708.87363159577,2610.4369983238,3264.68077129566,5241.7891924836
"420",2584.4923960251,2616.29293641439,2585.68816123034,3277.96343579602,4582.49781464259,2543.10113180843,2511.8935547977,3204.64083313566,4536.36721142097
"421",3367.69119003268,3605.19458002589,3301.54290484785,4601.13185830713,9197.75047884641,3248.20298056302,3056.06021839324,4319.33015754042,8239.39532632908
"422",4008.96327125678,3103.38808614078,2762.54576889675,3808.40091090642,6263.32836306204,3636.54214849298,2654.71342440753,3732.29116829796,5487.64778836323
"423",2543.6803447691,2615.65325206077,2696.54586550445,4586.03621726918,6156.48607489678,2476.72091524642,2540.7913225592,4421.55395074333,6042.52205706799
"424",2518.15021142144,2603.42925347947,2472.67178743803,3299.68615579685,6153.85772975988,2469.04712646492,2343.65928074277,3145.52862542163,6093.00054354574
"425",2845.60799085497,2839.96693873448,2792.74207387698,3332.01306370663,4422.9361809379,2771.84928693321,2701.72745810914,3235.03625423819,4418.27838922768
"426",2989.87806009961,3078.64708086508,2700.61754647269,3298.81680747595,5624.76130082714,2949.04215469321,2589.0538812307,3181.77874993581,7456.85771326033
"427",2643.25066576721,2672.66648658964,2700.14339849541,4208.12788819794,5806.90081403026,2567.17420402148,2603.05724535367,4239.46540508944,6132.21729374262
"428",3264.97732201798,3462.61739405365,3426.31607197398,5477.3041207226,4806.59640779483,3163.48051725153,3186.39130463798,5343.61285530573,4665.43416533222
"429",2714.44787022657,2795.16042210447,2849.81827489454,4458.0648117901,8472.28117121903,2708.4221058775,2770.84059050719,4506.34709004973,18375.7176652754
"430",2620.62938941737,2701.84320878469,2618.85753735802,3317.8064476978,4568.30420889781,2567.50302706188,2496.25413404889,3168.77363089333,4439.12057462499
"431",2640.9577813566,2722.2530031496,2699.47790492909,3686.78842189845,4966.15594038427,2567.90517237853,2543.27311992593,3500.63362382746,4706.50904087587
"432",3012.1661318441,3128.38882436626,3006.54270505694,3700.90275001833,8314.65351908592,2960.11041080852,2862.0712387488,3580.03302958787,7761.29956568447
"433",3055.69485401119,3083.33834964995,2795.44912814661,3636.97060416921,5935.40892329565,2962.47781219308,2650.71756981232,3435.89887012376,5500.08563412664
"434",3175.44050100333,3025.87887308495,2633.03080604697,3261.0218804745,6037.44307596389,2978.60984411508,2530.60961206718,3162.40365324816,6581.75755396442
"435",3050.10692725258,3019.51123824681,2960.22275217596,3757.56222298205,20461.3790885543,2932.0140146407,2877.80555357176,3728.44363975973,23565.7923648288
"436",2863.9814513356,2853.93577495149,2778.07822501026,3578.73767714153,4460.83519933658,2822.37695463368,2728.13220177492,3547.50248268321,4896.12155029251
"437",3592.16913880019,3918.34533370877,3255.94594130902,4370.31580781004,5006.56119482746,3538.21735020976,2961.97582873918,4024.72222567286,4783.29062807567
"438",3406.59997384377,3574.20381787746,3082.59240935483,3886.39361314309,5608.21070527154,3324.66904457348,2858.85674274117,3630.4775822491,5586.13727700693
"439",2570.07802304616,2640.54058083939,2584.51672369232,3117.55810670165,3962.04218220526,2508.92050360501,2451.58870368015,2954.3704999285,3713.79707196901
"440",2788.84430724024,3041.68142333771,2887.47251486372,4311.69269679905,4569.10075382177,2745.61930414735,2644.90281900836,4004.9138043497,4382.06762143848
"441",2647.17933135461,2665.95325430698,2666.77630574566,3729.47533762354,12739.5487804546,2597.44792761409,2612.77568506488,3788.77184797241,14805.2997486291
"442",2895.37791985063,3030.06786809279,2854.17999404862,3937.75502754601,6002.77643671517,2763.59609925498,2627.3017153185,3641.41253174587,5638.3821646184
"443",2612.74623822282,2669.66605804459,2538.69980216233,3040.51230609464,3946.57482250882,2535.75667978993,2404.81363635741,2876.83404888727,3711.29206779499
"444",2745.90868419598,2826.52754200445,2778.54094064433,3955.98838750344,5897.04508175834,2674.31925484659,2622.65483184295,3717.0202644239,5642.6867127246
"445",2758.89825560444,2793.83057252346,2538.66551114638,3233.9141013628,4575.80008312827,2736.31313475855,2437.46580286891,3113.58420820259,4464.6558801996
"446",3075.1971114747,3299.96922760829,3095.3918738314,4538.38560764876,5230.25391269439,2960.95820986175,2817.45577901127,4203.39337947092,5062.49703591227
"447",2616.30196068614,2688.62393219288,2830.28072723696,4732.96385126483,18259.611790136,2591.25403195719,2741.88517279959,4730.74192386982,21969.7952074269
"448",3139.63274781896,3279.45398369554,3116.97990077354,4079.0506354087,5647.71115652702,3081.40736335112,2918.38587171974,3859.02535422433,5385.37281561567
"449",3160.13809829259,3037.96392008438,2757.90427275021,3380.69757840835,6252.16912998804,2752.54703920738,2612.32128706178,3211.67021965596,6032.84357995102
"450",2819.69855057656,2944.76332876504,2918.81884630121,4173.14961623743,4867.94854835218,2755.4097357007,2725.24517524299,3949.48172503545,4701.82111687385
"451",2845.83105487914,2956.88227630487,2829.53655898171,3588.11467075487,8529.32071543588,2769.08219308895,2667.71449102195,3412.61897489897,7435.6692822124
"452",2819.37676838323,2882.22623541452,2837.31583020057,3918.69838885707,6373.54576730753,2811.40842160491,2746.48841932676,3833.76360813487,6372.15356945466
"453",2766.11922606172,2670.30909107486,2719.46392726621,3843.52808581405,4346.0940472129,2683.0299326038,2760.96121138834,4072.85482723111,4294.62556710545
"454",2804.01739828567,2862.42645976207,2718.36914671313,3889.73813411649,8087.63216259936,2794.75372267887,2632.55756535072,3769.65690589932,4613.94432975855
"455",2798.40478652506,2816.15647538795,2506.50771103917,3005.13085849365,4733.13121426339,2750.73663066302,2410.17853912543,2909.74130287278,5161.26030708702
"456",2918.59459746758,3045.55998584154,2787.9727037959,3632.38138558812,5080.22123219717,2862.58438202568,2643.03207657752,3457.08583861718,4837.53689584923
"457",2999.99915760703,2660.53254178109,2592.58876195167,3252.94636292297,4602.50601932235,2728.27762979954,2543.67561568317,3153.96082437891,4838.51260927973
"458",2758.23366411958,2792.48202982682,2676.36100343277,3876.98838753848,5119.78157464397,2696.88429679457,2587.42578096049,3897.23057710243,5030.88467636007
"459",2683.88644827327,2787.67888524881,2834.02983268907,4727.01864617799,5410.4776144877,2645.27254883978,2694.57434514049,4665.07195214124,5317.68411543684
"460",2624.72373966954,2704.48369194512,2648.75344658047,3712.09689014259,4943.99512053175,2564.30694282847,2510.7142892947,3516.6550590634,4777.51363422287
"461",3273.26270062748,3328.91484530102,3154.00649353385,4396.75989669085,4396.05844787427,3115.83699893202,2903.38890221444,4075.73136621053,4200.7954178059
"462",2843.42598441395,2923.45786906636,3019.9758902256,4239.52393953676,4628.52853876394,2767.37928581617,2859.74205702695,4096.488703471,4429.48061205186
"463",3214.47833248883,3144.99572564744,2766.62527237241,3580.48146416827,4525.45467559963,3200.74880557745,2761.35108349493,3599.53231472173,4448.06947797062
"464",2817.27857641586,2843.65949032896,2619.60110092431,3031.51590935223,4179.58654630643,2760.13503665607,2510.84179595752,2913.53937771481,4174.39766923635
"465",3199.70746711605,3327.49377088983,3508.80437615473,4897.32230486115,4981.76417777165,3081.51065078202,3270.27427168575,4703.17995761269,4836.98002692007
"466",2726.51667559717,2770.37826536735,2620.02651662908,3277.72517283025,5112.26308115801,2657.24760426601,2501.01373279286,3131.40972414522,4866.69452164171
"467",3487.87163984057,3720.80523016945,3436.8475654162,4810.88109654801,24193.7477155837,3447.08233514162,3224.84814768298,4578.87625184248,21409.7987321662
"468",3975.2441918141,4367.24820894177,3727.776567712,5978.81333008341,5201.11678901283,3785.34481492141,3197.96329444261,5267.80533611008,5094.9250346312
"469",2954.47250150079,2974.25628892029,2924.26625730022,3956.71862095636,5285.64916562967,2900.91206793149,2859.19338049486,3923.9276932508,5351.40072271202
"470",2950.49124747778,3464.09524799675,2766.87019858039,3409.8418279438,4806.79964934955,3027.87061045882,2613.81750123767,3241.62299249587,4540.51338857254
"471",2875.91269087654,2887.91504535116,2696.3363536544,3307.90086532677,4578.55194547427,2795.10844937095,2603.82601588868,3224.23740205958,4562.6012530781
"472",2563.42681166974,2672.83961719125,2722.02682564506,4309.73116589619,7548.91079315131,2493.63351524692,2519.14390644137,4079.50393553913,8937.21556539865
"473",2735.13703460113,2797.76110873194,2738.76103371631,3537.31347750428,5163.64071537131,2661.4120746978,2581.4899312103,3367.12550467263,4931.25583624197
"474",2624.1904196333,2724.80013791959,2687.96250229,3522.29938927594,5615.10412574605,2552.62523278032,2518.63286010022,3295.00711400821,5430.33249116643
"475",3241.75875787857,3490.30563629524,3400.02141089581,4863.92312683786,5616.51097146011,3301.56291456136,3217.41823989681,4621.97553360107,19579.7396603255
"476",2789.72246070652,2916.27424361244,2844.32562886949,4051.31850771723,4796.33808393346,2730.52109129096,2652.05044392692,3781.931356266,6116.64489958834
"477",3023.21246664364,3160.13495655896,2815.69859241007,3655.3454172942,4656.93228712993,2917.49496119127,2659.1590800717,3479.84849701077,4450.49289601901
"478",2753.46846395336,2806.45021485267,2649.71610036767,3366.10287009048,6731.87159199025,2679.36614074563,2520.2308646137,3200.08243278411,6511.28945820186
"479",2781.58660272145,2845.85621281251,2844.7087531044,4161.50290095531,4828.00793130741,2741.72503107485,2749.41447712328,4141.91373480485,4732.14784399965
"480",3021.52351903978,3019.57419284251,3330.32116922736,5618.11685056066,16538.3946085584,2968.57188472238,3318.3284851519,5914.42519662776,16775.7017853167
"481",2668.10230046805,2749.96441824557,2721.26627486169,3670.72209335617,5264.70098692764,2581.808278141,2551.00309130093,3447.02877443353,4866.28388820131
"482",2733.59899662219,2749.70124534567,2444.03478841711,2879.47885112448,4074.5234123094,2579.76713981883,2366.6911192511,2815.12351484381,3924.91911234674
"483",2672.07788228898,2619.76547375705,2665.80269902825,4254.81140265522,6429.08973819269,2626.60860491526,2695.83024737726,4588.22477671363,14021.3567793189
"484",2616.75575209213,2610.74890419967,2580.75100481094,3153.23062041644,4169.40357515039,2572.28644224776,2525.44907070908,3104.6478696115,4218.30651933514
"485",2696.11537306576,2813.75728907778,2751.96506266236,3797.59795792242,4746.47292087443,2629.48276974426,2568.27339992489,3561.14619037899,4686.84356295025
"486",2653.21862638145,2688.90870839433,2600.95363432371,3315.56394595814,4540.65571734846,2570.41965130782,2480.96115007829,3150.40417395523,4369.28463740275
"487",2856.18505626001,3000.10046917471,2947.29543479147,4030.89006249821,4858.26063287842,2737.20492532749,2648.16640615722,3671.56053395345,4578.19918552527
"488",2578.24838016927,2626.4828939925,2465.17909503826,2894.3484741267,3953.74331882649,2554.62817208894,2373.02634925817,2774.90370796841,3898.37648949848
"489",3142.74013897845,3388.57104685237,3433.87488098311,4999.8313812854,4979.49436128819,3091.35827009282,3118.07865328979,4646.35678920965,5052.44617170826
"490",2870.78600848574,2967.5925315356,2905.36233379931,3981.48384378867,6341.9897863383,2857.40110930261,2791.53937777926,3896.21686063244,5620.63282942679
"491",3032.9799125908,3171.60010146474,3159.53522910039,5091.28949103133,4496.1013088048,2907.26283056584,2854.06225447039,4660.46553650124,4289.18652973275
"492",3045.79072965152,2881.99806823257,2536.34373585142,3457.20517256444,4315.59204823918,2948.82657757214,2455.55410185902,3313.17509843661,4142.1598041092
"493",2744.72505732411,2768.0194464885,2661.18953329554,3517.89889043074,4862.67399007729,2680.130729842,2548.28826147137,3350.05002579305,4681.55334670899
"494",2804.76782782089,2862.47609097046,2590.35409187043,3031.15423260488,3974.66737082336,2722.75090753036,2459.15080984614,2884.65079462445,3820.10050534931
"495",2547.80212280674,2592.96444514156,2425.37290098583,3341.08060300044,4747.14036715895,2494.15392283505,2320.97232806386,3203.61413871149,4631.42325914197
"496",3076.96129298261,3329.84505634603,3522.16719218647,6893.18350930956,5633.23774605799,3057.85578275468,3201.78622988112,6222.16264656208,5338.88614247585
"497",2690.38368495958,2711.0783143772,2608.07824261984,3872.73107872387,5281.79455381164,2669.83791684849,2555.96783443808,3941.37032916306,5258.03978099468
"498",2512.64458354908,2572.45342165294,2530.38839003257,3276.15787343392,5012.95390115783,2445.00047195135,2411.55701697217,3119.92934705744,4865.65169775861
"499",2700.28498333369,2742.22906711002,2698.31780772964,3242.31547361041,4290.54651929981,2648.52413620695,2601.93762946049,3144.44943691124,4174.25678828547
"500",2938.67394810602,3040.78897628053,3035.65796199463,3962.48000060758,5900.05869932902,2873.72976925008,2894.52444047297,3800.42102517747,5397.0669488746
