"","correct_data","Hurdleztnegbin_split","oiztnegbin_split","ztoinegbin_split","ztHurdlenegbin_split","Hurdleztnegbin_combined","oiztnegbin_combined","ztoinegbin_combined","ztHurdlenegbin_combined"
"1",4221.87499742828,5173.7498657342,2994.25706569732,3595.07830163327,10421.6378890142,4107.93014062011,2688.3354878142,3198.72369674104,7830.70335198085
"2",2726.32108297122,3063.51260226335,2467.29636817907,2974.49503038593,6764.80343507948,2626.41477546679,2256.68349825944,2682.89869136479,5150.4667444364
"3",2631.90363893707,2743.66767404851,2805.53945035659,3829.89272279205,8497.85964095942,2548.80376735979,2581.29327746362,3520.31839665143,7099.15290827285
"4",2445.70089402158,2548.57948829529,2607.61814715809,3842.81424626754,8158.30620504888,2408.50452187693,2472.67967035587,3623.28383123503,7626.54049211753
"5",2712.09646305651,3080.56218213134,2891.80405015579,3653.1477761449,6997.50334417456,2631.32834990109,2532.46237971815,3083.19407463126,5044.59908039553
"6",2453.65837208709,2569.84423816547,2548.38779608647,2977.26943443848,3447.93379924603,2401.68640971088,2386.36061848233,2743.48118488526,3114.79759704951
"7",2433.85332732112,2484.80323762088,2594.25997264358,3935.7975638234,9139.26570191472,2350.56032951277,2413.39558332608,3617.15011747748,8566.14629878037
"8",2516.45411646626,2687.89656834905,2659.17278534751,3276.52450562223,4806.26618243495,2447.25442193597,2420.99621623636,2901.94230831316,4029.88416099194
"9",2814.21234432935,3059.23008739801,2485.60429061563,2888.9323942543,6765.6243900573,2761.48033461606,2327.99264095634,2681.30256514853,5983.05713789172
"10",2769.53512544314,2840837535.98049,3080.22670750335,4471.10207935758,14012.5110314249,2667.79099189509,2571.14926882525,3515.65447862728,9333.44619552948
"11",2656.37975176413,2743.27887027176,2728.70804211164,4113.90916933357,11522.8256798673,2601.34060375412,2562.50774385124,7124744393.03902,11416.693973215
"12",3203.64535876194,3579.96633752355,3090.10003883122,3735.5817113949,12727510076.3533,3200.51746796233,2820.85757046302,3409.85840819543,7087.88325025334
"13",2623.37065982501,3107.27057661068,3233.47499985665,5015.8744316855,7441.04229562568,2552.9364380309,2553.98485246621,3564.06562260519,4995.68340028607
"14",4092.79683358703,4701.50053318782,4352.80624307234,6130.04963307229,15253.9576796884,4129.65353077834,3787.95381982214,5267.03209493192,13006.5042983082
"15",537725651.428385,3468.03305266535,4064.91689741244,7750.65608338653,46816.7142605529,192495619.600455,3450.91373324193,6476.80415493926,41569.8394439384
"16",1889380729458286,5699.80098115736,4532.22166141052,7142.98001154365,60700.4915763129,3533.84053255722,3385.21760435135,5417.91462363824,39102.2274758442
"17",2604.0454167695,2844.39049056587,3030.84104479887,4773.16267760933,33346.7261149801,2589.11794017142,2715.87043334998,4243.84179649093,28513.3708553228
"18",7406.42648189678,923624.914044104,14367.3821630244,29662.3841675188,65504056.4751004,7049.02531636412,4231.11533202454,7440.38250540671,41932.3155235785
"19",3132.30704218178,3565.1650338443,2855.21883380703,3705.46347326831,8698.95884553261,3057.77182869211,2571.53263464349,3252.04231904362,6750.64955371531
"20",2672.47861077574,3036.96530599443,2674.1000088689,3284.47671697779,8243.27534913768,2622.19701684543,2411.20510839264,2924.43330063777,6915.59061446881
"21",3794.43520422577,4286.03009731392,4071.7165721139,5801.93190690555,14468.2634466471,3953.27073140959,3449.65233990031,4755.27096113487,14484.2497735195
"22",2754.22817110062,3112.35351727872,2921.15955036309,14342733.347755,10073.9670095547,2668.24752061174,2607.8599468971,3359.38826405475,7983.73076301328
"23",3737.50385218321,3582.5757444543,3162.76416529201,4358.75686862948,8860.26070864298,3695.55850228592,3136.05696203434,4437.04002062232,9799.7910706641
"24",4303.97402463287,7299.57548124008,4506.15066307347,7673.54119416794,37166.6102954842,4416.53542602119,2914.03765419175,4444.44222222659,16789.3550300532
"25",2800.53993347047,3154.27908008732,2942.30627454109,4600.55768549014,15677.8480273464,2827.25016017946,2576.23036496106,3797.0644163202,15148.2587443438
"26",2836.48238628724,3298.79776491284,3508.62555140105,5443.02252466746,8259.27385866586,2714.83054834398,2776.24407493739,258261129.339717,6273.93192707644
"27",2497.86115745299,2694.68436285816,2562.99899454249,2858.16715156054,3738.53882952319,2450.58572105893,2335.91708819577,2553.33435109644,3214.30266257182
"28",2505.47935474005,5143387645256835,3060.39442755235,5910.78638754111,29564.3139620896,2420.33325191467,2520.47614746168,4637.78884332649,15620.6382983933
"29",2615.50598744687,2895.66357172012,2565.95622550678,3127.22589404103,4879.42335855955,2644.40718180707,2361.68913668101,2776.54448383377,4052.60832395978
"30",2606.42608066064,2814.98126819585,2840.4058711782,300928918.874594,8976.22214257477,2527.01945401925,2541.6368961118,3574.72386661154,7037.16223486251
"31",2683.10678735668,2966.52118189477,2641.33416635839,6377186.64488659,8873.42112002725,2621.11003414809,2403.52409408387,2926.26525485395,7309.97497136995
"32",2734.64444959621,2815.83981572513,2862.14952561118,3952.70250830381,6347.32294068647,2664.39183505031,2681.91299286092,3703.33233371813,6042.9013169822
"33",2453.21311043273,2567.03542801881,2473.94074670831,2885.93792944896,3692.42743207277,2396.19428215441,2323.34592809283,2671.44513061257,3320.41325200925
"34",3219.51152678909,3585.62594779607,2724.81700936019,27195028470.4704,6771.60737454518,3184.87526488518,2528.49685375892,656037967.480814,6103.90686053894
"35",3229.49157352415,47348867.654558,2535.58592567892,2931.55527169448,6294.05940751159,3164.58517536085,2333.37080108029,2667.62696954437,5338.96096579255
"36",2694.72320375924,251634039402636,3082.77259525468,4205344951.79379,9204.86108330937,2584.8665906148,2494.85758283668,3234.71834152993,5667.21469893518
"37",2620.78109681628,2967.17330323669,2823.3066362446,3555.41837120983,62793555.5274507,2525.70336864511,2458.7368404626,2996.51470855165,4740.72550914201
"38",2939.52916124459,3454.87682494439,3026.37283321658,3693.48267077687,9391.10734102375,2846.72389857661,2613.43773703885,3148.66142577663,7451.63021097825
"39",2692.17046119297,2864.50389300012,2626.05364679371,3091.01005872947,6294.4830654209,2611.53736543136,2423.386515178,2817.63008291392,5317.26083392375
"40",2824.69017529581,3279.59093543676,3010.55143879206,201002443.533579,21213.1392522063,2775.83743956208,2612.14788781214,215682195.693915,14656.2799867721
"41",15086119.6260746,2636.79586834946,2530.68784788489,2964.485019023,6642.86437265776,2498.15540470004,2379.84777065335,2761.60871818043,6091.36769222992
"42",2758.04064394036,1443432318.46724,2694.37919591435,3228.29019362484,6994.96349715033,2718.41150856152,2396.3854192027,2807.79227085571,5389.85527011122
"43",4475.83755541204,14055.6273108886,7701.56507423494,17909.3042069005,89643.5029670458,8913239.24744543,3538.89709478436,6334.94597174653,20223.1845921551
"44",2731.45350215832,586001713340630,2827.39106019191,3563.55142141598,9189.46946179577,2624.64496867403,2514.26114492171,3094.48971342745,6424.03077609195
"45",2892.4149373302,3141.56432357873,2560.79673533969,3080.49488610018,5692.61301535142,2785.31885596429,2347.31263482383,2770.71272620437,4855.91628152103
"46",3381.13397946283,3838.34051397983,3203.19397436692,4033.96590050127,10836.4774347197,3264.20300584207,2839.26632114759,3499.87099802957,9063.74595858865
"47",2500.70761416443,2658.21084751246,2642.67604567934,3369.36628347825,7255.17558837308,2453.25944309242,2438.92425354971,3020.87738957007,6142.99959633279
"48",3083.91896346888,3396.88167461694,3136.84144654391,4363.50059228278,7578.50008568797,3094.81419892748,2822.22422129294,3781.86756886682,6683.4816923137
"49",2931.95029970844,3352.43761837881,2554.01983539419,3133.60830426277,7500.0894122202,2815.99777085517,2273.19541067554,2710.87942329112,5562.030013295
"50",2556.35915196795,2810.59339700936,3026.68935844418,4536.78936018161,11473.9097811103,2551.67089170802,2724.94681401661,4166.04262146613,10865.3751988939
"51",2851.59337555668,3371.1190363184,3181.40202214652,4699.26831784407,12261.4450316903,2804.36889767921,2636.15112644328,3726.92415847938,8715.87972778229
"52",2590.58144846777,3189.31208265803,2765.04072319073,3822.83819724682,10909.3935838162,2517.66417977569,2366.13946714819,3163.2423585237,7354.59158531114
"53",3492.6782795249,4169.0948342678,3676.10691886783,5218.95951294897,10638.7800647205,3386.07380993222,3238.32926943284,4563.82700525167,7830.3367490183
"54",2735.47210329631,7754941471416114,3023.08513070042,4261.48205508332,38105539.5390729,2627.99092545676,2646.606037197,3616.33830568713,5431.49540164544
"55",3401.82778932062,3745.14780871929,3670.72977211422,5881.88679547835,14822.9178309897,3317.45553835798,3264.08384060183,5232.12165551099,13630.8691861148
"56",10914.6268400271,15384.6930927448,6034.5870094737,10198.4741941073,NA,9378.83299202744,4625.82057412106,8142.13120816761,NA
"57",2508.85465187489,2630.00938809437,2456.51638412446,3200.55450613695,7421.02041111791,2433.72622123244,2310.8234338609,2997.89099177553,6874.42455837802
"58",3462.09456408833,4076.15896843409,3035.67467113579,NA,13109.0877898314,3432.86364064304,2667.84446142643,3361.99776634785,9877.62282772349
"59",2841.67515451858,3096.81761952323,2736.93036245855,3402.29789878195,7879.70574043859,2781.09085819725,2510.49393547089,3066.49700632352,6538.11698920838
"60",4477.93632149801,5492.77993014558,6032.8419838451,12651.8034020047,25508.670456624,4397.64063175018,4510.17024269809,8474.16113800557,19498.4542049135
"61",2770.4804364562,2929.50215155505,2811.2643173125,3435.05454907461,9127954212.52551,2711.00056010692,2595.13643451098,3139.54413079117,5382.19097192562
"62",2643.99807458771,2892.36127100554,2750.41970126975,3455.72316909524,7941.37613506596,2606.81588670518,2500.18999951163,70353199817.3286,238291435.827023
"63",2964.17399470558,3453.25354439365,3289.02353942984,598312024239.567,25565.7957208339,2929.69471363716,2804.45387687133,19929553484.9015,424515221.170928
"64",2777.12410006521,3204.51583156849,2604.91795074541,3136.97849974209,6236.59915495799,2768.26131835483,2364.42504749865,2800.96091505342,4962.17627635267
"65",5027.08272933039,13830.4486321095,6598.5964707124,11770.2928685398,134452.031072136,4966.52478738761,3796.14094111377,6336.26781581752,53233.9281828456
"66",2745.66658821783,3145.94893357427,2923.14382794736,3648.03143525314,5077.31757751307,2696.71540410375,2547.94810724169,3035.27615719446,3871.38219236132
"67",2512.99478017007,2702.54784658522,2592.25708490627,3585.9202489556,7614.03842853948,2493.74555789651,2380.33667035251,3166.53536603584,6343.63259312566
"68",3258.70021391252,3637.43793304363,3181.92989119859,4745.5099562304,12061.1474088054,3010.9302776864,2782.05133791739,4052.24549675752,8890.10468237152
"69",2467.05029385466,2913.62771516761,2721.57168318655,3623.18859841784,8349.52242072597,2343.52794043639,2293.07846800017,2875.25221528613,5406.61161718875
"70",205781230.43068,2657.48156748593,2525.53917060587,3405.36756156684,8600.38013080129,2377.22047529506,2273.70107658562,2962.16247538485,2238687176.15155
"71",3176.07545738827,3354.77031522784,3673.72816653356,6300.68961928046,23068.4629997924,3160.55174559735,3467.7684684559,6019.22811858098,40615245911.0397
"72",65031401030.7002,870835986725894,3016.10007590572,4247.36372339121,7068.26338562355,24736670852.3831,2331.0138825947,2959.18641527534,4126.67280959107
"73",2791.65985075523,3264.24163105996,3488.7746630163,122459249.052131,16332.9576682223,2751.50056246065,2863.3100012645,4453.48074650522,4482522202.69988
"74",4267.95719732223,6292.2265652049,4128.92323031572,6264.92787070298,28155.2405138554,4151.45223166674,3196.77515421265,4586.84369886788,15507.9289782057
"75",3683.65225582182,4337.19256039635,2806.37852880204,3414.31719637162,9466.91555622111,3740.31430387317,2582.75547648552,3104.41176793417,7868.959273277
"76",116423461288.618,3049.6946586895,2816.09215168789,3533.56642207717,6983.78944058271,10651168839.4323,2577.04313117132,3232.99916924569,5431.39545724589
"77",2768.79120522112,3008.67376085124,2610.45483762819,3198.84111848262,6508.86893211349,2670.67095957611,2405.63794686363,2936.36580000193,5531.36396138137
"78",14435379.0621448,2425.93931105487,2400.83239691364,2961.68530680542,5815.11584541003,2275.94117356864,2254.10742063305,2765.04131166337,5260.92098725446
"79",2853.03711029346,3014.34011342012,3070.65826443524,4760737.62451548,12055.7835265408,2793.01292004423,2851.19362216992,4009.318894937,10802.3507721484
"80",2559.85120160616,3152.84812842872,2978.93865630435,4066.55792329105,8347.55278999238,2475.51081683014,2384.05935634423,2993.72491855566,5013.07491881619
"81",2923.40359177602,3312.49095224799,3056.32971550139,3874.84121318,15875.9895830675,2912.46311890383,2771.80909802451,3524.45393953567,13229.1757738707
"82",3093.84704043848,3401.69167139451,3353.76754093573,5223.95737055339,16190.1918722042,2977.40564344296,2995.10057190503,4634.79468066838,12957.1167250096
"83",4443.12792107382,4417.74842021261,4107.9333554101,6381.23867899225,17310.9654236954,4250.3095819753,3829.75888529556,6080.39207682513,17389.1288263683
"84",3254.1930016424,3922.14298536573,3277.77908585643,4974.51722836689,23663.2464142811,3179.59674848134,2805.74648949899,4175.39494276773,17583.354830752
"85",4663.56003329671,5546.48357506427,3177.85455879621,4597.59884306636,23331.0072310897,4614.73911337298,2900.90191271813,4209.68105373636,17973.779614068
"86",2561.81633755378,2614.39170491565,2609.36935361731,3715.74459262774,5779.64588973871,2482.86385092773,2490.65785925228,3598.58461966845,5972.44759388724
"87",3103.712947514,3367.00466434053,2795.0361946736,3328.9876065081,7255.99197425388,2994.41953056025,2582.7199396782,3080.86300438965,6031.35108647052
"88",2539.408162041,2745.3108206893,2733.42664318002,3598.5008920479,9145.72150072526,2491.20726195788,2499.19501682669,3291.11337969843,8121.75391675057
"89",2670.41346461078,2960.05284957658,2914.80359289635,NA,8901.25913263451,2625.09186095653,2608.12963866538,3510.73449173231,7302.48739646559
"90",2975.46173449611,3440.71729873533,3471.31622725672,5289.16096486345,11208.2118907559,2919.9619587019,2912.35091671799,4274.42726155109,8690.32794817426
"91",3376.70473108197,4769.89172928341,3164.90941663418,4765.73671667177,17732.1408804814,3364.11170581822,2676.60758461322,3862.86889265874,10886.2467634734
"92",2310.44946650397,2570.66172514927,2697.61168849803,4165.69259461881,7399.95306267992,2234.52921503343,2252.3126686458,3126.70208113766,5047.26948497911
"93",2760.33905946002,2946.30240128208,2968.25600253104,4246.14481808899,10236.3748156356,2697.07524981092,2698.9653779067,3777.61495578429,7932.13921555499
"94",2830.95945419158,3089.95469278547,3041.68624006648,4051.06327353747,8728.40254317273,2785.89089869628,2719.25850434394,3570.19222834343,7916.66717122651
"95",4267.94197294973,4682.60745071494,2909.840225721,3589.70069767579,10991.1670558683,4264.41496658002,2704.1425940077,3312.10823318142,9790.00196105957
"96",2948.00159187321,3316.65117573463,2894.04315651025,4040.5867011905,10586.2554028187,2843.06185233891,2553.93534674182,3545.98015942544,8168.18412221179
"97",2969.20137204627,3406.46688469024,3098.65132667868,3850.26532039457,6013.66089299777,2961.41574780115,2720.91976954199,14593449048.9139,4880.49712815893
"98",2731.32118446127,2829.90003142153,2391.84256881403,2827.71803347166,5823.20303141869,2698.00838714969,2278.57330648898,2682.57425791464,5286.27621070407
"99",2768.51293846243,3073.87824467728,2576.67266632658,3062.67570896656,6111.12306073472,2739.2206279094,2375.57632486642,2820.20900527468,5080.78753559183
"100",2739.11921809119,3526.15477650951,2926.07461630348,4158.14832354454,11787.4251502396,2716.7164367215,2436.37428779495,3291.59622136954,7685.3224826701
"101",3866.41563861176,5050.3414347304,3732.43804499649,4904.74786193559,13718.0037867663,3502.68441842067,2815.16243329092,3506.02773553216,8705.71129839982
"102",2498.39597387262,2785.42282976564,2666.0106182398,3770.39995884684,12082.3602450247,2472.84224465778,2335.62374919449,3206.7459933536,9069.0242337521
"103",3367.2388692838,3782.56065727241,3767.30813874259,268859927.719475,14262.9916768216,3346.88970281733,3304.05019574398,4387.05476391127,18903259998.1854
"104",2603.9788249554,2722.16269692276,2788.23296394995,54311474.1891091,10846.9042254913,2569.18046699005,2632.31818062542,3578.98149027107,9818.03449438797
"105",2431.63143604727,2734.39649823931,2691.55442870369,3817.83860907909,13428.866871585,2364.45589322808,2334.78677759322,3122.28971716817,8413.31784560616
"106",3012.31733070704,3851.9719083318,3974.4313943066,7098.00679054038,19261.141233595,3155.03168713745,3121.05486136982,5253.75959181389,15211.2997504836
"107",2568.28217908929,2808.79372056359,2763.4696221113,4047.81879756768,8269.23564606868,2502.85110576408,2439.97091872987,3421.58738395782,6448.01645595208
"108",3144.74422596461,43123255.5677307,4721.46560798633,8717.90992122831,5772559450.35465,3036.26831288959,2960.14041412852,4541.87664820257,8812.22876651442
"109",3202.44237214705,3992.02688522271,4169.4588380304,6152.31569696521,10544.1438748214,3169.12508556924,3232.1415152079,4608.81965402127,7405.21515436946
"110",3384.05564980439,3626.5039882189,3527.77976734866,4928.84390874227,25445.922232733,3384.86660220624,3253.84302764222,4492.31410981853,28190.8327157415
"111",2594.38421153867,2787.61597541628,2716.1256581118,3311.4708878287,6440.22822101137,2532.90986882926,2475.03718583936,2999.22333752296,5468.23197286924
"112",23518310.2958694,NA,3420.4100692748,5903409012.91539,82632878.2805559,NA,2881.92763581591,74694546.7857699,253255508.677921
"113",2824.02900718263,2834.46436396363,2994.00330446598,4376.94513380436,13853.9324433256,2797.30012873683,2920.98934494449,4282.35363781557,12895.0332335503
"114",2683.42093891715,2883.53088693835,2900.7654329178,3956.82878051264,5448.48062484315,2587.46499289165,2572.40228190849,3351.94954041581,4468.47144973028
"115",2813.54511692852,3229.57122866743,3638.09565272379,7895.68863571222,58426.6112709942,2864.14234094596,3161.26037660144,6612.46466574332,56557.7900436738
"116",2613.79884107572,2787.22150303488,2489.70552429257,2758.59824596469,3762.96428578396,2497.36869008761,2307.84665668303,2523.92665497097,3167.85841173909
"117",2653.42311533475,2798.92565904507,2642.25452279702,3010.14127808342,4222.52553111231,2606.86205912395,2464.96326158754,2784.20800049679,1849732527250.59
"118",2429.50635214219,2762.78995552957,2766.06333563502,3870.49289187767,7459.36283215466,2387.80196007938,2352.20956551997,3054.55605701672,5337.20041313848
"119",2555.2376177908,2813.19522007015,2779.16776414063,29875371.8565138,9459.7073661566,2460.94213748917,2439.47692347034,3075.18477480453,8255.42150926128
"120",2780.95463483121,2923.32525029043,2638.13669688418,3541.56779719766,6599.18289067513,2787.07266122485,2511.73783374547,3372.94553673296,6970.11350848635
"121",2926.10256850893,3269.61002858525,3391.42059448997,5331.76482266951,40883963663.4657,35321150.1472616,2952.25479814486,NA,13229.5056143633
"122",3442.42518006078,3970.50991433905,3423.11392101384,4795.02149147936,13505.7373678303,3295.2150334245,2983.62516476745,177127409.23242,11219.6593446492
"123",2474.31888363164,2567.39327572206,2309.0705154181,2630.31373116053,4204.00820944477,2421.07190920362,2193.48923232289,2493.99260473731,4071.22033437318
"124",19946783436919260,177562564674757,3483.05996042454,5778.77983021618,10850.2144684144,89384873574767008,3027.66359341679,4798.93230193246,9889.81574056318
"125",2965.61877035715,3583.74483582819,3055.96700462381,4244.74828794772,8028.27396204097,2991.53485364008,2673.82437123219,3563.86640245831,5881.98501642519
"126",2800.51867860708,3280.50003560927,3263.4145700193,5107.64603609153,10925.1416993809,2725.13347270575,2730.8487088932,4165.69534549237,8247.64894153395
"127",2739.28049836959,3041.27446918311,2796.62725511021,3494.42040499644,9774.23598170232,7560002.13224171,2523.76460935756,3109.42569256684,7520.74819724263
"128",2631.82501223947,2736.96058464931,2509.46550871201,2917.82313760108,4307.59384218745,2562.92857348782,2358.52590815072,2719.00979461072,3939.75210227461
"129",1375808866.78563,3334.74437618403,3675.02699708319,8053.94009396783,34188.5477042086,14662179.253787,3104.51418508709,6808.63373907865,30772.7558593965
"130",2759.67663136059,3054.52868400572,2475.23488306245,2926.81518287205,5818.87910347834,2714.35738743602,2282.80550337413,81508645245.5141,4906.69094081705
"131",2933.72193552039,2910.84904630298,2665.08986123546,3213.73130698222,5874.87260684225,2850.77641621177,2599.39998534029,3139.38186754467,5999.43455358487
"132",2640.83077832047,3159.0873621709,3551.92365823994,7342.2641984371,12409.3175528343,2648.27630695865,2724.58900886652,4839.89523874783,8895.39114278338
"133",2448.18811820658,2566.47926021721,2475.01376164325,2881.02851496461,3709.4408885276,2386.07533161573,2318.94252492474,2661.80277213461,3308.89458367944
"134",2688.3603747267,2916.58014829357,2379.61730164194,3047.59803687529,5932.98149761897,2627.87181892575,2227.89865882381,2806.58672079954,4960.418880282
"135",2772.12861970138,52885522.9812411,2812.76913628133,3742.24260854543,6916.50280536782,2697.39950172967,2565.28146704917,63165784.5196628,5630.10845905765
"136",2655.08654145649,2912.00419819194,2572.68516120218,2967.66745360658,4287.1023163366,2592.76929251567,2368.3686704946,2666.47377178135,3523.07333176322
"137",2600.51906046388,2792.68531860579,2680.81196135681,3349.76582804289,4821.37823929408,2543.56426956696,2445.96008586392,16577465.0223436,4283.29890666866
"138",2753.87199232892,6217284590.10655,2962.17965331632,3868.57893749862,8452.06717282469,2771.47087148292,2691.856760278,3478.03278736739,6941.58357888038
"139",2515.56193904912,3007.66251656143,2830.83094747158,3909.51431339474,12619.4606178204,2509.54306379113,2407.89468293043,3180.57056647782,9942.9728418073
"140",2462.33992628632,3634.96102005064,3026.75887817202,4552.21521687937,13278.7725170074,2454.32865400006,2382.3241760687,3355.40147337437,6710.79216656921
"141",2464.44215425435,2613.66713307936,2615.45507845581,3648.849574836,7157.6229934168,2420.77003619579,2445.48548667024,3386.91071656396,7198.00078257103
"142",3357.31608037483,7062.0736104223,5428.74455934012,192121751.046764,74592.4641664825,3425.54874690663,3513.41683840585,5687.68084045957,32640.655389257
"143",2834.39893955515,3098.60604419863,2652.11851301558,3117.24994184813,5741.12233159202,2840.03125145037,2447.89551612051,2865.72655786805,5362.75734309664
"144",2673.98986175189,2808.56279151937,2685.34838254526,3323.13738576193,8688.06613983824,2664.31730823363,2520.60332545482,3044.06860072651,7733.95472519589
"145",3234.22330324716,3905.51799316397,3821.4394061229,5741.10096311872,21407.1731626835,142831859776.914,3195.39509622302,4616.60722298254,17958.4624891089
"146",3827.76690892261,4135.40563061614,3798.99338465774,939612279.855629,8269340718.42291,3843.00527227834,3499.30913431878,5291.78931838681,13632.3606018989
"147",2625.61462228218,2644.88465082173,2558.4246780732,169835048.101862,8513.5326305182,2533.80416185354,2464.91968768745,3002.73656070318,11504.7527305491
"148",2468.2393543278,2737.06426109388,2609.52369452122,3420.45629311344,6891.32679010263,2411.98259037821,2334.94527514944,3025.78590636809,5702.44687354383
"149",2504.99738161486,2519.80512669887,2428.7819200748,2786.93578107437,3532.10859551225,2486.63848845574,2373.83908478686,2749.72854785154,3700.91687997144
"150",2871.4625118055,3157.97567068875,2746.69691232966,3599.08444011822,9540.92795208281,2815.96831787753,2503.65316117494,3202.33032577075,8450.42705211241
"151",3199.52868310393,3292.29099629376,2269.63516747297,2776.51808712459,6585.64210344551,3141.98499593187,2142.27290354038,2592.80406941492,6121.33748062646
"152",2591.6125599584,2709.3050461517,2504.56859679529,2855.9192009865,4548.32335749356,2541.6785829047,2366.65426093868,2675.58008239047,4217.28914617458
"153",3030.31269621249,3449.38576212923,2852.27004968552,3973.36803161411,12231.8061857671,2955.70074678011,2566.26003253566,3525.51417233238,10763.9359747129
"154",7112.8447905198,9684.6671057238,6137.65694569005,9926.75294820409,98176.7355656073,7205.99736298189,4791.79689166315,7837.18817801681,82406.5829078004
"155",2848.66642457946,2674.37153213198,2269.27427819365,2465.6407996986,3588.90834412886,2860.74990567442,2222.55655076729,2422.57937020016,4029.4326630041
"156",2819.09132415834,2867.63813233783,2806.48192193496,3571.73829726559,6934.28764121284,2708.17794672403,2630.20299218499,3346.56420518392,6740.30016090587
"157",3095.63025512217,3490.96781909131,3262.27156460898,4375.41191757473,12177.5660380185,3061.84090080557,2859.52017053384,3670.87809566883,10091.0537875802
"158",3624.67253175126,4963.86142675677,3756.62315488179,5235.9898614877,21395.0682901189,3491.32847275616,3089.47059023075,4264.98850520272,13916.0123739645
"159",2406.98670753373,2518.0430704665,2383.20466417475,2959.69802977172,5928.0555571472,2308.42338173665,2217.89175849643,2729.61592974716,5422.1436287825
"160",2885.4306231461,3144.04402795671,3201.21364094941,4568.40192441076,11554.6418376135,2836.10614361647,2872.86259009114,3980.17301278128,10226.4782434261
"161",2915.65352807024,3261.08749252697,2680.32480912448,3113.5926913401,5496.17517781769,2888.58473501005,2443.41797641034,2810.34763558473,4679.7190874367
"162",2327.66210319131,2601.56396630964,2386.68660796948,3176.54473072246,5557.34977504313,2347.71874402338,2203.05225920841,2796.03172932055,6004.78409617548
"163",3485.41471341841,5555.40036530948,6571.43402528277,16273.3790286844,583338828.991694,3439.21065264837,3590.3797407748,176699212.387891,22345.6563002927
"164",2518.67736872943,2737.27522866734,2769.24664759621,4208196962.88018,7126.81579713832,2466.85936902123,2482.64413086172,3249.62444066427,6459.84512062069
"165",2985.41449458395,6964646.15669118,3235.08188930274,372268393.050738,11286.4856096463,2882.87078096374,2796.87318266389,3588.20839442663,8320.31368527035
"166",2679.83860424016,2874.39681948858,2559.33668665466,2946.0664880255,4478.9529644103,2603.68890561063,2361.20161997678,2675.43895474876,3861.53384817499
"167",3236.43822682662,4027.01235058112,3879.50169232783,5716.12325463922,13186.6044569244,3191.99993985163,3227.18371560276,4767.08243537248,9410.54930593903
"168",2653.29116662508,3141.05791090423,2879.7580650181,3868.46186700807,8941.40292656855,2554.90520321172,2417.57413562798,3036.0285214738,5733.08411370988
"169",2795.58066994818,3282.18680438207,3084.91436387057,4382.53476893308,11478.3422449698,2713.11388657319,2652.81896499213,3630.92179144448,7984.73276708535
"170",2626.03796647027,3108.39472048647,2894.1645555825,4143.15499171526,7308.2270514998,2595.83535052355,2456.78237169831,3274.85056230732,5110.45850144324
"171",3506.24252326683,3806.48005922042,3140.08614042495,4277.63874424164,9280.88378860653,3534.50161568839,2850.39872250295,3836.65443028198,8260.44446745756
"172",2703.33492931742,2738.93756350116,2596.92346195498,6903212.38868059,256784564.425072,2672.76067441971,2512.66410027122,2919.18390320598,5212.90309676957
"173",325219501030.849,8250.57211240766,6382.0296659727,10063.9037929232,37523.8180973296,3632.60722139519,3366.66507299084,4722.63353877789,10643.6628308968
"174",2715.98226228928,2899.32471008522,2819.80387008753,3540.25793719802,6371.4664766506,2642.0684562224,2573.78588054622,3177.25303450653,5536.38138925109
"175",4299.56035753151,4811.81180138213,7135.29983988747,18154.1647365215,24463.4501198352,4672.6278624906,5073.16826105531,11104.1085415304,24516.531729807
"176",2860.95789880535,3220.28633507465,3025.57519522793,3630.80101184533,5630.32765635854,2759.55567155981,2665.30627500718,3196.30281538203,4507.90511495787
"177",2457.71868718978,2773.39000019638,2446.54608171235,3004.30155697721,6264.34471729422,2500.07479442372,2233.2309115619,2665.37182213199,4654.54219578114
"178",2443.43055369445,2672.92062011185,2382.28872369692,2754.64188946686,4693.0282599299,2400.65450746916,2188.63001881649,2497.30364081078,3994.27347367756
"179",3514.29182045723,4135.90717123933,3371.12078077188,4388.54340682777,11413.1385242072,3596.18880382005,3046.91396630197,3953.07170929798,9556.01568343664
"180",4115.45382503213,4650.17253642033,3033.80704475233,3865.01069404284,10863.6545037214,4300.51227120558,2765.74202073801,3470.89646432491,9570.87513670331
"181",2921.58039631414,3506.28412029087,2875.47750491677,3418.4194067426,15112.7293915979,2809.41233336098,2495.63555704556,2943.13291958922,10637.3964684774
"182",3225.79839228795,4094.87484977178,4294.06116062579,7591.1102869895,30996.2426089472,3220.91369360618,3370.48021020747,5980.871847074,19187.9861012654
"183",2572.52042147092,2689.23852653208,2599.5365094652,3560.10828873284,7187.08290767911,2537.03882384161,2434.96661387836,3283.13310750961,6273.44349913802
"184",352513866.018418,174382969463658,2840.27864389837,3266.14469721827,16450.3517129989,18228926.4154752,2582.80464282985,2939.29456494165,14449.7941433598
"185",2512.81190760844,2725.8937353325,2596.35333056171,3299.95926908536,8692.17792015309,2377.87096185064,2270.30590400657,2792.6545830965,7156.29118361256
"186",3684.98570410504,8156.45735897974,4250.42680219396,6742.62251933059,224510062.990272,3583.37372556358,2904.64033582565,4414.04481214598,15290.8767555296
"187",2564.09005757388,2785.41812763108,2720.99359436762,3302.26331031817,4491.61616957308,2490.94647817737,2445.54737666425,2897.78589073763,3846.35967694452
"188",2933.69120911306,3126.15358859553,2959.74184661584,3759.34288040093,5692.7167257741,2851.24501197752,2726.51270683983,3425.20921402855,4858.77121412304
"189",3388.30965370501,348130388.794914,4573.65399243028,7423.5234432683,14903.3355628415,3278.62731002631,3207.22035473984,4922.97583690897,8676.65062620851
"190",3527.04763753653,3923.48255255635,2994.63937374037,190161709.336624,11828.0469996886,3357.76680243858,2635.79448355317,3362.4121062149,10167.484802905
"191",2759.94328156728,81658059.7720678,2744.30765968574,3325.87715048719,7728.75672621821,2692.2451457965,2518.41743695146,3027.7276420013,6942.83888645479
"192",2946.86812127908,3110.58964368979,2773.32145756092,3595.72827434025,7398.88678924425,2866.06950061937,2554.25839255514,3259.65598783798,6721.1626178854
"193",4495080042.42001,2946.45337380284,2939.17286739418,4054.98085200461,5917.47564020107,2665.83708011861,2640.83845325529,3519.45653776666,4880.50934943115
"194",3237.83652395323,3619.95214012371,3501.9148981935,4771.52050603691,22161.9187099169,3265.07022843106,3173.34560207459,4374.45956647478,19303.9474371539
"195",2539.9569906235,2752.90854851427,2877.06816621184,4938.66816692001,14506.8211882481,2512.66647017997,2563.8875768226,4196.22615210476,12080.8321790229
"196",3001.79028430754,4807.85092236633,4634.22056631429,7743.27315782227,38449.9261020287,2941.08640037947,2978.52633673967,4458.54173578126,16233.1150088179
"197",3036.91531321263,3151.76164505451,3134.19466335763,4054.65125332583,18920.2029484206,3043.8129450425,2999.54255895645,3911.59303133355,20022.076782087
"198",3178.61828481734,3437.78328748804,2653.36033124877,3063.17059559692,6582.13938509985,3101.84943005784,2471.35524516237,2818.37491886557,5362.01548287792
"199",2812.13924134116,2885.27301132706,2840.6111756027,3899.78053515389,6057.46269622496,2752.83353921564,2703.76235996513,3732.65932723595,5861.57187267463
"200",2860.1130549545,2993.34504163089,2746.42359196731,3389.44169673922,6701.98498464868,2798.30586755611,2589.78298568518,148344411.501872,6234.51849466627
"201",2443.78996402205,2778.40452570528,2420.39884661917,2997.52315807319,5012.83865155842,2405.65669061258,2207.79788651246,2642.05637811656,3829.00827887225
"202",3421.72004035902,4204.56338544315,3463.72813230628,4737.84038665058,8794031945794.48,NA,2873.85531519237,3835.3541134844,14960.9540182328
"203",3251.33449836555,3960.14781114823,4399.79896542768,8308.39708009102,889394994.066373,3154.37315734101,3377.64545898333,6124.6866448599,61667.8558365244
"204",2653.6253406586,2688.95300325423,2886.30263386116,4945.16323611983,15587.856340596,2640.9977283599,2825.99019473039,5377.58007075629,15252.6649456141
"205",3092.80229368496,3254.05083313572,2613.0638055196,3378.92627316506,7238.38157244544,2878.52855170455,2378.45575510354,3035.98632517058,6240.28832849501
"206",3019.28947728661,3209.09238299834,3020.56895928736,3860.1635439612,8620.15105029419,3033.15658835782,2827.89212224873,3641.6752101648,8029.63299163192
"207",3236.75652439942,4081.82469275313,2689.69897289564,3502.96026689224,11681.3342697546,3179.5280615752,2388.2913388453,3000.35304246482,8212.74348178398
"208",2673.36551597167,2808.61905591085,2453.61282481529,2746.25076792763,4287.27351046763,2593.2211087745,2313.84606455925,2576.58880960884,3838.65512805479
"209",2841.51232273957,2974.57181935167,2769.79272449985,3424.32274195692,5857.50571458454,2732.1974477705,2542.43872365591,3106.88511657224,5102.7104901686
"210",2923.28298904018,3501.23167206279,3834.67653132276,8103.51535255894,39830.8492697153,2845.72026546991,3044.47582318944,5652.42798444554,31631.4287979325
"211",2511.78162504491,2937.59865361108,2915.39533283467,4105.16209805473,15083.9546278963,2437.48279828204,2474.94135061876,3425.29155104667,11881.922451217
"212",2825.81079781237,3433.32850386311,2910.05221188742,5361074482.03146,6403.29464901754,2749.30151031786,2484.03543437598,2905.75493131674,4555.30139577459
"213",2675.75720662692,2943.10741855615,2472.25610766326,2901.15876106277,528489894245.653,2605.77672983834,2259.46233611059,2594.47957014458,5178.31116052684
"214",2606.01221682642,2925.20983676818,2936.06603457646,3791.78474318524,11800.4213965214,2572.21676332149,2590.86493484636,3299.11735526024,10089.2118044805
"215",2594.80380846279,2775.14429143371,2701.42103224188,3528.35286372354,13187.4266049739,2573.33308775396,2514.42691239006,3249.58553080741,13804.1501587756
"216",2452.93891444566,2692.47423984365,2572.3678354957,3302.22816977805,6430.77962100596,2352.1956899021,2286.93895401504,2914.05552050794,4985.89435674857
"217",175150604.705208,91179632.2398647,3858.66021858717,209628598.285726,508926902.097614,222035134.090513,3047.9495361249,173869470.193321,2026035426.35382
"218",2724.23781203339,2931.56169325169,2913.83454755131,3960.57520444189,8629.50748118281,2683.03817709993,2672.86123532957,3595.81309773072,8206.61628610565
"219",3048.92358167196,3519.81495171953,3736.69618442253,8056.31961358257,80214.784770258,3000.1487565362,3141.37821084963,6619.92188270867,54226.9451345642
"220",2565.54326530561,2714.86456431012,2608.5449091143,3213.64797691599,5258.81624612156,2575.38759217999,2457.7830451306,2983.00777096318,5187.38444868298
"221",2542.48972951806,2895.53648343703,2921.26426493784,4654.38309692674,8621.41398409848,2483.12804089121,2454.10041376619,3603.58134632144,6282.85164037776
"222",2559.53755742968,2978.83900889391,3017.26902762931,4946.85157508352,24843.1335866824,2489.74815056581,2499.58760921791,3851.16189228535,14164.1342209432
"223",2445.43027982024,2914.69694681391,2414.99806249851,3073.46109247562,10708.9638952713,2357.08055236291,2132.74593409303,2667.47842127433,7685.18770175749
"224",3032757858.18752,NA,2719.03721948692,3615.0411867363,10572.1396353881,2859.99423971109,2466.72807108738,3288.7869520623,8707.84883296883
"225",3159.14301983685,3423.52913592277,3122.73210133153,4527.01163166816,14847.8880005486,3147.79623611192,2938.82464309915,4363.06235945327,14084.5025978602
"226",2885.47093831141,3068.10235270466,2965.40258895782,4543.00660156511,13319.4815205446,2752.37986855683,2674.75121833845,4148.7406792823,12222.6701175561
"227",2968.69427365788,3587.66809511707,3590.54976969219,356998133.190397,16696.6676783288,2946.22446938938,2961.93203690695,4176.56402841705,11333906195.7752
"228",2774.61090819357,3099.06743868854,2961.92143636335,3874.39076390624,9731.18669827398,2751.15804646812,2663.50909492607,3435.68850311709,7791.63290566401
"229",2657.64142233881,2767.48886192525,2500.50039678812,3216.70593538097,7087.61290841151,2647.71753601169,2388.51862296254,3062.77098229957,7140.63871526983
"230",2715.64724982476,2870.03724294002,2657.83559113771,3105.75837710846,5092.02264284184,2674.5707580807,2495.06180094542,2901.03237358041,4660.72407129146
"231",2916.75955516391,3160.43304298565,3025.63696908445,4347.68221849155,14611.7224471928,2814.94098267972,2706.14629949783,3799.44473066189,10947.1793159753
"232",2607.19540430567,2827.39084247495,2836.4172779959,4436.96862180509,11038.5431258219,2632.68414549711,2618.93983220811,4059.0920549862,10337.0083108825
"233",3036.14489472829,3302.8692371475,2806.44519349017,3267.74408196461,5775.00879313245,2910.74182649608,2571.14892438649,2966.1255490543,4838.48500426391
"234",21116476.5613488,101142330663.052,2456.50107487294,3201.57526991389,6039.98248413143,NA,2316.20829545906,2962.16988053767,5554.04746099276
"235",2845.47296003846,3116.86058395223,2695.05885147382,19657053.9696083,5841.81735856193,2784.22102372362,2461.99177320556,2862.22642278985,4973.46539505626
"236",2663.21924561662,162758131.358891,2729.2541547928,3824.33446612425,19274.4218850173,2724.82849471343,2600.67201306372,3675.61599723588,18491.2352750092
"237",3052.86656325379,3918.71659374692,3761.99671866024,5682.5990442377,11079.446028447,3012.32595111222,2907.44206568916,4074.8348281241,7139.96120233543
"238",3739.39419367033,7247.77218227752,3705.77926678305,5422.28963516962,21534517585.406,3239.73867640657,2515.58899832019,3273.31696433534,8006.52280500834
"239",3455.27091880618,4497.61276657358,3348.95563201947,4485.48781886703,16594.9467197113,3397.47199586189,2814.60423390148,3696.71441015603,11046.9724568605
"240",3330.89803827158,3789.16871595235,2722.79527795799,3553.57236345482,8632.06732039654,3277.32123801937,2522.68551386971,3290.71572575094,7331.4379164684
"241",2616.79818912602,2799.4249813036,2608.7677593459,3115.36170628565,4565.28766327652,2543.27177201232,2399.85229637377,2789.03177693025,3882.49522004616
"242",5370.97042290634,4489.73421038124,3152.0120579829,4242.95296157327,21574.2304935139,5971.79433708458,3251.27357594797,4454.72832157357,33766.6442763027
"243",2715.79979299062,3236.05786282116,2771.24835091908,3295.13367714192,6698.73220239,2635.05665786224,2397.77947949737,2753.79399175779,4689.85518492815
"244",2393.27935510096,2622.55672567732,2369.24546947055,2831.56106210832,5457.3582564889,2380.90293805813,2208.2461455724,2623.54392554094,4220.96776457143
"245",2620.20385715778,2737.45335101509,2772.95668690178,10707121.9618371,8031.33000129507,2568.03551907662,2595.86337952402,3476.00412628667,7195.53234518277
"246",2855.58298041446,3177.13633279934,2629.41782217497,3196.62954104565,6289.58168229373,2872.17690419113,2449.43253528863,2934.89093797427,5503.89116117147
"247",2904.73558506798,2987.63598802786,2841.61632365688,545496539.766528,5509.74141551134,2812.4067139259,2689.75561977792,3222.41143399301,5111.54903033859
"248",2953.78907801618,3332.5420706173,3248.20731244862,4300.03509697195,13506.9172060053,2908.41999921273,2892.52835769913,3774.1883173378,10723.2014625757
"249",2670.32825480622,2887.83589853945,2555.14265619707,3286.29606665292,9567.8080962369,2608.08806293095,2364.04439442608,3048.2517093415,8345.90881229079
"250",2539.25914850577,2864.20873796852,2558.53003631086,3164.21671799832,5459.80725293855,2452.44378991649,2264.18879922003,2684.73441738662,4230.38235237905
"251",2868.90410995286,3020.10491466941,3104.47830050844,4555.82063356252,11252.4919940923,2774.79741972755,2836.63546200591,4125.2961709575,9777.12160340129
"252",2571.28097927661,2648.60839256993,2552.48815399797,3182.7749448663,4950.34694660105,2510.34962255534,2411.88771074141,3001.26631408095,4631.60419089458
"253",2673.65300479534,2963.12463097936,2713.55277437823,3357.09384697074,10638.1809252083,2577.65330758584,2421.7980589735,2960.02606476233,9474.10397949542
"254",4054.64613933205,6456.93358320983,3989.85119737436,5760.4845447721,20565.3954461695,3814.73593951534,3057.62973093535,4329.25243512779,11808.6243883465
"255",841900473.21679,9236790331.89589,3120.09505011152,4197.48250515014,7404.01865843883,8481467463.00116,2772.19902015589,3602.05527404957,5930.15372062517
"256",2627.28067589458,2851.37912696466,2919.330371776,4382.88422189075,22816.9767558105,2594.20918590759,2618.70698890317,3769.61257653368,14289.9374816396
"257",3011.48104311085,4032.93651815088,3873.37202827595,6932.64651682881,15241.6163052542,2976.45499372557,2884.33141467635,4628.01173432503,8777.77101043171
"258",3010.55301425156,3570.87446516168,3496.15955281761,4910.49822570343,16155.8746047367,2940.72777033328,2952.5413602621,4050.4035594411,11607.4560804629
"259",2499.42954379165,2751.46658678426,2541.67450203151,2993.20422118256,4908.13408408371,2452.61382471021,2303.01625757887,2650.69292837484,4026.16205699166
"260",4936.24405539928,13284748.9312937,62973.1061963467,231180290.79041,332943.515580277,4370.94916554849,4407.27876116848,7700.69662519517,16793.126234645
"261",NA,3896.38981660936,4362.36895296488,9444.89814225574,19247.7444022988,318957480.386614,3726.65515741768,7345.35375814859,16580.1871907603
"262",3315.19522838001,5122.04416607474,3723.65251141116,4957.29515394582,3886221936572.57,3214.46226490253,2796.81911893497,3528.19200565817,10768.828550876
"263",2508.4697450809,2639.83993153294,2509.05371217405,2911.06008662705,4045.98124029785,2432.56887882201,2327.44806950852,2666.26903168663,3645.1138066615
"264",3042.01269780545,3601.70716204781,2884.66428045045,3794.71310706372,14901.9470172243,3072.25550570285,2549.7916846017,3274.87112250046,10716.6457036989
"265",3033.50702831823,3446.86427383051,3391.21568193894,5629.61961945717,33576.7155346141,3190.14257780038,3176.72019610822,5294.96901918768,37578.7233249381
"266",2918.67999817629,3186.75590358948,2799.79472800487,3886.96319380211,12533.4833019298,2890.35215616039,2515.26801592215,3447.67550181368,11761.5022956131
"267",3288.04232685185,116581193110.362,3483.54680603552,4773.86130839932,13352.7432115824,3198.20106451293,3041.15196127556,4140.9283130503,9843.81878246703
"268",2748.59405858786,3013.66067539497,2761.20733702032,3508.74439499677,6425.76146455755,2641.8972707906,2478.20737278407,3092.91205333967,5288.01558980687
"269",2674.37067502572,2667.13703857637,2757.80945649314,3883.46785774234,7615.28059523787,2630.74184529969,2736.8292552564,3953.68407621913,8141.56531252012
"270",2446.24169791846,2755.30461021318,2596.48989667637,3414.92392737906,6431.37007317743,2359.41595513495,2300.3881321958,2925.9740967706,4875.32158916613
"271",3480.65140783441,770482083.355516,3781.51936832216,6060.4531590445,23003.431910421,3368.12913975532,3237.46343033863,5064.15456767915,19311.5080870031
"272",3149.89208464548,3494.06004469683,2573.71138368616,3124.77862408568,6578.65584953969,2962.56910668124,2379.35036765898,2857.81240588146,5255.8119936686
"273",3243.21498806967,3756.11655424412,3040.96015687608,4086.91733875618,14697.5241619306,3030.05799431628,2523.63069303197,3271.09319219617,11402.110785945
"274",2809.70777056208,2963.93321083522,2726.22077951137,3346.58123982547,5132.10090416104,2781.16114270301,2580.93497641939,3159.93822677254,4732.76832302073
"275",2691.94835651083,3266.93476381715,3268.44401180351,5206.86878398555,10152.2035289595,2630.12983797827,2615.7835265012,3830.56181397868,6607.59090022909
"276",2352.44810132647,2407.60374719157,2438.23854408062,3206.27715846019,4492.74989863632,2269.44790200609,2283.2919446811,2954.17257195558,4046.56376896412
"277",NA,3844.58005043352,3734.4350133238,5014.76704997087,12483.4579259996,3257.76649504142,3160.55532034907,4169.12518698824,9855.16175299117
"278",2762.10721711591,2851.49164222176,3028.29779976275,114523420.819363,22594.4382560886,2722.70031985997,2875.71817163689,4849.91713274676,24259.8960361367
"279",3579.12717428683,295712440.335506,5004.87718186428,10498.7229218464,29458.8771468149,3451.77847424346,3660.70151612873,7127.79113886167,21123.0409400645
"280",3000.91993494357,3615.80457785006,2850.63839554243,3838.10370008461,NA,2941.32780114531,2556.21710439099,3412.87574447366,9066.46215295045
"281",2672.42485778659,2878.02594957136,2976.86522217697,5180.76014249965,15843.494046266,2608.87192257814,2656.10935372272,4518.75710952355,15544.9448362249
"282",2440.14975542708,2569.56808269016,2376.33149754314,2664.36271027603,3815.53203465071,2385.77514640913,2234.75669291302,2493.41856785319,3474.53876053455
"283",2546.07886023602,2702.11279379173,2766.06129048751,3979.39687790057,8099.12559485151,2479.72236093711,2517.126551716,3538.57588068426,7101.9092432915
"284",2819.86145301667,2997.21165728949,3055.49976731543,4249.24343784965,9309.20329100261,2768.28511412832,2816.555750316,3948.35680312615,8525.23847902601
"285",3673.56614390281,4498.46912835446,3008.6295575692,3564.19211780891,11453.3149438632,3819.88384661143,2700.87897513081,717295702.390217,74591159.7664275
"286",213375090.209463,221163288.65347,2564.6383516421,3121.20637400485,5249.21935617512,2682.05702280065,2430.81479769795,2933.49700884711,4794.47951536142
"287",4797.64510017418,8646.20244873351,7264.59244963865,12454.5062157042,51984.9670653977,4541.62108471544,4567.30836693561,7478.79616465838,19275.8007276943
"288",2821.2216460959,3213.61542929402,2799.35626290604,3596.32778934881,7708.86532550482,2784.1924488111,2503.00792116931,3114.99081904563,5847.04919989229
"289",3851.14678523093,3952.19339850818,2774.3031802145,3423.13220981469,8507.80361890984,649556366.606142,2674.12777558445,3319.12384296072,8926.07945963757
"290",2851.91164559119,2945.28651435089,2838.6271282627,8274101.45690611,10185.2975575539,2788.32626637728,2688.64542757841,3552.38141649043,11988.2196349178
"291",3308.98142718873,3758.14536034362,3314.86272445658,4431.38953627755,10071223467.7046,3312.67074008174,2978.44658998883,209208098.278728,16891.5717698989
"292",2526.88364227861,2949.3233897584,2828.66268559768,3732.98110289577,6374.53702280151,2486.17071818201,2431.35630210694,3037.20048670568,4554.11379423608
"293",2641.87167227759,2963.01510056131,2530.54046488265,3008.72533520309,4839.37383620315,2593.3844474318,2322.71912223176,2711.92790827835,4012.4256852763
"294",3187.03149049406,118158639407344,3138.84462533158,4351.28758192528,13856.380285816,3134.92363259176,2821.79176835462,3854.53922766356,48272336.4460034
"295",3611.84334354427,38552020.5529384,3118.59941213004,3933.01935213155,11729.0497044792,3625.47310960084,2953.2415661354,3730.91783334339,11715.9380674969
"296",2753.25203437415,3475.32847170922,3225.816515308,4439.03689049884,8945.41712083815,2626.91741604512,2507.95036073527,3265.11545684729,5409.73600163233
"297",7568.01322897942,10851.8421861942,9161.13790640939,12526.9529268944,63118.413715985,7768.66878664877,6740.46675028562,9233.40991922363,44141.498149667
"298",2585.85505596402,17581728.1010591,2578.7485531492,3216.5221927246,5253.71489501984,2568.46161804061,2365.84802037405,2872.84626958342,4450.07790591981
"299",2393.62124539554,2619.07709846371,2577.91521411703,21981012.2422824,7372.94591919202,2333.92593849811,2303.71506492425,2821.32950464517,5448.21319085639
"300",2761.76441893577,3109.57669839342,2629.0226315035,3334.55692953601,7954.29567207287,2750.82123470482,2428.67025086591,3066.88767500228,6669.38635891564
"301",2894.90884482336,3365.8671669593,3697.06308693067,5937.68802211978,10136.5841958383,2968.47512153558,3091.37756499876,4798.27571984764,8619.14076587171
"302",6192.7028003879,2741803221.52311,4606.57082023644,7034.71518683018,46892.8333881261,4997.64840503214,3588.61462091557,5319.58342665741,22105.0208656953
"303",2690.62277290641,2962.34258595777,2736.00223504232,3434.6054927184,16515475201.5798,2643.12731311045,2489.40561077203,3064.9364972188,6354.71678703835
"304",3436.44326100878,3762.28099448699,3867.25542081414,5983.01780228784,56440.6724636971,3514.59146077374,3614.36663754473,5844.3036294319,63030.9124018033
"305",2887.46233106532,3253.8184042643,2845.99851986717,3575.50906954979,6932.6017274007,2809.10604071321,2554.39712944959,297730850.792867,5795.61633840176
"306",3238.40995444196,3750.42030107134,2680.97710657933,3251.73432573938,9565.69123434257,3437.97755432008,2456.20966404283,2972.56033351781,8444.47900977771
"307",2562.09064351825,2905.41397209389,2866.10084429229,3924.31867474874,6766.9280000129,2498.6681752902,2455.05878395343,742192589.862342,5208.85131199205
"308",2778.02197387985,3564.65919082951,3446.47359149104,319404001.290528,34141.0701891574,2711.01977194284,2788.48780219907,3017709.63515261,19582.3775986762
"309",3101.36727134034,3164.85721847279,3256.23121519601,4646.21795511604,13881.3754142487,26026723.3353276,3146.86818567712,128616720.410793,13312.0829206923
"310",2412.66176886179,2643.71627351808,2720.9409373056,3720.19008308234,8864.13536610249,2324.45348216235,2369.55178447497,3133.88684715286,7221.54185172096
"311",3933.55740766613,5440.05920049394,3992.47743195638,5334.89993583872,21699.7842990846,3821.69740787254,3154.05252594385,4119.13618101382,12780.2112252641
"312",3368.99051371041,4250.86063966757,2721.55741328766,NA,10214.4912195224,3332.68137596514,2342.78223972674,2938.01247514699,7737.08358962471
"313",2594.54478337803,2843.71914103263,2557.26088180144,206453596.078029,7704.43488192247,2535.81225346783,2335.74482944366,2926.55201057912,7193.14157168557
"314",2660.92390325543,2837.16014078856,2612.67262623691,3084.91900201783,4885.63985889534,2583.35213381758,2419.3181916777,2816.63876677145,4175.27783585162
"315",2663.59800750687,2957.57282046249,2981.06645844002,4332.68697499111,12789.6818933711,2563.83354980844,2557.27340458862,3525.38113321077,10407.3959706058
"316",3007.64176715379,3387.25056462328,2940.22214702141,3790.11331457173,6701.8383621949,2987.29213560678,2675.25269350753,3370.02412224466,5506.76313042287
"317",4391.62729200168,NA,3745.0267064855,5279.97320882649,28684.2565045715,4635.91138748995,3033.3132319238,4124.70708261627,22472.8272502985
"318",3356.17578040256,3758.17922489561,3284.68873270397,4368.46637207288,9475.16069556091,3127.73908658054,2854.3575861245,3732.23966332465,7424.77447491953
"319",3290.31745515784,4140.2406245545,3234.89680240818,777083581.143801,12969.7732615128,3213.69110952106,2750.78542861552,3714.93708577564,9575.28112441645
"320",2658.59066959475,2819.87396558989,2599.81992315562,3177.26590788615,5673.65225584811,2608.87604755863,2423.87277520753,2956.62330407453,5240.94859103404
"321",4332.18459135526,5105.04063372712,4324.10908987817,6838.16565879997,23015.0873192915,4579.86375288939,3925.88776240961,6109.72213891675,25179.3251382747
"322",2720.23915693661,2817.33362257865,2669.27762041148,3323.35595745578,4523.10796041862,2577.84586604658,2465.37442150303,3022.37127172635,3924.89584310924
"323",NA,3408.05249446892,3282.42023680534,107466292.372595,56456.8479231453,NA,2572.99818252349,3787.39704801707,18239.1505261587
"324",2539.61446213175,2805.74936151256,2321.68714272003,2653.09313534143,4267.01040241848,2477.31935249309,2166.62814803324,2433.64686509065,3524.55324034891
"325",6479.09446310324,9549.49142276649,5720.48217019464,8782.72204399707,55201.6848108119,6112.16829426901,4169.45663116647,6275.63415398209,32311.7810723027
"326",32997171.7497646,80635731052955,3128.61848473446,4480.6776563256,9261.06189841717,2805.1486471816,2541.60279628068,3348.71936399782,6158.20269651523
"327",3028.97152070033,3346.94718655065,3279.24297857576,4636.76570904254,12814.8101998774,3035.5850292988,3008.83345687216,4230.07070775943,13406.4744067585
"328",2816.91297184642,3105.74838926371,2559.05058375192,3116.28470430358,5322.66586817809,2795.53331213414,2386.83594610551,2829.10605467518,4452.42474098235
"329",2877.74445473685,2904.75283386858,2546.05345635267,2879.19077540357,4246.83697700298,2886.85754728556,2483.55854604752,2818.89071014124,4444.03514475384
"330",2569.3799257479,3172.93253943014,2278.45432710903,2602.18433043296,5121.11802820784,2474.54550202709,2030.68228873497,2217.2072534039,3375.14821344843
"331",2723.57373379967,2851.69767685597,2573.8638920786,2925.06397858819,4365.21585727535,2709.07644121883,2429.43606657595,2733.39953140145,4212.77254770986
"332",NA,NA,3156.60953053419,4010.13824008552,45117.5204710058,92852620888.2434,2879.15112066505,3689.92910444815,38620.1636366671
"333",4688.41508652258,5808.91145716067,3954.82765882198,5319.08835496001,20323.3730141953,4721.84077916145,3222.91864285759,4239.75188383234,15325.7792002381
"334",2741.37834385046,2874.20755671319,2669.14661418318,3667.9660801521,8956.27421780098,2741.67542526013,2532.27594631272,3515.17839926805,9767.08877706546
"335",2661.92116958349,2822.88059499744,2865.94568056502,4361.62642658976,10989.4631972918,2610.86983826969,2631.85577590312,3928.93912200427,10078.0432361271
"336",2590.09748612065,2664.91502916006,2651.89305562358,154007621.041673,5954.5308510023,2594.9752862338,2572.5652441103,95856066.6716366,5995.46438041947
"337",7165453.85895382,943476585.046957,2926.350571789,3432.32836671532,7380.30416155864,3048.13265342977,2567.95461557861,2956.02669767839,5555.49670439587
"338",2684.72925810914,3107.11274269526,2765.83841549912,3601.99488933549,8401.8744522101,135687842.315442,2424.10953609687,3053.99666824089,6407.36263344296
"339",2636.83494338816,2791.82921774555,2916.21005278807,4036.38409895485,9642.62047716743,2595.32050173821,2714.9157055654,3773.18887631165,9158.94618906487
"340",2497.57678857756,2646.16558825034,2564.70424226377,3116.49699107605,4360.95591667427,2478.00179424765,2405.74748921162,2900.32473748036,3959.35137595795
"341",2716.67263293142,3192.02103615993,3285.33503874415,4789.3618156941,8358.87177512828,2626.46875147628,2665.76300391714,3672.14342436915,6283.60089815933
"342",3023.44598766018,4955.23720907557,3209.56182024596,3991.59639340452,12682.1915545983,2835.45352600565,2387.43397734638,2807.0678304477,5934.07240694832
"343",2713.77435160327,2971.06980279821,2919.55929879625,187492102.205297,7253.6461127021,2647.18022622743,2610.66949430208,3367.68491995282,5913.67937280908
"344",2742.93432154824,2981.19816679219,2991.53234009617,4955.25834977457,18386.4321628613,2756.11373462701,2767.50933271937,4598.11675387711,17131.8288530079
"345",2627.14099584907,892104935.516275,2854.19594412499,4175.69813782269,7894.33616217043,2563.70080171231,2530.14305833777,3476.90669280678,6701.05712726702
"346",2851.37223706922,3199.86637904164,2999.22403592089,3774.13887986212,13471.1391090028,2861.85957613478,2706.20439414725,3337.32744968344,9943.86632157251
"347",2991.39129181322,3559.38834412573,3303.95472232207,4667.25841725073,9274.27157648679,2920.24173250187,2781.72851836471,NA,6431.82848939898
"348",4575991818.98159,2755.65118099664,2705.51047886144,3336.24396807639,5214.46473021785,2142697080.49583,2479.79377464048,2993.2744600183,4326.76946474838
"349",2932.09560213274,3239.97354446181,2604.7938278279,2995.1525417424,5911.26923309479,2850.21184593917,2395.37120289357,2720.46252685291,4892.06999804428
"350",2606.11555016015,2660.52950589086,2486.64203472332,3123.26628693457,5354.17804419816,2561.55621094038,2393.93115148532,3017.12427647175,5144.76618669488
"351",2544.5151231267,2955.78719932164,3053.13305544169,416536432733.097,41225139105.7755,2459.36419476358,2502.20556661338,4040.34658355482,15669.8519124325
"352",3351.65346526501,3625.04815640763,2946.04739387708,3868.81616951258,9547.04502112166,3210.33350959722,2730.87608487518,3515.28697073037,9408.31379037371
"353",2683.31456628479,2773.46592070414,2917.04592067115,4679.52839152409,10429.0147683288,2628.30896747468,2771.43398203515,174048818.731089,11659.7133014481
"354",2707.28855554088,2863.13632509757,2796.86082683541,3470.10621091528,5673.24748389377,2648.73894225437,2588.38452851195,3167.71392160434,5016.73479048626
"355",3384.65153509664,4394.12821345624,4417.5661110884,9814.15411159821,45353.4123382089,3363.22487993753,3293.68783937199,6821.70033429242,33866.0400466684
"356",2733.74554906584,2978.80015346467,2751.64912112612,844717365.33096,5626.36200420339,2687.71597214992,2531.04257333031,3023.61166216257,4699.39108939256
"357",2887.64340932895,3034.83315469842,2661.36009599729,3066.16799138618,6822.08054889948,2837.80454656998,2488.12202240769,2848.48629067597,6812.24697709882
"358",2978.74611150629,3736.47325839156,3277.01592100655,4281.56548785355,12704.3926962019,2907.5331512672,2730.8661720707,3442.56092800852,8313.07451134753
"359",3137.08166997632,4106.80604660117,4220.06738355838,7236.31155935578,12468.4652686473,3021.73175755627,2931.67964789277,4442.20234342727,7695.12538367731
"360",2854.2140918785,3103.29893906462,2857.0689957979,3795.45340746546,6641.8637374257,2779.82770888834,2593.72960126636,3391.39428249602,5552.6753011184
"361",2674.1468071155,2852.50680410938,2793.18591255344,3684.43725633322,8002.98571511465,2623.56727405438,2570.68861073413,3339.8598531018,6828.24124298393
"362",2925.88622988389,3329.36447760462,3124.84781864573,4248.1626872616,12904.0019756487,2877.65653741505,2734.17401351609,3654.41316113224,9929.42981211871
"363",2786.46904287251,3073.95067399789,3064.06943033962,3884.93169482712,5216.87991721888,2665.25798260535,2638.59806337519,3258.38025788189,4160.8976176583
"364",5452.51549143185,6351.08514967777,3718.76905822579,5690.8753305546,27136.5542086816,5645.17107792454,3142.05413379282,4746.08694591173,21639.3282627721
"365",2662.78346639086,3254.67924508732,3143.15738631647,463461050958.706,33376.0521252116,2582.81706477608,2566.40187489697,52417884637.2418,17938.0987697325
"366",2430.38372794797,2567.27037378731,2342.4693526577,2742.62611373047,4007.86418217871,2373.71008180011,2200.02145744931,2521.40015026839,3505.78179123066
"367",2642.14790737196,2849.20046711782,2780.76245924278,3572.96916056501,5639.40272272196,2625.89005946896,2545.15278952742,3159.35732899909,4738.78764734972
"368",2661.90314862231,2663.34167867426,2440.6327936354,2811.45350432461,4055.6138676572,2589.28295793482,2331.05906977503,2676.3785760504,4004.65996808081
"369",3629.71180073494,103937773.772131,3271.69088946678,4592.24861591527,16245.4130545449,3314.46342570569,2813.847555362,3953.39394508923,11885.192952857
"370",290916254.196938,3558.75426254913,2751.19002266934,3630.21679944625,11942.513335115,826221522.69578,2600.12217732082,3422.47529500997,12943.6363423088
"371",2697.06008156542,2771.79770766404,2789.8500901074,3558.81791208388,13280.5316349058,2641.47007136033,2654.33194083619,3389.79768678237,14137.8881396602
"372",2508.28570130645,2789.64423752366,2692.67621172483,3549.60275727722,7521.38469782735,2439.35822422062,2376.64774184277,3005.15016425879,5942.90043957522
"373",2603.349057795,2742.2428907197,2774.97665989797,4118.94024689934,8647.70735072266,2645.4874233411,2649.53811474623,3929.63448262966,10519.3451593142
"374",2928.5410936716,3174.51328772975,2900.73646243628,3913.47673932429,21268.0376959308,2852.60402416985,2646.26965965339,3565.03671698235,17862.4614562616
"375",2632.79666773792,3155.54012509725,2634.61833584058,3255.52926547836,6960.23331933708,2530.29772296386,2279.06287573649,2673.41148169707,445320779.941272
"376",2433.83453763723,2459.94704430569,2410.80071922951,3154.9146734237,5530.08835632401,35735279.9143593,2370.25230292835,3190.5087469998,6276.47880024058
"377",2567.17427173532,2755.99929797945,2554.69440268157,3212.58162308426,4805.70762893506,2514.21384053666,2365.75875259466,284879267.761326,4169.76067672233
"378",2398.43212056752,2467.48333807356,2436.45630953688,2923.84377522159,5799.77948589896,2331.56277194712,2303.85641677232,2775.37326450782,9538942476.73596
"379",3427.57594999151,4382.28328290568,2831.30570802691,3457.33187263436,11338.3404357835,3506.15656004223,2487.49355166585,3007.92345163115,9020.56008949783
"380",766351528.335022,3005.2139548708,2797.75465510603,3506.27443513106,51569063430.0451,2742.77269099296,2572.83597946264,3183.0799827168,17442.4532636793
"381",2702.36262292769,2933.72186209048,2597.63883219989,3017.1003813509,4747.77857852034,2638.54797399418,2378.78031594827,2715.94449714613,3961.53610814441
"382",3270.61315288318,3440.02904136571,3887.88172313639,6795.8217033075,32609.0058385845,3231.96851535909,3629.59918272764,6261.2939063788,34257.0251117744
"383",2409.58070094664,2820.8389431849,2750.3749490075,3961.66245900563,12270.2569958955,2332.18452140541,2328.77333501309,3202.11170198862,8513.37020899448
"384",2940.52242226371,3382.77525878457,3176.62913460746,4264.58968933958,8258.65700233208,2876.35702444646,2704.77671105631,3518.43742739847,6438.57150274014
"385",2772.93064344424,3372.57151591456,3390.63420637571,5687.23703972875,32014.3314806061,2765.27242935847,2808.1532531242,4511.5825850121,791125947.486646
"386",2825.97625594646,3121.93180914133,2843.35704376509,3417.3224797572,5905.89955472776,2711.53936381614,2518.81772713163,2939.01328107314,14291644.5882766
"387",2745.56827045711,2913.10132933017,2663.85486777774,3163.6517368607,6689.11250030655,2743.60033174488,2544.35190627148,NA,6604.04995518961
"388",2971.83509718916,3312.46902917402,3066.07866642549,3896.80002939871,6321.64334885427,2833.12922577223,2677.10492788213,3271.27374730282,4830.12180686043
"389",1067620648.94417,48008091.5623059,2530.78601609808,3150.15089176798,4582.99317906573,2424.77919909301,2300.50569152896,2765.84868057356,3581.9214893601
"390",2597.03381733776,2844.85298906733,2669.48419624424,3479.94501142468,7829.02097838087,2547.78370393329,2408.41502016962,3089.97986511289,6571.50541538055
"391",2611.98387395052,2825.63070913635,2628.98396806544,3101.79311092918,6933.91441706411,2566.91298438604,2420.73067513234,2825.27946239692,5454.45904492775
"392",2606.72612038661,2668.61969255444,2690.36109708551,3473.51310842193,5110.64066301586,2546.68163497666,2551.8625897091,3305.44420137402,5172.74135410564
"393",2360.24151849119,2477.29221976957,2538.4842029336,3466.45315323924,6307.61086836437,2284.55280998544,2317.98581628206,3080.20038096623,5469.60086100326
"394",2625.16643286504,3034.80008960437,2548.33305609381,3070.68705030851,7918.46047936627,2611.21708430433,2313.11563933198,2757.49924783652,6415.64152115857
"395",4666.75030782714,4755.05248287858,3090.5243867931,3761.01806665153,16190.1518704829,4482.66326465138,2881.48267731503,3505.71572541188,17370.8636879057
"396",2968.2009226948,3071.51579949213,2587.04961694004,3025.06084780452,5034.01273097304,2986.94117088347,2471.93650931054,2892.91311734152,4938.79125947616
"397",2503.06507650561,2980.00563268486,2753.45256972067,3776.72611423302,7064.87093210525,2419.9631287238,2337.85914661693,3051.2292552851,4584.02904269474
"398",2656.50184436107,2686.86801957927,2169.49457131611,2420.59012651903,3994.36814298385,2551.23998934339,2082.91851916727,2322.43319217573,3753.48605353587
"399",2846.98426143361,3207.32088005273,2833.01107157368,3519.90366016531,7928.66598150164,2819.28850406392,2569.66419401425,3204.58380112128,6716.4242014002
"400",2576.94778857789,2752.27066605063,2534.53036475554,2949.86727779579,4565.26771926383,2547.65768987572,2363.56038843855,2709.81222142563,4116.2539477806
"401",2902.81411789217,3217.86723637965,2616.12849034576,3180.7758472065,5862.77955980485,2705.21421201168,2377.99241215354,2802.20479617377,4358.3560790404
"402",2499.36191330788,2970.65967925711,2694.27285220234,3523.02352319122,9502.27858782127,2391.86542307169,2291.82769274869,2916.31625836963,6646.93072865825
"403",2518.12864050419,2756.20512971594,2487.15876643683,3129.23845390279,5532.2488647383,2407.48322973068,2251.91333963971,2721.80501347394,4081.32557613892
"404",2686.69372262833,3110.33943357448,2894.01053545902,3664.94485051458,7141.20068722807,2607.28808244569,2488.41276945377,3052.3069846319,5315.04390666692
"405",3007.00820556734,3457.70334566645,2975.90501221304,NA,7687.62825272207,2985.12154525399,2649.9062469477,47900441254.1691,6448.0166459489
"406",2569.23388123064,2753.23841567089,2704.41942633914,3893.12018490942,11133.5333828547,2544.54479185741,2513.55554408821,3603.21574565905,11976.6266682748
"407",2673.05253077163,2796.732611558,2635.92331418927,3027.53756295903,4891.29000961443,2621.24217093466,2466.76249749197,2800.05271645996,4483.07265302643
"408",2696.65320076497,2863.92929794833,2752.49475684563,3362.49010308616,5661.58310516997,2653.23186951704,2569.83090994854,3097.59448883634,5338.88497372289
"409",3178.77774876893,3810.64462498618,3084.56310192717,3820.68951123933,7555.11009776551,3086.60916966994,2654.36948724298,3212.79152731049,5701.08078120503
"410",2777.18940620317,2962.52761926965,2393.7572115927,2946.22924223694,8389.2953096781,2662.11154577539,2200.1387516034,2690.11448709709,7364.63959915276
"411",3729.18031490178,524812994.681147,5551.91319090489,9374.59789963243,24895.9549539421,3642.56766146638,3561.79741023029,5483.63559669918,10450.3398838786
"412",2777.74051119862,2875.71528637813,2822.72573165017,3758.73722143221,9366.32527583797,2791.61247641447,2717.11728754346,3622.69466085649,9628.46345521354
"413",2632.6525664388,2811.47134394695,2658.05291729368,3286.68279029454,8009.79442827127,2540.0399692148,2423.67205384053,2949.86136876235,5637.05823604658
"414",2799.5833780245,2972.45750679997,2612.89109424965,3083.36804822325,5447.61150648575,2681.52262520316,2411.55002212808,2825.09103583155,4837.17103207321
"415",2655.23805282934,2938.45346521195,2696.34146198715,3364.63849629335,5273.62101209928,2619.01805085414,2419.87786408764,2933.67699257183,4443.88211996936
"416",2520.81842025896,2615.58296099456,2608.9751637215,3386.74385752009,5578.76909432068,2497.02857221119,2485.64710497423,3236.38746808644,5314.81428574642
"417",2646.72871023546,2807.71758173464,2630.71290846965,3124.47973532136,4617.04754447485,2537.83226272685,2392.39722830674,2754.51883265834,3795.03312833444
"418",3370.03390067074,4034.47296376938,3686.09076419126,5556.36842952638,27904.6244760954,3272.66646270039,3163.29048681566,4843.89120005507,20658.0289084192
"419",2888.69742630152,2977.81671995796,2760.36116999176,3602.37536406422,9078.5510884219,2820.11967020219,2646.17510004522,3497.67138130084,10852.9409741205
"420",2621.17506009291,40401416.0329675,3294.73743493346,5238.7149295983,17055.4021749486,2541.31734704437,2561.64838540358,3804.23234297519,10148.9520507046
"421",912456313470689,524845753443625,3687.47453085956,5726.23545670482,65325.1180495054,2780347957220.75,3258.73757365042,5035.26288763682,56298.1839876085
"422",3157.32304534224,4069.89593989143,3617.41731376385,4709.00372294294,14555921057.7114,3194.53729085437,2926.07035482258,22735589.8606042,10959.7996888812
"423",2282.3390149642,2361.93000516893,2325.37795538972,2971.66996525513,4097.83706879288,2210.99590238258,2156.04851548686,2691.64935704817,3598.11319080831
"424",2743.1294415568,3557.77504367371,3651.01919479482,7429.7624387492,63386527.6653571,2696.51928662679,2742.80780547805,164437932.408437,17200.2901808351
"425",3546.84944082075,4248.65404033134,3724.31077291912,5451.4138227814,52254.2587389117,3497.6619706725,3147.11544199168,24153895998.6,51181.939021925
"426",192261515732316352,24563738785217420,2953.07455203944,3649.81481727691,13557.7808912923,NA,2750.8066098577,3404.92386005755,11694.6944525216
"427",2651.62873096729,2805.9862702541,2386.13303256537,2825.98810855137,4470.76876297778,2642.8775041361,2260.46006718342,2645.9450282197,4119.85324426498
"428",NA,27694506.8824782,2749.13781968695,3353.74779819402,5533.57935427379,2729.91001729528,2448.23293023179,2894.6235822708,4392.42267449831
"429",4220.66021164815,7716.1722147003,3344.52371385545,4660.35789673248,34488.34779093,4303.38965346027,2861.0068312373,163053745.572973,18103.0307107431
"430",2514.96466947953,2924.40516087446,2886.81795283899,3916.80319822227,10915.1238972417,2500.18582600314,2487.71865982595,3311.56488351822,8710.9444228889
"431",2869.39852445656,3120.85377450751,2560.27161523569,3073.67623122792,5850.67286237074,2838.16104939352,2397.28348864123,2854.08413126538,5084.79104548811
"432",2392.27247596303,2545.91592848188,2419.44839725163,2918.20131302371,5600.2913287117,2330.65013867368,2242.3826484051,2645.91366095733,4477.07699667973
"433",2288.37587201895,2575.533524149,2629.60574280294,3831.9103837151,7692.51415195455,2299.45016965585,2338.60514451116,3260.1764710425,5826.56292762254
"434",2649.68333470099,2872.54113908977,2359.09761071705,2889.93086050252,6542.91256759343,2594.9011622981,2177.95176640823,2626.29471091913,6073.97472573606
"435",3030.07417784436,3190.06783209582,2869.27209908897,3532.61683641942,11000.9892908115,2955.17423642785,2679.12209567067,3292.27221558934,11710.2010915739
"436",NA,2888.28698104694,2802.19975962156,3760.82812925646,20239.6822037401,19652167.5854514,2522.00540729888,3330.2539930641,15560.9591583332
"437",2736.94510137888,2897.32989180137,2890.65990393687,4382.02982233688,35213.2739500408,2641.47573416861,2598.3170758819,3896.0708744599,28565.5204861361
"438",2876.2621870754,3213.57970230513,3266.27434515234,4488.41984589418,6393.8366235471,2752.24420725052,2709.49266845533,3523.38545326977,4943.3409298009
"439",3529.95877815342,3915.00843524195,3798.92259479598,5959.99724366477,36578.8006917517,3551.67445971561,3359.23524539786,5326.38712969238,39182.9704843986
"440",3121.42501710947,3427.54232756447,2648.3971760963,2997.14792331582,5388713000.6119,2945.28818215899,2411.6380312734,2701.71836404628,4561.12523963555
"441",3701.01559680031,4375.61808372284,4311.1426828237,53484987.216787,47517.7105727524,3557.11956690085,3619.27158535324,3469258620.2937,31623.5092156682
"442",2562.90131930392,2654.04495548407,2773.21083665109,4191.43530641061,12883.409358798,2564.27905995938,2671.53046857942,4135.17638243677,16502.583662724
"443",2842.49480822418,216406300.371373,2637.86166798068,3101.5757138429,6618.82331202809,2760.04511939457,2269.07043480019,2589.28658426758,4332.54800173913
"444",2923.72337193684,3121.99797514423,2903.13146666331,3401.35537247172,8978.64891991919,2816.44668710843,2675.82274741727,3160.70628907096,16308097634.118
"445",3712.77875947932,4503.5654629371,4347.05245540659,5939.6254663903,17930.6740104401,3807.45987949596,3511.55187938308,4670.11237264324,16158.2928594374
"446",NA,133922125.294613,3399.02577698882,5221.43780461938,13784.1878637625,46416246.999175,2927.24772775812,4416.67727930183,10533.7063069741
"447",2852.11569838549,3297.72440680547,2986.1878734789,4007.7216637523,8785.03931507727,2815.96233129336,2603.01979615353,3351.60553262149,6850.12489514965
"448",2889.64527768253,3121.25992713199,3038.48622462284,3855.44096537326,9224.98561913678,2907.36794893785,2834.72881045756,3582.88928251573,1018623751.86261
"449",3031.9933275625,3173.5136421501,3212.94023312604,4398.78156575359,35837.3485802265,2984.22911496807,3036.28359934334,4278.60392281966,32585.0223651589
"450",853396476.39874,3706265336.95138,2512.86030393521,3428.42408046563,10074.9281543041,4023536908.58575,2411.74104843004,3313.26526434442,9321.39413198237
"451",3048.85326057177,3269.0722990219,2723.08905733854,3223.77376144768,5374.45085223837,2948.59430394084,2501.70005434312,2924.90378870856,4640.32243885352
"452",3933.72253669392,4762.34265462388,3258.02831588888,4271.43756898953,31822.2368648425,3813.71468896055,2926.82649895708,3900.124309677,24535.2176898647
"453",2699.4751216041,3012.09839004417,2673.78330942733,3350.98763907835,7090.34638270107,2649.11488854302,2421.13443173292,2979.88521618107,6078.47652808731
"454",18913824.0167615,2767.99940684771,2765.25847721948,4005.986250557,9522.57135131142,2485.41924552555,2475.30461237996,3519.86540368838,7973.18678179561
"455",3100.33050164029,3618.37006357382,3615.34212651196,6234.7632729906,36838.6986949906,3081.28877871337,3106.1223568172,117706188.42605,30907.8002955019
"456",2239.68639905791,2325.71515681724,2189.9434742894,2699.45988139587,4123.93890429284,2183.50674658749,2075.93660358488,2550.49699052987,3802.67856940011
"457",2582.77798177565,2920.39345734658,2795.23620618575,3939.29646337412,8019.93127990659,2497.41746444898,2399.14233563656,3242.99599974684,5808.61777385091
"458",91726142420496.6,57991612130484.5,3252.52620279302,4523.10024570878,19321.5162754376,3897695289437144,2959.9598530908,4079.39077650359,16414.3003743261
"459",3107.15464699468,3221.79384671209,3037.1320513535,4135.62214764098,12491.5899443583,2989.67134432434,2838.47397854976,3880.45430485796,11447.9790418022
"460",3594.75633432775,4756.73712622036,3374.96201677114,4266.38791665041,11872.9307766229,3230.61187132419,2739.29466647909,3398.50903459593,7181.46276751215
"461",4695.0639322828,6177.25626187456,4669.38673381129,7073.37466960616,164770433651.146,4548.24902915678,3905.33760554416,6111.0297269086,53999.0745462227
"462",2727.21161986747,3076.60650437141,3046.72636736515,4737.15868244833,16753.0238374865,2647.60687331956,2646.30949439317,3863.15430507881,10475.4143084397
"463",3451.01404307926,3707.06864274092,3880.8450493789,5966.36241242632,20728.7423608361,3286.1868090236,3456.53520842856,5335.99073574246,18698.6026328646
"464",9677.05736596315,11948.0719843387,4290.69412935342,6130.32710950361,77060.5493217105,9904.88459820026,3777.61161181152,5424.50072706292,56996.9878965672
"465",2654.20393194098,2819.75774628163,2719.83362769543,3353.06171234448,4623.74890636607,2580.2030019467,2483.88519349412,2990.73569561293,3987.36693785866
"466",2705.46233411315,3008.01505515036,2583.57972160664,3184.22077258828,5675.58147915184,2664.62480495989,2365.33583685591,2830.5026063394,4862.41748533427
"467",2399.32615818397,2489.45323635697,2404.23702495351,3120.11467820661,9211.21634768228,2364.54702855406,2294.47260042377,3028.29838804935,9584.80773704912
"468",2890.99132418985,3375.81551585221,3537.23347994784,5751.99709216361,16287.0619154189,2837.81193487248,2872.47628827215,4413.87198617429,32997270954916.8
"469",3134.94562343009,3307.69545541825,2833.48850349975,3560.31900304537,13438.3828805886,3121.86400792041,2678.34965244035,3379.88564841131,15163.2552642834
"470",2461.18924595676,2687.82500917485,2459.54761436509,3010.68981472357,4773.73085282555,2348.33317259237,2199.09307124878,2619.89851435518,3859.44697895485
"471",3607.64781824225,4052.15293877593,3300.68039319067,4137.76115968082,11689.3209948101,3712.9624001102,3030.21141340873,3780.0049040408,11115.6553037304
"472",2949.38739637237,2985.80213417754,3233.86465491987,5442.09724111088,10269.454106133,2882.35004670918,3071.23083034651,5230.78709515638,10391.6427729784
"473",3181.95385993424,3837.67475183935,3599.70876055122,NA,60036.1607609239,3235.74208409057,3091.67521492998,4740.97825553029,43331.4260364124
"474",2628.52137609904,2794.66571803615,2911.27872856932,4554.72164800755,11412.3312166436,NA,2605.53846506796,4030.89270931953,9788.19346402239
"475",3159.37653092726,3577.00544731394,3464.4038404888,5499.18947611808,12126.0380887458,3276.41900977412,3071.55831287068,4855.44470145713,12691.6721142424
"476",2704.12398471371,3353.73180440033,3009.52926369622,4193.59998311454,10786.2018281661,2735.95775221363,2503.62498987385,3378.39144173454,8575.32755997572
"477",3109.9163624121,5049.19818748631,4090.92961054004,7266.7915652277,29594.824061672,3191.05422562857,2824.52343973423,4394.97965010611,15685.7987061005
"478",2707.588900673,2753.15539861586,2778.45461472001,3949.46369898023,8982.53295689936,2760.56308331997,2758.5956740719,3954.19688592965,10181.7432443914
"479",2839.74123989547,3022.67542230836,2823.48515459341,3790.56983698936,9844.51766897939,2734.49061366871,2476.50864197984,3268.68666050659,8596.99806559711
"480",2519.35781491857,2702.95014382215,2673.94404339508,3809.98610134142,10282.554477722,2447.60589903609,2430.82870302139,1036708313.44302,10542.9958765308
"481",2697.23515611254,2854.6936411971,2554.65758019603,3162.23681251358,6257.53115893344,2573.92967588065,2317.32022594305,2841.32335032035,5735.64306914631
"482",2564.9959208434,2794.52845701872,2812.49634856149,3839.67166837328,6184.54978448205,2498.76905386394,2494.09487709087,3264.25965227672,4931.14274385625
"483",2806.63579947265,3994.05827125065,3352.10911075772,4490.57995664615,9632.35213039591,2678.56769747292,2542.80002864178,3112.30942926277,4751.14827202192
"484",3112.05278361829,3145.74686843232,3076.69796284198,18540931.7381826,10133.6346520552,3005.95865321577,2946.67680393268,4015.5945017582,117060832.525076
"485",2795.32212349589,2964.50318969376,2895.64796558991,3546.34766713584,6642.3219351072,2668.68747647864,2581.18363582351,3143.19406599343,5629.52108727205
"486",2753.00440499234,2906.54983753115,2470.9910487875,2974.69248707664,5848.55364151895,2705.86510219495,2343.04118486398,2819.1664131576,5855.91556391552
"487",3390.39981827612,3766.30409888875,3372.5704352261,4733.59205887858,15621.19916599,NA,2882.57988403977,3985.02550261647,13005.7027867649
"488",2826.90143151829,3215.51888414337,2995.13503813541,419502381.909628,7505.26276132542,2790.21920304119,2663.96838229528,3294.94442333122,6356.96960476772
"489",2719.01098124264,2905.59797219211,2643.35404536192,3047.50285380389,5194.80319280604,2608.65491797775,2428.44860584939,2769.7294506782,4499.33194690477
"490",2684.88612444311,3099.64518571772,2639.13515982052,3558.25653936645,7512.95821880361,2578.8340599929,2328.78273477893,2989.04829976475,5404.61896644417
"491",2978.21480623166,3227.9660710135,2905.93734364012,3569.19823397852,8293.83253340753,2872.39742508675,2628.98433867457,3177.71372772457,7082.09146520636
"492",3078.30303443636,3495.24590384904,3443.56439712455,4774.82353893938,13552.444568964,2966.06170406959,2945.55912563042,4055.9253636303,11012.0465573664
"493",3004.5883955645,3205.28811293211,2676.92533956523,3289.35181993219,13273.0613782564,3003.87775978632,2501.56046135357,3027.88387168611,12207.6720005784
"494",2597.41495215156,2845.16754886721,2703.53631314579,3402.64929356151,17799397886.3106,2525.36275442446,2426.20279908486,2974.950664772,58973879.4868146
"495",4246.62949480626,6325.49205664475,8498.34018124837,16503.8953032895,28299.174359325,4658.80957564053,3996.78432418957,6969.74236998297,16218.5240778162
"496",2416.44645695959,2613.51942620489,2491.56335449859,2968.80938275886,4218.57996411204,2358.55294999762,2288.39653946306,2618.9458571714,3399.19484196771
"497",2431.90643530499,2748.83919335624,2653.11917019452,3507.36672815431,9750.75439984092,2349.50672065301,2300.15663670629,6186417.63926793,6284.44965550345
"498",2613.59453333957,2681.65840661512,2576.74981730254,289142754.363029,6421.29563414905,2527.83052953502,2428.09350394245,2955.62667978978,5793.89146860351
"499",4465.39090616018,4323.6921845838,3002.07102954982,4053.86188046761,10005.4512469294,4870.54357138282,3005.91739862924,4121.48934457195,12150.0586999834
"500",2707.57542313027,2977.63356928399,2790.89069445761,3881.1125031532,22773.2548781126,2667.86768326641,2498.41456170066,3463.69583638819,17737.9048335299
