"","correct","wrong_link","geometric","oizt","ztHurdle","ztoi"
"1",1008.74571630739,1010.46605244516,2324.18604851623,893.790450915746,1068.30978955717,894.136949893518
"2",966.011062435191,965.943916903783,1945.6406509554,896.217842338965,997.880094257927,897.521423054399
"3",980.558069526903,982.83207051801,2196.77618666745,888.962251707642,1015.6626292336,889.041620740207
"4",1042.85719822682,1043.54309390672,2375.13011207315,936.096007537313,1116.09722078681,936.386933194067
"5",985.050142029507,986.448181303209,2339.76113575621,883.220594196916,1021.72696667508,883.728963647824
"6",989.324523885845,989.625430972696,2191.43360151732,897.818204699859,1045.79871036313,898.075075308479
"7",992.440929139271,992.578179620211,2213.42580749235,912.421019375245,1051.2269351807,912.780538818256
"8",1009.5525363516,1010.37659507068,2314.41815999358,902.069512216372,1080.45385816455,902.515835911085
"9",1038.18264897449,1039.43582199993,2442.26981267891,932.343714206893,1105.47155542959,932.378743416809
"10",1035.95044776579,1034.64799857992,2441.53568872542,906.402863072166,1076.15097287462,907.510812277858
"11",972.542571158428,971.256423290887,2075.66062250606,899.223051665475,1024.56287271955,900.093292319219
"12",957.242849240001,958.617764579107,2167.92337917177,875.167464043942,999.533716532066,875.366199865297
"13",958.847217176728,960.083302750577,2074.90848928022,894.383425163976,999.220064987284,894.900186864322
"14",1064.87234189676,1064.22963311737,2533.97153100608,937.146084734948,1140.96727484898,937.7532422243
"15",1060.70429581898,1060.09007977583,2733.14342240794,907.109757694623,1146.53913518247,907.371487965638
"16",996.352194324454,996.629918520339,2291.96939970236,900.86775825557,1034.36911097607,901.28387770709
"17",1021.42255732255,1021.29433398489,2255.13697617807,926.148285778326,1100.15197114949,927.065633654427
"18",1014.41954574016,1017.60733418517,2438.67054497823,919.744022186227,1084.26802256167,919.939789880035
"19",1000.72492883645,999.940203612808,2233.52340580441,908.198160986783,1033.51682491377,909.253577722847
"20",1038.65829257422,1039.45672916015,2373.17818627167,937.477535720813,1108.69290804993,938.090948018624
"21",1004.51771122725,1004.60527063348,2424.41528035033,892.346273778261,1065.20217195852,892.969517555538
"22",1031.02915838264,1028.95338267944,2351.02851827876,895.764098390821,1095.33154701052,896.638986835299
"23",987.916412424876,987.513449958019,2459.80435156397,885.23050451475,1040.82333827854,885.742505571471
"24",1002.59749052942,1003.29829858049,2279.06967739994,911.88949640049,1055.05634684136,912.149328108208
"25",1002.54499256783,1003.65696354126,2374.12656541197,902.514775477306,1030.74056204296,902.846202769963
"26",999.241393474133,998.877772230221,2087.19839901604,911.502024174918,1052.20534344804,912.531348066261
"27",984.89765007079,985.21727748691,2119.83569966848,906.947004856486,1042.89876787054,907.605522231605
"28",1009.55749480683,1011.49327409987,2247.24078103359,917.477258990557,1069.05496397192,917.494433968031
"29",986.308610281794,988.996462149278,2075.22964210399,909.465263313682,1026.50717864829,909.761994237051
"30",1024.32123159097,1023.38708599961,2353.38921727034,918.939834375699,1089.25836998636,919.694321624428
"31",1002.4486450757,1002.58497298635,2267.7306820229,910.205842593849,1036.92822909002,910.754993399236
"32",984.503222277802,984.210594207214,2235.34448374599,897.723591000253,1067.84371273464,898.428316406348
"33",1010.80130221322,1011.64021326435,2240.21611855842,917.896869670636,1090.21589767883,918.163880100499
"34",1003.30051642363,1001.82001635076,2378.77920905896,909.194384732562,1040.39443475729,910.184703262098
"35",1032.18605483222,1031.23314929745,2297.71376499411,921.930010386017,1119.09418162383,923.256714800518
"36",1006.85888721248,1006.63637783689,2306.47910475629,900.573568914586,1026.96533816296,900.79480138226
"37",1009.88302588685,1009.82472852343,2226.2364928761,923.193900969398,1063.73638455887,924.206698858476
"38",1002.23135204384,1002.06939578912,2281.68601853239,916.200509855837,1060.19552648183,917.465913214888
"39",954.750253934051,954.31406224431,2062.94984179362,872.869762399535,982.95679099462,873.550414633809
"40",975.118335697792,978.516159316067,2177.98979394766,899.320372339825,1053.14754260103,899.560578531709
"41",1007.62344986292,1009.29415099021,2220.4152438862,922.297430282382,1092.0081663278,922.816057739727
"42",973.283703203064,974.504671164327,2048.83258191552,898.957522387942,1024.57108622017,899.977151586582
"43",993.692629749585,995.866633369709,2284.30200753161,900.938941604269,1050.9231871834,900.971209125633
"44",965.782416110835,966.415471445,1985.3258944262,900.407606058394,1019.52458264205,900.489073709979
"45",1008.81544806073,1007.89804977405,2283.80643973432,906.341875122351,1059.95468737638,906.688023957502
"46",1048.64694256466,1049.80693770967,2768.66957372309,921.387201213568,1130.43981874424,921.870385968196
"47",971.209554073045,972.63515412444,1967.30555968492,904.854510086087,1010.51701242102,905.03606848052
"48",981.741515003021,980.462641079415,2115.98413784723,891.056750443277,1029.03384621132,892.458142751463
"49",993.63828358861,994.654680841007,2170.33817757003,921.858045290377,1029.68860691459,922.625588342781
"50",990.923174980591,992.495849400036,2115.65628674637,911.787867359948,1034.15563743748,911.967250637821
"51",996.044275655864,994.701704062004,2278.94737551517,893.818898040158,1052.22639965294,894.438316384994
"52",1013.81309584873,1014.93590763907,2363.78071862356,910.142402430035,1079.38661204054,910.940505285664
"53",1047.93324293357,1046.63320414717,2410.82396003207,917.465700108957,1111.02544330786,917.51747330966
"54",998.667503435307,997.244333086029,2121.03902564035,913.245812545006,1041.95702076668,914.041481476688
"55",993.307734411083,992.468371282237,2458.8391987361,885.636967285972,1038.15246332975,885.970583627231
"56",1049.63008370193,1048.95419686069,2429.59384933046,925.568001912894,1114.60849717791,926.078112005381
"57",989.396400494767,990.001838202356,2290.34266597534,892.538639673948,1039.62962317289,892.546296761248
"58",1056.89466570946,1058.10283684397,2642.27519154063,914.531792689334,1115.58256407009,914.81717434494
"59",1026.01160414147,1024.90555720386,2516.59083601552,904.668969523199,1065.93595153781,905.142178202756
"60",962.300643639428,962.556698982396,2009.46895727327,888.268987217428,987.868665975899,888.720821102915
"61",1048.29434051989,1050.38339197153,2553.13741777971,938.487544854408,1124.40408288232,938.576917853823
"62",1036.34260795183,1036.61618003208,2386.35068252613,914.238328679043,1092.64084439452,914.572705929149
"63",1004.82744588189,1005.29799638541,2332.11633675642,897.674663858031,1065.69977431545,898.267181193216
"64",1001.45572893503,999.739642124976,2270.81261870255,888.992805410265,1061.61889734754,889.447168939646
"65",1004.67966177607,1004.4628228683,2230.17670203747,897.684016859808,1037.85765674959,898.134112316585
"66",1028.83503324719,1027.29600480036,2330.54640379391,927.696553505466,1089.69839812731,929.186431238495
"67",986.942659843231,987.059348407267,2194.98438666691,886.198770456629,1028.18530112786,887.130477526893
"68",996.003906877755,995.54182066228,2049.61181928998,914.973356302515,2016.63403416246,915.620005029216
"69",1028.06099552982,1028.33941570717,2447.74862697325,930.174860748159,1062.04317557337,931.101114663919
"70",1005.88716802019,1010.33073232893,2412.15932466663,903.268919592956,1070.56062688606,903.354431767409
"71",965.72084759163,965.060627509047,2055.41136873107,884.094214746909,1000.45698187987,884.47080758418
"72",1056.32098605759,1056.77561045966,2672.9089899572,897.999203150131,1079.03194854183,898.27630470753
"73",999.50254287593,1002.19251701539,2164.39908570819,915.254711578548,1052.29232872911,915.480977475181
"74",998.453059678215,998.30560648245,2336.95589716525,907.237880494988,1047.05098423993,907.568789901319
"75",970.600915656187,971.998743690574,2132.6372648177,887.374130340628,1011.55834723453,887.800646000803
"76",1001.49645830752,1004.04323870376,2313.5400214525,899.1143867769,1055.98613733226,899.768819166933
"77",1032.69866652803,1032.83879226536,2362.68492378164,935.459808361483,1099.26280819696,936.236951828227
"78",946.977693585566,947.761732450319,1923.34638269511,888.297699192891,986.421100037983,888.770157113321
"79",991.140250935549,991.725737418865,2087.60527104474,917.241539422482,1031.24945335894,917.510485148
"80",1017.69932882477,1020.21880890535,2486.45818912198,909.464304700521,1060.20797113068,909.662075860611
"81",1008.32725865895,1011.14616486011,2370.76415692988,906.803994072251,1107.31667835476,906.889675822045
"82",965.252574285965,966.489119725285,2072.66948539039,888.805370372247,999.046098345056,889.166564968183
"83",992.247562182924,992.060663233458,2373.21843865838,897.657620913646,1031.59538233563,897.94280185092
"84",1001.64778392526,1002.25494886012,2184.86155032207,913.050521568614,1048.95689845687,913.590171617129
"85",984.407677014354,983.889799443988,2245.94087002597,907.130494622027,1037.5494787344,907.827348207961
"86",975.292301860519,975.011705958587,1997.53939539513,903.32544983829,1021.83570679629,904.03091228163
"87",951.348738636903,952.956638209332,1990.76927102154,879.99240279625,996.363591395005,880.859858360234
"88",1032.34729595353,1034.13625578126,2509.72915655099,913.871194392034,1081.20960305161,914.329515256884
"89",1036.46595762571,1037.91874965511,2468.15491445749,914.34645905114,1101.94203894138,914.541880912476
"90",1013.86267414104,1015.19295288538,2106.7838040574,925.680080493579,1056.15847048986,925.999662431979
"91",1013.14125852956,1013.28834701234,2135.83991737629,913.14225780842,1086.29326125862,913.69449525376
"92",1003.64178452919,1003.63073636925,2347.11790427008,906.643535200938,1048.19721870387,907.125626015002
"93",985.722072297404,985.526869703746,2341.04510615696,892.05134943479,1025.26598767549,892.316421644679
"94",965.338127990081,965.067656318815,2244.19625177138,877.016902651471,1011.32912022624,877.83846776962
"95",985.550326809804,985.112032114059,2136.5441838771,897.815493326386,1053.43570588537,897.855098058769
"96",963.728832434814,964.936797006601,2038.2961832939,908.273791880299,1015.46488925962,908.691468280915
"97",989.637808577654,991.151395705748,2285.91345122183,903.613904718256,1051.5815778846,904.118574483622
"98",984.578353221894,985.330425511565,2196.428924939,913.754244350421,1049.11097969283,914.581505566615
"99",971.081563331837,971.091944187198,2032.23747860311,890.320002354877,996.655911676955,890.630921329707
"100",1026.5678694195,1025.90576226962,2398.83606763328,920.983032130776,1071.22906025374,921.33887223554
"101",1029.3346037716,1029.74537053292,2473.02856705935,920.839087890541,1071.78124540063,921.456669936877
"102",998.066040335465,1000.12265583807,2153.44203654797,913.353739897666,1050.35821222205,913.409950880473
"103",993.123584332396,992.929145782537,2274.65182342577,912.710232316215,1048.55890182675,914.13624325825
"104",968.585896196143,970.155974147317,2448.75832378624,881.407663465794,1023.64012418979,881.677461560453
"105",1027.99626382989,1030.62468300545,2419.20810018457,931.065056267055,1090.28956369616,931.442102110327
"106",982.568428559384,984.342011741236,2147.22841881764,906.869460741696,1033.37137023204,907.777091594818
"107",992.094374931615,991.777335478233,2253.71176523474,895.218827755819,1045.09754352685,895.435644625553
"108",1016.27419397377,1014.12652493837,2251.06833979999,915.384601532175,1083.6579041287,916.358209783512
"109",1029.89614180828,1029.36220559289,2287.08344341782,930.187734303966,1069.22257445239,930.949372012134
"110",1021.7209729969,1021.51274552283,2182.81805360659,913.58148008347,1070.82942582965,914.237149766895
"111",1035.6905876401,1037.45691837988,2588.4118764142,898.316987504663,1088.71535645189,898.466524075928
"112",944.484138030812,943.927931346956,1990.25846028667,880.324882447661,980.640323977466,881.095799021209
"113",984.091164640023,984.50705180715,2135.37158871938,909.022744414256,1031.28207545316,909.337742082962
"114",1066.80297657561,1064.72305347126,2538.50907943838,921.53331202065,1123.77455895259,922.254669721843
"115",991.297832102362,995.623925833349,2383.55488869479,898.789950502761,1089.3565956832,NA
"116",1020.66671765171,1023.2933414584,2323.8647402932,932.707075355637,1086.22807912407,932.944704373578
"117",1053.12014019988,1054.31706684254,2598.26576458531,937.116083404479,1129.00524439352,937.6097003495
"118",1018.94072718007,1019.67886524416,2514.35329728882,918.586473467778,1074.4356931476,918.734819132591
"119",978.182183235919,979.111570707904,2240.32362542405,905.047053161175,1042.65168660745,905.603878286371
"120",991.055391800537,993.533983486427,2208.95678396731,904.216457771956,1101.4315849638,904.464166959607
"121",966.040523212285,965.880854043361,2096.85761401912,889.209321504575,990.207696523851,889.582427336796
"122",965.573762387246,965.390567310744,2194.12644768378,886.981009750066,1037.54716053707,888.4106592134
"123",996.704515739166,996.568767148075,2248.90551112384,894.711422314573,1040.10263715204,895.189221541357
"124",1027.61691558699,1028.11752689915,2530.12941576408,917.662482865243,1104.90064525154,917.909490984542
"125",999.124389195226,1000.96471808488,2144.88932825119,916.241512938324,1044.43501713179,916.45801273834
"126",992.622648704224,993.370578962919,2349.08458076208,897.343514744665,1042.47467652445,897.872614446866
"127",1009.77147796072,1010.18376751512,2288.9285326932,909.271562726506,1048.82110458895,909.57952303974
"128",1002.47216791497,1002.73993766277,2214.87810594828,911.908927979753,1052.02522863989,912.416621544012
"129",1037.67766020051,1038.3551513685,2440.15384675859,931.895968286113,1095.72901450236,932.891193207852
"130",997.369630014469,997.522289087546,2312.4245421613,909.089790681812,1045.15782770971,909.500017037645
"131",1017.611633504,1017.67432869346,2449.30719530069,912.35562517557,1065.45108439293,912.443130789519
"132",980.913489585072,979.6927033078,2140.76562171299,897.22204306317,1047.78915065141,897.910272193887
"133",1011.52678142462,1012.7567001813,2360.30012931263,918.139503071875,1061.94906900193,918.542939043498
"134",998.943798476425,1000.3378920586,2160.85889017613,926.180697961786,1060.43087434697,926.460963376055
"135",992.895430111724,993.380941474987,2151.02283378998,903.352285511017,1042.96760593165,904.204235556103
"136",970.384187788565,972.371380390862,2281.71916132056,899.70823513274,1007.05578752505,900.044555090388
"137",972.049717798919,972.161339454379,2156.43491749283,893.025782952477,1006.21837707691,893.71857704181
"138",975.485007894326,974.189512478214,2079.55049661091,896.812571372628,1028.4488951708,897.022107418834
"139",999.696696374832,999.871631511876,2297.48639520852,900.969592105956,1063.79847039596,901.800117203953
"140",995.31550055898,994.977063636039,2287.90674695212,903.185274272746,1032.40694790726,903.63035051997
"141",1008.72481160859,1008.45463388674,2288.48002320229,910.982273530849,1079.62543434508,911.453288764917
"142",1007.90140019227,1007.34476172274,2372.54448712466,903.187023414256,1071.33337920448,903.510862480511
"143",988.952157635226,991.280651891042,2100.88396754012,918.460829002948,1035.22863860675,918.55082352539
"144",977.422806852055,975.331535712972,2117.00936423611,888.398173347856,1015.80702496302,889.258337489424
"145",1014.86873159201,1016.54425919189,2233.43463680171,921.544144454507,1071.21094513009,921.696547205436
"146",1003.65308849851,1003.17667286623,2407.86533050461,900.900390299987,1051.551283448,901.781774940044
"147",994.769412384255,997.437748276453,2199.49483292121,913.06521354262,1071.94632217727,913.369794317313
"148",975.386792282334,977.425538547174,2159.28739063783,875.579068207119,1021.58323509184,875.826224648201
"149",1019.00450699129,1018.66377604267,2325.88532102448,920.12301332217,1069.42928017891,920.351023583491
"150",1019.20954050438,1019.39431143477,2190.7527155026,924.383092617376,1094.9568860722,925.282890936427
"151",967.331209498837,968.255071374351,2077.17419521827,901.198725788547,1005.93233187086,901.942650838596
"152",972.36606195459,972.965595105497,1962.84299317323,891.566792239125,1029.89348157539,892.179475174162
"153",996.411046228835,996.804667142274,2238.34554907399,914.065498878002,1050.04744793127,914.524351923425
"154",957.843684004939,957.716828079926,1956.05297470295,890.088847933546,996.757772734523,891.111564236908
"155",984.52770872616,984.050376541045,2394.77355069706,891.081433725449,1023.66686599934,891.630760110945
"156",1057.63743887666,1059.79012619946,2386.77356788038,927.11708023681,1115.08772945595,927.304377617371
"157",964.834579641175,965.970595305712,2021.57870595157,892.751070776545,1017.85453056061,892.970532410812
"158",1073.07400678603,1073.6688249652,2679.98348999463,930.66451734296,1158.95466386418,931.473973246954
"159",1029.21607009336,1028.6398072667,2303.38149150479,914.286715589168,1085.74004573357,914.777899301133
"160",980.446712984976,978.556360389116,2236.53910188621,895.499275926099,1013.07238590577,896.008829958414
"161",1006.71563369287,1007.11432274312,2192.00706743174,930.072447491007,1076.98856258343,930.720650800204
"162",1054.77339222219,1054.19493787675,2620.14748824379,927.965649409724,1137.31142245867,928.087946755822
"163",1007.73015756908,1009.64843384425,2450.71976933809,907.704786090103,1056.49247230372,907.868509513092
"164",998.04366215842,998.140817076402,2139.22337277614,904.246479574051,1062.27362859794,904.874443864027
"165",999.251390638613,1001.55172381867,2247.67049735595,904.1834796087,1045.60211803371,904.72087936809
"166",983.903791081039,984.646165209742,2154.53136881758,898.345986716773,1038.24648547661,898.773406248996
"167",1029.91709325334,1030.7739448462,2503.56899276397,915.161213780027,1097.84221116752,915.914358182501
"168",958.814401180421,960.220958277241,2069.81057680719,895.566903800323,1003.13433475588,895.666936054872
"169",989.670322433959,989.317081344435,2201.70993486646,897.326695041985,1028.90918056487,898.056943963191
"170",1052.70719491128,1051.88659565392,2499.26107486495,922.796403148644,1131.22104623106,923.333156986122
"171",990.413362952644,989.419851478446,2084.13772936002,911.547126135002,1035.91961220373,912.326290783875
"172",1011.54602132282,1012.58458020355,2412.2378350538,895.032759868598,1081.30557576705,896.124351812518
"173",979.142063495229,979.22784535557,2072.39442192531,911.38435016966,1037.65685721144,913.291891761262
"174",979.16592770852,979.541233623191,2038.45968326928,912.252468240567,1029.14796588073,912.53100069835
"175",1041.95726781787,1042.32774404506,2546.9995007713,912.217495998725,1102.72092307997,912.495547888477
"176",1004.03140331776,1003.99785724108,2278.82338814396,907.408314281181,1056.24128652068,907.536018398759
"177",966.70372468468,967.80941847833,2093.76531440477,896.846901818451,1012.06212534663,897.775096752243
"178",1011.31316688288,1011.25820201332,2281.52999170836,917.85086243325,1058.81399420626,918.489198243423
"179",1001.71950985935,1001.92455192686,2194.65536221381,917.706417064147,1059.7869678344,917.91031905493
"180",1012.46093752637,1014.06167068438,2069.62501445839,928.467229745317,1077.83592680378,929.136432750529
"181",992.862565098326,993.04607830045,2292.59056963378,893.697012116684,1031.07699565528,893.706517573456
"182",1104.37136676611,1105.35843364079,3047.75786516855,919.972029504735,1163.90954259967,920.116866915464
"183",1020.00116129517,1022.4258683622,2563.42932635956,913.72566322118,1082.94722838382,914.171959945487
"184",973.144346280121,972.074637472434,1940.93428738349,900.930797483313,1017.04019446643,901.990844533763
"185",973.697505677643,973.573449916164,2151.57247624394,892.034499460697,1007.33000950249,892.557737109912
"186",1036.46384960041,1037.47368464546,2506.42091171533,901.438030790333,1123.89639038303,901.948416776327
"187",982.933819730848,983.660784707026,2177.90253600159,894.85934408305,1022.86208222262,894.985723936118
"188",998.034430085761,999.187381478551,2370.21980336878,898.721015029538,1040.21679301665,898.959141566857
"189",998.713030306097,1001.07785386242,2251.00683333297,906.559622295857,1050.72506789344,907.294467097518
"190",1014.06364201256,1013.61634598654,2341.44986245218,912.288395576978,1072.42671309944,913.524257537906
"191",1008.83849341543,1010.29431036095,2303.69874810255,917.974815649899,1070.11737958179,918.9089829877
"192",986.177835067685,988.299906470009,2386.7389006735,887.192411624672,1032.85499150226,887.516660176193
"193",1017.49260999787,1018.85681969435,2503.32807129499,901.751116886379,1078.22552684017,902.138974537147
"194",1002.1733823005,1001.60604277234,2238.23693178426,903.203499663565,1046.31534758003,903.204222693462
"195",1027.56260632036,1027.79758743444,2342.6508729154,927.980572504419,1087.18376350837,928.584528853862
"196",1006.36762440867,1006.19398422452,2258.65904144482,912.304624035908,1068.86469883816,912.730526726979
"197",1001.1474445967,1003.33704349592,2271.48539252381,913.812218976538,1054.69690935104,914.434608344758
"198",1044.12154516746,1044.55174080576,2578.40642838649,923.914800245706,1101.39433115982,923.96569002625
"199",1013.57699990455,1013.55166694673,2343.55888435465,913.975967136567,1061.48021454397,914.629837000658
"200",1015.51941501638,1014.2072350655,2415.21450569464,916.383835871929,1073.24598902418,917.741552199999
"201",1027.61375018893,1026.23169532857,2326.94958265516,909.346497684671,1091.81820623853,909.675072061033
"202",992.427642217926,992.534164703014,2234.41623311089,917.274440573966,1048.98212516306,917.751368575298
"203",970.821932960904,970.696066045487,2058.9145777259,891.906657183304,1005.66792018475,892.310868050213
"204",1023.03769792119,1021.6412931899,2615.57880123301,891.109866750474,1063.53555899462,891.81626255515
"205",1072.30719282446,1070.34930488961,2848.43243275014,918.370820087579,1133.91810511086,919.449650388505
"206",969.62978343844,970.759592250391,2184.3873898359,901.768496111978,1015.3514121985,901.901253111323
"207",1005.74934310682,1006.83873069867,2330.93788900648,911.589314075216,1057.14521867108,912.050387433084
"208",1012.36515093983,1015.65371171548,2173.88144239601,928.633596790392,1080.31968097599,928.851270060337
"209",997.37149476574,1000.94709930336,2335.60564116401,903.416346090357,1055.91617288359,903.791341579559
"210",1022.68071348641,1023.95949609963,2421.24931013903,911.638966147526,1086.84019723121,912.015401206245
"211",1023.32428958299,1022.57001157413,2363.19613086144,922.461100906699,1089.91122390523,922.987495663839
"212",952.876587187468,952.145751678339,1882.48171895413,894.06711042744,996.151901453921,894.095354663621
"213",998.458348173447,998.995473480774,2240.72395033315,913.79623786799,1061.72932018632,913.985025186258
"214",997.320487707835,997.630858689038,2382.85259700366,889.616916400622,1050.40831878903,890.360248025472
"215",1013.63408181777,1015.38986381141,2474.25963576569,905.153815214907,1073.63322293216,905.371293738429
"216",1006.88775910488,1007.1774204906,2166.70123720432,919.205230858426,1075.9377215808,919.574396185307
"217",1063.20182394367,1061.29535006875,2663.52614960182,920.975752628912,1139.98038234912,921.820199366966
"218",994.733176605564,995.721093396591,1975.46089841669,921.971076750899,1034.2241218145,922.443811865541
"219",1065.33480689616,1062.22336317993,2823.80115169849,917.999812628426,1121.02140971781,918.75732800727
"220",1019.508339047,1019.45146469112,2289.61290605426,918.274232905124,1061.95119122613,918.829045014881
"221",1023.41930443626,1025.88227387991,2508.50450357073,910.877026368966,1085.80456178493,911.11175413137
"222",1005.49196236969,1006.15448163864,2311.5693514817,904.286237889792,1079.38393592882,905.329146764358
"223",975.743139232966,975.623763731721,2023.810619703,901.515782369642,1024.03543767718,902.81059058988
"224",996.590036751413,997.57016117759,2121.61369175603,917.678084675198,1040.75877949904,918.011424161356
"225",998.858801728273,998.686963421991,2244.00500874231,913.31781996569,1038.48459815207,913.491223474397
"226",1030.06854979785,1029.1993352721,2401.98049299342,909.492797093755,1082.03919686732,910.503212422804
"227",1030.82408070782,1031.1236664432,2308.51059880811,919.401164518217,1089.22178380711,919.835597930179
"228",970.116260690117,970.43322182947,2202.03164335249,876.67543172853,1019.65333174078,877.302261409042
"229",1055.55086434714,1057.45300988244,2522.87376873046,948.821288733188,1126.42609779324,949.15463728982
"230",991.07322816403,989.100033757681,2120.09653047719,892.929064800355,1052.78638674674,894.049033491182
"231",963.063674472369,964.45260139568,2078.72317547999,894.674164769308,1016.09216605062,895.491113894336
"232",970.634105655285,970.988365553413,2189.0285834052,903.83251140035,1027.81805497283,904.553709381193
"233",963.896287748616,964.984063399926,2070.17373818831,889.717339099142,1003.70649839523,889.726858275923
"234",1042.91982866649,1044.78253934767,2478.93149707692,929.586642523831,1130.28769896157,930.260083901137
"235",1002.51515820228,1002.96035454529,2132.09529925007,926.479880593801,1043.86774795571,927.17620762009
"236",1023.22114537392,1023.21215034071,2263.22056836981,927.704119141126,1069.27060436608,928.448838420763
"237",1002.31225253179,1001.36314809887,2168.59618462953,908.395364382552,1061.87346503814,909.590293708621
"238",1020.46893110193,1021.23495456168,2352.68961322171,920.070706932156,1075.63301491201,920.319398285901
"239",988.661354956227,988.415921296345,2186.95932390812,891.880478319929,1023.02313930053,892.790353520727
"240",982.577112858853,981.311274859599,2169.91058886297,894.094237354034,1032.76439745643,894.800576974624
"241",1010.0248916824,1010.87340752471,2387.39421034208,904.85116572395,1065.77017253196,905.323465447222
"242",996.86925002916,996.78495072503,2157.25562485335,918.37896292452,1032.20976071227,918.514420054319
"243",992.502731530188,992.510576623286,2234.01251930108,907.179780155471,1044.05984509933,908.197564021698
"244",1015.06627852366,1015.9539346528,2590.31129280477,899.319397367275,1073.03849088339,899.807594985085
"245",1043.0058001986,1041.30242430788,2608.96489099179,920.053386695624,1092.7636893866,921.014988521833
"246",960.377565763409,960.611544195536,2158.10625362038,888.54116222936,987.058451313504,888.786816388118
"247",1023.38224901975,1023.03962563114,2412.46649769056,915.290976611455,1054.70148810886,915.773876827969
"248",1023.26348628591,1022.73211394336,2342.51896510526,908.921053829965,1059.96027773308,909.388057155954
"249",1013.08353593093,1012.64741438773,2268.51335783069,915.026605829622,1053.9568814571,915.403527539419
"250",1034.95889859958,1036.77249348143,2646.87450361269,915.612068213518,1082.93957583447,915.805729099847
"251",961.779111574493,963.88441524728,2135.76332742914,888.356853043468,1008.98884211739,888.790735155344
"252",989.951761702332,991.416293046213,2125.25654643339,915.903006665301,1052.27229430533,916.602399872736
"253",998.777200078565,998.803437582005,2347.16044887643,904.094356188686,1056.79493492557,904.384443017188
"254",981.398932110678,982.226993249613,2258.35398085522,897.223999122549,1034.68186440862,897.448255927884
"255",1012.13251781874,1014.28414127977,2372.41216625734,905.049964587981,1091.55687795804,905.302925247914
"256",1011.65358632118,1014.09683761183,2444.03094532519,915.441612490043,1053.33889228667,915.606021930619
"257",972.294008960444,973.538205655425,2106.40690234539,893.224863803698,1015.81983748422,893.371279851921
"258",1037.18968044883,1038.82514803896,2597.04876786713,918.863623212254,1126.86867086124,919.053914396125
"259",1024.59749611525,1023.60122778946,2929.77532120523,886.774623269139,1092.46660704151,887.168653024732
"260",994.275160580193,994.97900040636,2160.06243013054,910.546693854825,1044.44711044464,911.094512557349
"261",967.895820310211,970.081052218772,2085.57711911082,903.250673483333,1020.11980778744,903.487214159514
"262",1008.48977025816,1006.98891960733,2316.33042246839,906.221073897906,1085.37495426475,906.690287731545
"263",1010.46926437484,1009.36104880503,2423.13995272534,902.235615010558,1067.70551704211,902.797160534642
"264",1052.77272659807,1053.28059852812,2494.41132451219,929.053798472691,1114.29677710749,929.709376325438
"265",996.719090388795,1000.32335610945,2383.36950097312,905.385364714248,1064.78836853416,905.856784607721
"266",1034.72011096726,1034.67809104394,2343.94303850592,924.002723021396,1084.91544883509,924.810360541061
"267",990.009859632477,989.65627276527,2209.97310224345,901.935921894904,1054.3728643558,902.231533910256
"268",979.44006827776,979.748465338066,2046.70464801593,905.085553538893,1029.73121412915,905.2418633316
"269",958.304834092853,959.862764829571,1922.61868201106,895.693406942507,999.638544645147,895.987529372265
"270",979.3071725598,979.063092328821,2313.3207165133,882.779905398118,1019.51284037089,883.299783118134
"271",1061.95087023228,1061.05955528828,2702.96738317603,917.918261831024,1118.98521963468,918.263335531922
"272",1020.35973987089,1018.65094881902,2376.26177177964,906.009769738735,1080.62123177541,906.596865819751
"273",990.887874965546,991.182647584737,2256.49452449841,899.699645359118,1041.53016757959,900.131012847822
"274",NA,NA,2245.81199250233,911.082232831747,1992.71192225069,911.888173753137
"275",1022.77365361962,1020.80139041093,2395.1650435746,913.319271204448,1078.67476214166,913.347978504161
"276",1003.12019847682,1002.77886665577,2173.74566844707,922.735377272113,1071.21269863179,923.020935432813
"277",999.521366424022,999.592404260343,2006.44376688313,920.537693624391,1041.30689324574,921.302204406224
"278",991.620152309297,990.224172239184,2327.72428975973,900.339656723533,1040.26226068899,900.862912244702
"279",967.189147545028,969.960723759701,2159.74210624665,889.53219815646,1018.97745904897,889.747625832974
"280",1063.7961196895,1065.7004432257,2570.22589904867,924.252979230846,1109.61329325567,924.340957682628
"281",1001.96294639174,1002.93925810371,2175.85142806138,907.703488952374,1060.55668339629,908.11675928227
"282",1021.26900903096,1020.06346452979,2512.96454277494,914.508059004548,1077.09469392698,914.968944765966
"283",1041.82430657669,1042.39895181636,2790.52992782883,929.75330441259,1123.33305708725,930.626689772952
"284",961.345606955644,962.049135867298,2243.23287940677,882.015323787416,1016.83292356699,882.323134468025
"285",975.203846590109,975.66979488566,2120.90882777789,894.169376307008,1022.34922044482,894.294420337576
"286",1014.65698733525,1015.64514320878,2353.60449443158,916.703706771874,1086.12160220351,917.249851147639
"287",994.391741846417,996.319411707342,2145.95177453599,917.665600254321,1044.40352505182,918.396715852007
"288",1021.55866410305,1020.82020380131,2639.69165575859,896.776602312938,1070.31962485168,897.022187911728
"289",1024.13980248377,1022.32449933953,2430.84783165476,910.503658189789,1084.82962060138,911.527776008102
"290",984.299031456245,986.709363475356,2247.58120811642,883.138855663395,1037.77355957909,883.327688329066
"291",977.660092965838,978.100190240886,2116.9367898358,894.969527946711,1027.12911092176,895.598718018683
"292",1025.65602811709,1027.1128100644,2293.26019324495,932.719492762992,1094.22444617939,934.210396811602
"293",1002.94438459051,1002.86270032185,2316.48198236433,894.773786432077,1056.77419296439,895.168938528865
"294",1007.87023550389,1007.89679407547,2516.50437758056,896.967561145629,1079.21700783456,897.214198078927
"295",1022.19437058784,1021.04065918561,2152.70204793647,931.713624330189,1076.61175505126,932.222114298331
"296",982.108196822211,980.792900766295,2112.25842313277,904.117155750961,1025.94695331446,904.973941022763
"297",986.76108210252,986.665650867597,2207.61390758547,896.23725397314,1023.42700101097,896.724390841084
"298",1004.45351924746,1004.51118739474,2222.85327567499,909.766350968516,1060.99472892219,910.045558857758
"299",1007.03765318673,1008.36383039927,2250.76116161106,918.407245921961,1072.59097416796,918.904844053346
"300",1050.57287538733,1051.04752568224,2489.78755333701,925.543204493707,1098.54229305767,925.936457521658
"301",987.566416888761,988.65005097171,2145.45781388253,904.197150295816,1022.82376992581,904.362118267235
"302",977.954828233753,977.275004899821,2093.14523042934,885.625504956177,1021.09521157845,886.624650265826
"303",959.43146541312,959.738313854525,2058.27062924511,890.284047782829,1011.98944247821,891.37185542127
"304",989.952790005212,990.860491819989,2245.71887788597,909.973771520887,1039.54521371633,910.384589671834
"305",978.833365634209,979.003758954253,2065.52650559396,902.739330884175,1010.01667589297,903.113621147628
"306",993.955768799879,993.511820149053,2299.62266773131,895.389415034771,1047.72288407526,895.935020567913
"307",982.614030771319,983.941809690358,2136.6120920328,884.325261634141,1013.11219495208,884.443898270974
"308",1043.0838751787,1043.80061378286,2418.78535748478,927.889162666769,1101.21847404508,928.47235615165
"309",983.619881715435,982.05888038213,2259.80697372913,891.387370784366,1055.07012459101,892.341355742269
"310",1000.39536292305,1001.33470022394,2378.162860047,909.519097549529,1064.70885997091,909.791277078568
"311",976.644357069028,977.659686087324,2140.41221234382,887.126069928274,1027.80844350235,887.416204161406
"312",1002.29608109881,1003.72475523886,2303.31960670727,907.269133981833,1053.57824819442,907.451525925489
"313",935.680365925091,935.678358240104,1990.81485425607,878.708940768451,956.680771135865,879.25332527821
"314",1022.31107835582,1021.14585466805,2168.45191161247,917.308770546247,2009.45740058893,918.167011250237
"315",996.03279335469,995.214240175015,2279.04852132243,899.6976650356,1037.81748275731,899.889852309355
"316",1025.02162586972,1027.10566845512,2346.86814538397,910.6863231656,1084.17369837378,911.091050750495
"317",994.321314340296,995.656140066377,2170.88140381085,910.101582359783,1063.20096330411,910.623391853986
"318",1007.61366585999,1008.49732705254,2277.06066329574,919.734359540847,1070.45495955685,920.108106761089
"319",978.626891371208,980.02808059897,1995.7661163614,913.488004928273,1033.80607768511,914.330250751666
"320",1010.88057907042,1010.82189904218,2111.51985343933,909.902955652151,1063.69217410027,911.109299103745
"321",1039.00963318569,1041.4640883852,2515.21570609278,917.47970946261,1118.53216729435,918.133682809255
"322",1007.58051569296,1006.97019463695,2291.03579157506,908.398397797273,1043.9501425034,909.423027450866
"323",969.91397028691,971.099031512047,2192.5776148015,894.879283178481,1014.81739089593,895.061737839909
"324",1031.2928876817,1031.22286424225,2373.67459332695,929.074807274466,1104.2092420519,929.265049627038
"325",1027.04219696237,1026.8895135416,2316.66646753902,931.915347419879,1088.64295685403,932.311476841081
"326",1034.26914008289,1034.75785546416,2385.51360389204,930.708883095891,1085.46583441916,931.134276176628
"327",995.65131464223,997.207738061004,2123.42344509849,900.081400532954,1045.23535223163,900.326275578181
"328",1034.79793001277,1034.66571403413,2566.36659098099,907.507343560692,1096.16151644371,907.712928525615
"329",1006.46739802161,1005.39993309977,2313.87585516082,904.406516852846,1056.9016032198,905.054789481347
"330",1043.90910159736,1043.92562269029,2666.78502624547,918.700537748934,1096.03112323008,919.376451598602
"331",1011.57409801816,1012.57461539761,2339.38991803531,898.441455302797,1059.81543690219,898.75311217762
"332",982.377621982772,985.541515092657,2372.03043661795,884.650575109868,1029.13313362105,884.788852924073
"333",1049.39331514265,1047.98634141189,2457.47535871235,928.023886008203,1137.31213447797,929.088970806822
"334",1016.71264750234,1017.82114835565,2180.27022647061,917.540930139145,1067.65398860261,917.797320518728
"335",996.930705698408,999.504527672228,2387.5010943424,904.421187311841,1049.67234893223,904.876578960066
"336",997.643765523879,997.329696807531,2196.98339445947,905.941183493443,1028.40668492909,906.085092589518
"337",1008.18455891093,1012.54899894849,2304.55888013702,892.950123074236,1083.90463614258,892.997163536691
"338",1048.11796388511,1049.53376142054,2381.82868938087,924.817533637875,1109.89639190168,925.627741295838
"339",980.998011523798,981.222610128435,2115.94672343765,888.179709187103,1013.33318254432,888.684747573402
"340",990.916614512253,992.833034379758,2374.38693384408,882.732202596815,1023.45610497445,883.100149565463
"341",1064.95193100461,1064.17892213704,2518.765579728,921.411882251993,1149.75940306764,921.849777182496
"342",961.004048721636,962.056539084256,2145.42985709833,891.878274473015,986.804008095862,892.297457132798
"343",1001.89236876605,1003.95386534508,2355.24072056686,896.065689253699,1059.86098874003,896.231663732568
"344",978.80087214171,977.918398623312,2016.58763826049,903.082364107881,1027.48022548091,904.047319068527
"345",975.13686707745,977.076349719988,2068.29333074007,897.154221961874,1031.81411385374,897.680122709267
"346",1002.14751676125,1000.96338138856,2264.55115681908,901.730526426735,1041.02421728263,902.104958610046
"347",977.25658314918,978.024090191018,2272.62320410477,903.529157843915,1032.60392913595,904.058248188979
"348",984.727413021395,984.824865402196,2034.81285667642,903.505587128214,1039.63852501761,904.298216559651
"349",1031.75586475908,1031.82222796098,2469.79478994185,918.265632425737,1068.31193097882,918.712923174743
"350",978.411030863091,979.468115873352,2128.61497382613,898.375352250838,1014.47673053187,898.652704865371
"351",996.069961462532,995.718737505884,2163.48774459837,911.74492450384,1037.62944868273,912.046356878581
"352",987.322952741797,987.662284422282,2314.36161286889,898.531965026143,1037.3656847894,898.901175692845
"353",983.383881926788,982.704181562685,2049.28601651395,914.168088692599,1054.74865231215,915.904383487336
"354",952.65922524286,952.042689929684,2095.51471239625,871.18631712842,988.516015374846,871.810837374193
"355",1008.40925733653,1011.52460935076,2334.80733531396,911.819544407819,1082.80245812744,912.461451842991
"356",991.806293284893,993.1960860029,2227.94731828903,907.015316265768,1048.69206327666,907.340988422535
"357",1026.32674227365,1026.91758328111,2599.49111816365,895.810123023597,1064.56225921176,896.270029142398
"358",1017.26667357976,1019.41491803657,2376.2070102581,914.589199151902,1101.1615934927,914.779413414579
"359",967.015567853652,967.328851343021,2182.76797352442,883.331317098696,1019.84232337433,883.885478768178
"360",1009.95036928612,1008.76942928674,2461.55028233041,900.613406458306,1047.94618911017,901.315940154241
"361",1006.06752639506,1005.16989810569,2333.1665997227,928.257334426202,1077.94104683107,929.010941716893
"362",1017.92090127814,1019.12595903569,2333.38210071944,908.175148787326,1066.00765076415,908.815743185953
"363",982.634694487757,981.225631891355,2019.22945494961,916.665053517461,1033.10966265264,918.078807900124
"364",979.577208719323,980.923014823,2036.68536740909,902.754025172189,1030.24646099361,903.160551609059
"365",1018.56688498994,1017.73260148574,2229.92559985276,917.445582976514,1072.38445986852,918.000278207821
"366",1001.06480197474,1004.58953472397,2451.02564063441,894.274181936278,1049.56977962797,894.447138797884
"367",1016.0115946044,1015.80495359852,2282.84310642106,908.762668808177,1065.51090651839,909.189173983158
"368",982.448954423678,983.208812147827,2082.16070158645,909.546739766109,1031.31319673055,909.68309609897
"369",992.767731099723,992.237512938655,2342.55347536492,898.336313969888,1048.1046675949,898.647002367577
"370",1006.59471827809,1006.89082801796,2390.97806181711,899.363870439839,1066.1769215587,899.643477486779
"371",1001.70128671944,1000.86507196605,2151.604970191,915.105749914818,1059.38512808846,915.10580372821
"372",957.443455315533,958.381915993853,2005.18245528869,894.72241884498,992.998685312822,895.420015713432
"373",1004.51453939493,1004.13058942007,2409.82056596251,903.625562697287,1050.77531112918,904.195381269466
"374",992.675441658616,994.711048340493,2259.87897500367,911.494888435274,1045.25261950474,911.494888436027
"375",992.497631529304,992.854117329463,2138.81045297557,912.092290580695,1045.12578226878,912.606696083143
"376",970.033922701936,970.026049390649,2118.3830102033,898.68445899514,1016.40708250026,898.77053515044
"377",1034.63123971859,1033.57818453368,2385.25563293101,911.156550844624,1097.53544226859,911.309874037214
"378",977.377388851709,977.411828030194,2066.37409224522,909.479510846146,1021.78172682236,909.573433700897
"379",985.690339348837,986.899986869857,2219.57052175915,900.06706295773,1041.38145110164,900.271475928573
"380",995.500528954296,998.407210451104,2135.17876080177,925.795493690797,1037.60640268647,926.242574526257
"381",1022.94579583973,1023.13491742224,2238.8404721283,939.794026597598,1067.79338981915,940.267564779239
"382",1010.95571349445,1010.71514773274,2193.72139800659,915.246577538898,1058.79899254021,915.66337453645
"383",1008.9874140003,1008.78693939225,2282.10553583355,911.116941380234,1090.00700605909,911.489450810796
"384",1050.01524703847,1050.03792847895,2409.65397052532,933.918202913695,1102.85186595828,934.35758534858
"385",1002.94547811056,1002.90934045763,2204.88809703249,909.023686689258,1038.40118139745,909.550201801557
"386",993.633460094017,993.66502748885,2210.45838000931,910.797952674827,1043.66467390491,911.009732233705
"387",975.930991051854,976.99136850792,1973.0068912081,914.316089017965,1017.84074455938,914.997499948434
"388",1057.03028559754,1055.87565128221,2357.22124057938,941.542557314431,1135.34098400174,942.442817909816
"389",993.949225602318,994.525128277353,2164.27920955837,910.473883768234,1041.42688884699,910.586183337452
"390",959.950417267234,961.052039703961,2103.59703987362,873.344478444466,1008.54749263856,874.096956140838
"391",1016.79309026441,1016.66371493538,2247.60239003604,916.677813858381,1052.6288866564,917.312730156787
"392",1022.63472272183,1027.66207744224,2472.90729114411,929.146827746558,1098.85095585047,929.595974793605
"393",962.897872650864,965.443269058995,2034.20212474641,895.431258414247,1015.68472767384,895.630321710173
"394",952.251893805633,951.784333376586,2015.80639097121,879.821490323058,985.048124811251,880.437795408335
"395",1011.06210771798,1011.39231470448,2256.74927731905,912.009982140881,1079.59889909727,912.336709806181
"396",985.199348544256,985.909614130754,2340.97924628942,909.94686213981,1041.26469726201,910.353197349691
"397",1020.52946001888,1019.70909408724,2332.71356793489,916.605522527867,1057.44219403855,917.115168985364
"398",988.932500448226,991.995197247393,2277.19452521703,903.81355678304,1053.47667337936,903.964431209704
"399",1006.05975713956,1005.27824987745,2318.40879646818,914.029511698195,1055.85929506444,914.220770437914
"400",1042.26358742326,1041.59122030838,2451.75373654067,913.82896006256,1111.83554528583,914.773240903846
"401",995.281226010394,995.92627350535,2296.57803029854,910.926882169567,1036.61616960687,911.26731707145
"402",1009.6215402517,1009.1940052844,2302.95930294771,914.422494705673,1085.02594289771,915.122595434
"403",963.666068480169,965.175426399287,1983.69737852323,899.507948812786,1010.21165940467,899.965044101491
"404",964.492626986087,967.729860853794,2074.22371595537,896.812915284453,1015.20878266334,897.026620471553
"405",1010.20572778603,1010.15965579646,2428.86696867512,912.10683762462,1060.42646553772,912.514005301219
"406",983.000712189393,983.791806659306,2072.56850315294,902.736878533122,1035.59485432839,903.052972306407
"407",990.541290783786,989.97703287935,2160.65929745378,895.9873629175,1035.99821873532,896.702670837112
"408",1035.87419032384,1034.39288102537,2477.09860407515,906.327566953529,1073.79584935607,906.816368739939
"409",1026.40920386352,1026.05146877175,2518.26220826755,903.339579596253,1080.40072793465,904.446017847874
"410",999.079839622059,999.229690531786,2209.79509452802,918.147107285179,1054.61741175909,918.70105640341
"411",1009.70451278182,1011.06437071344,2246.89267959726,926.261298657438,1059.96388720351,926.939683666675
"412",1069.05000017942,1066.68591568759,2836.94667251383,928.749035032698,1156.33657789251,929.256014864415
"413",1097.47250084558,1096.83552830571,3178.04042899101,924.061951070624,1177.35229884418,924.305068781403
"414",1002.62222942029,1002.45332236804,2154.91669571764,914.775682301428,1054.50800200622,915.676073417385
"415",1033.56829865967,1033.28760258868,2623.94984753568,925.403512864364,1103.14253404279,926.2162287625
"416",956.667060504015,957.561422166712,2141.98698288885,885.779134039828,1010.60777508246,886.303692631551
"417",980.247996278705,981.795236707522,2265.18581381883,903.264669790974,1023.71557994708,903.500328580531
"418",1013.95018544357,1014.31838065278,2212.3367075293,915.808322961345,1067.71237094526,916.372357017846
"419",984.216400083313,984.965361474357,2155.48206045717,891.501423400694,1026.84135169155,891.982395771435
"420",939.965156813742,940.068929291965,1886.08190662648,878.81406060106,978.442129835268,879.397119027425
"421",1022.33250990837,1020.54124923406,2408.24749994515,907.380708001543,1064.1860140918,907.923851375677
"422",983.251852071736,985.482169011715,2121.04061982324,906.689843285972,1039.44719618669,906.697252146738
"423",1012.23889587534,1012.33895950375,2318.74051573346,908.970394337753,1060.44837327259,909.834899033503
"424",998.647030204164,998.009007066348,2277.13143434275,900.006847768379,1070.1785990411,900.446775796825
"425",1006.08223236411,1007.12660746656,2430.71364546296,889.728424541414,1053.10342144145,890.089957774444
"426",1003.01185140808,1003.39391068877,2243.19126926087,918.256744331987,1053.90823064113,918.950580034211
"427",964.058222952985,963.155158425879,1907.17692263012,888.703472778857,1020.87171827879,889.556091990196
"428",996.819257604245,996.94587770031,2090.62990246263,918.714534650318,1042.75103906503,918.872830282432
"429",1001.7603387208,1002.45363823568,2286.42030135203,907.818587541367,1026.57944929593,908.296737887682
"430",1004.40107368902,1005.03228831932,2325.75627490999,911.394692116197,1081.46801753375,911.600281264887
"431",1018.52676109539,1018.00864892702,2259.62384663303,926.017727802941,1054.28692473345,926.680433953569
"432",1032.20792776098,1031.45126036937,2296.07406578389,927.285577003003,1076.7837468472,927.97306224674
"433",996.799374119646,997.571780175512,2170.70430475812,915.403974332551,1047.35722910017,915.754498926002
"434",990.737515427082,992.062638246509,2214.98608058955,898.666549929504,1037.16274972783,898.725793237602
"435",993.986708380147,994.152133174836,2312.00498341692,892.231990911566,1074.60822224055,893.197763690934
"436",1016.20038995824,1017.30536010814,2501.72124565065,904.711037957573,1092.43450868236,905.127771909704
"437",953.909510837131,955.115398375409,2135.51742170237,879.773008499194,995.650283985164,880.166009971431
"438",979.314502877559,978.888284767019,2152.7726753346,900.311349385226,1030.05085033263,901.280217613465
"439",1048.91189659828,1049.49117234337,2531.35109552006,925.711722339153,1113.3336232738,926.817423843815
"440",1066.86871289922,1069.34093889874,2700.32907650738,923.509764012617,1145.72191715765,923.75426444827
"441",1012.49766495749,1012.88258460066,2394.86972214063,900.692606663188,1058.70388333661,901.101089467427
"442",962.342818345737,961.847701140616,1982.83124340764,902.950274583215,994.500310081763,903.729341888463
"443",1004.77102445959,1004.41144912865,2338.62417838376,898.402219281779,1051.09840678232,898.771342749634
"444",1002.1385880024,1003.50144960611,2318.24250357587,908.577226495146,1068.18491278041,909.171591045158
"445",982.332506145006,983.225105064718,2261.70303932636,908.35067727267,1025.98550954504,908.780149549889
"446",985.817548378489,986.688685360666,2245.42282078457,894.150840765365,1015.3033258003,894.39031123285
"447",1005.18863835251,1006.68549037696,2343.02103954151,907.724356722375,1060.97700190877,908.330311483517
"448",1007.14118480895,1008.1075228524,2253.22671517725,918.868161525228,1063.20654496984,919.634027271036
"449",1008.69902665691,1009.31962609889,2304.06960100247,907.21775981126,1075.21010452996,907.755971641178
"450",1015.46753157389,1013.71570296407,2325.52634005066,910.887169311277,1092.58035281694,911.785742564958
"451",957.185070411239,958.41255627791,2315.72470039873,865.788839648882,1009.59879652052,865.812209663326
"452",955.034528714663,954.188674717622,2046.55755767553,878.924428363695,993.757449737222,879.422730255945
"453",1017.64898729901,1018.47710433479,2398.04742374537,915.064426928962,1066.47847748876,915.291223395945
"454",1008.53462425647,1009.21571863129,2202.17886526847,914.895324023696,1054.44992422694,915.651490831219
"455",991.095253413621,993.585279130302,2218.96937753444,913.215945688118,1058.26721016071,913.644381007003
"456",1021.59287943763,1023.5539120002,2555.59912656225,905.463820994856,1082.20613141811,905.613908090699
"457",990.164282228769,990.554471478446,2274.56807432254,901.799027811548,1058.31728855622,903.279450379699
"458",996.501850758614,995.031054611615,2304.52515084155,885.891783629015,1042.95859263821,886.348591253081
"459",1029.13515489305,1031.34295400015,2208.0493026728,928.115699220444,2038.16393488305,928.27232754259
"460",990.600105785756,989.010844478457,2222.39696259814,906.606343248242,1055.73052721452,907.636488954194
"461",997.895400384325,997.594296685143,2402.51870696735,884.694972528178,1033.31942092425,884.7209473012
"462",993.105149550386,993.396143677554,2140.07140170091,902.551307469765,1030.76378275024,903.186676643171
"463",1040.43394142909,1042.11516130344,2607.64580515936,919.53774769239,1114.08893108501,919.961050832938
"464",1002.71702344805,1005.15011389625,2242.37445534671,906.44014991288,1052.30128765622,906.813160516007
"465",993.872439710267,995.788121307544,2283.51699551192,899.081908862328,1061.14310084079,899.51734742995
"466",988.676443640227,988.912449148122,2272.56198517784,898.675380271147,1042.30731588708,899.140329291372
"467",989.980121969971,991.039464648576,2344.59198007974,896.688421537255,1042.06422002246,897.071353756446
"468",992.705115944675,993.873933930334,2288.99098958745,911.056241251881,1031.5430333712,911.479650209467
"469",988.777410192014,988.487711879129,2231.21199383387,899.564209203749,1041.52877042754,899.995290882545
"470",1041.08854358951,1041.78137286878,2544.90799452511,913.948816495317,1093.52572900862,914.40365700542
"471",980.081452378015,979.797206829011,2072.62031942491,901.215709940571,1024.35836698176,901.822715944892
"472",1025.25242523821,1023.47576551437,2186.16621056305,930.9039829121,1084.66448889973,931.492063329829
"473",968.859526700805,967.14162487731,2002.43071368134,894.908905749466,1018.96444969681,895.892632359218
"474",1024.44778615501,1024.2671473365,2404.8371401039,923.150058213194,1096.80263800665,923.580358601554
"475",1008.76062229923,1009.77759362573,2455.96660242889,907.367558434472,1047.64914826358,907.613414086615
"476",1006.27160355822,1006.07932193805,2239.30960020647,916.337033112959,1055.49403167507,917.262558529749
"477",1038.27784456433,1036.2965886856,2471.19689737029,925.509070045776,1106.96944935469,926.46668446905
"478",985.205166367702,985.505938843094,2310.69201885056,893.250591418506,1059.1699296715,894.145851469166
"479",1006.35667727293,1008.5951806374,2242.47771775375,907.981456018354,1072.7651664232,908.268838016438
"480",976.041044751093,976.015374535826,2038.12283211194,901.51228711623,1045.07738752322,902.170971394693
"481",1040.04095908149,1038.98652966752,2447.13858962901,915.538230057962,1079.71399025364,916.518406057807
"482",1011.6452826064,1012.74102996351,2292.90907856059,914.393765540089,1063.57562481572,914.838279558577
"483",1017.71567784407,1018.59444664612,2298.94389638938,932.254687640165,1084.95457406346,932.681576032991
"484",985.645027963432,985.799141618575,2172.71857649626,908.282579322692,1987.92749986833,908.708626770642
"485",1053.47170271541,1055.53569710146,2352.98706891387,947.43621875711,1141.86502753743,947.897234659312
"486",996.135518361615,995.679147957743,2117.29608515989,911.187075150131,1052.3349842206,911.430406014401
"487",995.399865050871,996.56791061061,2364.20057873583,906.99946754013,1044.84520595464,907.928595162351
"488",973.120195970371,972.432949897592,2093.43661755332,898.398607904351,1007.15590906581,898.99385230731
"489",970.306592864127,970.85487700252,2052.90318352596,908.042025359813,1021.38361763319,912.619724006131
"490",1004.75111579213,1003.91525890502,2143.41161047354,906.094328452428,1069.80881107077,907.160608689135
"491",1005.5874819831,1003.84114508546,2324.88597954454,905.444456876607,1049.32133183481,905.721951689895
"492",1055.851506791,1055.24616688276,2698.97569554955,923.06089738473,1142.37837531695,923.793422308862
"493",1042.7936450437,1043.89225679237,2504.16705036992,919.054970574843,1125.73008573581,919.167419825078
"494",988.591606131112,989.732053185813,2164.62054871745,888.372681126908,1037.02251834727,889.014317322734
"495",1031.93219512589,1032.51664082442,2475.74958749335,922.123162989972,1079.77755156782,922.354691087496
"496",995.545147749884,996.234841313038,2122.99819900765,916.877547602127,1048.80806546613,917.103169913442
"497",988.856980847725,990.140383030287,2119.33243584808,904.79133429752,1043.9770885561,904.933589348561
"498",996.923220819453,996.360234547687,2228.81549126816,899.774902073481,1042.92014388947,900.827107364762
"499",987.280333304074,986.699022042708,2244.94082053956,891.049807658624,1020.88914868339,891.473643163243
"500",1023.57235631958,1023.55077821788,2477.21493432532,911.639730632165,1080.93841206922,912.297913859134
