"","correct","wrong_link","poisson","negbin","oizt","ztHurdle","ztoi"
"1",1122.70821475382,1123.52272865714,701.793481979127,1321.06806038499,926.526411255005,1239.7169857312,932.534834547207
"2",1080.6353496421,1081.14802274079,713.076610520819,1033.58516070197,912.492612114769,1207.91383161128,917.633314710879
"3",1144.79099804895,1144.61669312456,703.548031662884,1440.27143373714,903.335318206655,1261.22003758142,914.052558181596
"4",1010.80075239237,1009.48552425417,677.981980352682,1149.98452192813,875.724675375265,1110.68064201211,880.629742263376
"5",1118.02055269696,NA,739.297078768374,3475031.23302882,936.556463998018,1239.84542758608,942.357787992567
"6",1175.88149234675,1175.1929982045,716.78375630422,1248.11132143853,922.521437602709,1281.19449294667,929.154038469079
"7",1081.54482558152,1080.65396913739,679.260196527888,1470.63391838931,885.233792706793,1198.55573866192,891.421183196048
"8",1049.73855937751,NA,703.722233916549,1619.54554852482,922.406394089876,1145.69985121452,927.776138612326
"9",1067.0795703991,NA,703.363629329292,1263.82479492135,911.657306601463,1139.55835204471,915.229281825406
"10",1045.0428571706,1046.01138753499,697.985996129543,1437.77606371124,913.542810133325,1089.84143332172,918.774306298483
"11",1067.86238401809,NA,721.953957467662,1318.27971153769,917.147728130202,1218.53659239508,927.319020979984
"12",1124.05269998298,1123.58770217137,718.273740414231,1331.59991419234,929.066108756715,1192.28367077932,935.051904542388
"13",1043.90416033112,NA,705.277710418845,1041.8240148734,901.313337588592,1183.21260401262,907.284677946405
"14",1062.79022966378,NA,692.654247939864,1129.02657013654,882.849640168585,1167.5489965902,887.93090144595
"15",1094.65131661285,NA,721.273037289763,1298.52651848488,909.569724067229,1237.3243671717,916.618406031424
"16",1020.87085527689,NA,707.515036756609,1020.17139520184,889.6612514259,1120.41867500469,895.232435709265
"17",1071.72332272212,1072.88175307269,689.791880739641,996.710997615888,890.437834169021,1144.24800111983,895.414070424946
"18",997.323409686901,NA,683.633263445055,1001.42812039663,872.558075241868,1107.69568074609,877.400768089448
"19",1092.89834164402,NA,722.987959145072,1139.42672324664,918.018850786756,1214.0185228858,921.955586394977
"20",986.365866389238,NA,703.180407360162,1103.0407209111,880.549179590674,1133.19879574292,885.694710337767
"21",1064.45856013702,NA,719.518104080654,1187.06392925666,923.078894680013,1162.75211982157,927.986628977824
"22",1054.26679038728,NA,713.999035731869,988.886030923178,894.320219771117,1163.35674316417,901.101052126592
"23",1123.77829207582,NA,714.0603151926,1589.04564140623,904.394014565985,1235.97459341897,910.038553410515
"24",1102.43232837195,NA,728.397512080282,1050.43829667155,906.063882302133,1226.47867912678,911.333600709777
"25",1118.74733331,NA,724.173845707812,1202.12704372534,944.189053908269,1260.18213674697,950.357817369316
"26",1051.6219415649,NA,696.471930617339,1031.77440735615,887.654754407203,1173.6652406102,892.83541761039
"27",1159.11440564623,NA,741.772965429991,1191.25543077784,948.055631892476,1347.00812404718,956.459452982118
"28",1116.26277348063,NA,719.161580274896,1106.93526387936,938.666336573065,1219.90003722021,945.895863267156
"29",1115.22785515704,1115.59198753882,712.473237033513,1407.5185737289,914.526985278251,1239.48386608439,919.132825425276
"30",1134.03210581668,NA,724.129086456293,1292.94036674762,921.944572370228,1297.0942836732,927.406509143612
"31",1086.08067934317,NA,714.987771851691,1672.88999901379,926.850757876658,1242.16908358047,932.893498926693
"32",973.513984629594,972.928060375278,672.777326476723,1020.71710128606,844.2720759188,1052.49115165284,854.44254538185
"33",1101.94747874774,NA,748.3414173886,1246.19323283012,950.682638683115,1199.39871056209,955.49437100716
"34",1238.5458054328,1190.58699038074,723.757520454553,1147.21922150217,928.419302011004,1227.80129435633,933.909079066705
"35",1146.04237251984,NA,740.697602796502,1392.72908902713,949.672692048296,1296.58076417222,955.759729711893
"36",1132.23872715121,1134.52638788055,689.432638771124,1530.99953766474,898.783060064737,1206.45180945431,905.643700673143
"37",1118.14664026872,NA,718.840102773628,1220.18398405298,929.671135598921,1308.65909498648,935.90098114587
"38",1070.40992837755,NA,721.465414375169,1064.56543077687,910.68382939519,1192.82638651234,916.272962929793
"39",1047.47535416781,1047.81339110041,668.353544810768,1084.61746047174,869.065913181428,1121.91292934804,875.064057525951
"40",1202.23304865669,NA,732.125472599032,1262.16243711528,945.125028734363,1369.16515019523,954.010150277585
"41",1060.3581262805,NA,693.272046514861,1226.02441456623,891.125663025486,1199.07170034236,897.066123519334
"42",974.687087824091,NA,678.389007201391,920.772999952908,854.748453288618,1032.8198854535,859.19371551206
"43",1218.84900108847,NA,740.549129372865,1367.36029370762,943.818570295972,1304.57006281249,949.583092830051
"44",1043.39722956796,NA,708.940082298466,1152.30039257986,895.91530640002,1121.16989037471,900.298635995356
"45",1099.76588600718,1099.26643213849,708.064758737204,1216.69582784919,906.802210120454,1265.06231767587,915.000267490643
"46",1108.50459461814,1108.64889564607,714.020084609565,1053.42459142298,932.944647683628,1181.95675527674,935.565012747781
"47",1099.91564525695,1100.28228588069,710.653402022835,1129.11693124484,905.584119403154,1145.13280225023,910.466012062465
"48",1228.43303119107,1225.91760417125,742.622081380802,1221.1523504325,938.007633333542,1363.0634937291,944.54285510192
"49",1083.69888733642,NA,688.093701002968,1250.45643745296,878.578716571049,1219.67830934045,884.22410357487
"50",1093.43963540371,NA,711.134526043193,1299.41734705198,917.507327282653,1163.95114228977,921.789106166231
"51",1083.04744227129,NA,699.260821466319,1397.95244901053,910.535065393574,1145.20734495972,915.071371785335
"52",1062.99728989285,NA,700.295046458346,4823511.62773657,894.924668301362,1266.63402768846,904.399934485101
"53",1108.05081856792,NA,717.301804056269,1177.2152527799,910.70678963127,1240.31006994056,922.080853115048
"54",1085.63277898803,NA,701.987497473642,1384.86854196163,900.964032678985,1167.35760058409,905.958457212536
"55",1068.6916634893,NA,715.036759369646,1236.75180930989,910.17518672133,1146.6278024008,915.194539007076
"56",1076.97067025228,NA,707.20277924887,1220.02911160376,916.530282663372,1164.66429857841,921.14330896483
"57",1154.02045253417,1153.09383240744,741.833538901033,1254.04515643044,934.631005444491,1345.91774038116,938.27101197957
"58",1018.23521904263,1017.90818097347,688.12503624423,1030.31617784931,905.166777308269,1147.15361300635,910.978307790466
"59",1108.36291423865,NA,730.326896183171,1152.50756902462,930.705178885633,1308.26245012019,945.743945713952
"60",1132.31164256369,NA,697.62125627498,1218.17432722383,901.73737623823,1272.31960613125,908.181118197604
"61",1123.45819606275,NA,720.849510969512,1451.75335918004,939.949797866775,1266.32850429878,946.036589176852
"62",1232.33003437964,2354.67225460119,736.686414414986,1094.94513875328,944.308223745184,1197.77160803347,950.694387730209
"63",1107.13676147083,NA,710.12806769799,1358.68513182282,913.916084424756,1206.41938361107,918.159639478785
"64",1063.89877224993,NA,695.317646691116,1233.27274368037,898.958285726778,1137.71691312805,904.427032859642
"65",1241.35929043462,NA,767.182551944513,1517.12618511696,975.964982124048,1451.2560529982,976.146876936178
"66",1132.15563697644,NA,706.757681946122,1068.23307716541,913.088467268788,1271.25036006947,918.780992511538
"67",1104.8906485362,1102.96440443205,714.853584260571,1292.27825085056,934.613761519685,1206.53220387683,939.908261043666
"68",1130.81347388771,NA,729.323272720065,1121.87289978239,939.654143818793,1389.75632944285,945.858946086474
"69",1126.79242828181,NA,740.345834936841,1117.91548668381,923.045434005908,1269.83207087675,928.51882099467
"70",1036.8587516819,1036.6303116566,693.266228407555,1383.51568663329,894.900864240947,1192.13100814541,900.360664097728
"71",1051.62035436487,NA,695.657027979811,1146.86766171614,899.265591680058,1130.65682547177,911.213615924424
"72",1168.53048228553,NA,718.228997599665,1344.71680480933,940.058127751649,1294.22923955719,943.824346468288
"73",1063.77477845872,NA,715.138374592294,1278.47514402236,895.822541611684,1163.63476711289,900.771539856886
"74",1095.27381323341,NA,715.201438897151,1301.96177284039,909.966312382206,1225.69144660715,915.414258507917
"75",1192.82977106718,NA,739.497977580354,1222.0559360874,950.610839333272,1294.28969443237,956.130082723603
"76",1002.85800078137,1003.28418264739,678.952296136666,1046.42975329506,876.405789718477,1078.90454170457,882.593588502087
"77",1083.68463839429,1083.20223774853,690.200894724026,1137.17367370303,885.35074817197,1140.37230795099,887.834867514138
"78",1036.56061337838,NA,699.367451477409,1317.36114590163,867.459947899428,1153.51585444189,874.162538968211
"79",1076.28446801978,NA,710.781060698657,1018.23796967259,899.097357833472,1188.24528331211,908.378630954717
"80",1108.41358594946,1109.36733142369,704.777230194229,1169.15677760174,913.675860050485,1238.96568185567,921.714036745343
"81",1060.14899310709,1060.57021718649,716.60014981508,1167.78436701095,916.188851840012,1151.54921564994,922.763341899672
"82",1051.82850048177,NA,702.84573651271,981.470961634902,909.711950700047,1161.72359452051,914.847484787766
"83",1111.95295415087,NA,714.453059223343,1234.62449632099,904.59832122267,1234.0953983735,910.148605928487
"84",1025.55315065281,NA,697.662067416172,1028.04551618473,899.403350727055,1131.26527936709,911.269223224166
"85",1151.43700710452,NA,751.492913340414,34357774587.0464,903.4814820386,1253.72530199912,908.959263937178
"86",1086.95988754868,NA,724.601414052906,1093.96017080861,933.405635267931,1202.85971049257,939.062345020474
"87",1052.77174621414,1053.25028503552,694.136826184028,1100.10988718607,892.425488619435,1127.22011066472,897.140762810665
"88",1092.47079327599,NA,711.10651582554,1210.45043110297,909.481761262002,1194.28379284884,915.341362800275
"89",1164.53999728129,NA,728.022208926494,1174.1618527026,917.025123099658,1264.93491607688,922.436788602576
"90",1053.79851178155,NA,700.484896217255,1122.3263364157,886.923452302288,1142.52467523023,892.725171691218
"91",1076.38056590634,NA,688.918606072966,995.387925164449,902.195640846132,1177.96472134028,904.658153548341
"92",1024.76201464269,NA,696.645755219302,1030.88071187841,883.142306379003,1131.91650505362,888.353794587942
"93",1067.0956097179,NA,701.591450485949,1371.72613176607,896.662286171086,1203.58425139033,899.262393834786
"94",1042.97682063643,1043.07908050319,695.702703085317,1187.16732297982,881.554275261809,1114.48471940377,885.809255669462
"95",1067.53165967766,NA,728.425418544128,1239.76742596788,911.135669914705,1279.76497568125,917.148220488136
"96",1089.42654775711,1090.13360012843,665.947040485672,1251.01516466278,881.301813151294,1147.49987290353,890.251454412231
"97",1146.90155016096,NA,742.009340503972,1171.77415680737,938.619391224977,1381.45412712191,947.981278531028
"98",1056.52838092634,NA,676.899588837357,1055.52363383988,873.307897812452,1112.33484119197,884.974572545402
"99",1096.72395060485,NA,723.009521950792,5539203.59426837,891.733271451908,1217.89367592082,897.313411959108
"100",960.771793003677,NA,674.68978924148,1109.63401614153,855.690580748845,1068.48867744307,858.347537722886
"101",1098.91994087879,NA,693.178069573621,1126.96875518462,892.708112913063,1203.65518931915,898.463931780478
"102",1070.31290975672,NA,687.221708478725,1065.84607212986,893.042726768593,1161.97650889831,898.196500071775
"103",1119.74927927954,NA,713.819905859583,1106.64466068297,921.87973895138,1194.52729559385,930.556594848593
"104",1104.85045172619,NA,694.467132815946,1287.22374005292,872.88219225014,1264.41740643486,878.735986678857
"105",1167.47943208857,1169.18084504153,721.826463586158,1128.73622281304,948.944951714747,1318.36482154936,955.04379234392
"106",1188.62055496445,NA,748.865205794803,1229.53252417059,956.2496846563,1267.32068084722,962.246106524835
"107",1109.58041337199,1108.85622987826,712.76205200488,1248.80332196917,897.544507886899,1159.08052043373,908.111893686543
"108",1073.10177435851,NA,694.321680921631,1206.45407126187,880.170376506943,1179.50162444834,885.55695923014
"109",1150.87474499009,1153.41639383065,709.775676032054,1291.81946196577,915.212257042211,1291.69048908174,922.79948419088
"110",1094.5215133779,1094.41237797758,710.117163156631,1051.38938984789,895.769039397538,1213.28253303316,901.138584174439
"111",1092.10214350415,NA,707.421583684308,1148.99382107679,889.291804575829,1233.66258218744,896.903584850308
"112",1122.20382233928,1123.14149229769,699.190605897517,1214.00803854963,900.223287091153,1196.05640435881,912.302925970606
"113",1115.58134662402,NA,700.63106948158,1189.08954646642,909.38443522138,1171.15787959953,914.63922612892
"114",1096.83354884081,NA,695.876908241831,1157.7417650868,879.371897261152,1172.09242624243,889.177681384088
"115",1107.67807871493,NA,720.140447031216,1142.04667207438,903.952943042129,1265.00337760425,909.74526943875
"116",1162.7945789865,NA,731.068265362475,1451.51883147079,954.492867885133,1260.08375247755,960.015663678509
"117",1108.18659121551,1107.09507491411,709.379546368587,1011.83853732698,916.319457734887,1209.26453928252,923.749453474557
"118",1096.83832689658,NA,691.524808431091,1208.98371668558,920.808780769521,1218.80237866714,927.343239154733
"119",1038.57634250499,1037.92632594691,685.491836101767,1237.64027246839,890.042806739023,1156.42664922042,894.18554288038
"120",1173.51276256143,NA,723.505405970662,1169.02473150901,934.547291466764,1357.33997976067,941.055873893335
"121",1087.04144851758,NA,749.975379048078,1063.86149282593,896.309767997946,1276.24587497286,902.002442372567
"122",1193.14184354803,1193.98392519958,710.424043365242,1705.97306309638,909.904426749368,1268.91690234531,915.412519486374
"123",1098.41350620575,NA,731.173613082076,105111589760789,889.97161064963,1202.69285739472,895.15044678213
"124",1111.13892985355,NA,688.345522945243,1188.27823863486,898.643667471722,1282.97828996187,905.227142868351
"125",1122.7735329958,NA,733.97521667159,1200.32383402475,944.855014618324,1254.81819343115,950.350028977362
"126",1127.2242385132,NA,716.301014015898,1202.08886125791,919.686541045408,1250.2182523415,925.590695424759
"127",1216.90913224621,NA,763.393734490868,1731907171384.1,948.470606562692,1470.05402786379,955.329052638147
"128",1164.1922651304,NA,720.970266563451,1064.73861702954,919.951126584701,1287.20231081561,925.788476888236
"129",1055.39167940244,1055.24353416118,715.933148793221,1504.52245730554,920.129647186365,1124.61976579312,930.98612792377
"130",1147.15255912964,NA,739.879830057691,1180.33995789306,938.163966141784,1340.07213551516,945.29237432862
"131",1161.03191862788,NA,709.314821076437,1340.52640919451,908.799635215682,1316.13318483003,917.019657409235
"132",991.160318016141,NA,666.555366403397,1077.77886840619,850.978760468278,1064.69451685003,856.863767880367
"133",991.697745824588,992.0355688894,692.607146146944,1027.20729207284,878.194963126716,1066.6228213133,882.594892377638
"134",1018.490148829,1020.27672153923,693.613520090921,1111.69722591726,892.24015481984,1115.4500972038,894.884997134469
"135",1125.29835524348,NA,719.002106751489,1219.05339333033,908.280476841583,1319.4441394931,915.59169999998
"136",1083.56715836785,NA,700.568403059984,1117.73770077411,905.631782037313,1172.06247518684,910.689261385501
"137",964.841582613342,NA,691.020851617978,961.724963423952,885.765552423852,1038.6799075149,891.533727400713
"138",1078.45532177215,1077.49819690773,711.282091387845,1090.28895898882,908.414741589921,1178.95767539552,913.526891699824
"139",993.404198872889,NA,676.670347514088,1056.77175101404,850.018893950318,1071.57858865616,855.11155295614
"140",1184.06297967358,NA,749.584779773091,1303.57111617996,936.798489317303,1340.55364301479,942.525342174629
"141",1121.50920596776,NA,766.589182679532,1620494275172.22,925.672361570529,1277.980812943,935.625167665336
"142",1104.17688018525,NA,708.080318540614,1341.02905267555,906.468221767497,1191.92651529703,912.297770023729
"143",1004.74814578077,NA,693.21118085523,958.993545950458,883.499300035702,1085.72352388609,888.972503440015
"144",1085.0330760835,NA,709.504836673488,1138.25754610984,920.051383160638,1176.23983701962,925.085697060926
"145",1074.53884316794,NA,702.647436947273,959.093327411797,905.222320743426,1177.98790036826,910.57690837308
"146",1059.29553935595,NA,689.996767105257,1040.74825515915,893.585044885251,1156.89583458664,899.046059388213
"147",1089.15450228403,NA,682.348360010306,1355.90222815672,882.082349493052,1175.29201828313,891.609358973744
"148",1090.09141356487,NA,728.985974516146,1168.28263432321,893.941664244435,1222.85511180713,899.189829802558
"149",1188.74708459355,NA,747.494391820492,1474.6073052887,955.092729299548,1289.88041280764,967.769979728188
"150",1092.05816604668,1092.12663781386,696.513985826084,1076.72170488887,907.618968637652,1161.11954087292,913.094514919815
"151",1036.75081904971,1035.7096018165,685.277108337474,1102.79774160764,874.174032218958,1145.45459757074,878.998948280145
"152",1072.68065948832,NA,709.140230312428,1295.34102782517,891.39500012423,1153.03844252594,910.328050581308
"153",1163.1703937861,NA,732.877668844731,482103702.204284,921.098224828828,1348.42100449206,932.462577970187
"154",1106.61055935402,NA,770.694867927279,1162.8595150989,957.756263723304,1228.50649139199,965.175963289145
"155",1139.32107852351,1143.29005755285,698.566000097581,1274.02712816017,871.965497902572,1253.76833714872,879.488012764245
"156",1095.02675475224,NA,730.011952507505,2691525573.70159,927.464548274948,1288.83876663347,933.748096728656
"157",1191.9158324772,NA,745.360024719895,6211839.34433227,938.751058012771,1347.4670772017,970.343159340139
"158",1264.53761467931,1264.15733364414,745.613796045225,1332.86346572707,966.499162761114,1312.50760103775,972.531628285575
"159",1091.91035884288,NA,698.023621021233,1214.81554751971,892.255647145068,1179.56146686159,897.649938061116
"160",1002.2102208783,NA,683.107569330411,1479.79207261356,881.503879924978,1129.11379344755,885.582006297969
"161",1081.70388819612,NA,722.816597462469,1279.18112653527,911.886957480268,1208.2597523479,916.3760781826
"162",1103.09967264598,NA,721.421520230196,1166.97960825814,893.548703228177,1223.03577730672,901.369105700149
"163",1199.55301216489,NA,733.930481937933,1228.28947944855,947.119835533503,1379.35804176157,954.146838543915
"164",1108.31411732604,NA,719.767766001707,1412.24108550636,910.004428610898,1260.52010241227,915.360617498502
"165",1027.18194119799,1028.27887964249,682.459969246333,1621.89381049074,884.121594491397,1159.50265231996,890.184728963354
"166",1069.96960676827,NA,691.076448463147,1097.98786831141,900.265515416698,1255.93010712829,905.835230606322
"167",1085.30369390773,NA,708.001204131951,1382.24307337933,892.32541227798,1213.50762293469,902.793311210686
"168",1086.71255049403,1085.70983920118,703.026947863064,1140.67578622247,908.208985196635,1171.13824862849,912.642496465393
"169",1067.47083697289,NA,696.207880140811,1264.10144120412,894.420116074606,1229.89941875496,899.877265738052
"170",1096.11409823185,1093.80472048617,716.897611474968,1088.99286242383,922.764840158089,1210.83121563254,930.727218382428
"171",1162.24015450005,1162.69747018281,737.127620433293,1220.63387861194,954.513815260391,1298.10875941043,960.190298888462
"172",1041.25315737396,NA,691.143828834163,1116.52421129915,890.647754611,1124.0101804413,895.709810530199
"173",1100.62217204087,NA,712.305916658603,1158073597.10601,890.324475750096,1211.28067638145,896.220286295588
"174",1059.84066160228,NA,695.743403150434,1180.3233350333,876.413639526031,1157.23885000262,881.365955063364
"175",1080.99855274984,1082.17172980675,696.388221337307,1214.62954327774,911.309019109555,1165.53159941283,917.115534520918
"176",1142.47536051578,NA,690.901781997102,1303.90418766102,878.118759456318,1172.28405094508,883.451638302463
"177",1153.45201738763,NA,711.671668894708,1198.51826965277,925.617005027584,1299.30178389235,931.420559882909
"178",1197.05161170384,NA,715.14262563161,1245.21638293503,913.346572076029,1273.4254729579,926.314434564334
"179",1083.95236813835,NA,723.995798308695,1078.48228259983,922.674625294569,1188.09279467297,927.811829229424
"180",1043.67166969312,NA,701.633804809004,1024.58055471765,911.906657488315,1163.74132160792,917.568501420516
"181",1092.91284853471,NA,699.152575815223,1269.09404068166,885.681681341316,1199.42974982314,897.087863060407
"182",1119.71545013045,NA,748.360190592776,1218.03411322978,936.529422228846,1312.90547629379,942.445885793033
"183",1131.01935154755,NA,717.365495130011,1289.60808273886,907.539080182879,1206.73416573126,917.79524059104
"184",1086.91506620212,NA,711.087759701045,1361.82121861391,921.145666364939,1176.63291403073,924.695315862554
"185",1010.4160874722,NA,691.51569206397,1132.14959581861,865.795000347983,1153.5812171752,870.66832290242
"186",1086.93737298643,NA,716.194127119403,1140.90973078798,936.773384544618,1206.65263512155,942.412918353686
"187",1026.72045806666,NA,709.883617351835,1046.72037332555,898.878460232957,1133.51463918385,911.4782095345
"188",1170.46437872344,NA,730.211272862296,1416.4811514672,921.66032379109,1286.28847166264,928.414375228353
"189",1153.36754439285,1151.89043667814,709.673888714416,1180.56130565774,899.276812340307,1239.71207092131,904.812908355287
"190",1059.80710156274,NA,679.901902009946,1147.04651359306,882.799238337357,1226.24069708548,894.479679289713
"191",1079.42050811133,1076.93350753099,713.383834028396,1405.65386792587,906.820021862219,1210.53920991747,916.058233821536
"192",1106.70470209466,NA,720.311595918793,1177.97025068443,926.24394982982,1284.89933370514,932.264329397858
"193",1081.42808343256,NA,712.453928851173,1165.75801635834,911.831445057225,1201.13387775976,917.417366420916
"194",1070.33335936181,NA,726.099157821772,1332.08549678613,918.709272535605,1178.09316259635,927.350724980368
"195",1135.32825013405,NA,728.737150509853,1180.93484694658,928.743046211511,1206.953239411,934.482445805838
"196",1085.99175211567,NA,719.483289175727,1090.63399379882,913.835287706375,1147.46084064394,919.488919189679
"197",1237.46065732311,NA,740.189496248042,1403.49595793662,942.330166338002,1339.07347344605,948.469285964928
"198",1118.56708473121,NA,738.828878244685,1336.01855403425,942.40662078197,1212.30510487831,949.080680232222
"199",1155.05357731036,NA,721.732308094535,1271.082932924,929.389055386312,1310.44034788377,935.717093955257
"200",1039.33683799227,NA,698.023187092274,1067.51916331079,889.887578358104,1187.11519600808,895.220384548575
"201",1100.97916405709,1099.50759777631,710.639815291507,1273.6719712101,911.969774560707,1238.5620606388,918.023313064464
"202",1093.35316092092,NA,706.918862894633,1217.67592875377,913.548640546645,1211.33548113766,919.036554826537
"203",1066.48098426938,NA,725.826874683788,1037.28691999554,919.862458782532,1281.91734309952,925.614602458645
"204",1101.22085073418,1100.30857983409,713.267309525122,1150.54830590617,914.387295355664,1156.08348999705,919.267077566285
"205",1044.99377992982,1044.54574298618,675.1986823475,1002.82884663093,882.802611502305,1122.19045242878,886.331831905055
"206",1022.61397407544,1020.07703649432,679.201846064522,1320.46419325744,880.588484861825,1162.78367525271,886.09491676526
"207",1051.4406864138,NA,703.32475632244,1141.17264736187,895.959035048099,1178.4063363919,903.06358613603
"208",1123.61117587982,NA,742.046048337428,1009.36518472422,944.418677223654,1186.87490490668,951.002321672771
"209",1055.16852942767,NA,687.610045365826,1269.4228682302,884.30639543229,1142.48187170999,893.14062999792
"210",1092.28953399939,NA,725.310408445101,28284287.0269137,916.255509107214,1207.50438236317,921.48347749589
"211",1133.56034485004,NA,695.316901933774,1300.52006892901,913.781224295163,1264.67246954005,920.246870566168
"212",1246.47570230689,NA,774.64438604152,1340.16148150096,971.599929952686,1342.98752825276,984.41992326204
"213",1197.28888958612,NA,742.506305620115,1377.46771615231,943.427928070742,1287.98243595245,959.096669057096
"214",1060.61843981383,1058.59938867685,687.20921320646,1082.78971902721,896.367998199381,1120.08480433693,896.228900182778
"215",1229.39078906572,1227.64262697895,727.542927208897,1321.63159321496,949.989865977494,1332.30521110171,956.444584644826
"216",1126.14066240783,1125.97984440545,711.628556729828,1207.2978671526,936.517243084249,1196.77291850843,941.940130773174
"217",1117.09723652282,1119.78503477282,719.125952581695,1228.43597227409,928.52153301943,1288.30326755621,933.674849734997
"218",1181.11087034744,NA,724.583749354403,1377.07090509118,923.622553196948,1284.08336062951,929.386758063186
"219",1130.70950512857,NA,721.466760376375,1757.2133712492,931.206752525501,1192.76561714649,940.799949095475
"220",1114.74231375926,NA,707.886474681757,1338.92565370246,900.183061256811,1168.4023211562,904.786664064578
"221",1036.58462852983,NA,697.329145581115,1040.95075615083,892.381230708465,1114.50567587139,894.215933541118
"222",1144.49615083615,NA,755.801087580169,1107.60003225624,934.022103946361,1382.68114136873,939.630014835087
"223",1150.41247329732,NA,731.708309258178,1497.80987288445,942.78370516515,1253.44106733659,948.541826557911
"224",1121.10415154874,NA,736.295049338759,1170.74073294631,942.827315780015,1262.38122127762,951.092876846745
"225",1093.80034070432,NA,725.275315076652,1187.73540899702,931.093005495835,1236.84921492293,938.718359368391
"226",1083.52144518618,NA,705.836974832178,1151.629540379,909.789868154133,1207.81499195733,912.731203891202
"227",1052.91983763296,1053.07305759193,714.756478559268,1154.9435921673,916.08439828707,1137.43986792033,920.849634918992
"228",1027.79018616541,NA,696.247662769423,1178.72717065008,878.456810659884,1125.68882837941,882.240097110135
"229",1084.40506000218,1084.52981413621,699.771146071536,1222.91825592796,886.641423446518,1201.85952775786,896.331194025812
"230",1066.47987490521,NA,719.738927214214,338525725256915,888.621600394347,1155.77628786494,893.880457178321
"231",1122.05745740537,NA,725.820464320621,1122.26848566322,911.870784691794,1340.70957126415,918.061458060815
"232",1187.67038240973,NA,722.693129066139,1451.47196759432,917.168754285173,1253.59004016527,922.589400807738
"233",1160.13787932575,NA,765.293100581121,1324.39443772966,964.00978611881,1267.97415539311,970.091624929279
"234",1027.48692934834,NA,712.086475627577,1153.69247947875,907.17079309778,1163.86994687565,912.257871997809
"235",1109.04204033045,NA,699.170339540309,1214.24139167032,875.498643898099,1180.04156083296,880.48119901477
"236",1189.25870007467,NA,734.195196532178,1450.52766299352,956.222086864461,1339.81083151111,962.799880870753
"237",1113.29661781859,1114.41162591984,735.479526609142,1100.94708479889,941.252411663072,1226.59912754151,946.452455520045
"238",1144.98305260636,NA,763.05602214656,1205.79056661414,974.377859657636,1284.16934646202,980.134692370494
"239",1040.14060579469,1040.09199468238,696.575703174103,1136.27242168873,900.094310419891,1114.51315345475,904.891959048345
"240",1080.53870334791,NA,703.433320604364,1270.51274382584,888.76332171504,1234.1993812592,897.102549681985
"241",1105.99180594198,1106.90718729019,704.75150265924,1186.10223392288,913.054772189293,1221.57239668376,918.538604457269
"242",1061.0524248269,NA,707.190079363777,1449.7509024073,924.670052142714,1156.13497377591,930.182884603122
"243",1043.95154162636,1042.78640697604,688.587286808186,1146.46079599654,885.965045579519,1104.88627473066,890.600645765426
"244",1078.26150924292,NA,696.960878813699,1220.11407749764,881.111379481139,1133.26109278248,886.140496520735
"245",1082.74598391699,1083.09512237349,719.30888333803,1288.68894303987,917.507124924907,1143.63795542182,921.92940605078
"246",1167.73023067883,1167.88661386113,737.188043878937,1533.38718192099,941.70027914352,1221.32232847267,946.460840625586
"247",1039.31235238682,NA,699.149673032399,1327.21739272418,883.482372731778,1213.51674694165,890.893700796875
"248",1075.8299173325,NA,688.864159416866,1012.47647281029,893.062974522791,1165.84013122566,898.473219844367
"249",1112.660043612,NA,724.301351209655,684041540.512994,911.792351025794,1180.16418731004,916.843776015758
"250",995.334037993048,NA,695.737276679704,1048.25788219245,886.765506122355,1100.34879728267,890.05488966774
"251",1108.94990378678,NA,714.22790245326,1091.09152868698,922.970114881092,1198.8855216297,928.750139140711
"252",1113.2024189347,NA,697.033719136962,1450.09839393878,903.678385837116,1168.93657711014,909.552293062527
"253",1147.09071709933,1145.49747441554,716.01344206631,1070.72148901668,920.393093047911,1214.35079008814,926.047860374197
"254",1132.04997019688,NA,742.174789948202,1191.49253276476,951.591880466436,1261.41630078316,957.1090170016
"255",1070.29876703247,NA,729.33421822916,7792621.45959798,893.883255732695,1236.90850060231,910.988545175453
"256",1066.75458188043,NA,720.404781473566,1361.07110437163,904.524129799273,1150.97363284056,910.087814933406
"257",1108.75743350417,NA,693.746806369644,1283.6289803665,892.784122387904,1212.93380119157,902.259204936515
"258",1107.11166430873,1107.83860952187,718.139650135166,1225.4500665226,906.591185186614,1271.12955038552,912.203062206177
"259",1085.78918982878,NA,717.383821685179,1209.43423684947,907.364517693869,1221.23903744352,913.193488242425
"260",1169.09264594356,1168.5031661544,725.195594963184,1157.58756540753,927.152415991177,1325.76544408408,930.130607960307
"261",1126.02084115178,NA,717.811155556477,1424.14521124175,908.127558353134,1191.56241516025,919.7965385149
"262",1118.88589320119,NA,724.481221083146,1133.17574439773,920.588654876202,1181.62057122384,928.197936547155
"263",1073.05925841945,NA,716.574364475386,1027.73783761751,926.032454235345,1145.87180283032,926.106202305713
"264",1113.12223929614,1113.58834802837,734.482001227949,1170.10888751333,934.734156999047,1207.29491953572,942.861499055479
"265",1125.69542200597,NA,733.125761836141,1072.5497812524,893.598874932348,1246.20996307066,899.936461158495
"266",1053.87328234101,NA,733.139298876442,5531687.30153127,893.114122068059,1216.91456414526,902.44165337881
"267",1168.91802782742,1170.10004580162,718.148759227914,1239.0779275426,917.953778773431,1309.49288502635,923.863228125575
"268",1168.94517595252,NA,720.188694537517,1391.61818778832,923.005569819265,1288.45319960304,928.633553579102
"269",1111.14566368181,1111.33394497398,730.834775131636,1219.56771339304,922.397761940034,1242.4742031073,930.067396894783
"270",1047.68536753796,NA,691.281775562487,1431.0146344208,882.020154093547,1157.19664934534,887.198372798795
"271",1133.08148478664,NA,720.595376901293,1180.2176590137,912.131118911321,1230.55861249344,917.814130344657
"272",1175.30867268354,NA,758.614666180706,1237.76136450697,948.044013304158,1325.99453626154,954.078445307149
"273",1105.16756725073,1105.15488208418,703.331540302622,1064.45635934819,906.01383653553,1173.61949450576,911.109673309433
"274",1160.18021230577,NA,734.77893499689,1108.42047484244,910.983635032971,1298.87121300389,915.119186950281
"275",974.398937574643,974.609891496163,663.566317418337,926.672376116557,848.498960046996,1065.06453483905,855.153714973784
"276",1056.60299650583,1056.36740085714,717.178946714255,1195.38556484789,911.839090061328,1213.89199942882,917.161468822972
"277",1186.86094656733,NA,731.3716763657,1040.2192237955,924.918408435275,1298.4193207079,935.812033611364
"278",1127.0290078148,1126.95426955779,709.860202778504,1329.00610425348,903.57915395606,1213.12051533299,911.706626557187
"279",1067.55121925333,NA,715.957198320401,1032.16326945743,913.118935088373,1141.21742555134,921.009756773307
"280",1114.51617366649,NA,731.092415504977,1162.58757812252,925.646584950245,1258.00551699397,931.700330577652
"281",1103.91507570112,NA,722.17581783243,1311.43412302297,918.083479080931,1236.9925144445,924.142715964764
"282",1101.40463358309,NA,725.818062157176,1346.99141383197,936.259064614386,1251.45082202585,942.235132825037
"283",1093.44440888848,NA,707.990051424787,1115.9143679848,883.048380453194,1208.70506847876,892.454708333154
"284",1077.36549926075,NA,683.762813430278,1166.89251625413,877.89396593876,1183.22482172153,885.439906843008
"285",1192.81201654588,NA,735.295716305978,1475.38741373821,946.1234327593,1293.35596229796,952.142083414234
"286",1022.34630430788,1020.36872100409,669.337097558757,1227.19146802948,877.511535627156,1101.77061405849,881.140827355155
"287",1095.16329085686,1096.83591089036,706.767822427817,1549.55062548098,903.85310479082,1217.83832680325,909.136720554503
"288",1107.11559712074,1109.35123070924,710.098821373528,1133.42485445561,925.787746700057,1250.98180024967,931.428307949529
"289",1096.00396248507,NA,715.622063454542,1454.0126810325,908.486721672,1186.65804514014,913.51237008626
"290",1064.07105249692,1065.11279329967,705.595011822473,1063.21835180157,890.076741232636,1165.48591633171,893.285003817797
"291",1043.32188878192,NA,687.413075225425,1174.17059008313,869.075018213783,1176.95081018817,873.750110043414
"292",1125.52097738983,NA,736.823810262028,1303.44074280285,956.33845321065,1334.25779749182,962.309705430478
"293",1238.1821243957,NA,774.214115763758,1134.79741355548,944.896674359201,1364.19294542053,958.865309394511
"294",1114.9152371324,NA,694.905230788982,1199.67447081533,886.792233184756,1209.1117118012,892.154770151323
"295",1097.86348496914,NA,703.163162680276,1530.54583918429,895.616204974743,1207.18950199776,903.15367456722
"296",999.034217998748,998.410811172962,672.107589328924,1208.94562319704,861.958222248971,1089.11444595367,866.905882230579
"297",1024.12527882319,1023.53503624309,674.278993824904,1178.55027247361,868.128919042834,1088.29839620517,874.954531789153
"298",1117.16325278129,NA,720.908230265514,1148.4505939711,917.118114353609,1239.46881546703,927.961105036151
"299",1036.7562662213,1035.46659121524,697.971450011214,1318.17935320012,899.518584669122,1123.47710871406,905.375198299485
"300",1109.11044793476,NA,704.790182644851,1162.39707267218,894.438709835806,1199.20697718041,899.412336245141
"301",1059.3611178916,1060.20273398203,698.449981641491,1015.34011988597,897.446755492212,1115.79205142733,901.299882186506
"302",1073.35918976547,NA,699.93150719012,1384.7324016845,896.886416191805,1170.06287223172,902.419003251312
"303",1107.8975393959,1107.73769970531,713.273200202232,1220.63598777043,927.014427944526,1186.03712537171,927.853162205351
"304",1021.71995620475,NA,685.303111042702,1249.4521782754,874.114468885628,1135.53847543135,879.043232575181
"305",1079.26144943778,NA,729.355478183092,1192.86606172035,902.138707758753,1236.71766891298,915.857060945684
"306",1014.46736111595,1014.85636552178,673.34618649359,1123.44648675467,874.353932915693,1090.08180850786,877.987200628479
"307",1139.55265375836,NA,818.965994141712,104075874.621687,941.609480599469,1269.51772392096,947.151907811268
"308",1189.05872221739,NA,738.575779033872,1158.95991610275,948.070201887056,1333.07564274322,954.123580497083
"309",1123.8995060725,NA,749.538406722879,1202.93361878648,974.372624459603,1281.53420638105,979.996195485692
"310",1053.66435479201,NA,698.939102900706,1144.31354941901,898.203897145237,1214.76477501685,911.186931270231
"311",949.097369204554,NA,680.230627520378,1095.1609833546,860.066365106212,1134.47753742803,879.588230351183
"312",1039.89548389976,NA,708.275429807455,1129.70894938272,886.765764159368,1214.85857610327,892.153191065862
"313",1132.76593187754,NA,708.599161939986,1246.71425954145,913.725741008355,1243.86902602348,920.774501587721
"314",1008.82628055547,1008.7701069286,696.165157144608,1241.86647015308,892.441406944192,1110.37197870119,900.140773382179
"315",1037.01738439256,NA,696.933003827358,1117.95731234495,886.525751811817,1117.61003487028,890.521767082984
"316",1082.92163377168,NA,724.322671386912,1495.34953689121,946.772603905877,1192.35049827111,953.584142597274
"317",1092.06264851527,NA,705.3968330505,1327.51578110941,910.236610178841,1195.81907215112,916.151580122937
"318",1049.90606312645,NA,716.204245217544,1330.5311699663,908.366659542958,1148.6918782993,911.717246146822
"319",1103.1237514845,NA,718.526184679896,1195.40466322427,920.841395786776,1218.50696771088,926.249429217347
"320",1029.25351472689,NA,694.006271487875,112085046.94044,862.098428063043,1161.57232009193,865.937966426519
"321",1077.96925679086,1078.31566193865,698.159321309165,1334.90766497634,894.760694148142,1180.38028878179,900.039188275794
"322",1128.40384522974,NA,718.120477224776,972.013829140773,923.80068240572,1308.21901574732,930.46848262806
"323",1121.95939017519,NA,710.191984992649,1338.62540140079,916.582186545136,1222.14513743599,927.017679139767
"324",1061.28687686507,1061.16949159012,705.280060883057,1109.21239992598,889.727963161588,1109.23385073448,895.428814879036
"325",1202.4413009917,1200.0666068587,721.491486007906,1423.39868883955,935.389478889998,1328.70989030905,935.62681219174
"326",1129.67830558062,NA,725.272597508236,1229.3089873632,936.655685762707,1261.33843852645,941.641392496403
"327",1168.49382096202,NA,707.550686960653,1694.20371694566,935.17373226118,1321.00666537757,936.407923055628
"328",1096.01137277668,NA,715.664582951877,1121.24629419709,926.206088982821,1207.97630582553,930.02885155638
"329",1087.19080298463,NA,708.332738774548,1132.05564280869,888.393520423907,1151.24020856379,892.804891527393
"330",1104.86982371651,NA,715.572763912261,1161.74748496481,930.406288000143,1280.043170463,936.453664922229
"331",1096.03901970878,NA,760.249197003503,53514231637.6903,910.875398698238,1267.55727925874,924.23584975062
"332",1084.5821387175,1082.465511167,709.972029889384,1276.28167644964,924.68260896181,1228.97736148105,931.836767886926
"333",1034.36891986629,1035.62438596615,699.5628302232,1165.9887428744,906.415068076239,1107.96060068352,911.74406417258
"334",1110.76529114343,NA,747.451753847657,1117.32876815531,930.222601841893,1295.93182715012,940.566905542698
"335",1148.67051569122,NA,745.082549082721,109603862.175007,930.310816001219,1290.46733196971,933.58357337893
"336",1130.77758033182,NA,751.114589835589,1260.96528369225,921.826388380435,1326.77483575373,927.564088061913
"337",1161.65174203895,NA,746.301977171061,1199.84030145851,933.862143252022,1317.2723034832,939.733767314829
"338",1043.92575191573,NA,710.420854694929,1424.17409661813,919.41728031188,1179.3688206809,928.252179161987
"339",1031.90383900284,NA,705.244977460859,1348.356650876,893.440338434644,1118.67579163947,898.921203236874
"340",1043.11341908127,1043.05059141284,694.068320558207,1089.27033206932,907.757914655307,1124.755473166,908.853094893549
"341",1181.945129335,NA,741.026644025757,1184.41923124989,949.972518228281,1286.31653275567,957.337058876173
"342",1194.38082523285,1212.5405702355,724.352056374526,1205.18275351653,914.38107460923,1216.01278884726,919.589387007948
"343",1076.5687493526,NA,705.960915855385,1195.36308700436,916.789669021782,1179.06539081529,929.065091906945
"344",1137.78425810776,NA,721.769243454698,1216.61949085217,911.582319890727,1290.01663150921,919.157561502549
"345",1088.85912896983,NA,680.272947198271,1253.37804059561,876.803477021103,1185.52172780879,882.107037080355
"346",1086.15274004198,1085.29622773802,704.051061374464,1281.03600540209,912.35866222352,1194.95098259396,918.187163210781
"347",1102.22767004926,NA,729.16173171114,1393.18715116883,894.57443954609,1216.9657526535,902.702193259764
"348",1027.16190201123,NA,685.361233477489,1217.98051058953,886.167853947506,1169.98802615572,891.884143375951
"349",1061.31817339267,NA,676.328331344729,1153.84363693136,877.914340645893,1171.00030263427,882.615730136843
"350",1108.89303531453,1108.89670054491,724.917586705269,1343.3717229722,911.495231279302,1190.38696085251,916.319080632903
"351",1141.03403013659,1141.75170924041,704.358961267254,1249.31096126591,914.189524866332,1237.5469522564,920.171612018274
"352",1113.2468561269,NA,729.86778598933,1020.30783037738,935.689052313476,1226.06952869207,941.127741707124
"353",1154.36351718067,1155.10341269399,717.944382686664,1150.0975930729,923.87653024259,1234.20692851884,929.264919806941
"354",1107.87558897413,1108.28279098536,711.05799716107,1641.92079247122,912.788302231777,1202.43243675349,918.178238300917
"355",1065.0717276577,NA,716.121577858371,1310.14329348826,913.262313167644,1156.43996502282,918.178983383638
"356",1027.65148323904,NA,715.77300257102,1069.98666456156,917.552416969409,1151.54825514946,922.797894937633
"357",1096.65369876771,NA,716.06527743687,1318.36575037822,916.376887681064,1165.17365437676,919.10473729852
"358",1169.48668861691,1170.97159877652,745.974767778786,1241.13562095511,968.705272341076,1338.34363683293,975.308497465097
"359",1101.39423519393,NA,706.793455242319,1237.43791702619,896.369031872877,1214.68194132014,901.960129317416
"360",1050.88566363624,NA,710.826130636073,1028.73898398907,901.885599933255,1119.39350477926,907.844235688384
"361",1142.18729386767,NA,720.328803452414,1286.85579015661,914.017969605943,1313.50644805625,924.249090833461
"362",1299.30492014764,NA,749.762172594903,1334.65367072458,960.787838015291,1394.93291155162,967.775974285069
"363",1185.62980178628,NA,711.394087761656,1390.96364394079,900.050808586219,1339.1683380591,929.266630043005
"364",1166.13797972037,NA,730.613996744322,1260.0095952353,923.298028860191,1327.95390406518,929.652285283699
"365",1089.23234311117,1088.38113230964,716.097849569889,1364.59292769375,922.478927728073,1161.10153565692,927.31149892768
"366",1131.99373018381,NA,NA,14100744.7932954,922.090888027511,1297.83183293885,928.103533367859
"367",1112.78460702222,NA,745.742580421805,17441469.8449387,942.493447846217,1299.57823617866,950.658642603698
"368",1085.21624278686,NA,711.531743146927,1173.2602080049,916.593662364801,1178.77410884243,921.957949798943
"369",1166.86330490184,1166.08819556058,741.341715025223,1202.75971572678,947.782144967077,1313.76141530654,969.614771101218
"370",1151.91621625925,1152.94220358497,721.775510031537,1234.59950837952,906.537452910478,1312.48083929288,915.387315975407
"371",1265.97284076736,NA,736.862763043424,1149.25125261965,942.2496657726,1260.58352367569,947.953055916927
"372",1134.91859747702,NA,707.970537743443,1191.42328785972,883.131833703662,1312.50179549577,892.02846194514
"373",1086.28905578375,1086.0035330737,706.060224029453,1315.79501839659,905.493324508391,1152.24516932114,910.605009746342
"374",1179.20106902449,1179.9922335248,755.417945956779,1075.37699712423,933.685541705136,1395.80162266195,940.553486780968
"375",1036.08519242365,NA,689.451452963706,1204.01036504068,870.220406266558,1158.16666892337,880.669879718006
"376",1082.09188442731,NA,721.737844217564,1144.86307430812,926.357187270754,1165.75828729373,931.199932463116
"377",1084.41475299385,NA,724.012693801774,1114.99361708605,937.916553554783,1186.90050853191,943.224652982916
"378",1143.6118509304,NA,738.953866337002,1181.91486425781,926.045580490593,1326.40970421028,933.518784587169
"379",1060.82172942875,NA,719.524252244864,1034.46715661296,913.315954109404,1178.43387343046,920.899292084318
"380",1120.31141106428,NA,730.010292364484,1308.5166029753,929.77272390933,1242.62977340552,935.23997473255
"381",1167.69455517353,NA,754.560587277835,1290.12494382209,977.584302777073,1272.69529587808,983.502993451005
"382",1097.89979622784,NA,725.551564329506,1322.41968068085,933.734206171046,1161.75990059396,938.697407122036
"383",1090.57896115209,NA,703.095148795206,1476.43686847118,918.882754807428,1215.60795207073,923.993888236152
"384",1120.03322281715,NA,712.108637523351,1280.72558542671,898.718721304374,1218.88292685372,910.732453113678
"385",1086.29271809299,NA,704.633187016043,1223.35120068451,919.015359843571,1211.50247649196,925.709829750718
"386",1137.95852828762,NA,739.976961167211,1339.09958609576,937.256797673952,1315.29583271271,946.563475675815
"387",1153.3059318239,NA,724.011608060793,1425.62866912948,921.327845733254,1271.92866429983,926.712378667233
"388",1100.07843435352,NA,749.468606420849,935.046962258879,939.377094991542,1252.71466227274,951.077534409657
"389",1052.48336154707,1051.14859892305,712.338382721071,1112.27104642577,921.780849137903,1139.35502191301,928.50409071874
"390",1195.71206630802,NA,733.60519626472,1263.22053428202,921.585438292736,1298.77335461303,926.976984376222
"391",1067.29953433842,NA,699.721431444993,1069.51203078185,902.602270860294,1153.09327963755,907.763940253964
"392",1083.14306004409,1082.51395763172,726.872929774519,1132.56218671948,930.845697776372,1177.51879023554,935.979134070135
"393",1119.18057725325,1119.08672223447,713.300637382137,1194.05781453692,931.069210198119,1244.72680535378,937.087007648728
"394",1081.65533121244,NA,724.426093486752,1257.42823185611,903.170515868669,1201.06622298288,910.253822606247
"395",1077.84612422258,NA,725.888039829151,1111.6911989097,906.883003038419,1239.39057758939,918.197271738317
"396",1152.67343373623,1151.96677267519,745.705142842624,1198.41001336885,955.003218257561,1218.30962821872,958.318398687206
"397",1161.864256284,NA,700.041192841672,1224.10729455974,913.991092404056,1270.10902956524,920.190426631458
"398",1047.36078864988,1047.23319584186,727.132656050937,1099.75020474052,927.133387918501,1127.05005362401,931.661912962132
"399",1092.4485679469,1092.25910447725,697.278271687873,1058.29896466781,883.082663526294,1137.17194667877,887.92303218321
"400",1061.84114678796,NA,698.656347859361,1026.26351313789,909.98703109535,1159.7345954924,915.481354345609
"401",1009.11241001648,1010.7060333153,687.591212576619,956.539963764075,887.216471878109,1144.7350535826,890.731620414655
"402",1138.42910267618,NA,717.304371274628,1335.07452149626,933.11033649646,1256.6939281318,938.019287027903
"403",1142.81828038382,NA,726.148222014185,160770280.082017,883.835615339558,1253.11885941573,889.299582447334
"404",1000.75521065238,1000.42259175274,668.276801660499,1154.10137571369,855.254833503719,1051.8122063856,859.890321327701
"405",1101.72303675114,NA,675.649238642694,1403.14653455122,874.028028445889,1196.59829734625,880.235882307586
"406",1091.17573667266,1089.34996234532,702.81521587335,1858.21406524043,917.753560952359,1211.00934319463,919.438754535044
"407",1093.01641961165,NA,700.667369079253,1640.46298621435,881.626282251997,1188.30756266395,885.869799087332
"408",1208.01379647546,NA,745.21673593827,1391.3462750107,942.540919659595,1319.70176988887,948.411781194225
"409",1140.39210236692,NA,724.680180292571,1215.57915662709,928.819403680565,1382.11681285579,935.718078671619
"410",1004.89185821647,NA,678.269279407435,1007.81062955558,869.988512700511,1096.49721719525,874.810232294947
"411",1104.504499225,1103.45294487401,730.427277433194,1449.614642962,924.171387754213,1218.80440455895,930.661672130702
"412",1124.4118643522,NA,741.573680051167,7429292459224859,895.923528132586,1315.37286587034,901.364932436874
"413",1053.89307248367,NA,713.16840273206,974.909772578543,894.837745692905,1129.75106530355,899.617975391768
"414",1225.97569315255,NA,740.717540801042,1295.26596149374,957.783680944464,1299.74705593548,963.584625299649
"415",1062.67207925176,NA,710.520129374766,1200.74033473116,897.880725576104,1151.86306887269,901.673359412651
"416",1085.41325893304,NA,709.898402664849,950.785602119871,913.10561840986,1200.03856670499,919.511473215649
"417",1082.64779786697,1083.39430817901,695.233456534799,1028.81680093565,912.321418524765,1167.15666165738,917.022483224767
"418",1022.78160260216,NA,698.541156547229,1012.12391850543,896.701116587143,1125.46168808093,901.784049539565
"419",1159.28079462854,1160.02886104497,722.810811089486,1291.8161435854,945.356561367451,1223.52563083681,950.609223681604
"420",1308.9168660309,NA,735.790788683085,1658.71042171729,945.523102663034,1514.2146974736,958.964722850038
"421",1114.65770695455,NA,717.88452947733,1543.8982342037,925.381025292235,1216.31310536135,930.892715459768
"422",1109.10992134395,NA,735.007382693012,1155.22942115709,931.449584343825,1284.54840734224,937.307621869967
"423",1043.83622981504,NA,677.064184861948,1080.07399356033,881.00883930317,1165.3826505329,886.971709351331
"424",1080.32735305053,1080.37357192034,690.123822960628,1420.77520028239,893.866213054516,1150.23474720387,901.072740872685
"425",1022.71470837804,1022.81992547064,687.760562233621,1059.09275466053,877.485163633075,1143.77454964147,882.577457146611
"426",1005.82762625282,1004.73171795382,683.403455810914,1140.30531657,879.380855303979,1088.36113994475,891.524008318796
"427",1026.57406085717,1028.89861987688,686.119181334562,1101.31326016092,887.493463336785,1101.19736472205,894.167568556201
"428",1097.40671875274,NA,711.123890816558,3207769049.14315,883.361114574377,1192.29037695661,888.881280588984
"429",1119.90928296724,1119.43592283739,719.773047510668,1093.02463366142,921.255791937352,1225.06579107998,926.526842773518
"430",1010.16975152748,NA,678.270549833534,904.042392851469,869.20303580017,1076.75231715725,873.810961305937
"431",1120.76896340999,NA,700.475483454063,1193.12108498408,902.395075440568,1200.50188242584,912.638688034615
"432",1124.5593966828,NA,713.279186662081,1574.10302231195,910.115274722222,1182.32072551433,915.380226457354
"433",1056.6093108884,NA,749.508849122582,1264.90120835258,915.080258899568,1248.36970990753,920.154471320076
"434",1087.24961286739,NA,715.894710071734,1405.11478466848,931.173305242738,1166.61551847361,936.503402023496
"435",1123.33355341857,NA,727.531232036154,1108.09180406923,926.570184199339,1240.04231698699,934.304752966942
"436",1054.09371508874,NA,685.648784213352,1238.12642065047,890.649700220967,1179.94399823817,902.82623237164
"437",1097.81443350924,NA,732.944905949714,1371.22880632164,925.767074798092,1318.52082632508,929.427205386222
"438",1134.31687861585,NA,721.313108203995,1394.08033922706,917.474766471348,1196.53757206356,922.248666163593
"439",1126.43690806623,NA,723.007033143246,1295.16441841067,930.487151340524,1259.55573103244,937.076584578686
"440",1073.6334150366,NA,701.986886179151,1102.8214210626,902.892935662485,1124.80647707989,906.728144281823
"441",1129.58843050271,NA,722.714486616674,1132.97758216221,948.140184185214,1294.10294843195,954.696526406134
"442",1056.93592203726,1058.28276246094,698.882986681147,1109.88914470427,910.178143656402,1135.32235154556,914.082907393493
"443",1065.22980966144,1064.35022554353,713.986747527152,1333.62923401491,922.67188827451,1214.22125880334,933.978445952056
"444",1153.65318111309,NA,715.685185244014,1240.58907425978,896.805832315012,1257.2178463017,905.208109747432
"445",1058.08556896906,NA,693.578639715869,1037.24155273569,903.182470222541,1165.95371417246,908.587384244496
"446",1126.94438820177,1126.1184921429,703.880045776795,1055.48485998565,922.818427286778,1203.80038231445,928.060788909253
"447",1087.70880432254,1087.57581222364,716.945745621788,1115.24330128339,921.36584594551,1197.8566404414,928.871445700297
"448",1086.44189602657,1086.58594763001,700.371637012112,1193.31538465288,905.281415929406,1178.827572012,910.408756248584
"449",1093.28203386047,NA,729.846145147018,1245.93948189717,949.905952692153,1179.35114638227,955.056411834242
"450",1072.56148484793,NA,689.621795104471,1440.80149804277,904.339171480392,1194.28273845636,909.381459806407
"451",1102.25766404252,NA,705.397938783013,1221.22011607131,908.929815651253,1195.14218279051,914.222589633588
"452",1148.59015467866,NA,719.093769405968,1326.39628890172,935.357790543824,1239.30095176543,941.802674420858
"453",1017.97269404092,1016.03746471704,679.577598151303,1046.45176840466,894.19430049879,1127.40437514199,899.546093991785
"454",1067.81324167786,NA,709.518689896296,1231.60956969243,896.063385031311,1183.10422235422,901.215462490703
"455",1038.66956559614,NA,696.574054272367,1079.25215666417,900.307847064369,1127.35007462065,907.78663323153
"456",1141.29524220044,NA,724.913256975173,1140.77837006022,922.11667369411,1251.34037937438,927.854740442627
"457",1082.67111088016,1081.1032218774,689.650853560868,1128.44862684186,878.574264348276,1188.21607499353,904.092268561638
"458",1130.65927895401,NA,717.862609828543,1122.81763086367,933.903786762548,1250.68496482259,940.005678982226
"459",1124.0929293587,NA,735.24283861835,1168.349948504,934.693624369966,1309.68533112563,944.252944129944
"460",1136.0816709584,1135.67112973451,717.501700410361,1227.25530760806,915.003231476911,1212.22205388159,922.586015332761
"461",1068.6518172791,NA,723.43387494862,1087.30213410305,916.565770647783,1212.01734265279,922.029642110665
"462",1067.91365557715,NA,689.269262428759,1185.08539722575,869.627783048369,1146.36074333585,874.774513783541
"463",1081.65809853281,NA,708.540879873802,1228.6537548444,917.290078757985,1222.82992354567,923.062748141189
"464",1091.77211798789,1092.99426519576,698.45677124827,1049.22946706271,903.901701113897,1156.88414985311,909.296151807872
"465",1162.31226703035,1162.88203086295,705.537092323668,1318.40692056834,902.9857101885,1267.37332012653,914.74686561834
"466",970.574829485761,971.133420091352,680.92154158698,999.862071675185,865.551315346897,1083.54203483402,876.9066575698
"467",1101.38891517348,1098.36951012743,714.711625213596,1310.32563135816,930.003909112749,1192.75209759877,932.736602599181
"468",1030.95590602969,NA,695.362983138928,1419.963380006,898.477512532469,1239.17911542343,906.278960952213
"469",1112.55364798301,NA,738.123525876282,1155.59373894272,938.078828180048,1220.1647586054,943.241878906311
"470",1057.17250601716,1055.35829804847,708.197565772224,1093.52764944863,917.683158101798,1166.95976031036,927.336354097307
"471",1131.09334318374,NA,741.359114951158,1242.41604057491,932.397086605946,1261.59843340682,944.794104563885
"472",1008.91493608947,NA,711.037449638435,1095.59416517668,898.45688927826,1152.14390670347,905.468355576903
"473",1133.14691261112,NA,720.74900154407,1169.68732440054,914.999988957485,1230.23990339273,920.858841876888
"474",1135.37757101038,NA,689.271441275138,1848.27180278628,899.857430290866,1268.56060233825,905.987997608368
"475",1132.32587649802,NA,718.625414146695,1436.87890229927,901.906569959157,1238.77385602391,911.967750976584
"476",1095.40047739557,NA,700.920203626155,1040.69743728794,893.494674260467,1232.25525386805,899.212105314702
"477",1039.37248266653,NA,714.356638240014,1084.23361156248,904.000476059197,1185.47352825249,909.177434596652
"478",1169.44802425785,NA,713.500919756113,1187.49123329221,913.860555922173,1243.1031132988,919.485672533953
"479",1004.78244040102,NA,712.34347058424,1117.60001272519,890.852078423284,1091.30687157655,899.213606391898
"480",1062.27547264323,NA,706.241961649478,1253.42505560758,901.316102758883,1155.74860839042,906.341686035497
"481",1111.37008893626,NA,718.672156363527,1167.01292942115,916.720405505361,1242.83112038095,922.856721840029
"482",1079.61518602836,NA,752.326271470245,20572150.678154,887.821009673213,1211.88497034145,900.483644384238
"483",1094.19013493322,NA,734.299204198651,1183.35147788978,933.775587030529,1195.33467667859,940.231480458507
"484",1077.88605648516,1077.78662288955,694.879211305123,1424.50907393685,886.888323951353,1155.75852240024,895.70344976526
"485",1180.02902287354,NA,724.664359940533,1146.66710637502,909.837059105062,1267.00620691167,915.449954518598
"486",1078.66113809198,NA,710.308151446633,1429.19768386391,922.722104200623,1196.63313896771,928.094938519396
"487",1036.90459534038,NA,704.409091675043,1208.78754295607,875.791550636116,1176.49053699995,880.733050179795
"488",1229.05148812862,1230.36657668092,751.457122492456,1525.1318540281,981.637069686738,1334.14783421479,988.216921442899
"489",1147.97832565672,1147.03683336701,730.351886255854,1097.62077295843,931.42041209005,1254.1628498932,936.859025001134
"490",1079.06093090533,1079.67270387886,697.336838659352,1109.5233590068,919.494409184972,1168.70377809505,925.515730617519
"491",1073.11608086284,1073.18341918427,699.875005474538,1149.57694251334,906.587150108048,1166.4018118946,911.835905937724
"492",1075.75854721566,NA,714.010715140887,1402.74398344571,905.736526785449,1212.80838260834,911.642052734542
"493",1157.52590323914,1155.90734238426,709.774319767428,1268.47963410098,928.479073164633,1278.31373732702,931.900629695467
"494",1140.30738474316,NA,723.140402197771,1197.56166261685,925.151702466217,1208.00492144631,931.824995873853
"495",1082.53779977818,NA,693.107845002405,1195.95107785769,881.543868392301,1171.51401102233,886.732032495665
"496",1087.64780759329,NA,694.422247416963,1384.55597166801,882.675399914649,1279.16650374048,888.274914039314
"497",1200.38281888635,NA,734.466521696854,1244.93593190136,928.773898089391,1332.22495233278,934.493107226817
"498",1085.56265960522,1086.02944622618,702.768545409194,1203.65627897401,907.423454961564,1183.17220705465,912.967131415697
"499",1094.58073122555,NA,717.185511278983,1341.39804862049,931.372939842556,1230.83863867655,937.14253426813
"500",1137.81439007259,1140.01042027628,734.186744074322,1183.77033315666,927.39625678946,1302.55259076893,933.209399477373
