"","correct","wrong_link","poisson","negbin","oizt","ztHurdle","ztoi"
"1",1121.13931619762,1121.38489251188,699.983987346016,985.380897413453,897.846134300504,1147.21573206723,903.124621424601
"2",1182.7650499113,1183.72497611398,768.35811835009,1451.65616511029,944.733617260337,1368.43946500989,947.839289123591
"3",1114.61516202422,1115.02681856981,713.898909951165,1161.56544705434,926.127031240949,1242.2550541973,926.989836240815
"4",1024.13242078262,1023.93721681942,705.728113653192,1104.12208497864,907.669086070904,1184.33579244288,911.933433924713
"5",1036.50312083504,1036.39320441889,712.002318646899,1071.28041918388,903.033588227039,1124.85180021205,913.36222594168
"6",1159.64952477862,1161.34434819651,723.199584809041,1264.8978241752,917.431430807937,1296.83579194464,921.971604495904
"7",1125.77228339127,1127.31512366016,705.999263657925,1029.83585366354,905.686053950437,1249.96053205322,909.978776111393
"8",1075.97839583399,1076.70815081898,706.508570171187,999.466939189567,904.609206963215,1184.41224195675,908.135574374564
"9",1125.45070248657,1126.00755353344,722.257724350379,982.960155188707,921.563830506856,1190.98717022536,926.554907352275
"10",1079.37114883139,1080.70090848063,722.763174061562,1236.17886161046,919.409351320033,1254.71620633996,924.580271757598
"11",1080.80840706594,1080.77735657895,714.01944927179,1104.86142790112,902.34467155807,1275.03738729819,907.425479432445
"12",1042.95992317632,1042.53337322922,678.805680192346,1329.6423685352,857.499477327772,1123.71388513085,861.748766467283
"13",1089.91983085533,1087.52633694944,703.253632238253,1217.57446462333,895.180065256154,1209.58108762081,915.457199623023
"14",1060.78827027656,1060.18777788432,695.6330588854,3543114.14451745,909.173598078127,1152.68731278338,912.000424699536
"15",1001.53458159687,1001.14302828771,677.445324765254,915.80435889032,863.562648267086,1101.21032070965,865.687864168954
"16",1216.26318088217,1215.92726207236,752.436795605581,1167.48353645058,957.624650193763,1422.58634412628,963.191010351471
"17",963.924728960861,964.181233355089,672.238816159979,972.612341323167,864.391260030716,1057.54066185646,872.165791086602
"18",1103.25245717051,1101.54450274532,695.383732309649,1383.56110936443,880.585112548452,1150.69549983155,884.543807642614
"19",1194.02532050475,1194.50936906107,739.778086050778,1318.08474000098,946.044221560353,1323.82476585192,950.361164464731
"20",1066.03808868085,1064.17457814944,720.42567659717,134323094.948072,924.643863665007,1166.24695151484,937.412216075685
"21",1061.14691670593,1062.33024023708,706.813966399009,1147.29350299759,898.689751924158,1180.94562238653,908.469409169882
"22",1031.14352416748,1031.825838323,683.952736101692,1044.47987146643,852.089623755624,1091.18182350494,856.145126282119
"23",1155.22363692703,1155.13229527405,736.209807814063,1158.56702279574,940.139730158393,1275.09910848345,942.640644201076
"24",1082.26374657946,1081.48784687032,727.385002730956,1354.69319708685,898.6790618756,1283.82834709183,911.187517242183
"25",1165.74929212871,1166.21309540262,701.721706880427,1421.74067238262,915.588842698415,1281.23322893057,920.930850530391
"26",1040.26811305357,1038.85402579828,700.060319184472,977.828424090966,884.947546846497,1098.97224509785,886.438099407517
"27",1062.84070064508,1061.84744220008,676.777316199377,1004.82150889027,866.325824011723,1124.57622887059,871.09578646942
"28",1060.55933351617,1060.78466098822,707.398075220721,1166.97705246016,887.781412602528,1128.76658343324,895.14131512119
"29",1154.26392526489,1153.22295987631,729.691539835664,1657.16646083472,922.435585911605,1268.91352407317,933.655882208549
"30",1028.97575491973,1028.16570151812,685.849212122529,1094.46126236233,873.270936293345,1100.85509818043,878.833536617115
"31",1109.43634291241,1109.24410867446,698.394011372938,1047.99311862392,909.988332771138,1211.89791144803,915.221480421756
"32",989.553748538507,990.100381067206,681.743776225937,1026.79792948786,865.614516465758,1084.49035076944,870.726461783455
"33",1036.43556273139,1036.32247119217,692.741562522298,1153.06898280056,884.067734368832,1137.80461533567,890.638586753803
"34",1065.77319894968,1065.70802800116,703.152500987014,1200.28225801197,905.780337459847,1218.31654298193,907.969997899956
"35",1148.90329229782,1148.27780664116,747.847980633358,1413.47444172682,917.9624021636,1271.1770696654,919.66156315052
"36",1094.09220757716,1093.85175504099,698.093643828971,1361.7811133489,881.147262171378,1236.65679484296,891.735834985206
"37",1046.40914631319,1046.83217283389,686.027236822655,1098.48369465109,881.005395946785,1082.48548104884,885.426884934541
"38",1135.45229098257,1134.65259499901,722.367744547294,1239.14503416723,925.802438890848,1219.99416243158,930.285739518137
"39",1044.47487755684,1044.99132546673,685.040136764111,945.312538084437,869.754615509119,1110.172296836,874.740855618087
"40",1166.39016465429,1167.88593331411,728.025674424655,1248.22930794559,925.614414135746,1301.11156190907,936.133213690297
"41",1161.78324545326,1162.58179826229,746.622320934235,1522.83805964879,929.995586936289,1373.40175890869,932.040597082679
"42",1140.70545446641,1141.06485077569,728.216612312295,1477.36801493327,932.105268037833,1239.43749832552,940.071745200311
"43",1121.20389568443,1120.9067621467,694.453729303068,998.210335011654,883.377264842603,1237.17811074718,885.576308210294
"44",1099.9101100124,1099.242819822,734.637299189995,1104.43411630463,914.098232715468,1183.50329148837,926.843080767058
"45",1107.92066668861,1107.57935509307,706.015233262568,1267.5472053491,887.924183778841,1148.31146480831,891.81683564013
"46",1079.87827077295,1080.52049479151,700.634759027111,977.82397112805,891.763027831866,1229.63897539524,896.321924603152
"47",1052.67837429744,1051.90123933616,693.878222494269,1026.73257294029,876.591779045087,1108.02930811498,880.472022661651
"48",1128.29511640578,1130.69044860878,739.916897921463,1094.06263067976,946.086793587899,1256.39585343059,950.664265760293
"49",1180.81111415184,1180.5214803346,739.067337834757,1240.30838644268,952.127118546298,1300.77402901981,960.869010574499
"50",1235.38589505627,1236.98573506404,765.687594309221,1224.57949029647,949.71059407667,1398.66047513445,955.845248575925
"51",1158.3282150669,1158.42704130041,725.669338138161,1561.77369889965,924.208955866414,1336.74933933566,937.367003858159
"52",1120.71432679234,1120.24514656462,713.725904030882,1053.4024048697,899.426451397307,1370.55159881684,908.794623468819
"53",1096.0828169581,1097.01259760234,701.742040657356,1124.61871358956,905.98839305571,1278.61734267225,914.714435774572
"54",1007.80533055634,1009.73043879863,670.112344746082,935.190272279019,867.159319549617,1106.91878659536,873.73417623373
"55",1073.68081839284,1072.55271733567,698.295088061767,1160.23837178944,879.138279226038,1185.48359032508,883.535634727836
"56",1156.97871221274,1154.93139617289,716.169658114117,1357.02681313443,916.999370782863,1266.41659936195,921.927576569337
"57",1061.81251491149,1059.49005826596,708.855145031357,1015.17235465536,899.853297322021,1224.23914285537,899.221571209514
"58",1038.10630999402,1037.33034982972,684.16234884074,1029.73415887224,877.455467602086,1101.46372988933,878.818953436427
"59",1090.22226456503,1088.8335552111,689.288266385646,1162.58849105835,904.269068459975,1202.64222081485,906.802648326084
"60",1067.30447869927,1067.55717136742,701.393985423531,1131.39112629178,902.412255041628,1117.15204269187,902.641545328832
"61",1113.84155016913,1115.16558435147,708.068754510239,1108.73795480951,925.483563823449,1247.28747894195,927.547380898876
"62",1040.63034364865,1038.94608492378,718.043203974308,1167.09565190365,912.543266933764,1132.9215957964,919.667757363891
"63",1084.60866562123,1085.06990832742,694.812930066003,1623.0598818382,884.654510178102,1209.40326441078,895.856203720045
"64",1136.46564482182,1136.06335767908,728.344758310888,1267.85727729821,925.972115934917,1224.75359336384,927.042310753785
"65",1067.60833579654,1068.31937933309,709.713736707641,1126.47460216881,906.946715166794,1200.10230059463,914.082809893996
"66",1162.73801412177,1163.35382230509,745.099210464311,1359.13909665889,952.516244223772,1311.90979274652,957.249144820529
"67",1100.12329167744,1100.40425869352,717.526270606333,1361.33490021818,910.356285360245,1264.03265917128,915.074561983257
"68",1130.85165248241,1131.93401800429,726.467033504293,1181.06837105097,931.448424054091,1209.13891094167,934.617940551944
"69",1071.715096713,1073.4754516282,716.98815900351,1020.35968259941,889.165168610507,1190.16492374713,897.064914942068
"70",1049.03213649408,1047.38548879104,716.835949371768,1082.81561506651,884.876400529891,1165.12140261361,894.50308823923
"71",1052.71734749305,1053.01033769274,705.56642258932,1018.41721138125,887.6684170775,1203.41029575501,892.844284272902
"72",1077.43160958222,1075.89779928869,678.889160636647,1211.52022906086,898.550018521981,1206.58233010896,903.621467528212
"73",1127.42711243893,1128.02702161527,715.127852122412,1217.3490337004,921.518507241478,1317.79199056253,926.478861298488
"74",1061.21782693029,1059.90878523292,684.575853640229,1119.87130354675,868.22214832648,1160.50345612479,869.715790105103
"75",1028.92598276423,1028.29832941891,704.582745015867,962.928065907307,876.860431180897,1102.40786035272,883.07108882179
"76",1047.55793459256,1046.69926427179,707.74079418843,1019.97828651281,894.043295594398,1119.36026331716,903.321990791938
"77",1133.09197946688,1133.93049218016,703.208892979459,1305.69105241179,907.887448330241,1254.59093913298,913.147499860743
"78",1034.37965540382,1034.20674231661,711.215915756592,931.261889290497,909.012622279837,1167.62050260932,909.217957424918
"79",975.714438698417,978.776393014908,690.895944902902,1036.68832328444,885.463756432535,1106.04086503106,891.315126646103
"80",1075.73610561758,1074.7523219607,709.158940626981,1236.76587897982,890.645096026605,1194.14395628699,898.593432407378
"81",1098.28138861049,1098.93458187845,717.759649886719,1141.30603805848,917.414478299858,1212.15552221287,926.689841022603
"82",1179.64467475808,1179.76563357913,743.559040131446,1496.12471137993,954.315863830124,1312.20977231198,960.120750252866
"83",1008.99657578064,1008.45695378123,708.052901951931,1088.28546440522,887.754544189194,1111.77771484974,891.44830090291
"84",1137.36012811207,1137.04056202423,718.585811606299,1193.55163031255,939.577346708771,1258.71211495704,950.233006664165
"85",1261.25267718302,1261.37340703977,745.216916896311,1407.36579033861,963.982358435942,1451.47262288028,969.207653347455
"86",1082.37199314927,1084.38937843661,711.977255270579,1035.23647229688,918.320420054965,1177.98283081116,925.794739638476
"87",1021.27035517416,1022.36241272246,699.896023452496,1091.59206850057,900.530698338863,1081.31888570299,905.449074091654
"88",1086.33030783038,1086.07194835667,711.543296936245,1147.51105206273,916.982086533978,1208.82530377379,917.405243326337
"89",1062.76166390038,1064.16458332766,686.247282995013,1175.57096797304,880.750224083584,1138.93451215469,887.028542540286
"90",1029.4202702942,1028.42887450455,699.91244617304,1070.44893832213,883.572472384134,1109.75313654506,886.64631536595
"91",1128.55282826058,1127.65664157953,751.573625248084,1131.76564640215,925.100027479205,1286.23263229794,938.288891012224
"92",1088.27270523982,1089.59177152311,699.763833847713,1152.45095552451,895.603881297944,1162.03243071444,901.484585605591
"93",1022.35122046998,1020.03879100349,692.71113214138,1265.922791763,876.016039286529,1115.27497558727,880.04209350724
"94",1047.64715495479,1047.76789457286,697.453676173651,1100.05083662698,895.448645140037,1151.15378713085,901.450399421034
"95",1106.66370873464,1106.33362018878,713.274399259302,1091.69520104471,913.051040236578,1210.091497844,917.896944365741
"96",1071.78147537129,1072.01295270052,682.548732094882,1060.09378888292,878.799277022261,1139.0423250581,882.799168551925
"97",1080.25513240922,1080.61451258966,706.646815162495,1360.235544167,909.895748385085,1211.65822967316,915.127052191797
"98",1139.73166871842,1138.51575311273,685.949364147642,1189.9946520192,882.8028899663,1252.65004717232,887.621076594448
"99",1060.47338872801,1060.80409698856,698.228724813986,991.549985850083,901.887886643916,1223.81929501766,907.292024919332
"100",1118.51885611363,1117.79335559762,702.146259054259,1144.31076316291,898.856336277366,1252.04002734043,902.588647235225
"101",1104.26166170461,1106.44021914135,708.469781857781,1209.20761132077,905.628828354463,1262.06606882363,911.946060838786
"102",1070.65845457759,1069.23628668932,726.020137273075,1012.64219658601,941.475873322908,1234.53390276306,946.455185261364
"103",1007.13289567457,1004.97749281631,701.655372279645,1065.01453582821,882.904311377305,1150.77397989056,899.749238640128
"104",1076.49677030364,1076.77435510569,706.313449806829,1287.91947958606,912.765124231243,1149.67659529824,923.447437703087
"105",1068.73995472707,1068.98753032843,710.416419339653,1230.39969324119,909.676298451757,1172.55259580942,912.993745816154
"106",1070.30131583218,1070.52020785543,717.222711811453,1179.08350601974,912.687622216726,1189.00844494945,917.1941661312
"107",1086.5216218403,1087.5917517034,707.565259556858,1107.3007391499,894.258979916413,1246.85545217684,907.791967074692
"108",1221.28021011618,1221.31726718851,746.78978622191,1100.90185179712,952.189395224103,1331.44235167642,958.202265330784
"109",1216.70655343182,1215.35617475247,739.685978117024,1068.17451315574,954.895535359381,1360.19554892481,960.696798788402
"110",1059.96347101045,1060.64642207465,681.720830242882,1156.37169446397,865.638078743614,1198.51031842244,868.780075882411
"111",1064.89758662532,1066.86344655265,729.290375535897,1031.30389017835,923.427218228933,1194.90233606823,930.25564116272
"112",1080.56463844465,1080.76100946774,708.402039618769,2782536.44368665,917.082947981857,1157.93781860691,924.092755288808
"113",1142.47824829484,1141.98368425799,741.090427973735,1136.91749485203,930.106318653605,1262.50063090323,934.595745863535
"114",1047.2114525805,1046.51719506104,681.49496199641,966.479241941135,878.210079782305,1146.20716328724,881.518509612793
"115",1043.16178147509,1042.5034641393,692.39699587343,1212.66439248275,890.207000810698,1169.79782008587,893.126400807006
"116",1081.29626781242,1080.45930329567,709.575043973467,1066.46877752003,898.05676677028,1169.95761374873,900.979002604187
"117",1065.40191521767,1066.95610844141,704.650937471158,1368.59443313942,905.371968827627,1164.93281376477,912.868217656367
"118",1103.17965068327,1104.91519319835,711.163635401418,1265.5208311488,911.670877262013,1181.60819257595,915.296712992571
"119",1085.38828460854,1085.88952287813,743.644463126284,1206.33993842691,936.87749731133,1171.60840891505,945.916770139054
"120",1025.46139462798,1025.97298099823,708.969489366253,1092.81097798928,906.443656088401,1127.22163510021,911.469714301603
"121",1064.27067775622,1064.29118601797,688.395183400272,1032.43104360273,880.024738105969,1141.15493932352,883.279256966323
"122",1006.95269534742,1005.72027003442,696.197290731589,1189.85517797186,887.021943806572,1151.22527391704,893.819324974087
"123",993.98384585437,993.608496949855,682.56065247532,1087.22300968903,869.468930583749,1053.62307093254,883.543937969937
"124",1114.40794232173,1114.39961900087,720.918286906882,1018.54692232293,925.75640138654,1268.69354399948,930.481534511512
"125",983.253892850997,984.286164277409,679.008001347294,987.118759655316,870.779560644485,1050.87342060957,875.631215648993
"126",1114.36396970095,1113.30759075705,734.031309263194,1185.74339174578,942.341676477307,1200.91279534689,941.370966330964
"127",1087.95192434673,1088.20668065418,691.575456475795,1110.60803643199,887.37290381015,1236.97237881785,894.764445932024
"128",1083.95320643857,1083.9570754289,702.27150233959,1495.89554305169,908.426205412513,1137.66225962184,915.494875713337
"129",985.181416503221,985.809166055404,659.165123457587,924.721694731952,854.864551145235,1080.12471067714,857.648878035874
"130",1118.76295854498,1118.9228665869,699.523682365629,990.968885496384,879.914435398887,1224.83831071467,883.199024635262
"131",1047.59134185033,1047.47953248049,712.802491834144,1218.09536593608,880.850864446759,1235.98521216249,885.295915362233
"132",1092.85440632289,1093.17288805392,696.379962312918,1503.31283014515,876.495800359846,1240.68308733811,884.28808837487
"133",1077.19089090968,1076.49936447389,733.35506094616,1150.16563279491,945.68342736391,1181.09816047014,950.231366659321
"134",1033.92752152637,1034.12347071506,710.418536113397,1120.25024770122,893.972933230679,1143.02918091753,903.72586291173
"135",1117.92974751299,1118.13605801394,728.263996975949,1154.35307170807,923.627889274111,1264.61098948998,930.091105658969
"136",1085.13829222311,1086.42756641658,701.332213037627,1143.980704399,916.142713475214,1217.73971589596,917.783625105728
"137",1086.85407238411,1085.97770089228,711.766787584195,23668978.0873192,919.08229442097,1154.69826940559,930.933916180774
"138",1118.44643479084,1119.20214621576,706.497690215989,1098.79105561477,906.522860489645,1167.15051200837,909.410197075555
"139",1085.37330760687,1085.5450794673,702.519581846881,1311.24247011271,900.705259649392,1182.08641704325,909.712299581752
"140",1063.8627410033,1063.85821955826,725.813957663153,1171.98582592402,918.056643405051,1163.07158722908,922.850082566264
"141",1144.67343738972,1145.05456562323,744.428172042345,1100.49314314644,904.970859668145,1334.35120979302,913.714095334997
"142",1025.1880878588,1025.86288781506,691.301906659754,1000.99352663009,899.88761161842,1147.44407305303,907.151133600419
"143",1070.62864430708,1071.06210984861,712.931240461672,1376.93505636639,931.427705054501,1170.77268798225,935.946706886584
"144",1109.5772084755,1109.8334424805,722.304467532547,1425.77375145117,932.395811279459,1208.70913010664,936.88949687022
"145",1146.34717740165,1145.33768761998,749.901536420283,1142.99559045104,939.791901301971,1246.14787114165,945.512723644862
"146",1084.94179760253,1083.54962287769,710.365764692969,1297.1784814032,899.709172274542,1163.38047436174,900.384298094357
"147",1148.03709272541,1148.69864948723,694.225878439046,1337.67658756403,891.363443216042,1229.58491729961,896.098032921301
"148",1006.26382621563,1005.61769775288,675.038224780055,1040.38087987524,858.127602028405,1077.27168060873,866.795034247909
"149",1056.97083421882,1057.07777044317,703.298473440018,1007.75638962967,911.792807263439,1212.92412017506,916.782431584388
"150",1070.68450653024,1069.98905585382,705.378627884597,1350.66319855999,899.439182392443,1129.941353654,909.385947651066
"151",1009.70713720504,1011.50727546741,694.971272539274,977.481693360703,872.450209976417,1097.66041344176,879.068307825614
"152",1081.57740382264,1083.1725235971,699.601055505768,1048.7985705079,907.409062695561,1256.63509613304,914.441882806955
"153",1095.6519022304,1095.63541593028,693.629702859874,1208.41004095253,887.726064939754,1173.96791298377,898.413035743266
"154",1040.55130539599,1042.67563773828,704.304652202322,1002.70925725654,896.380953475266,1151.92886369478,899.668092300736
"155",1171.9212787161,1174.54699470143,721.740759722133,1240.05808770606,919.150309357931,1293.9801097072,925.494120768617
"156",1108.82570380698,1109.01665453886,717.222382815167,1313.73394075282,917.176316454356,1217.98222350162,921.58455932072
"157",1072.64509336894,1073.87701218875,705.254968382715,1128.61241319693,897.140037172774,1125.6188502475,902.177533783948
"158",1091.53973362527,1091.49915464487,689.265037759576,1165.45068984814,886.863682203145,1171.89471996141,891.236578340616
"159",991.753167359654,991.456477766926,706.206242167954,1011.4577676186,885.828039580078,1073.41671666643,890.374253788798
"160",1033.24643003876,1033.68132672879,684.744199069589,1126.07360056165,876.07810469279,1101.82634377538,881.557712042014
"161",1079.38806682197,1079.58704832656,689.483030910573,947.424326437985,881.168614297722,1148.0637120186,884.894338570731
"162",1067.75500655767,1065.40683439473,699.184852249892,1024.76086704213,888.372442700823,1185.18990799358,902.057448460786
"163",1104.20681321323,1105.90060789364,707.329171976832,1378.97536734678,918.584841094305,1227.54258789387,921.512028316039
"164",1050.53821828367,1051.10532046621,715.205748146697,959.165940181385,894.770015851664,1175.64295936647,898.485461286426
"165",1012.23289762496,1011.34166551699,676.491110993103,1045.53068755437,877.682669944355,1163.22688419,886.779656277785
"166",1187.50568458239,1187.7636281419,715.728035952839,1231.36168633701,926.020357841075,1265.72884884447,930.7134272403
"167",1020.11236572047,1019.92448990991,688.551817255009,1048.06365347941,893.741355673986,1111.4325234488,898.938368486693
"168",1064.49195380782,1063.6451051929,700.463887869865,1161.8429295077,888.999153354675,1244.73251808995,897.449724123224
"169",999.514629586243,999.67800876262,670.824218591428,1056.3665317135,857.474204956261,1090.29850441511,862.690712192453
"170",1179.36810376296,1180.93667338435,738.16188799473,1322.49984039769,913.02836807989,1293.48657698296,919.511126894639
"171",1060.46396276293,1059.89946557823,725.517818497212,1243.42425045049,925.393658529078,1199.72722709528,934.175247208091
"172",1094.68894325204,1094.46458601069,711.912334250309,1048.9494412227,904.237769193863,1204.8459793129,910.46692040219
"173",1230.07605463763,1232.73979631222,731.61404321094,1385.59025213138,925.049390382148,1361.23880791581,931.28265562063
"174",1079.5580561372,1079.85792020495,702.242322841864,1137.88966373557,895.638670991535,1202.12566142402,899.944678455122
"175",1125.21768330126,1125.62203211751,749.284984978635,1416.46949002377,935.172786173508,1211.52888101011,941.712188443449
"176",1107.83958843757,1108.0432569533,698.24911636524,1135.05871709644,899.31886952212,1208.70347609878,905.62847297131
"177",1123.56850788512,1122.27829233747,699.691042825514,1279.09188571663,905.944723207924,1260.66934451019,914.434216682935
"178",1080.73959939154,1079.26646235566,710.610756706058,1142.5385857087,922.444110468694,1201.75821127733,927.025855255705
"179",1164.40577947159,1165.35327795428,745.12580347621,1315.28422345062,953.338596489924,1381.29085120345,957.448412303869
"180",1068.26833420448,1065.62173483817,700.530470776771,978.798071175412,903.738405329739,1204.01959717667,906.079437606049
"181",1034.7394357507,1035.37862214806,690.340202547543,1121.19779944761,892.777074971471,1171.96494487012,897.079580895511
"182",1143.17328311789,1142.60036755051,706.612596368628,1296.3363288921,922.521447385809,1317.2429934118,926.135921958517
"183",1046.87706752015,1048.01003356321,697.568975393028,1138.01921454317,898.569613284765,1142.83675763287,906.866145744716
"184",1091.11164864822,1090.53708042162,707.556587700086,1539.46746176472,900.779073445294,1179.85734708584,905.006421233144
"185",993.446869602929,992.421158170652,686.999233236118,1168.60902389357,876.146534259152,1114.15444357032,884.891989637828
"186",1061.35798217279,1062.68892554495,687.406590312548,1205.87147027912,882.850876465123,1141.12908868092,887.115052838692
"187",1032.87526426008,1031.78483047603,690.991733968756,1284.37260590119,877.779440121891,1113.25635140069,881.79513660832
"188",1106.41054386352,1107.96489323522,741.119090989841,1028.6721522837,909.170132229025,1240.53532523115,917.203693047196
"189",1070.38606654832,1071.26456131082,716.352184533513,1209.0920664393,921.21840951072,1185.42525233218,929.820879889329
"190",981.692791708431,982.10908798452,654.057497732784,1144.525924239,843.490150140642,1044.44319432127,851.695871998158
"191",1097.47600945943,1141.26548678818,706.909049598584,1107.58008079079,902.002694190318,1103.35620879672,910.872650421011
"192",1092.20303627662,1091.84574234999,738.509676262074,1252.80838776653,926.035673164218,1187.71269221465,930.502063893956
"193",1051.97560118574,1052.28334548225,709.733442018427,1533.21361951828,920.914382334434,1139.37578249561,928.665060015873
"194",1105.99403637455,1107.04537560279,713.645856885676,1066.23674212574,905.889309588915,1211.6656635418,912.527432711481
"195",1088.93116477085,1089.86899602262,713.598064168096,1235.92812382176,925.356240372728,1199.34404471907,930.358583496502
"196",1102.76756178409,1104.16860124546,739.682465326778,1159.61472396271,904.326737324402,1221.87936310776,911.959532705444
"197",1075.94397812306,1075.69164863312,705.558500018819,1100.3095950666,903.467087298007,1189.38686001101,912.791216489536
"198",1144.28413883578,1147.50725078715,724.589919587052,1292.21829715174,902.20020400029,1312.92965925757,909.986956374383
"199",1077.40938357161,1077.86955989198,716.758272614631,1062.10939088916,924.260472453646,1156.17443363092,929.176573343359
"200",1073.65151981889,1072.5535671266,689.110070054517,1087.86708960433,897.072994848159,1183.12150179532,902.061924803091
"201",1099.13399086966,1099.09011040057,721.202069914713,1019.65787799498,918.928108322072,1254.30589637473,922.643004979381
"202",1075.54841684376,1074.07618108213,714.144730320991,1300.94750295693,899.822616447258,1158.75196343061,901.795767130926
"203",1099.00315023773,1098.33406920685,711.160615713952,984.715944566706,910.097587084945,1183.79564035723,916.609613306027
"204",1159.11390957043,1159.07306059229,726.712293366106,1189.21974234303,924.312086009089,1295.46739358787,929.00468830237
"205",1147.01821965773,1146.73266716114,723.95504663421,1312.16894602395,927.776909849824,1252.45730742284,930.673055459004
"206",1158.89926095884,1157.80233308117,712.712084972857,1090.72517442348,905.796590281167,1239.00507784681,915.678825740228
"207",1015.91361083555,1015.68686274583,708.217257572575,958.899548515079,894.813542632047,1100.84066100736,904.847641558895
"208",1074.23107669315,1074.67354908566,678.317050228726,1204.80649810138,895.311566670794,1199.48377834353,900.145394566698
"209",1266.36517351473,1274.2076222826,737.999369047823,1525.10827611471,948.884182697899,1469.44854616208,956.993339907718
"210",1261.40288937646,1262.89881589225,788.054954164826,1158.62501638835,990.76255913242,1414.85147874101,994.685976135753
"211",1082.68358996545,1080.96466178415,724.619175379599,1256.67964844101,922.109561435419,1178.85526222259,926.299030941602
"212",1039.26768562232,1038.87158538201,715.657206807217,1162.6267893754,916.56620908944,1180.20888064341,922.095550960885
"213",1057.37290321627,1056.71104131168,696.765947228248,984.345245087922,898.57451354806,1137.37615791035,904.669849740873
"214",1097.64949148543,1097.89082145702,716.329639681776,1304.24179936397,903.174796372843,1221.95859629011,907.471775793397
"215",1210.63349619136,1209.30037240421,735.528125510793,1351.57400724869,914.819732538895,1325.17621611747,919.295799898119
"216",1073.88713019895,1074.09776339368,708.45753241252,1109.34318087356,897.063979464095,1142.9213398841,900.905317347605
"217",1127.7367464906,1129.04457119676,730.285917343461,1278.01239350088,919.82670413449,1297.21590426069,928.7460021257
"218",1076.10650289935,1076.9591312884,726.916520022133,1031.65086520439,907.850307605096,1149.73274390974,910.700243889983
"219",1006.3423152469,1007.38734916298,705.500526616763,1077.02539732081,881.953028597274,1135.70033286025,888.1232815302
"220",1094.51609466494,1093.69701070641,713.767612511013,1016.52795739453,896.058902446172,1210.93653829226,903.062422284422
"221",1110.98049108132,1109.44434171983,728.941163521134,1122.71339086343,929.754858148931,1344.71595652741,927.038836427884
"222",1103.83709832519,1104.56968672108,726.53967725068,1182.18797335975,912.719373414307,1188.75012229336,918.304772872358
"223",963.666419592937,964.244574505894,696.923565358792,1062.38730066492,870.804064102707,1053.22056133317,878.815881982753
"224",1023.95820709558,1023.90252194318,684.525365614041,947.727949330102,883.437169991069,1128.09950347261,884.096927809069
"225",999.390775778235,1000.80930733275,669.425026198277,1054.67681835299,861.025674543109,1091.28727749724,869.637101241349
"226",1231.33375372302,1231.66545682642,766.82578998816,1462.66285689015,957.845624137798,1467.02595422212,963.655530233863
"227",1105.7537082675,1107.25007716577,719.872398810128,1197.87822884675,911.449461017715,1272.63363251646,920.041647453028
"228",1009.45230301565,1008.35767325693,674.274668428437,935.62842927825,868.353902704728,1116.09625589363,881.93281873769
"229",1038.68269589603,1038.29870470934,706.069067056911,1113.74736617366,912.907031153497,1132.33469295896,915.692315551038
"230",1113.98936258127,1114.81387373009,737.408262988882,1088.47236420753,950.241991350375,1224.50670470369,951.552468614404
"231",1106.5135100526,1104.4180162463,717.648355498329,1172.0532611709,914.912168493997,1226.18161337235,919.595762560409
"232",1125.62204102769,1125.84893651036,719.61575332271,1068.19085113485,915.290874071149,1293.1461408585,919.046097681659
"233",1030.73073803278,1030.64291457664,700.404073802908,1041.19165076167,886.498927869987,1170.89993173805,895.645250576763
"234",1044.25953565866,1042.56429124156,715.594610475984,16416635.3717092,913.318220890961,1133.35268994598,930.021233120269
"235",1078.4876153932,1078.56993741654,702.980773362415,1123.53478027251,914.614108715639,1252.8821674201,921.056749719467
"236",1082.20653032488,1082.68557402146,726.00300450881,1089.36972066009,920.138449843303,1257.64133621325,928.592985587647
"237",1206.31731439055,1062.77440021317,691.004710711016,1177.70210974801,873.233519594059,1161.97131795806,879.994326885844
"238",1177.34145676593,1182.61095035022,743.158480799734,1383.76753290848,952.880447744649,1354.42033619125,957.860753683706
"239",1086.96224199461,1085.25473387595,714.410649864366,1156.28463315731,912.459189772604,1160.97074228338,915.842535153918
"240",1137.54220792356,1139.41189263348,723.322795938191,1058.1459548368,904.356879288746,1264.330674179,907.835750477584
"241",1081.25260866084,1082.57355261256,705.956909278702,1296.32229804232,905.12889251818,1222.47365616936,907.144782876127
"242",1129.29724607915,1128.63889431898,708.625007390776,1444.17731271613,923.105096329224,1224.53781454182,925.101870258155
"243",1176.51836845842,1176.15335092008,720.810474990256,1532.13224982098,929.797607126897,1268.99364968678,934.575093819896
"244",1040.92349320247,1042.39400960005,697.955454601667,1339.6898209387,905.220859252137,1124.97965130619,905.921094158887
"245",1090.95478378911,1090.1258179706,705.406073858813,1034.95993522043,907.814918918023,1151.44449608068,912.196138078401
"246",1218.51787445619,1217.86439082223,725.377529106007,1115.72589690056,936.080994160234,1305.6428994508,940.711213106929
"247",1082.02246606345,1081.85831746433,695.756197177451,1203.56322915431,893.159548389496,1192.17317212134,896.810805428572
"248",1082.95755916633,1083.79331177649,690.539815765066,943.266273147091,885.165184666742,1151.38486205384,890.541541416877
"249",1071.19380202413,1073.37049849405,722.13363093047,1110.25956037145,884.7171004217,1192.31254867781,890.940990963384
"250",1111.03720669372,1110.41104967367,704.289661402134,1114.50621488146,894.865507053236,1173.94162866676,907.282601401595
"251",1091.47555136338,1090.21552898447,688.197832842995,39116450.3488684,885.129364380308,1156.7596458103,905.208603565178
"252",1062.7593583293,1063.76228063766,716.712560516389,1975888935.73246,908.879374311763,1161.92006011327,915.287859763803
"253",1064.3122969562,1063.79050236141,709.820353565707,4138016.87022756,918.572653486107,1167.92790756173,927.057629997774
"254",1121.51495007823,1123.76235142621,740.248208326505,1365.68962774007,930.513289216698,1218.41963065057,935.505151019357
"255",1143.70145886081,1143.5500935241,718.125548139168,1302.30507179572,920.047209756847,1220.29445169847,924.801992648457
"256",1036.40413863493,1036.47392965331,701.191332582571,1066.37923159356,887.849900430045,1136.02253989277,889.743332148921
"257",1090.57548578699,1091.13554627278,709.945602255093,1289.65703413044,904.786507772271,1164.96381874806,918.790208989587
"258",1091.22464227766,1091.38064443831,706.283570558559,1013.12987069336,910.665295338336,1283.31644130386,921.738164950646
"259",1154.51829214151,1154.50827562663,732.769447085734,1466.22307032733,935.09758298817,1277.71271981769,936.183018989165
"260",1145.24272750866,1146.21267815181,730.766477979284,1352.91755013625,905.994071205429,1205.3434254593,910.760489185748
"261",1056.87934262374,1057.52083098378,720.375253524595,1035.66495610882,914.01316905248,1178.54705029395,918.681023638749
"262",1178.05274442089,1179.1066342268,750.622179263924,1338.02745590032,928.299581889935,1262.92664423044,931.683814748659
"263",1050.03370336877,1049.21485001638,690.37263426114,1154.82309755815,866.095552408217,1144.72066970688,870.406145562655
"264",1083.30778513224,1083.07875369391,722.333063858821,1478.21945046609,916.879713898229,1166.59878940988,920.551516716061
"265",1075.76931844676,1075.8041744185,694.10123376721,1119.55410717426,889.732465506127,1154.06395543037,894.018221456
"266",1037.06541678697,1037.84978014671,699.891837668428,1156.56110679986,886.814900211919,1170.7029529351,894.782910760985
"267",1112.06635379533,1112.95716918809,682.474311851864,1121.44966831396,872.181524072445,1179.42592990075,878.567733279997
"268",1068.79687235468,1068.99613516793,709.229417287687,974.121630179112,915.972130837803,1146.61444500831,923.050696949514
"269",1111.11383153165,1111.71774661663,746.5617232518,1230.76787908308,907.559403005865,1207.72681352899,912.810588156626
"270",1132.97773556839,1133.44251714694,711.991061452709,1322.96756865665,914.353187803147,1210.04893327598,917.959224270587
"271",1078.12007410988,1075.99602116127,722.901189005809,1443.25552805915,930.064995746416,1172.73384022549,943.701535883761
"272",1027.58463254866,1027.429999548,672.461594957966,1495.66456978059,869.909755565172,1081.6886803479,873.890266525224
"273",1143.93781823755,1144.60663783669,727.897007580697,1413.0026780791,941.018622490825,1354.41390611663,944.12448926426
"274",1097.58513518339,1097.69555525927,705.636975712838,1265.30725882837,893.642106834149,1196.10431728748,895.949722569288
"275",1024.82783389254,1025.52907458209,681.773236428574,31492520.9412964,862.973531810759,1116.24475429139,874.598403893583
"276",1083.80971808659,1083.35130803796,721.305736888746,1119.45900516842,896.194588856475,1148.25091186521,900.565597563356
"277",1052.33702524573,1052.69993675885,688.545142899165,974.762415615708,877.814838293456,1090.83189514822,882.896832318711
"278",1136.05820035032,1135.34542160759,730.739647551222,1325.53286389709,934.64365254265,1301.99114579316,939.965631479159
"279",1110.81745926556,1110.85721581612,708.584840391998,1098.64264562035,916.092944080116,1276.26996799331,932.283706468633
"280",1109.311121327,1109.7075975665,719.345553938917,1103.45381481893,912.257271141294,1235.94219373813,916.981855390717
"281",1015.51022607419,1015.53025493634,697.022198114824,70411020.1326564,892.96857352372,1118.6855085188,898.962955678487
"282",1062.79882769246,1062.87051872222,690.516397413151,1095.11154142617,902.144124153908,1181.5468674257,911.09946011339
"283",1098.29128988788,1097.85100335195,709.37600990576,1079.97471455128,903.731228870934,1200.25229122304,916.288188879087
"284",1141.01952313309,1141.3803495072,742.840811232382,1243.43945401962,932.854317271392,1289.03011910735,938.847770398149
"285",1111.17246559298,1112.20239899163,700.691190808326,1247.10078133828,898.763186242227,1204.77590354378,903.48522614055
"286",1193.68773685424,1192.29327642279,741.490462248167,1369.5064499651,946.754646201249,1284.16888326857,947.392473972599
"287",1225.00692813708,1235.18737474536,722.402679223125,1203.5916955883,939.159168586474,1345.87413391025,938.446239341137
"288",1132.49447488724,1133.11138179146,719.116386109835,1453.39153716107,885.172685957944,1202.26989248223,887.977779269019
"289",1036.72119295946,1035.99267440092,690.490097342719,1147.41389664436,885.856204348027,1103.647159829,890.3826175236
"290",1004.89551543666,1004.95410419704,688.39651128678,1044.23837790046,871.364991400275,1104.19555247895,877.243375854838
"291",1056.95026146627,1056.83436226762,706.366246831276,1074.24977474759,904.003423347215,1201.30153634735,906.69961278323
"292",996.33868231308,996.735109575163,677.369567850245,1042.46231762669,858.326629027633,1088.32085461699,862.217365285773
"293",1107.35531868949,1108.13437020172,721.74426010968,1265.53808298747,922.690449294382,1197.5173281916,926.877209506279
"294",1072.72235953295,1073.21540348738,703.554475781246,1047.37918419658,894.517956864863,1172.54207756827,899.173594181759
"295",1122.17713569905,1121.40519171076,707.901990555442,1395.24015068852,915.925877137315,1185.4201975452,920.790192123965
"296",1109.94143437367,1109.85039790637,674.008972109517,1123.24083900431,876.157245425877,1202.53330775663,881.177256456361
"297",1174.79323438935,1176.82608547456,743.104164998435,1241.88843129849,953.65756043441,1348.05844711304,960.640655591068
"298",1149.60942309503,1150.02147138387,731.434213011006,1170.91605814966,947.090535456452,1282.43897605954,950.741206293323
"299",988.147579822016,987.508874817951,674.444567075565,977.748699488035,856.500997168623,1070.13529851841,858.565617756747
"300",1042.0764010832,1044.27711551638,725.008170824353,1092.95691430539,926.668592668392,1208.44260357754,933.976703616986
"301",1089.10657037483,1090.10520705242,731.495469313923,1172.02833745806,928.186191099,1209.19671976824,933.04274792531
"302",1029.28263319127,1027.23279322907,684.311191875289,1132.84293776911,876.68575199611,1132.28691587669,886.654199415379
"303",1052.57445617579,1051.7939032084,703.944103490072,1174.04478567845,912.025267599707,1133.51153553413,918.703587649066
"304",1092.91773116625,1091.33621473864,687.547390490687,1315.96612021781,893.392283963095,1168.20880075541,898.015861245971
"305",1162.17730905412,1161.63548668305,758.155477727295,1172.00612905433,949.731956405296,1307.65601592595,954.81723448712
"306",1077.24022156843,1076.95638035605,731.507628245486,1284.94010880736,930.446352307667,1177.21757066513,939.77242804785
"307",1130.35724111475,1131.14942944447,729.114602021816,1335.93785537584,943.771456663028,1229.30982175189,948.886809492663
"308",1072.37154423491,1072.12997840205,725.554191512996,1086.44498344453,922.161453503427,1213.20518788437,934.652195898574
"309",1056.36395576653,1056.32228461485,713.939149831832,1097.4534009647,902.605643051497,1117.09116901679,908.20995896597
"310",1095.59756880932,1095.19348394526,729.00172759714,1024.73571212286,907.777745166094,1246.55882474467,912.097079627179
"311",1088.09485642853,1090.40170049829,688.537467983114,1029.62274363515,892.27429361891,1224.79693618055,895.589014095309
"312",1012.7408970399,1012.35124705197,682.957612026466,1034.01922442607,850.905668729491,1082.90934761357,855.636264922501
"313",1056.0005121083,1056.46164182017,667.087437248226,1213.85151242018,870.353434628894,1166.5924702401,874.169285400656
"314",1076.63698898776,1076.69196842749,723.662084466102,970.159784678679,926.18505604923,1219.3865188607,931.59966341417
"315",1074.45393763813,1075.44174967463,714.85423105281,1002.24959118184,900.05959691571,1161.04824805532,906.64332071515
"316",1066.44536871752,1066.08195310129,705.65308129666,1093.7078617283,904.333095635772,1169.02118405373,910.922937075914
"317",1035.63787768896,1036.73508782023,699.706179044062,1071.92958226923,894.148851845713,1199.75054050768,900.647523115268
"318",1119.42376288749,1119.38876739702,721.750722094852,1097.22624904349,920.523001747318,1191.64357402808,929.664507437039
"319",1077.55555671476,1078.43271068545,700.635931304317,1129.0409361471,899.578798118038,1125.04932477347,905.782146383909
"320",1154.28062219631,1155.32530153748,706.258246043816,1295.3925918332,912.455121541042,1271.92107408082,921.431090501378
"321",1098.22695177347,1095.95049489995,713.583611747826,1047.60290233415,914.406099634526,1255.53077171937,928.47010608842
"322",1007.49324433611,1008.03283335976,682.095842491584,1153.40929398898,857.759240817871,1110.51081645797,861.791116062228
"323",1174.77090091152,1175.98297588245,719.124059125975,1530.49648762466,914.622518776828,1270.88587460304,920.047129554086
"324",1058.00633547,1053.46120849524,704.098311933043,1062.75078147351,902.109927538022,1204.28085622657,912.575769737036
"325",1123.66135760751,1124.57794806299,712.620027939771,1217.63839635314,913.817899305643,1218.02934438616,915.5075672773
"326",1224.01035260397,1223.30733128799,762.029393348306,1604.91984701452,961.425254719474,1338.86247757794,966.353738888186
"327",1045.11399972068,1045.89570850858,698.497102593782,976.341564110455,888.762815250163,1122.37959792636,898.088074101424
"328",1064.55294970504,1064.9994895954,686.745015667369,1052.42523333505,875.544160939156,1161.86219585993,878.262155085184
"329",1093.32148279577,1093.93848032122,714.766757625816,1056.49020377538,920.187670135793,1194.80697982419,925.849278367842
"330",1079.10927345529,1080.22410278053,695.947295320941,1082.79132420592,882.757982052786,1167.55822852733,887.133608531488
"331",1099.13863252505,1099.39878064705,707.049931919716,1170.0640900028,909.166222790874,1206.86487638832,919.46748149648
"332",1225.097284163,1225.3512936934,738.433387041885,1268.07194202911,945.193842083159,1415.19153667055,954.063242391822
"333",1082.09133942942,1079.29992654057,691.217837327487,1193.21234224804,882.682421575243,1193.86112774591,883.33040159327
"334",1191.72299934369,1194.36716095677,723.36864343894,1524.20559188174,915.479681703559,1347.33008218945,921.151634577892
"335",1050.48737468344,1051.6207522191,701.501716625626,1040.56485392524,902.685047598102,1131.06032820297,909.191793787854
"336",1079.75114418255,1078.21739550382,704.043119353177,1086.96528280282,921.400281423788,1204.68415021185,924.232624997237
"337",1086.7859522938,1085.32432402237,708.921462790451,1080.7885596529,924.744081999631,1202.23060050055,921.969642294136
"338",1096.03354545416,1096.63691624338,728.443721120659,1057.06738520768,934.59452841513,1220.21043375577,939.900255661252
"339",1133.82455524559,1133.50957396787,704.86511304114,1249.32829292106,907.194852679028,1192.57040168671,914.878229031619
"340",1030.07198325998,1029.00806948064,684.295689087892,968.10169056697,886.176112710809,1106.76553768689,890.420491294294
"341",1150.31605231006,1150.76895468916,750.859686118702,1138.1725713957,941.421748915646,1225.56064266482,947.140810116208
"342",1171.67998588187,1176.17456810064,760.242764898329,1293.93357317057,955.501194133756,1386.28741065647,960.925408818481
"343",1189.89066951362,1189.13864192956,711.721959934602,1172.27689722579,910.938852222939,1232.20677730182,915.623543813677
"344",1012.66638507303,1013.45710417993,664.761724575708,1165.93121458901,857.320020525338,1082.66031122985,864.178502923799
"345",1103.7516392799,1107.2455972567,692.26190682166,1174.43414821044,884.047615328563,1218.46862629987,892.093639781814
"346",1121.41990950989,1120.11903997824,732.236305395443,1111.13092389146,921.135146935775,1417.02889760195,922.446079987708
"347",998.196088369978,999.068418913254,690.308450586569,38892381.6764684,873.381958068752,1055.8777523497,881.509666913896
"348",1203.73492673615,1204.52536786349,723.260135295154,1354.39215646847,942.239561945802,1353.52646088811,944.371509223701
"349",1130.68036513511,1131.04079876875,713.552352466918,1188.4760158241,917.472107075582,1269.60331286683,928.828965424896
"350",1124.29249869056,1122.2777618951,691.593369197067,1212.41758445976,895.812786354444,1222.33577016071,896.390019768018
"351",1021.24697490021,1020.78194946451,671.515327731931,977.187513863335,869.622650671577,1146.73689122938,871.085010131824
"352",1151.09153648467,1149.47922179733,723.436306430762,1484.33827240519,914.322184934294,1266.68699804533,918.992060624199
"353",1100.91495228476,1102.62212023416,722.836269917608,1192.80920596674,939.023957707461,1216.18942557692,942.768839120678
"354",1081.2532084158,1082.34453447385,714.077772324633,1099.17405050869,894.406868322568,1172.8335902456,898.268395915293
"355",1159.73408087401,1159.02725620135,703.546581958174,1287.68087736278,905.269681436621,1250.27295404536,916.630340915922
"356",1090.67905887938,1088.63607139917,711.532429380928,1176.93185541474,914.562041810506,1167.36623996066,916.783494421655
"357",1100.38608486177,1100.29699948845,693.500754907165,1221.6051126098,887.710497472946,1164.1251435836,893.62564244219
"358",1052.10468943033,1051.89167841258,704.279224932801,1359.2112858338,890.749676930911,1144.43193042306,897.249059813522
"359",998.530364877612,998.11759853677,684.702390175531,1064.8285551206,882.844804982742,1081.60386336882,890.675225320791
"360",1123.0888560465,1123.78118665577,737.299938661536,1272.08012772619,940.86413328741,1285.55875643443,943.046374250989
"361",1035.05714043824,1035.00513476546,708.041097384328,1334.18908970535,900.912589694961,1123.79155922033,907.89801098177
"362",1067.90177091563,1068.17626548864,708.561447766439,1200.75501535166,896.060566228177,1208.37776871326,900.876098564318
"363",1069.39124469725,1067.63578701566,702.158064188027,1106.2929037378,888.376240849026,1157.79638691053,887.751944466037
"364",1074.44046402319,1075.20254635197,762.923917405307,979.289131642127,923.411128635076,1263.9767276072,926.362993605317
"365",1052.8498866838,1057.75784079139,730.038549928334,1151.82427268259,908.610433987431,1238.47869790941,915.901685265305
"366",1078.92828348825,1079.26557094303,699.649269273749,1238.5560491622,893.010072279413,1193.9373547648,898.761320429407
"367",1083.79475795799,1084.03687106939,730.814638963159,1285.37887934255,915.280202397343,1199.78805499594,919.845372217527
"368",1081.16107417852,1081.3139927358,714.642042717231,1122.40669914322,908.575986149132,1174.25965520004,911.394383926159
"369",1202.24688630921,1204.3120684542,758.800166299222,1298.59522839166,948.764331429282,1360.09169908918,959.088736015417
"370",1056.15733751194,1054.49831983305,709.399464712822,1010.73261158641,907.299688860097,1151.41531965842,919.942434760526
"371",1066.32018408476,1066.34950667405,689.868100727011,1179.61205295856,894.504963758341,1165.69679961459,899.187732281145
"372",1315.66892387685,1322.17867146589,746.209765283606,1286.20053652687,941.440010799288,1375.43008371654,955.752288930898
"373",1062.38981062036,1060.86751039348,NA,1042.68543928503,894.055130746684,1178.36528852505,898.995407910333
"374",1111.15029686659,1111.16110121231,712.396400753715,1210.3814585234,920.158513239589,1245.38859471527,923.960049618695
"375",1031.47430740454,1032.45846646546,692.923756358375,1069.42763607978,899.09925843509,1145.08054122278,903.803212093381
"376",1229.53171167917,1227.67165865405,725.793628236017,1240.99426069388,948.585999795709,1443.49783320852,954.076931849052
"377",1080.12594225145,1080.77682812456,728.184149757853,1171.29956360114,911.541148930927,1194.54042804125,916.401235633882
"378",1056.6260445163,1056.75159492714,700.086375300413,1007.18973189426,906.764930295031,1154.85694727432,918.310309375695
"379",1098.38415915412,1098.67741698119,754.528878797941,1173.89611186191,902.592424294769,1301.63528735191,903.817294290865
"380",1297.44403766693,1296.85973667837,727.297023765921,1599.1544204513,942.222241828984,1427.44625798819,948.017974940193
"381",1162.00385736392,1161.67683143479,735.76468644447,1321.52506383201,927.746912111991,1259.17601691117,932.714015069649
"382",1060.7403064442,1060.90527331241,725.258869889125,1086.68377938917,916.334120172071,1136.77968075896,921.090266044043
"383",1082.96167449406,1080.4269935593,716.485810049332,1122.49349201819,929.320717412869,1187.11619458226,933.927934585563
"384",1153.23267627799,1154.52662574923,716.82518148253,1366.3081772101,917.83423013761,1399.2379443886,923.909285875517
"385",1078.37308607151,1079.32092526036,748.504129266675,1060.27275805329,947.88724207003,1204.16404240407,956.071518252268
"386",1013.92902824706,1013.71074223139,702.122248957931,1016.47154597518,894.250158589176,1117.54262321259,897.37304987684
"387",1162.0423775946,1161.19305200363,720.183539995597,1384.13119248469,929.259976418389,1318.67137679004,936.378098041973
"388",1035.80012189711,1036.7744576328,690.998644413846,1291.8597141347,888.924339712315,1109.99028898772,905.686815176567
"389",994.440707452096,994.130892016027,710.124776020937,1084.14871581393,896.207772912807,1156.91099164865,900.646302815496
"390",975.804497882738,974.974143612294,670.975215044656,1001.35345706839,849.288860336876,1046.38290574614,855.769519125503
"391",1108.77240848764,1110.58274970992,725.85029066915,1165.39327808827,941.691039709332,1194.36666184663,944.677145081022
"392",1031.04624382288,1031.17231338083,680.066681796757,1163.66239470161,865.42151012667,1090.8679622568,869.196339946378
"393",1119.7056618737,1119.46762270284,723.009697454459,1365.88362174184,929.934377003371,1193.57414292617,929.051088224615
"394",984.993046610554,984.587202615965,690.550877748981,1010.87563496105,876.375015201736,1065.35082430106,884.078215322253
"395",1006.72406163038,1008.47357653081,697.202254285301,1028.35737325387,883.5897641647,1151.66092068064,891.658031413058
"396",1063.44972890648,1066.72271364952,707.0143032818,1149.01082889881,917.048654736653,1152.93746274665,920.625238959108
"397",1176.17942495733,1176.59886166011,723.118779950622,1322.64819760359,920.160980852996,1285.57764792727,927.395957088431
"398",1107.93192526084,1107.87312010571,712.028836356472,1105.43261776031,908.010105042772,1226.8229053342,912.850672690167
"399",1086.9791866613,1087.25554011639,699.762443885872,1221.69140196266,888.641253827436,1174.76113795449,894.685598060027
"400",1046.72600458942,1047.34680476815,701.803288019325,1042.19127824119,918.832481928733,1152.21126043576,929.242054272692
"401",1152.57505206387,1153.24697033144,719.198199868073,1214.08169756121,909.886080165314,1253.81452833093,914.551479660737
"402",1048.38632443699,1047.58740695155,693.194508097589,1190.04805778119,897.305422704703,1133.0152175274,899.979022866821
"403",1135.41667364645,1134.45616424306,715.24605320637,1138.86697394131,894.198634234576,1238.05395581805,903.532999859762
"404",1099.35022853764,1097.61388861461,706.703030491836,1100.37226272994,895.214709981658,1198.2056051319,907.403014895644
"405",1113.29261040056,1113.17379966933,703.682084592439,1009.9652382821,905.085480077506,1208.42556344465,911.49600729433
"406",1002.01456490047,1000.65980021683,681.309649549877,1129.00024186185,875.630990687694,1077.53938188667,880.940580401576
"407",1047.84218765456,1048.84174429305,673.575246018242,1263.00394152497,865.338114503739,1145.83804821821,869.716050127589
"408",1020.26359538879,1020.24174615164,685.117834722495,1102.54083050858,876.053923880551,1084.79970168978,884.266092082328
"409",1140.85767924473,1140.29474303458,724.63211833746,1334.22539966035,915.215260079923,1316.91704797361,920.479803795558
"410",1073.55318458594,1074.33053335889,711.425561752565,1060.28759620306,909.035797363629,1160.13670755705,913.073222834945
"411",1156.85084517798,1155.95998585836,719.646252521484,1103.08205538615,933.143451667555,1268.95311726648,932.942980933702
"412",1288.81819369288,1245.29595862937,718.247667375783,1224.12974153218,923.403718549251,1295.41922276278,929.486879904754
"413",1125.78273058429,1125.79107760887,726.350863324187,1112.24645559521,920.50023535892,1247.37425752854,927.094648066504
"414",1068.54385904655,1069.18108466547,693.791449038479,1342.77849319949,883.651240057614,1181.50810725468,887.937730480416
"415",1054.94725334504,1055.1368146011,727.932875998174,1465.78709190281,908.881498136469,1120.03895524681,914.306844653211
"416",1025.70604642863,1024.32337645343,682.06234448086,1048.09265573111,858.930905312681,1079.53265767566,870.291234776551
"417",1078.53898883505,1078.46676806065,728.164741206268,1259.66512813332,900.14737963388,1227.33585004989,903.713293828777
"418",1021.3661181839,1021.51630096219,700.123274636004,1191.96839993833,874.269086618476,1101.43625016881,878.086558605684
"419",1061.64880896343,1061.62557934164,700.093918367696,1010.78733022364,912.296728624746,1158.34029300774,916.868337274714
"420",1108.18030363528,1110.19167806916,717.214701756473,1375.19314824028,892.119930357881,1230.82519266858,896.959046247944
"421",1110.53074105501,1111.6221444651,714.840621188412,1112.93790214824,919.166251520454,1226.2964758254,927.325083846393
"422",1041.58900449639,1041.2916776384,694.378409750113,1026.31251991342,887.733191213394,1121.56504929115,902.86271568333
"423",1090.85877372928,1092.1385262109,709.244284514168,1123.34574955477,912.601121255377,1194.44175155974,919.554543217981
"424",1224.79359283775,1224.58798522449,738.336222586931,1410.93542033292,940.811552608574,1280.63307421167,945.247280142374
"425",1163.86268583386,1166.33446683802,732.088900795443,1186.74406854306,945.040093786881,1273.36113800848,952.608306527608
"426",1223.80139182134,1224.42707483849,759.101894788175,1367.39681424753,950.268843174258,1390.91534832447,960.611576229013
"427",1105.1714725444,1106.2538294388,762.017525376225,1266.51943563306,961.082741926212,1252.96904787851,966.170627912069
"428",1074.81096863891,1075.3886843197,694.224843394487,1162.27874051618,882.10966472628,1140.12543386934,888.994063424442
"429",1100.13162937467,1100.20036794859,738.654139484375,1218.48970331913,938.396382790067,1194.61170135408,943.94848514806
"430",1091.60625259744,1092.40592226143,710.446617603965,4405085.44054261,916.195703051769,1194.11328344467,920.571708590775
"431",1083.94052919946,1084.67271834848,707.960426155009,1132.12037299966,912.36306018284,1173.32569928426,920.138042896158
"432",1104.48714684047,1105.83324149272,712.151866886329,1251.08249390096,912.55885279565,1199.28988617232,917.100321375535
"433",1109.40026554661,1110.06723130657,722.967927318541,1133.05212695679,924.7152074463,1218.41791114894,928.005614630018
"434",1041.42931042886,1042.0261548391,702.617942646098,1192.49491684929,910.619357418735,1202.39075526606,917.991681410133
"435",1089.3147858773,1088.60727396108,714.360464132452,1204.17211991444,905.740391842335,1178.00629856658,918.323429965824
"436",1203.06489957895,1202.83329645479,761.464924831554,1306.66443736495,971.69061226484,1441.90224523734,975.833545206381
"437",981.050061136682,982.394883170807,641.554684329217,1140.95418071392,838.90151987299,1050.26333933024,843.097237548375
"438",1052.19558612185,1051.54714993699,692.008760043711,1104.24388096179,893.744903452477,1142.72311729752,897.696393331015
"439",1035.95012842254,1033.9118523463,716.178993200406,1192.21428556949,887.082737721476,1133.39973403034,898.537765724986
"440",1144.65085768943,1141.73970149937,723.384873447655,1121.70793144765,936.2355520927,1203.94328464461,940.585829470717
"441",1093.67773161318,1094.51652320552,722.986771482311,1096.67071500249,914.032934030287,1208.28905132212,918.972624568294
"442",1056.62041368403,1056.70851051094,711.926790412092,1040.72087688907,903.64812022636,1164.87285084324,911.517178125222
"443",1050.56438481458,1051.82229837727,696.468642551491,1005.46384255723,892.605047170678,1116.2879157013,895.1089877403
"444",1037.75628888659,1037.72410441173,697.056804757348,1394.88034501436,872.847243930668,1111.86924435312,878.414222197978
"445",1091.11325418919,1091.18872980867,736.098767339279,1062.59369187455,937.909675191521,1225.37934146883,946.402863923858
"446",1165.78110871049,1167.49034489898,728.698600025327,1103.29664555424,942.748945459593,1318.66622083394,945.747632504231
"447",1178.48894868457,1179.33285353292,729.725536257809,1563.08183089072,929.73785569347,1270.61074999904,934.256399656244
"448",1131.68387305373,1131.80430541125,712.744753791703,1181.20517375135,894.440820555296,1224.1868769612,898.542205950963
"449",1108.34458998475,1108.02301685902,711.374885606536,939.897318165699,906.364565217292,1173.15388723309,914.129213026711
"450",1056.27409743053,1056.46805571767,697.490507404983,1179.35308239175,901.442619796672,1163.11437222504,905.909523671978
"451",1057.6892668642,1058.63162898927,703.966110968657,1033.34804929022,899.52857941395,1109.61426774146,904.858846884821
"452",1097.9525606438,1097.64022234535,723.677600914156,1244.76611930706,937.063718363897,1256.14430927091,945.66148201072
"453",1065.57144896238,1065.41121334776,704.357329280861,1092.29503724294,915.374814876344,1224.77665419244,919.632184844938
"454",1069.07429702105,1068.91709306697,693.268717806859,1279.96682662763,900.684477015314,1167.30196332612,909.700741906274
"455",1185.14478396433,1184.95877678437,725.826318607923,1320.11927110611,930.557900584821,1207.4381835385,937.397118410232
"456",1046.14004102702,1046.03593643593,702.574383433813,1125.55455999091,901.652856917237,1112.536444182,905.71537175438
"457",1127.19413496898,1128.44178780216,725.010979799101,1308.16674772333,923.40769121993,1254.88787860836,930.375634850279
"458",988.041452148081,988.444365712804,686.116315637309,935.869672332395,871.494212605241,1136.30290621091,882.387064916254
"459",1085.73739617095,1085.85717410496,707.00336131012,1118.44542494853,914.975630306209,1230.85716460435,919.744606657329
"460",1088.94062700071,1090.94653931252,708.23689871688,1067.28079171803,915.795916329661,1194.77367941201,918.572320725801
"461",1125.06274167254,1122.74471163975,717.006585903361,1090.73028626398,924.579591552022,1192.75847845242,927.53882288512
"462",1040.09412641623,1040.04083291605,701.03223196477,1301.75003300996,897.941744689322,1200.54214186541,906.561653142117
"463",1196.72456255502,1198.54308380384,728.501452887759,1177.49669832187,931.075170406406,1327.09557772193,939.566120967393
"464",1075.43501040162,1076.26924161826,701.705763351078,1153.54690412494,901.600028038417,1241.9574465655,904.10659053403
"465",1188.89592142201,1187.08699797728,753.627328031744,1513.99499317966,946.909137264311,1370.28797342075,953.698938589982
"466",1019.85412688113,1019.89326406743,700.315117911128,1066.43963452471,901.926283157378,1158.82526852967,910.316557374919
"467",1034.43624741255,1034.12176084799,706.71402891483,961.468960414912,908.952740602429,1157.47606504928,912.259418826308
"468",1150.76628611534,1150.43307404074,728.844951204983,1412.69925611239,933.285881791375,1266.07716593433,936.49611753567
"469",1067.34146916452,1069.05331829787,695.99050739279,1072.1488520926,887.272488595439,1233.32875000121,891.743806143034
"470",1096.04144199471,1096.61692986241,725.352929354954,985.17637204041,908.663365850453,1217.67339837002,917.922812866243
"471",1030.88027282042,1031.21162989145,687.925760950095,1217.67854535617,869.245938159702,1136.33241950015,873.667832786459
"472",1083.57559374159,1083.11288261313,684.483074140041,1058.32503877194,878.536666020804,1207.97125344791,881.445425605167
"473",1091.29043340577,1093.18225058196,716.60203831004,1417.00497278797,908.977443980591,1217.27546749153,914.565583939636
"474",1039.80766823131,1040.34890676198,694.842666125746,981.966845293878,898.551256657938,1116.10528502788,903.714460295303
"475",1099.28477172841,1101.42832595953,719.32370539695,1017.28451352313,937.147796078603,1328.480293185,947.706355007166
"476",1112.84567418155,1112.52887656702,715.129241598072,1061.97407742571,909.811027096192,1173.42364889234,915.986017065386
"477",1033.14110289337,1033.68352080883,696.323583965337,1445.80377776011,870.00244181879,1174.98266525137,874.510960876141
"478",1078.79838197302,1077.69094678103,705.458755736754,1535.52602516588,901.161224385066,1171.46370455196,906.134961163189
"479",1171.88917542158,1172.32614687807,735.552106448983,1183.51341859901,919.790516649955,1241.94180566036,923.689111922402
"480",1206.19660179151,1205.75868282719,754.028385672298,1085.8884233642,950.797980311609,1484.92385404771,949.712451791368
"481",1110.19842629363,1111.51246908503,695.405314339564,1119.25391593769,910.149749261677,1255.47659111809,915.744511879506
"482",1108.03300715603,1106.63149800206,747.170918474307,1113.92018957483,930.843166158511,1206.59054843727,935.262306857912
"483",1150.7753002014,1151.51553190915,716.755684778543,1797.64806675489,916.431779204726,1248.6300167726,921.18086711427
"484",1088.74950708202,1087.88199908063,723.455863439161,1040.88570720867,898.132421832954,1251.32925096733,902.43739093554
"485",1120.90783857247,1122.14299199251,730.866139073345,1051.88349018101,913.230019084727,1268.14022607255,918.3499051093
"486",1186.57990130664,1187.26487045754,736.524954773789,1527.76907623138,955.622287959526,1349.60622470453,967.441996079949
"487",1087.62270257525,1087.80892413178,720.661688189382,1112.83968315232,894.953371175402,1171.33519322172,899.929183416214
"488",1075.45332049066,1074.39353608859,694.420910669551,1305.81211981428,891.448099096487,1233.24629814842,904.408902599095
"489",1054.1293984427,1052.62298926646,700.273735769415,1146.34195282936,907.829511369715,1140.49636027739,912.408863333104
"490",1079.27810227124,1078.12910492182,731.17921962194,1017.93569096168,914.730219827234,1238.33580574426,926.40224374488
"491",1056.07081878356,1054.96167894093,703.540508263302,1046.96214061652,904.578823552199,1134.88755069682,909.213926716137
"492",1047.33093512645,1045.67659997606,733.706924986536,1024.71791837787,925.254108968329,1135.94910697593,937.929529458867
"493",1094.96794105724,1094.2365356828,721.192947540018,1299.28468545952,914.371737168532,1185.42779086721,916.897058978312
"494",1074.37370620057,1074.21586873493,703.074719769326,1177.54749651464,899.887442605272,1204.77995447078,907.442504039429
"495",1071.56299200729,1069.01040026171,693.567219183531,1025.26434184965,881.491573308683,1213.62458040856,896.199549757904
"496",1157.412443876,1158.56107421019,739.985567551368,1103.51555968533,956.301066613934,1265.89922345509,960.10726794639
"497",1028.31444669291,1027.44895567262,700.302712508142,1122.6327660971,886.197575467587,1184.94393166068,902.25714661022
"498",1186.32060707174,1186.55001046592,741.446680343277,1170.15219876575,960.54637859367,1311.10121035862,965.731247031997
"499",1144.63919723468,1144.40912604017,726.795201849508,1151.92952022104,946.417158541169,1247.15225382792,949.501494084428
"500",1096.13704348729,1094.50889260735,717.551530696847,1304.15705338269,916.512541164996,1241.48069666422,917.57876549264
