"","correct_data","Hurdleztnegbin_split","oiztnegbin_split","ztoinegbin_split","ztHurdlenegbin_split","Hurdleztnegbin_combined","oiztnegbin_combined","ztoinegbin_combined","ztHurdlenegbin_combined"
"1",4805.30886708083,6132.58245823068,3137.16877719636,3789.54991305923,12862.3199516978,4689.99611111882,2792.09465364014,3343.78508625325,9278.9221087968
"2",2881.39550033885,3296.17227537675,2547.29627805969,3079.64899316627,7750.99873406288,2770.11087861908,2316.485880895,2763.09227978792,5745.15754482492
"3",2721.32035876996,2846.76883731285,2915.7392766892,3989.80850060098,9522.81471710894,2633.83813361781,2669.88252346943,3659.19519663188,7898.19607849065
"4",2543.92866515012,2669.72011540137,2738.45931342062,4068.74931699254,9422.85712537052,2508.6361819021,2584.83372562138,3818.71466772051,8757.13793160025
"5",2780.57652184501,3205.93785309139,2977.32797236452,3780.51630321359,7713.46263089259,2699.52956480926,2583.44563222968,3162.33178539641,5449.26546890963
"6",2481.9893165191,2609.24347830462,2584.48021014958,3040.65500302782,3581.12884363386,2430.92227531568,2413.38024869248,2792.43545330135,3217.2298197797
"7",2480.58511195905,2534.55097089276,2670.33175419561,4106.84831086818,10442.7911790937,2392.79594905438,2471.02720359228,3755.63534381556,9805.48079279601
"8",2554.67955071324,2744.80269650652,2711.31688766057,3357.00826412462,5093.92391824989,2485.00418056408,2455.7195981961,2958.14180545051,4235.32824218742
"9",2930.28504724462,3220.75080750857,2533.01922583167,2954.20391774237,7617.98798087886,2880.42412677756,2366.59010140414,2734.99570926717,6706.34440232308
"10",2890.24311346962,3107985174.31707,3248.45897600446,4749.91020458776,17013.4111178879,2777.73817528353,2652.33259009483,3654.53770636342,10897.7363316192
"11",2727.43130194852,2824.45565750215,2808.7055518566,4281.42221638416,13436.5095480517,2673.886794036,2630.16080525952,7152781429.04293,13457.9669395316
"12",3350.48181602954,3796.12821822996,3196.68771204035,3871.57587819007,13067253063.0304,3365.71144278378,2905.93059085158,3521.47221954833,7841.02858835896
"13",2747.80656193365,3358.51268144808,3547.03899247532,5656.99346143459,8836.22107046148,2674.21073685347,2681.65364351754,3820.07734499756,5650.30857429791
"14",4532.11586459013,5306.00859107533,4803.02111885071,6787.39353449582,18682.7592507754,4590.18187122901,4110.35190719782,5733.78662463825,15751.023633085
"15",598424187.900437,3741.92599722046,4484.63671763414,8589.04882919844,62938.1172286029,214498107.164639,3744.87798802023,7072.06947941744,55433.4396966683
"16",3168969470052356,6946.05635629351,5099.38106661362,7970.11707675938,86921.635369987,3920.16446918308,3670.945194799,5859.89446626192,53584.713397896
"17",2708.37920240234,2992.88772163261,3214.44741929475,5078.34300197333,45825.4843995463,2702.85013233462,2851.99627180697,4477.90928962214,38777.6452144086
"18",11862.2610370805,2961086.69579118,27651.5639584302,59309.8097177734,168030551.589416,11130.9725860722,5471.5064438606,9949.4984676793,79042.6528726769
"19",3301.64453138114,3832.84613918465,2945.29221538588,3860.53241474934,10092.6787690899,3224.2808782805,2632.1256626367,3362.15608232519,7644.70540001962
"20",2779.48491665733,3219.83612930321,2764.8100559816,3400.89027661341,9499.81932876602,2734.37570809195,2475.85040152019,3008.22543805183,7866.34940493465
"21",4375.87326562906,5055.58656123596,4694.71929965162,6703.56362740581,18679.4822946504,4643.63636276136,3841.61167512786,5282.07120436056,18773.2786136428
"22",2838.76262872884,3272.82753188779,3020.35759193867,15058248.3638557,11396.1222578978,2747.72987980809,2669.25071527365,3450.93304355312,8881.7569050645
"23",4330.3028851733,4066.94441781644,3431.58299824723,4770.38399635512,10976.9596873586,4307.90831845522,3429.45972674277,4902.87710971085,12549.8606418743
"24",5440.35775528164,10968.8887370397,5587.9083310201,9702.96578899129,64694.5703861255,5684.50050130444,3231.72662582966,5028.1319396685,24590.2968624634
"25",3041.49160534152,3517.32718875681,3193.65568826763,5071.54478282485,20789.6636907123,3100.79144872876,2736.37086076761,4080.49583271951,20084.0273575544
"26",2969.14014363202,3541.85411240814,3818.36397940873,6041.54902478407,9571.99311000096,2834.45336615546,2912.26866054058,262967511.727091,7053.45738612103
"27",2538.99720178243,2757.61549353116,2605.00016558224,2909.32829179625,3900.82914082591,2492.72474619969,2362.86703661313,2586.22922395642,3322.43614891647
"28",2665.90323317495,6757307726430273,3381.95726470779,6726.26020847575,43206.3543872482,2568.6322426892,2705.2905726075,5180.16590730965,21556.0359489652
"29",2696.62863065621,3030.8281973799,2630.03344392823,3230.21494802526,5337.167123281,2739.62750855084,2403.58141434088,2843.81382906543,4348.15648992424
"30",2655.52418157154,2886.59768319167,2918.41556180136,303917619.756655,10116.9653872824,2574.35334400652,2592.71014904946,3675.87179598986,7792.16095028432
"31",2768.24556715284,3096.3374469119,2703.95865701573,7651812.25378243,10061.4927239229,2706.46253489637,2449.57614298128,2989.62708792634,8206.15319870232
"32",2954.92620354109,3048.96331185598,3121.42993445991,4394.83002268571,7549.14660878441,2878.06759859985,2905.03012586239,4093.88892192776,7192.08764286267
"33",2494.82031285995,2623.23927033076,2515.8605452934,2953.51253250291,3887.57188056169,2438.80338713119,2355.5342186907,2724.87715079647,3474.20890148518
"34",3441.1876501337,3888.15168191291,2826.05492012704,27276356428.3785,7709.16597275578,3414.59156538951,2611.75208896678,660409520.917549,6909.09639203115
"35",3435.63682388132,50557557.0206954,2593.45253472009,3010.7380383375,7044.16757483581,3370.75378960193,2377.82363795821,2730.05035276703,5899.51786802839
"36",2837.06053384584,204629338389394,3314.73084654434,4218362022.91116,11044.7526925981,2714.7383260306,2594.37215630957,3397.62521336398,6412.59885889397
"37",2691.90609733708,3101.50224488241,2924.36407631559,3704.59960384983,67120749.8558336,2590.04941129119,2512.47001553606,3078.03851463942,5095.91568914538
"38",3053.56610881783,3658.77812653362,3132.3706770943,3816.54999857843,10593.8282666968,2953.51336773763,2677.15835249987,3223.46507561051,8251.61012616653
"39",2754.51486498596,2945.00558676833,2674.32271799612,3153.19620799242,6844.59795487665,2671.86187812359,2460.54502926799,2866.05349216724,5727.52936606703
"40",2970.13307778019,3522.76937871243,3159.20458202923,204603850.279526,26209.4775959928,2922.36089996802,2712.00540862226,219767330.839532,17669.6618779052
"41",16322974.6659082,2684.27701756166,2566.42726968673,3007.09790342121,7130.18104521409,2539.64922698635,2409.66101494979,2797.62152143542,6524.46618252737
"42",2857.8168128478,1537414841.42763,2770.27976263166,3327.69412845446,7779.62673987713,2821.36187931256,2445.34313382832,2872.04403587957,5862.99162041775
"43",5713.47979385263,26740.3416528465,11292.65071335,28562.958295085,185081.193592154,12763177.2302084,4131.80413861378,7689.28460219715,29889.9691279456
"44",2809.99132286194,861785594157884,2906.34836520862,3675.66427931387,10644.4306069106,2696.17558765954,2565.35870267344,3171.93135338489,7237.69192712005
"45",3065.33186363228,3379.37889922776,2645.03364280512,3200.06733294729,6395.8399939575,2947.43644277515,2405.64121058318,2854.81408373433,5357.91167106415
"46",3587.78038449712,4156.08320404464,3339.15446771189,4215.23415804759,12680.3323064213,3460.02937896298,2930.73350657137,3622.00691795656,10469.103625835
"47",2529.78944934601,2699.1005849189,2685.8183423013,3435.88306516169,7864.14622541906,2482.90387765067,2470.12397213096,3066.64837577168,6572.93882928796
"48",3303.67923726921,3705.91226779511,3360.96774239847,4759.6965020319,8952.20601410051,3334.31431851248,2977.16213496644,4046.79259644731,7802.74061544635
"49",3126.20692435563,3660.41378083782,2632.83860277342,3251.20939574519,8721.73370542158,2994.78549809316,2321.96656354904,2787.39798723369,6276.18900634912
"50",2664.46158601028,2969.50021259608,3249.21817130773,4885.60765900612,13661.0327180631,2671.30759027466,2894.70544454731,4454.50028210411,12950.9066953194
"51",3085.74001545704,3785.32709454185,3481.81021143228,5204.31936596472,15517.1149627179,3040.62248601158,2797.75957497948,4007.74587643612,10588.9123960038
"52",2720.21085462543,3488.37563452617,2904.9859032546,4039.56978311628,13169.9038328105,2643.09778480868,2445.24134968187,3292.48364304949,8522.32833100675
"53",3976.18405976625,4984.96389030601,4154.46064910674,5972.8020018708,13784.9649626683,3855.03964890056,3590.5354458516,5155.43208945343,9725.09315574398
"54",2816.6969962862,25498463241832288,3152.64748864363,4489.0665449058,41990560.9154459,2703.60576329029,2728.96131271123,3767.51839303884,5883.22366872223
"55",3840.33706640757,4316.48222660108,4157.80962883967,6724.73740213184,19216.4630018876,3751.63730958904,3635.6980567813,5882.85658790621,17564.1140143131
"56",18048.4757012805,27185.9824680698,7548.6504836045,12480.187208878,NA,14892.8877456604,5523.23354521411,9668.63507838484,NA
"57",2551.34381821525,2684.19600818566,2491.71100727174,3264.0009981198,8117.31255920398,2474.55867117372,2339.49989753066,3051.42214017021,7498.0251669273
"58",3780.96281724078,4604.80784367398,3204.04073389421,NA,16066.3756290512,3771.67694003009,2779.56209267972,3525.80139588585,11792.5937816306
"59",2932.19106516623,3227.2048846532,2800.55865757409,3492.20629532125,8823.79491911023,2872.5712475691,2557.20033347903,3133.95509954023,7233.85248407176
"60",5439.50241058231,6997.46726710163,7914.40944729741,17793.5405789811,37089.4513978761,5363.99138161056,5519.73965929062,10743.0092779875,27151.1271309286
"61",2836.94303505962,3011.15548824678,2872.91066343033,3518.56737067974,29246216925.9424,2777.28905631708,2643.97048924824,3207.13993495072,5783.53124765619
"62",2704.70049285491,2984.5619284931,2820.72597730767,3556.36509897682,8927.20105563323,2670.46146179336,2549.88088155222,70576992459.8942,296921515.198741
"63",3164.78898750483,3779.51321686468,3551.61015666279,600889008222.207,33523.9672186032,3138.65316401308,2976.47416432924,20022018124.64,553725365.169684
"64",2921.38525319754,3448.59127579917,2693.90321654081,3266.55672756107,7093.58503825589,2926.44789133525,2428.76316308771,2896.96565358191,5538.15189056982
"65",6543.08312219317,24142.9202836621,8642.46331413565,15192.0732001761,241682.672970322,6505.78010197715,4340.32412865098,7211.82201491191,81081.7797906261
"66",2851.36475341988,3345.69472788737,3056.45264205486,3862.34998448867,5666.25983662079,2803.80112225414,2618.05521391377,3151.39394839135,4170.80943304937
"67",2589.462703359,2813.03974256873,2674.08755324264,3744.99459441898,8786.35502508908,2578.72042359944,2439.11816412659,3285.30176095788,7255.41297572864
"68",3578.54298368625,4079.04421521123,3429.43324468933,5164.25790744806,14891.2338856095,3276.26751595235,2958.48642390053,4358.60256062004,10642.9176903973
"69",2547.90023708912,3115.36341539071,2849.13473904959,3812.83274762355,9692.90477574256,2405.66784686127,2344.94943603542,2955.6782562368,5950.07799882593
"70",228515317.711902,2770.8876716575,2612.19933996194,3548.09064035457,10054.1635260604,2449.74871979104,2329.44216241581,3055.47544709159,2724674047.0968
"71",3419.01791998682,3645.95563493249,4028.86532622599,6915.87907347533,29240.4060230851,3422.46695208995,3782.19376623457,6554.70646435491,67312815271.8919
"72",71079295404.756,2253691477207964,3270.6495156869,4698.37790745537,8366.15975256962,27061582136.7547,2407.77726788169,3097.77454994579,4518.78697381377
"73",2863.32891064316,3405.95667375265,3675.2719213385,232915939.760506,19002.8156663135,2827.21726809613,2962.5434093054,4651.8459106472,5374082732.7145
"74",4963.7981753957,8126.89035723623,4651.29429201402,7115.14902271951,41593.6793245847,4815.02428443444,3428.0281716621,4959.55792984781,20219.2087438096
"75",4047.00849149245,4909.87063370083,2910.90138157918,3562.61796992437,11351.3098315938,4146.7488870158,2663.80099518258,3220.64621809513,9247.15921613614
"76",124768908198.537,3169.46620067333,2892.83816278347,3654.28682113958,7777.89970617805,11428182997.0748,2640.14781340706,3341.38806183245,5945.73098831805
"77",2933.72879929727,3225.78949668989,2708.16163012183,3322.69451316324,7477.8475889782,2828.26656770327,2486.43782336725,3041.5724018732,6278.83849174183
"78",15489842.4941889,2481.81383674952,2451.24919898314,3031.24370525012,6361.93730306241,2322.00566031525,2295.69709604365,2824.03736764476,5725.48669370576
"79",2963.37168008449,3147.18684237562,3207.37858203014,6027297.03500201,13893.6082803924,2907.87117998442,2972.22000555272,4187.31845276323,12434.0717976528
"80",2676.91029124286,3453.1859626235,3190.03746302825,4391.59181527405,10165.6969062379,2590.55075637241,2467.3519697748,3121.22844728995,5696.69345145924
"81",3067.0903114512,3536.34018587768,3194.31117312248,4025.11537253623,18847.4834822905,3066.8246101649,2878.99641706326,3643.36229534788,15473.8294700415
"82",3361.32407940667,3763.14333672303,3666.36342948578,5770.38303868917,21310.2677193647,3225.53108627356,3234.35675621227,5069.77684072774,16695.5366582481
"83",5447.9740981746,5323.19486183591,4862.01493832127,7719.58849020853,23852.5969757093,5205.27056971418,4533.44512356358,7346.85877554073,24229.5736051522
"84",3496.23629677677,4334.96611622855,3482.78279052557,5318.61688028373,30819.777138469,3419.28946067293,2940.12720401896,4408.21221522745,22269.3349828733
"85",5722.78157982867,7132.78753862266,3451.06932174899,5037.26403261632,34666.4070048976,5685.42938282819,3116.30687023167,4563.5216560978,24829.5705452506
"86",2637.10137951432,2698.95204015262,2692.29489256101,3903.92522873037,6419.13293802951,2553.34479827134,2560.8146436256,3765.65543311002,6637.16873462031
"87",3290.6618487553,3607.36004444631,2887.66454129196,3444.0212224489,8216.20682814631,3174.00834827371,2662.53352552002,3183.94133467593,6761.43776029584
"88",2611.4824409935,2848.71508343935,2828.6466253786,3729.2429337,10436.9554144456,2566.15129272458,2572.99060703809,3397.93469668427,9236.87516685486
"89",2759.46469489501,3113.22275994213,3052.33589569352,NA,10612.7431035392,2720.08201856368,2699.1932452699,3673.9864048095,8552.80087350512
"90",3119.15240308864,3677.24241787994,3717.25245089734,5761.93150354452,13193.0102887882,3064.64635927126,3057.75525087226,4557.22864511557,10035.087311635
"91",3878.45393993368,6102.31253461268,3469.83948690752,5329.66648786722,24969.8640772893,3890.17347587169,2850.15064054048,4200.57414555268,14175.5295872612
"92",2374.1186158511,2686.46327575019,2865.45568972431,4519.99421636377,8649.69655756949,2292.24803058124,2319.94679418903,3267.39981461046,5664.14902905549
"93",2842.64134329452,3055.23275706396,3075.64089014822,4433.07394851322,11760.9776474154,2778.98544240854,2779.75959213605,3925.24885239924,8955.87765192882
"94",2926.26996775069,3228.92280726515,3163.94833060423,4228.85995786607,9912.24873136104,2884.26355558019,2802.04515639771,3692.95265950013,8937.73927566442
"95",5015.5259535053,5592.51131666479,3059.83974313085,3794.55912897351,13960.309453869,5058.15094517182,2830.08654730492,3486.40384927197,12276.5827853249
"96",3204.8643039546,3681.67015063807,3089.92377574505,4351.53777178288,13042.2980763993,3090.42337371406,2692.10063660094,3780.26674722635,9804.43787090822
"97",3091.84316780815,3623.77480511657,3241.38039339389,4059.49836674766,6670.53731330111,3093.9027742309,2804.51794976775,14639881401.9593,5287.42576600973
"98",2854.16990415296,2965.2958801925,2446.05689319011,2901.56971739957,6412.18778293508,2828.4280566968,2329.18249654565,2752.27915729074,5817.93943722397
"99",2892.31276732399,3246.21938224272,2642.07028278714,3147.35473108951,6777.30993209597,2873.04239430061,2431.01064605374,2895.30707695108,5578.36134250815
"100",2933.6637670139,4005.84711623791,3140.31384315795,4508.97743467703,14742.3770818281,2923.92376512758,2546.22193118283,3475.8932752933,9120.26063138974
"101",4467.54751584661,6242.04326148199,4218.90965941756,5553.14647079091,18224.9809639994,3980.59228134929,3004.28033469096,3747.78094262581,10563.6757706166
"102",2602.14936007535,2947.77070932427,2794.88733422479,3979.85711740274,14892.1381858214,2582.03003358282,2417.40008749161,3345.86092104924,10871.2394432116
"103",3565.07702025396,4066.42902253585,4027.69035044789,272112474.255667,16710.8328711372,3555.43804338962,3491.09793566271,4627.02385854117,54068116676.7386
"104",2644.84524470945,2770.90696259774,2847.56422929584,56204100.2667847,12274.2245632931,2612.56553852497,2686.23754163012,3671.00366858976,11089.992419546
"105",2488.14786427615,2834.00526153462,2783.07385012685,3980.32514253116,16452.5060033233,2418.45963365221,2386.5728045019,3216.17580182188,9847.25858545966
"106",3372.4888423628,4638.73564404275,4729.58581255216,8594.0141603564,27477.7060581774,3624.89227560238,3500.53521012719,5997.03012639678,20851.8640245405
"107",2668.8321095319,2955.30075554452,2898.42200714883,4294.1378165042,9567.34878568091,2601.03336236336,2523.32727334059,3581.66150466215,7314.62977767524
"108",3393.32875671095,47940200.2955877,5606.07303515898,10895.6910579789,6081240774.04224,3278.8987473742,3179.04772061717,5017.22465502755,10714.1898449376
"109",3602.2388500818,4776.16607311437,5067.3241426446,7542.12543882305,13915.4649716889,3589.56880399895,3687.63653492559,5328.24922304645,9213.22256533662
"110",3614.07168093047,3914.250046925,3756.72416558269,5238.98221136839,33014.1692090732,3633.0479022601,3437.46227742461,4730.38902352164,37277.6291034148
"111",2651.72041049253,2865.62759436064,2782.63097197927,3393.57377811459,7002.34896598896,2588.96833704743,2523.74157692262,3061.57141915552,5892.08184242401
"112",26051556.8304117,NA,3611.91799953028,5924260720.43322,113098301.254702,NA,2996.36062723391,78287378.4027434,350879372.850196
"113",2928.6821798347,2931.21901520746,3117.43792404753,4562.66067541755,16024.6284444818,2905.7486214814,3050.70846249611,4477.7507948583,14922.3923588398
"114",2780.9900363997,3023.54883506427,3043.06796807632,4224.0496819568,6060.57567053752,2677.16376187809,2655.98820693601,3515.86790769644,4870.87355651201
"115",2981.03992818992,3517.28330586256,4025.069655108,8871.87028517576,81648.3791423344,3066.13985724917,3428.89224294949,7279.50449785941,79030.9587948428
"116",2687.39509436301,2885.90552264116,2530.31667381098,2812.43287286998,3991.75059618445,2562.50876192994,2338.13142843529,2565.25059739089,3315.00092094589
"117",2700.32673934356,2860.41602738949,2683.92388052559,3063.28121858742,4417.44369573274,2655.65062069115,2497.43161598671,2825.73591943173,1851768683341.99
"118",2491.6656460722,2883.28137551057,2894.28935441621,4095.49056472222,8607.44560493659,2452.06585652685,2415.2513572857,3161.12559540428,5946.47311618326
"119",2596.01110921033,2879.9607684202,2842.65302607367,30994107.5065985,10757.7695115788,2497.49555514135,2475.5707677691,3133.15542505266,9300.2928941899
"120",2927.84975010391,3099.00304652647,2745.73608588032,3717.36983910266,7468.01962641779,2947.38598607953,2604.605879459,3524.19712888271,7952.71779164546
"121",3010.81219448296,3409.2673975329,3562.48598503886,5684.00190200526,55071030874.9608,38151106.2745386,3059.70153639162,NA,16043.7517787672
"122",3654.86800627592,4325.34182448299,3614.17408305052,5104.88744244459,16509.5977107719,3492.48713796971,3102.74126183673,314379394.438088,13524.4149059014
"123",2528.96288202262,2634.96916232121,2341.18802974669,2671.41574502475,4446.89339832994,2476.94743517467,2220.36685393262,2528.7969462796,4303.88922133225
"124",54360512977524272,187448538193544,3871.1855937254,6590.50713123412,13516.1696245035,256030648855213184,3289.88175663863,5320.33339096995,12279.0220024983
"125",3152.16932216485,3979.56600332305,3236.96585679362,4580.24667974454,9572.20376925586,3209.0968978633,2779.91297550069,3774.53139431046,6735.43372348823
"126",3060.3824101171,3722.38941313638,3668.29150942143,5811.78788575183,13701.3028788917,2983.63136076964,2967.29918321332,4610.57184508967,10050.130269074
"127",2819.91080270506,3163.86304384384,2871.96884211626,3599.42034304711,11213.4805348251,8396870.56519666,2577.65241106522,3186.16152008195,8435.30600624925
"128",2681.36103061076,2796.40536597768,2539.96704819379,2961.944846767,4516.47212446574,2610.99803155087,2382.74906834746,2754.95702238852,4115.17667356572
"129",1502361957.00462,3567.392197729,3997.17666948849,8968.08139719013,43792.8603517214,16034291.5900945,3300.50786008927,7446.77502955687,39395.1038472948
"130",2887.47236147347,3237.40984996607,2534.90823453434,3013.80901815232,6520.06167968263,2843.39964232655,2327.81983768398,81774249541.8103,5436.3087389644
"131",3122.84444975917,3091.71367779791,2778.04265839151,3353.13591745206,6597.86476564132,3040.02578173253,2715.09442024295,3281.88664092444,6807.79771073687
"132",2807.27479503936,3534.70524383684,4172.85131220588,9224.14140460382,16283.1318497212,2841.04422262046,2954.67960119293,5496.21514431819,10987.4248062026
"133",2491.02255205613,2624.51614427879,2517.18594311092,2943.95599426008,3891.83755799401,2427.88636915482,2350.20999436205,2710.04447501446,3445.10556258308
"134",2959.20457891961,3283.90900353247,2499.09357616514,3248.1907691447,7270.82984938003,2894.326652787,2322.38949909142,2972.19180511777,5915.07059844967
"135",2848.93382618546,55384283.3584897,2886.467983692,3877.79834463843,7652.36772344654,2772.71075722153,2615.07867476351,65332929.9808595,6113.63353159501
"136",2719.17757308338,3017.43815055666,2614.51682236784,3034.43677541027,4577.8133633191,2656.69046952331,2395.3982286425,2711.41151182799,3699.05987353431
"137",2666.97607761565,2891.14608324497,2751.1906198429,3459.18842757853,5171.04601937822,2609.5711670007,2491.78040908484,17190154.166177,4547.99285670386
"138",2846.20405384139,6702432927.88864,3075.84547425434,4039.31499109874,9630.23368104913,2878.67431446907,2780.01893297524,3615.66868238071,7813.10166671862
"139",2612.50779813631,3221.86366941279,2980.83422707026,4138.24843334914,15259.3582628756,2615.80818463633,2484.78485619814,3295.40559527017,11745.7710776501
"140",2597.37883101757,4305.87508140753,3330.84473477846,5092.58463990634,17497.6100604757,2607.53573187759,2501.17459002317,3598.42839543647,8124.80142204234
"141",2502.58378351099,2671.14533251596,2674.02250358368,3762.08809155052,7908.92301476413,2460.16250783449,2489.50033323898,3476.69992613639,8007.95812348727
"142",3612.02362620254,9265.51101755201,6297.86102128894,292202010.891317,104593.352353636,3730.33689664446,3791.29082978908,6140.94881759976,42520.355751216
"143",2963.5703777239,3270.19290702876,2731.89648647041,3216.91798168515,6311.24358464387,2982.16048992326,2512.35286202026,2947.00477758437,5878.01542917674
"144",2729.24986496845,2879.71456324252,2738.47886624451,3396.96254547647,9684.50768087119,2726.12129970309,2563.00031792752,3100.98115394488,8556.99856498887
"145",3469.36038916397,4378.66621224572,4204.93096053056,6324.85044369068,27623.6732237468,162952283762.39,3410.46859796401,4928.000941146,22562.1375388015
"146",4177.19103232876,4557.67237069046,4082.43615719158,942468918.197884,27189397988.567,4217.1861267732,3738.26025733737,5708.64117182494,16312.6824382987
"147",2674.23742576487,2696.87254545687,2601.59894936199,419754622.143448,9739.73434353753,2579.22800870749,2503.86591204511,3052.42077898471,13711.3652174423
"148",2564.79296775271,2879.43279388107,2721.99483591477,3573.91999937819,7804.38004971951,2508.99950914683,2416.45317315773,3140.92105431385,6370.85700103322
"149",2549.80607128861,2564.2298739507,2461.47164060555,2835.48166251371,3678.0744846908,2536.42039341593,2408.02920433295,2801.13789582664,3882.5966662729
"150",3010.499159548,3367.46628956811,2848.97299419321,3756.14210662454,11133.5614914813,2955.60752379276,2575.15660841951,3312.15786394434,9748.0715636653
"151",3610.86996721625,3732.52384073908,2320.16183387154,2868.06843112533,8055.44483608256,3558.30096976217,2182.78528308067,2670.4116914702,7468.90486626636
"152",2648.4607191568,2782.51913782512,2545.68694006757,2909.32758002276,4825.65310805552,2599.61748807,2399.62274515906,2718.37650443349,4458.92592097147
"153",3282.64919332415,3844.09087199671,3025.47744394903,4236.09274127801,15006.6463842448,3208.8862775762,2689.55695130411,3712.56677596335,12988.7168459757
"154",8898.36129296036,12965.1688332315,7117.74368007968,11543.7029031201,159149.801732003,9155.06507215491,5400.78358591667,8868.43672864964,131177.315404557
"155",2969.4215114055,2766.27055804954,2294.60800026339,2499.75956108032,3792.35234093287,2996.55406929072,2248.37198080876,2457.80836472451,4324.75127138381
"156",2901.69546840858,2953.23602690701,2875.3097594051,3668.12933688143,7610.20256042852,2782.85988198516,2687.27576334616,3430.62756613909,7430.46606762739
"157",3207.75643663857,3678.63227017072,3392.67789425123,4565.6064325662,13982.9687768382,3178.98931219716,2938.20022937699,3780.84545097535,11405.7241032658
"158",3980.15609639879,5809.91869344771,4077.82607582759,5679.01863649953,27804.659652906,3833.36783499907,3277.76874910855,4523.96594644442,17048.7771678297
"159",2461.99302838636,2587.37949729651,2431.96424051146,3031.33010578191,6469.64662209667,2357.1749296072,2255.24262766252,2785.30938615983,5891.26420609198
"160",2972.21007062824,3275.31759137795,3340.15462719963,4794.47562012716,13200.8705844468,2924.51709050856,2966.60393070143,4130.21828646126,11565.485218395
"161",3058.53586464345,3470.55394930775,2761.24625851716,3211.97546555514,6060.90247327427,3039.03005484452,2503.12540397028,2883.85418771157,5093.33398163513
"162",2409.77710281547,2781.82700575215,2485.54392294323,3372.78773611908,6459.34071111918,2451.99524074537,2260.30968664613,2899.78218026354,7049.884253832
"163",3899.30962296969,6975.33424736435,8595.58530138246,22817.7487545246,763740977.912887,3859.61154051044,4047.42390563184,326853090.210045,29521.0443120019
"164",2553.53772895917,2800.47625795499,2840.10792946967,4220183458.72267,7866.29964658248,2502.25765456824,2522.14766475418,3321.00744323731,7078.30571260379
"165",3066.78450963068,7564931.3916339,3347.01601629168,377146554.00351,12984.3447655392,2958.7514839767,2861.34529941121,3688.62770025585,9350.81669267482
"166",2744.70781830758,2964.51467323983,2600.22062070338,3004.29306462794,4761.86495316632,2666.32618556819,2389.73870961093,2717.24773162764,4060.46176728619
"167",3495.19162404882,4526.28039589641,4294.15203213306,6392.09735884329,16329.5837495565,3460.28684586925,3499.69833758423,5239.73832800155,11250.4820970276
"168",2754.83394850764,3364.48270454293,3017.5369728593,4083.29026996954,10483.484349685,2648.14556369001,2479.78394446762,3133.95622882727,6392.13741190628
"169",2909.10997367952,3501.93188667247,3242.76161228703,4631.07624929085,13502.9005036672,2823.27736262794,2747.3746118245,3782.0447588464,9049.78503652593
"170",2811.82065868423,3511.15528512288,3191.54074151804,4712.10590840937,9305.87089573668,2791.94209977449,2597.95603556279,3546.88130332605,5986.58437778995
"171",3896.01256075047,4292.18420014909,3380.93009528284,4675.90811768379,11494.9747381835,3972.45033390278,3035.09540865976,4152.72726059357,10160.9372426401
"172",2759.4025351945,2794.6208832234,2637.3734976199,7256426.07001548,276629597.764924,2731.76394615101,2553.48512455959,2969.50115676018,5553.22816952564
"173",377073833622.11,11219.9286908817,8007.4330698495,12820.4547161621,56817.1456568798,4138.9145772889,3717.69963142396,5236.14906135243,13319.9160516736
"174",2806.86714797201,3019.28720060156,2924.21864775212,3685.68319728076,7076.67004403089,2731.66518741534,2651.37109210429,3285.66770136529,6085.05528233267
"175",5486.43111685681,6255.45081358325,10866.1629943532,30854.2051417971,37757.561697871,6217.767141982,6941.99603255449,16091.9453951164,38073.110084008
"176",2978.35659110106,3390.71201883664,3154.37707051927,3790.94826188952,6148.68235633882,2871.15830178692,2760.23677057334,3319.59783940811,4848.0814446062
"177",2535.22697021834,2912.48692350845,2509.32618308971,3100.40238902003,7113.69284540666,2602.43925935486,2279.49935264461,2738.52505066574,5172.3248528051
"178",2511.28777491436,2772.8243765367,2437.06746695683,2825.60710684712,5070.38641921583,2470.13484696248,2228.92014975147,2549.80023013772,4267.88271596972
"179",3814.65391494736,4608.94228839172,3586.6496863535,4673.39477883082,13631.4810606027,3940.33095585742,3221.47115513384,4187.6254976021,11219.9384472622
"180",4844.61797075475,5634.93221736539,3228.50332050657,4155.07551370793,14357.4628747908,5160.93843371976,2912.00416350414,3693.82673997301,12437.592921913
"181",3055.14845763698,3747.39139601799,2970.66803339492,3526.99263162604,18571.8412701937,2934.62002261304,2558.30234280421,3015.17907983548,12721.0264856868
"182",3511.27797132139,4657.44275141526,4847.60098243317,8607.24031996778,42020.3550596962,3532.31374715607,3711.089402186,6685.8014971137,25116.2871597316
"183",2636.64827086762,2768.3599651877,2662.88676945154,3684.44431414748,8095.98984691263,2605.22225472178,2486.06806117862,3389.03388258262,7023.45377094914
"184",420699767.334351,143817561867508,2923.69613499828,3369.66508806195,23719.3807053359,22318144.2796264,2645.13148661917,3016.55630477762,21001.2588429328
"185",2619.46761728592,2874.15703053476,2706.33726285728,3447.97607268919,10319.8235982013,2468.47329773361,2335.79175197709,2879.81513078027,8313.31282465628
"186",4300.6886725922,12184.2582591274,4918.50989139638,7788.66801380288,321689691.072002,4180.31517567802,3117.18714480733,4803.53879601575,20157.3285593961
"187",2618.06667762246,2871.30848675845,2794.47612274291,3412.77555663912,4780.16901031381,2542.54688179477,2490.04562883207,2966.72224845121,4042.32413482346
"188",3054.70287422025,3279.00782057211,3070.85267323991,3938.70448172117,6271.41709735882,2971.68238614547,2815.57156198004,3575.60503131121,5303.68993158598
"189",3978.469425711,403044852.413891,5950.96011158254,9791.70824927303,21850.3413195985,3850.99951972568,3726.83997576716,5860.22430116322,11370.4876355921
"190",3825.77222206543,4338.8955876641,3135.1811263921,248948009.34096,14392.3298847392,3634.65312741752,2722.74062859754,3500.53461096017,12245.0306133234
"191",2829.90341520287,87556295.1233459,2802.68508853421,3403.46357413079,8515.72986329507,2761.5955467105,2561.79676448922,3086.24140298995,7629.24379522504
"192",3099.785055894,3294.62125616257,2872.00643044092,3749.71304679194,8455.42399293952,3014.16379163391,2626.87469252715,3375.63206864048,7633.62664593222
"193",4799827978.43421,3098.06495112907,3088.72218710079,4339.38043887052,6642.00461593381,2768.44838459045,2736.54415986978,3711.88720331366,5377.5661925964
"194",3487.68787156532,3958.74485183499,3756.73909268808,5077.89281050005,28028.5085413357,3542.98106139449,3388.20526841278,4645.6727991715,24310.7933650138
"195",2593.1318396769,2830.62951025891,2986.8240372948,5223.0157386639,17058.0698386946,2568.74620953917,2636.02548078356,4385.83999627907,14062.2530128824
"196",3199.05590137193,5620.87184995189,5266.85988479836,8829.79753621407,53904.6390390075,3136.28052551638,3168.48423180358,4755.80221655031,20441.7828133467
"197",3142.51609397935,3269.88391056328,3240.43883474061,4184.15581471001,22637.4758332526,3157.55438887263,3099.91012527664,4036.99181297334,24231.3734992932
"198",3347.52106952076,3650.80995154397,2713.31563977887,3142.94777043437,7378.35681395986,3270.04161147084,2520.19328739366,2883.95640284401,5923.10293061612
"199",2909.63067162675,2991.23973573806,2937.7580672191,4083.47927345424,6665.51118717927,2851.03164090964,2791.25612185866,3906.25958261521,6468.99533014762
"200",2952.9448377628,3103.97338114264,2814.57069452031,3491.49001992336,7419.95090591064,2892.06501291101,2649.06846790409,152959437.512526,6896.91659469632
"201",2512.20960366067,2910.60746439795,2475.61222789065,3093.5378180904,5525.86259150935,2476.81524499078,2244.42260093408,2707.41660283827,4109.51215852292
"202",3805.23889384746,4832.68248062817,3774.71718006441,5158.02589528441,8808143018557.66,NA,3066.98859803739,4091.35565605919,19210.2257162158
"203",3456.48573228259,4346.36951560188,4890.9944311661,9339.93573356948,1582980367.39159,3352.01289889326,3624.69310858907,6676.51122116817,93032.3916795023
"204",2779.85411529026,2809.78249476705,3057.87486307672,5323.08853323744,19172.4967311723,2782.16183591008,3028.65507579817,5958.33502210875,19183.9958204683
"205",3402.29205350372,3605.23202846813,2729.57552967185,3563.64704774941,8564.06281801429,3137.67103981661,2463.99890589028,3176.92968001688,7267.23417340977
"206",3296.11974646944,3532.83914902878,3258.7509400692,4160.93086638747,10353.7733880877,3340.44216757429,3044.52274586715,3924.59909997088,9665.62510656525
"207",3483.12565982615,4594.99784527406,2783.20087047393,3650.44731482561,14077.0314554536,3429.17809855624,2446.83847921281,3094.86453428929,9533.17303373249
"208",2737.00681608068,2887.43628944335,2486.17528366285,2788.91698615601,4531.68011422985,2655.13372892715,2341.22114719814,2612.87337447102,4034.25941898322
"209",3048.86390384768,3215.04922224148,2933.77443330346,3638.48638322065,6705.76424483125,2921.52749543141,2666.66712576982,3273.82350560779,5768.4090645443
"210",2998.31490980146,3675.02059059578,4078.66445586072,8807.2746665562,50587.5215919063,2919.50794536744,3154.86650774646,5940.57164277069,38846.2395394206
"211",2564.50993594902,3054.06010672969,3022.55590877942,4267.62792930127,17733.3933207344,2489.51417598828,2533.95902883045,3520.79401441751,13729.8330396575
"212",2939.44096679443,3680.7646010701,3023.84147886234,5375757817.27875,7181.54590397839,2860.49414173127,2543.77123952667,2990.56536522869,4926.09947061005
"213",2755.93614865116,3061.91704035577,2519.91244754208,2964.15140533405,529238359303.091,2684.21303099152,2292.4754771932,2638.01517058548,5614.09050007187
"214",2658.86063584639,3016.08117727181,3026.21790299336,3906.70380530629,13745.8435258489,2627.41995771148,2648.88388366135,3375.25759178884,11633.4119220325
"215",2647.1741013897,2845.37972791768,2764.05110437589,3624.06139510328,16013.5782485581,2628.95557857993,2565.30734570297,3326.81240329828,16959.7934891651
"216",2557.20247430612,2841.42221847507,2687.52035563506,3460.47878240991,7372.2369309184,2447.76123722854,2366.17988033282,3032.08776634187,5595.65480339287
"217",195874257.282804,100987563.717071,4210.30038426865,291568847.984258,702133825.423654,248370411.567238,3225.04276770952,188928116.896161,2854648698.10483
"218",2782.53803245507,3021.07920263649,2996.83418470624,4098.47249013788,9619.62301513567,2745.30889769844,2732.37527141644,3699.17247569615,9167.01254236471
"219",3193.5686477582,3753.06827101582,4019.63677249663,8804.49583563055,110102.54070506,3150.69593390137,3327.30280006582,7150.65971630908,72697.5877788799
"220",2641.24529477686,2818.40266162512,2685.02265852683,3321.27438521265,5740.59972643899,2663.86139658607,2517.98116651638,3065.44406035362,5662.94230578434
"221",2648.62287760058,3095.91519235317,3148.33285278921,5129.42432197999,10312.4821694503,2587.93771101736,2559.63807569645,3821.5264065044,7191.67080640692
"222",2659.81527752822,3152.50553153908,3195.08994327637,5269.67176742038,31680.9560010446,2586.70630284484,2599.7206501729,4032.10872984404,17124.3152701976
"223",2612.87085326795,3244.75063527538,2530.15319854637,3220.03892216862,13270.867746163,2510.38847082686,2205.02417050883,2766.47229866434,9218.69795264264
"224",3663389756.76054,NA,2896.61442461004,3873.63315442147,13250.4204057973,3182.15084118259,2602.11897628774,3501.83446248754,10754.5481035565
"225",3375.83142017291,3701.83589662287,3292.01080229092,4781.1038726029,17895.3305597859,3377.15576642524,3093.61210878144,4611.09751249216,17033.7833123285
"226",3096.87403393895,3314.6068585673,3172.25398470944,4929.21557774226,16953.1789742298,2948.78576855464,2841.95571407691,4486.61584432138,15694.8406610162
"227",3076.62327526499,3810.40429328085,3802.27879707541,360652496.34344,20308.4009907205,3060.93130717311,3076.85297474714,4359.11766186852,33903949275.7586
"228",2846.39857330072,3213.66974831806,3053.36365713793,4012.20757397028,11041.959997437,2828.41814139258,2729.01709540236,3536.97394338378,8698.88974859939
"229",2810.67387788978,2947.07370904369,2601.01876168516,3354.36455737143,8114.35111135254,2807.43697893079,2477.05598666605,3184.07588560103,8203.58676865318
"230",2772.13321147902,2939.97243674624,2702.82368737672,3163.34648399837,5415.46665106018,2734.16098751589,2533.81806867723,2951.0163285612,4947.00316012056
"231",3045.68852125231,3324.21612449324,3155.58681630331,4548.79434529412,17232.7762973149,2935.84811651854,2803.50998773132,3953.20089010301,12674.1080418267
"232",2743.86411571165,3009.10002075059,3020.19119169762,4803.63707175688,13605.7261901437,2799.09271941662,2777.98633930119,4380.9194774602,12837.0105396622
"233",3157.42542741665,3468.51703923045,2874.15882477782,3356.26084634579,6279.80862635277,3024.23393660591,2622.47672925346,3035.12176659525,5201.29965198724
"234",23289796.9017165,111416459920.087,2502.91844611515,3291.27440948484,6718.55162496731,NA,2353.59209480024,3035.98780146197,6162.18224131609
"235",2930.64075617875,3239.69643395708,2750.53294831357,20182672.9961075,6347.98491742819,2869.92004735853,2501.98648631141,2919.33881521743,5353.94020575865
"236",2777.09365812493,180601827.384524,2839.06231157514,3989.8563278044,24146.9489094942,2864.24190180632,2707.57651201419,3840.40613070136,23423.1307659008
"237",3218.64422487242,4327.43972731626,4106.91914279855,6301.50267753808,13223.9445759147,3184.1303940033,3049.31057660143,4329.82125199074,8090.82324197862
"238",4317.44035224586,10117.9564187836,4209.31678159807,6246.28838480562,22833654126.0641,3622.84218715827,2632.37949547156,3458.14795180156,9622.17633983168
"239",3750.16610800339,5126.41304388185,3541.87196219285,4760.46375173035,20485.0215495454,3694.18894349285,2926.82583335377,3865.88977869625,13153.8920124873
"240",3827.29008947607,4507.01523109063,2914.72232707055,3871.04447263549,11332.495420564,3788.98043245672,2683.27931496183,3568.97739195258,9447.29557197595
"241",2687.27179860354,2900.72636477217,2670.62466561364,3207.60433431359,4936.57485671474,2612.13443549166,2442.44565465102,2852.20006769357,4141.83413198652
"242",6638.2188168375,5249.73756290023,3364.97619689991,4520.53896988772,28584.1131934577,7646.16292422146,3509.01979842515,4796.25421427306,48641.5278875224
"243",2785.61786462083,3390.51095718888,2840.74863726128,3387.91991018428,7382.82696340554,2701.46566665322,2433.02484058372,2801.71190947737,5015.9085827544
"244",2492.60081883362,2753.56377900048,2444.94054353911,2924.23942865518,6059.34614566603,2490.7834468225,2279.96331061816,2712.73830924934,4635.03006348465
"245",2652.18194753291,2777.30487801311,2819.86778423943,11435443.5407929,8768.57010290069,2600.46418917324,2633.81300901805,3545.00003148249,7826.43096168905
"246",2997.55754793691,3385.85116050186,2711.5945243837,3312.16764265309,7079.78781381625,3030.52135370056,2514.87858899767,3025.45763313839,6114.56480586932
"247",2984.40395252717,3071.86470554077,2907.06792019478,548615546.629904,5871.73640089604,2889.20606431209,2751.25128542352,3304.32773235318,5445.36002827822
"248",3033.52184348481,3459.52153616368,3353.70230986793,4436.85002881005,15412.2741816186,2989.31621934153,2967.24049416258,3871.00977511316,12032.2504348098
"249",2812.75574290189,3074.15704700303,2647.78187388544,3413.20008547959,11377.8430275936,2751.71847200533,2440.51094968782,3158.98558924501,9866.67833547697
"250",2616.17877267978,3001.55094992057,2631.61360553969,3274.62739966726,5973.16236169356,2527.05695616889,2306.6787851685,2747.29237309309,4529.24640662654
"251",2952.94317533412,3122.81958773855,3224.81160044579,4767.88783638369,12901.253357951,2854.32799195157,2930.79515819025,4297.59906078707,11123.0148256078
"252",2616.50092973858,2699.35224260582,2591.28578938973,3247.93713459405,5257.44722565905,2555.07336870816,2445.00566717537,3059.65926403565,4920.01733523632
"253",2815.2734071902,3169.1976822774,2836.6768365901,3495.09842183142,13081.0356162641,2711.63413348509,2509.29712348706,3056.97928960375,11537.1410884138
"254",5039.54337584751,9139.60237742655,4732.78266708093,6797.69948450426,29259.7706426951,4669.69533376439,3395.83587175353,4830.7378178728,15383.8062736261
"255",890892880.435386,9769437446.78299,3264.38169434091,4437.81797595362,8358.3013225048,8975301998.95879,2866.64708682458,3761.07693486018,6560.4751780407
"256",2693.06366354009,2941.13190157161,3024.44525294105,4571.83986162042,28760.4899636044,2663.46139682624,2696.92866987285,3909.59675006595,17315.2542714428
"257",3362.03896253085,4974.49522534114,4674.11498333074,8696.34029683151,21491.075549425,3342.0198718416,3191.16108957065,5316.50075950755,11250.298420724
"258",3191.46811721573,3911.43670598978,3775.18240754745,5268.55129421501,19704.7450106783,3125.82964026139,3121.9399256351,4266.26254616345,13731.6762720045
"259",2564.91055895339,2856.23274469802,2607.01408733094,3080.06428323069,5309.03848054515,2519.51198875867,2346.73990772574,2708.36514901613,4287.83022634526
"260",6512.49166032884,18951114.2622631,166483.647701403,498392430.00251,946878.157845427,5586.78170990673,5611.4237863524,10142.9006672205,24361.6171881658
"261",NA,4539.63614431227,5275.65973143081,12342.8883178792,26536.2827264426,366508474.278677,4355.26683501992,9047.91817916957,22329.7717354697
"262",3552.07704776212,6014.30695122739,4026.17520867506,5368.49890838681,3892278467449.85,3441.78636720177,2910.59288894714,3684.26430568813,12971.96113086
"263",2567.08487266332,2716.62866393041,2563.38754862607,2984.94596683282,4292.20402334086,2488.13458270526,2366.91366762349,2720.58325713074,3839.51291737799
"264",3241.35728237809,3949.54906590198,3013.30576250205,3985.41131364612,18501.5792578026,3297.26812328139,2636.8869425508,3409.79020989003,12968.4915813981
"265",3205.04997327183,3720.17015040835,3626.32666081683,6068.43589840045,45006.9991848418,3415.77536729896,3380.11053800129,5677.78485085299,51289.8056675471
"266",3198.87517816585,3553.92053075785,2979.35101224402,4151.10766006321,15748.6867746472,3190.2463432831,2645.7780338869,3646.33247143239,14790.6823642479
"267",3499.47443923627,127227638677.833,3700.09918522354,5086.89757320888,15902.5440499496,3401.09720524669,3193.8480130629,4374.18745369917,11445.599774395
"268",2881.62888801218,3213.95201031283,2878.08302001285,3678.98588748309,7204.6909705265,2764.36659467226,2553.71757891701,3208.42929635084,5816.12772800843
"269",2807.54709538746,2793.21394262617,2910.49058563502,4126.86941094721,8708.14680693995,2771.01169838162,2908.05641153865,4231.29774991776,9448.61025591966
"270",2556.78984303756,2963.56997259357,2735.87406836325,3643.63699712096,7554.15663068554,2463.62132667489,2384.04993215782,3071.39538717241,5533.54741975413
"271",3794.66533097246,860559411.374874,4134.56667987812,6661.67307468123,30113.553728196,3671.11257707343,3469.72763656326,5462.12123480732,24782.1898943971
"272",3379.51393938436,3822.58959017186,2644.72052390583,3237.80614951686,7604.65426657133,3159.11221476993,2432.54350767975,2945.97437494721,5896.184033929
"273",3541.6544251656,4214.17854555201,3241.23240042849,4361.43337655257,18270.5115472852,3281.94325153531,2630.83232026856,3419.46682471646,13822.2063233424
"274",2926.94022453833,3112.79014242401,2814.61672707468,3484.62520368164,5649.21512243015,2907.45781776736,2657.71394413641,3283.19455493837,5183.79170695521
"275",2859.48214503374,3647.01864876124,3638.78354559516,5935.45207138187,12609.7158937667,2796.50268163788,2773.44202442044,4152.52675579532,7742.60855748185
"276",2389.86963591896,2450.25489810783,2487.87440318421,3303.46808816252,4788.08630453036,2303.14495428881,2320.53499446667,3031.86472504523,4289.73879813827
"277",NA,4244.94284532563,4069.39235009437,5425.69957427269,14846.1425975089,3518.34504734215,3372.16426787394,4423.68318299673,11454.1493478694
"278",2864.99351651554,2968.54958645038,3176.9325683728,119545923.711094,27541.4032867767,2831.53916937562,3011.46899158214,5115.02486881971,29913.5839808931
"279",4121.22651660834,359684131.930062,6188.18804119576,13527.9390342421,42901.5739664398,3957.35238023111,4228.48890462132,8452.12948115065,29505.7237082488
"280",3176.62098502825,3952.65786788585,2958.88541392373,3998.71123114388,NA,3118.40118215808,2635.68730207097,3537.88374736382,10439.7472459789
"281",2762.31751439916,3008.75594118063,3137.96571607794,5580.26205479616,19321.0399567035,2698.86084174422,2762.82239161474,4793.35326407578,19004.3809401856
"282",2485.43388799345,2629.98315427969,2409.19930654175,2710.06658347034,4013.64158639879,2432.34679601395,2261.39637892119,2531.58027449021,3640.38634987247
"283",2596.69492009162,2771.08755165172,2851.946245277,4147.78133057109,9081.62513121665,2529.32206998483,2578.01412584398,3663.76873839406,7932.57852355386
"284",2954.80342334325,3164.0149360929,3223.50192839945,4501.46583256972,10746.3973391075,2907.33939019647,2960.80290146103,4176.16526457646,9850.42734995307
"285",3933.90733911688,4995.08804095546,3120.07119045798,3700.27435014613,13500.0868951845,4131.71328788699,2774.34923343215,739520629.272183,90094512.0778276
"286",229074590.593432,237035435.199081,2645.51565472492,3238.21478957769,5806.34657126702,2815.41375155495,2503.09973875828,3040.06436558082,5284.09059678014
"287",6411.9871181872,14720.8339510658,11069.3106350044,19352.5201600259,110798.405086637,5985.68882173521,6018.64511481027,10153.2747174817,32078.7515199089
"288",2950.00288734078,3434.10780564032,2905.20315470196,3761.99608762382,8882.50577561915,2918.31016392156,2570.81420522432,3223.37643786123,6547.70467230574
"289",4209.04511268693,4333.06241065456,2868.73449972287,3560.00663764295,9845.71323070488,701510860.46772,2765.03435877346,3451.84463240969,10430.5349178034
"290",2965.98642716924,3079.46756046315,2945.45560083659,8932936.02945112,11781.9805546365,2903.5135908542,2778.77969126845,3680.55826041984,14100.9448971075
"291",3511.1419874345,4046.00194861502,3486.61520579992,4661.49243424489,10799346206.1583,3526.94337463408,3112.65913596126,658603886.365801,20600.6920026785
"292",2593.70329652589,3106.30720227365,2952.24355064331,3939.38201750342,7137.36805412461,2555.59728379564,2491.68079718208,3141.25564566395,4921.33337865087
"293",2725.46387608297,3102.76615310161,2586.08095283894,3096.00445309023,5247.39557096881,2678.05853927991,2361.88449598866,2774.47339412698,4275.9717587346
"294",3337.79884189856,90855743501284.2,3263.45189224678,4561.54737759365,16668.0023412844,3291.40061758721,2910.42092990294,4013.00511153,63829003.1569864
"295",3883.70123543625,42150279.0154176,3240.50956827292,4090.54632944535,13743.5137870979,3921.14105105554,3067.0988931966,3878.70407281978,13877.3540925058
"296",2943.69221304047,3903.04724483482,3549.39187725279,4925.28126822394,10945.2264039531,2803.50455696884,2649.37293863105,3485.04341260999,6214.36177672182
"297",9941.12375895242,15531.5927050852,12212.7737932606,16226.8043500068,96035.2291058411,10356.8093412756,8398.83795369352,11167.3260233001,62805.5448365298
"298",2662.85209464119,18692195.0729101,2645.7283446487,3327.58927879464,5766.86623007863,2652.00573921599,2412.37360198675,2951.04455996358,4814.14492884996
"299",2430.46448661713,2688.36556261697,2641.3895057481,22809108.9333926,8805.53772653112,2369.94105384441,2337.23293136714,2884.77092348573,6303.35123287138
"300",2918.10184599954,3352.28918258354,2730.1082508097,3474.63198688991,9127.49149416149,2923.93781956474,2511.70389042189,3186.57269765155,7567.33749984903
"301",3191.63262333252,3857.60516427199,4378.03960444351,7214.18072415028,13045.7245083961,3327.44064471935,3508.83380161692,5572.261347636,10831.4702245503
"302",8088.83110777474,3091643278.65067,5326.62575944215,8169.33635176435,73806.5913417769,6189.47621942919,3963.66676237571,5916.24371381104,30315.6041775263
"303",2763.41336977983,3072.26601489907,2805.28453825448,3531.56829302309,17405573062.0992,2718.38147698369,2539.88726209273,3136.13736039429,7022.77392648573
"304",3696.34881387256,4099.88110032844,4186.03629700465,6424.32680069658,79705.8198443698,3814.01509965844,3912.56051796507,6304.22005096527,92433.2090011009
"305",3011.06454523169,3448.52281169891,2949.75408481571,3718.77425001912,7721.03522479586,2930.72972234236,2626.13841477993,581236092.932873,6345.65310031059
"306",3595.39797672438,4276.02470068974,2816.77791593717,3427.47108995937,11697.9126108331,3899.50730371456,2564.71068181548,3116.83017815593,10276.3801834746
"307",2626.69403257844,3033.73531598882,2988.44606114455,4146.44333741969,7596.38581960532,2562.73276346777,2514.00802623967,2295670302.9444,5699.27486335516
"308",2889.79979023428,3871.48719724089,3673.68674962283,902629339.052592,44661.365764667,2822.13994334905,2905.44168394472,8461739.7169353,24226.3582515862
"309",3263.55838023728,3324.48947264637,3423.98639013677,4887.8103391409,16183.9359926262,27738130.0661743,3324.88737260776,162408693.215281,15633.1717518515
"310",2470.9108597049,2732.06603092583,2824.7059525329,3873.98586889935,10111.570303678,2379.48946466733,2434.54092411097,3229.5385315958,8139.26702093026
"311",4296.27626937284,6306.65787275947,4305.1073463581,5743.31616097237,27084.961169008,4188.55400932447,3318.07755886834,4337.93851961763,15097.6864382987
"312",3923.48285368476,5273.3304754677,2938.93830229477,NA,13235.2207821179,3894.69075371132,2466.20896362487,3120.57827925365,9551.25831615187
"313",2685.81392519206,2983.54123554994,2635.42617032256,265754544.267668,8665.99578279263,2627.52574331385,2390.19927235567,3001.96344458133,8041.49960599735
"314",2721.66554994307,2919.80236589749,2656.64702497985,3146.04716358088,5196.87593634441,2640.91133516042,2452.36564932385,2864.06458752377,4398.3763881037
"315",2728.04579668959,3069.37182279756,3095.54276230793,4532.24509556818,14887.3293907879,2623.57761042725,2618.0729928,3632.01199146412,11901.427444261
"316",3161.33694145621,3633.449631212,3059.98552391643,3986.54897970598,7578.6026666458,3153.40751715732,2762.19674694663,3515.66660095965,6112.79550786411
"317",5118.59454317019,NA,4127.27834388674,5845.58327915078,39768.6412364301,5507.54947144061,3230.05714131636,4411.5769771234,30013.4024521717
"318",3643.87706697807,4163.91392306679,3522.80298661522,4708.83957210928,11314.8748572174,3370.37554465777,3010.33042230088,3957.96407511701,8611.53813316874
"319",3552.7050042936,4684.96656415947,3447.19389822429,780393044.404327,16268.8154710528,3477.20558070243,2871.56347818387,3917.25949460615,11583.7126307011
"320",2788.68541389442,2985.72261576762,2697.01256956877,3300.88896664296,6290.35539709845,2743.3649767138,2502.4178485577,3059.35030900792,5785.40885568714
"321",5133.10173893605,6289.20161946104,4972.28285820428,7885.75142104634,31588.309887044,5537.61853756802,4424.61310134331,6855.72541996423,34599.7381760775
"322",2827.65981597671,2938.28174634911,2750.12981038936,3461.748715316,4930.71136245383,2667.30033040452,2525.9713695643,3131.4263767988,4227.881638382
"323",NA,3588.72735344674,3433.51682087391,110519127.429266,90565.6978064883,NA,2630.27570032674,3930.45135780219,25516.7082084189
"324",2642.05260723712,2973.7267906599,2366.10442293568,2720.3434951121,4713.94775094208,2580.03771902957,2199.15638773043,2484.32853456875,3802.87513862965
"325",8331.40985493015,13618.6310697889,6998.50051295942,10680.8894015654,84882.1949563597,7858.99146517648,4775.72841531543,7149.20237271639,44974.9746809632
"326",35588705.6505603,65800441760597.3,3344.55951178234,4859.73683969441,11137.0222979556,2971.36950447356,2628.80487218071,3503.83634238093,6985.40766622598
"327",3189.8650783518,3586.05942117375,3486.95727726569,4938.6767905346,15326.5762079864,3211.89522761792,3166.14390547981,4454.75753998673,16199.6337535148
"328",2954.97575902363,3322.35651984459,2616.29515099689,3223.8390792417,6037.81388978,2945.08513612446,2428.40579765402,2909.74342487471,4941.79336625433
"329",2982.85059248948,3012.32243186753,2591.94452807873,2941.66993337293,4536.10066156033,3006.73398819564,2530.41925303306,2883.0561621687,4796.18310924432
"330",2685.11709234887,3456.52787834599,2326.82590826371,2674.34963476731,5802.67416129775,2582.13735304425,2054.76950554098,2252.38326193182,3615.23447875946
"331",2791.63135182082,2938.21711773601,2616.75680679242,2985.3328770583,4624.79000790551,2784.02331500809,2463.23835407025,2780.29632327378,4459.14866686606
"332",NA,NA,3234.04024931319,4105.74457322125,64474.4611414922,99348159806.7723,2941.97659056343,3772.04579347578,54518.640576776
"333",5398.22007686135,7009.33416806938,4345.10503498259,5856.83484619226,27201.2876071899,5480.22317249034,3443.66035981227,4539.73814058335,19500.751676013
"334",2888.51310702275,3046.6451079452,2782.29829907213,3840.20530482522,10362.4986675263,2903.10606765115,2632.57182475498,3669.36028382378,11463.0144154692
"335",2738.79027738172,2925.22450714739,2974.02401145031,4586.06019688298,12840.0192909235,2689.88275705348,2712.72870256868,4103.54726418138,11772.0210706577
"336",2632.38321875111,2713.05730532521,2700.20365410267,205533539.874545,6406.00559159985,2643.98550628159,2620.5526000357,98824450.1967494,6472.41208186532
"337",7989394.91981899,1011325359.77107,3018.45814692869,3551.42635885651,8271.352748019,3185.88621234661,2624.78068021293,3029.39940257427,6078.86037098168
"338",2845.88626975412,3412.72445839352,2926.1847315912,3844.0045556837,10251.4669851407,157130517.064419,2515.99601301328,3198.76711544082,7520.66014395211
"339",2722.74360973041,2903.38057102704,3051.14612741385,4233.25238486658,10932.2018451072,2683.94123355745,2826.32935347781,3940.09330536579,10358.3929930054
"340",2554.12687209092,2720.14483353598,2623.74963015039,3204.76027874452,4638.92178221835,2540.6478102573,2455.54201202469,2977.48098282593,4199.50041997442
"341",2840.65385904246,3447.92621376627,3568.11520009793,5285.2524606286,9836.52842396731,2744.73706623646,2793.35979426604,3900.13419597473,7145.97442473776
"342",3270.84146087291,6060.85793891756,3495.51812530076,4348.61385815584,16438.0889009648,3042.44461853402,2473.40385105822,2910.82291403565,6718.91544956508
"343",2765.2061053304,3049.43512150078,2993.50056960592,225414097.489045,7858.35938558384,2698.08798096306,2659.49984880005,3447.10494753918,6336.02179813961
"344",2888.43741813308,3185.64090751464,3181.56583898006,5328.56621206091,23192.2130884241,2922.81357051709,2925.82869078704,4922.5669896531,21551.1502598424
"345",2702.8052142442,969424524.531466,2974.84055276867,4417.44856072276,8951.4294033807,2639.59622206171,2601.83704980259,3615.8984624984,7516.26395563917
"346",2942.32349530306,3339.51407997289,3100.23946003714,3910.98301855208,17492.0551891538,2964.98488633729,2782.84468665364,3440.87651494913,12522.5000086346
"347",3141.31896420117,3850.57160152826,3510.03907426355,5034.42453086721,10886.6321243712,3067.29505654791,2891.15738749981,NA,7267.83659247093
"348",4850916574.05213,2818.12986612395,2762.22137426104,3427.89602848753,5582.28130196242,2272316317.46687,2518.24021158743,3058.43144843079,4576.01327340718
"349",3041.10155147258,3392.0019137682,2653.40888278807,3057.8203288974,6453.41928740357,2956.07386243155,2432.63737315396,2769.10515244518,5277.70405540488
"350",2694.04870956128,2751.60050745615,2545.1478452193,3212.07473518537,5791.90484929668,2652.48409098757,2451.89123483449,3107.0432122332,5585.28113111074
"351",2621.74499280891,3118.45390193604,3228.02877143972,418370953717.864,44792119362.2505,2530.36901310202,2582.22811890288,4226.95103949081,19104.9139747345
"352",3641.70481350289,4001.16812225847,3108.08615365631,4093.56512084364,11333.7138799738,3472.83992095106,2852.46831082318,3670.55405951085,11033.729555068
"353",2793.43498371127,2901.07521831119,3086.21969918706,5018.7544187861,12210.526554703,2741.14817548991,2923.62696414056,179281838.559966,13877.1930866893
"354",2765.5457211733,2937.3338705726,2866.1240888831,3569.08679415172,6129.30692714735,2707.80621466786,2643.54352688926,3246.70996488395,5389.14898802846
"355",3868.77719280533,5385.90571236852,5300.20377371969,12077.2178946357,66516.466489277,3865.5262645977,3699.21239177662,7823.49593130522,47559.5049948178
"356",2807.75069269494,3088.36630217818,2820.33519836984,847750591.014997,6109.38154590257,2765.03768588896,2582.94754475996,3104.84331298696,5046.74589817416
"357",2947.15329685482,3108.42354285279,2695.00024514468,3106.3238521875,7297.5270156863,2897.9119221369,2514.86942663268,2880.52542280878,7319.83636900357
"358",3105.71727889229,4055.01616481275,3440.87568741048,4496.71916632188,14919.9277998413,3035.13253096987,2813.21381211236,3553.23488560289,9383.26851433716
"359",3562.69370653182,4997.44748970422,5168.68256064738,9263.29852493184,17085.1543617274,3414.11874021936,3271.14621519919,5091.83751739478,9736.84457666902
"360",2960.942001467,3252.5310075334,2950.62471430682,3952.59227936771,7402.96620284089,2884.89908067534,2661.9315645958,3511.92219376715,6119.9146680597
"361",2726.96536090981,2924.65060309377,2857.25374159968,3788.19848822667,8943.63011698589,2678.0433419754,2618.75617515178,3419.32404761697,7546.81543907095
"362",3073.69718591621,3557.92091749567,3292.62185575625,4462.62897230114,15322.7867867012,3026.82133121964,2848.06430174242,3802.91918309483,11529.492441312
"363",2916.75406698143,3268.35752778556,3262.51585317999,4184.03336728631,5837.70761670689,2786.13034011639,2754.07555964057,3439.6936459002,4543.17766663974
"364",7193.79038998247,8586.63692711392,4254.94127788132,6585.52458707443,40958.3117886689,7608.42158757593,3506.27051031282,5374.48952830512,32100.974304804
"365",2813.40208465151,3580.36685411322,3401.57421694849,465665638082.13,46458.0985634356,2728.02068516945,2704.1582876177,52702519627.9844,23705.5245860521
"366",2481.93697302857,2637.69560137448,2374.85792097103,2798.29897915731,4264.31676352576,2425.4610336857,2224.97452104575,2564.07329451294,3695.2875500678
"367",2706.0215101862,2944.20465382238,2864.03764737941,3716.72971825463,6195.1876904377,2698.57254178124,2604.68957339383,3260.4609216722,5150.13859104508
"368",2747.74925249106,2744.40087465164,2485.60150740922,2873.5084685953,4303.68048075735,2673.36324762232,2371.58885928701,2732.81455534481,4265.29027531039
"369",4173.21452951922,117842113.328722,3563.02531859329,5013.7410709664,21269.2821212874,3758.11407312487,3023.45533428546,4275.1990766305,15148.9913802322
"370",329112868.83568,3956.22553453868,2891.32543922902,3830.64882434101,14415.8824859709,936118392.846855,2722.16229389032,3598.25458104723,15788.5727883979
"371",2756.34707644142,2837.85714038912,2858.48175183371,3646.34195889002,15520.738134546,2701.50605841959,2716.3250007039,3469.66087376098,16682.7946952063
"372",2572.60186117356,2901.86662471507,2782.58525997479,3695.66028417159,8588.60719046683,2501.56864463581,2428.61149739575,3092.13986001228,6654.71082392557
"373",2726.55520323477,2895.54058444397,2935.91398792136,4415.4628600153,10258.2538810343,2793.52262873533,2792.1909449879,4186.76186782694,12868.9867022407
"374",3057.06101940782,3341.23338463512,3001.21864978346,4051.7997934088,26210.3422502161,2979.98217461618,2726.88865285092,3681.0921403861,21812.7277828958
"375",2698.00822710289,3303.96399388122,2694.69268884097,3348.01667286581,7747.57269916728,2589.96343542082,2308.293977067,2718.37662650918,492565038.365762
"376",2544.42180307071,2575.5972904925,2506.61079713879,3309.30116522463,6254.49603556146,42521457.6373796,2474.4817532997,3362.14279526571,7261.49232504841
"377",2653.7849324944,2884.87194984507,2630.02442039202,3351.71471112039,5315.0089744736,2602.6801055374,2418.79773109399,309170494.601175,4544.17588214866
"378",2433.238072187,2505.77870969353,2471.43841574758,2969.94473231169,6233.71279190149,2366.41486866366,2335.74884081054,2819.06078563395,30960390839.5142
"379",3873.85248714592,5249.34014450937,3023.6354021674,3695.49639630365,14296.3391365697,4028.58959465012,2615.17572679473,3169.86305370373,11075.6806996784
"380",890739600.921167,3122.58461262927,2871.52864682826,3600.48309910026,52525631376.4846,2831.73521361283,2630.34979246286,3257.57737874935,22094.231759654
"381",2766.2088087381,3026.5805706578,2638.49591466583,3075.96080867913,5060.2903780847,2702.3587258679,2407.14805811296,2757.96720459951,4172.48573936937
"382",3469.11579629925,3663.47648831927,4206.1849395085,7366.67519772853,40354.241176534,3438.0241937766,3916.26504680501,6745.64585548237,42605.2333259879
"383",2502.53435625201,3034.84888515857,2921.72552887688,4245.06418785623,15260.0589290436,2420.55333581653,2413.11765102471,3350.49412715522,10182.6977411728
"384",3153.00806176954,3710.17134975098,3432.04436919294,4635.97476105511,9752.26566422159,3086.76782152972,2857.77545251831,3738.21932441568,7390.75135482148
"385",2915.87161185232,3689.28146788513,3667.77339444403,6183.4473398527,42390.750622844,2928.43181892121,2965.89215471204,4811.54232661432,1090007879.75324
"386",2913.69375773946,3257.98892883649,2928.24410262376,3531.2616964469,6410.85476361104,2790.70838717836,2569.60882113485,3006.77034019299,15721400.8767339
"387",2831.46106367601,3025.05665789616,2731.4799047942,3243.30085384626,7305.06321325135,2839.06294171253,2605.356360462,NA,7221.79650050214
"388",3093.78833082979,3503.84415192325,3196.53545563487,4096.32502787403,7050.97596943866,2939.75378713114,2749.63921394108,3382.13322335594,5240.02034677182
"389",1155658228.68659,51972358.8882637,2609.59018566034,3301.12949359793,5111.73802688477,2506.88612394303,2350.24845167041,2867.23627208914,3877.20476195581
"390",2705.64084338277,3002.8337848913,2780.42909703484,3639.4265747873,8945.61667018508,2656.03382933727,2486.38894644991,3205.73259419533,7425.05301866033
"391",2667.25796015083,2903.30498507829,2677.83202754068,3161.77566057945,7643.41742156439,2624.57708161295,2458.87531912581,2873.03490146497,5925.22660846463
"392",2646.66662327897,2713.21389682863,2738.8573973113,3563.71521573833,5429.70595232574,2586.84212962113,2593.54182215127,3385.44452446423,5523.21315395042
"393",2408.01388387831,2538.13284811681,2615.02817560759,3598.68328564912,7038.83301411675,2330.38596600981,2373.52530267825,3176.1485542871,6050.65088391767
"394",2762.81085136711,3284.94636228357,2641.37760058394,3185.1617453574,9253.82314026203,2760.58283724458,2377.61613821815,2838.08915484853,7333.97284068557
"395",5196.94048253533,5324.63789603185,3213.95488734332,3910.31866321868,19608.3151860537,4978.67202086596,2980.10662396732,3625.71580752137,21198.7186602168
"396",3111.12443914951,3226.67891935672,2646.08574504281,3107.20466006374,5483.77050223156,3147.74570207895,2527.10813500658,2970.66535139253,5401.83960015586
"397",2646.62041070649,3314.130926723,2951.55875579956,4109.61873475681,8640.36957668708,2556.17212169715,2434.4725071254,3237.66101921807,5272.90619078141
"398",2794.19646409552,2822.88873881139,2200.39114815454,2467.45667837599,4341.7190266881,2677.5035630683,2112.26450647204,2367.8364845836,4080.82688373641
"399",3073.26602172766,3524.35720229385,3012.62533641536,3739.23865678376,9314.22043473802,3053.70274072301,2713.15508592967,3384.53245048884,7780.72137939767
"400",2649.82380450933,2856.27995397637,2593.91558593011,3031.76347177699,4947.18393380204,2623.528602546,2406.48326924208,2769.28086080011,4419.91666761027
"401",3022.20290164306,3401.55171541592,2671.1235811194,3272.86492272992,6467.93504516282,2800.12177596248,2414.76046028407,2865.1954924332,4684.56510455592
"402",2634.56884544824,3223.66065089175,2839.42799023715,3720.39104370539,11424.4275775818,2513.78306616381,2375.63035068791,3032.2294963694,7728.16919126175
"403",2593.31001522779,2876.2746553792,2548.76685931457,3238.3201996823,6150.11939695507,2473.50149248439,2290.53763778145,2793.59378234762,4408.81872563684
"404",2769.53805318563,3267.51750266555,3004.70657541862,3823.02064635332,7971.52132768363,2687.66932445106,2549.17922759687,3140.58239119169,5795.66220448568
"405",3160.21856363147,3713.71847395827,3104.1741195598,NA,8802.07822618747,3144.54452822035,2734.82485670345,48044252088.5343,7259.35680660319
"406",2626.32937628732,2833.78057154525,2777.25093074772,4033.3318027193,13033.3630078325,2606.84870387869,2570.89396038267,3718.14436458544,14246.0742457326
"407",2718.948383146,2854.98335925199,2672.72680554083,3072.81286970542,5144.3382503271,2667.60409134782,2495.06874830618,2834.92625787205,4695.98689356918
"408",2748.2115553063,2936.40900800779,2805.20258009027,3436.79262006086,6091.92104491372,2706.65017890876,2610.03914267776,3154.20311578942,5730.2577730042
"409",3385.6993067415,4193.01477205233,3246.55091199917,4037.14297113606,8678.6848706634,3288.88791043809,2750.37306507053,3343.45777290292,6324.33479910809
"410",3000.1711522874,3229.42556487261,2494.3335035869,3075.13664207825,10087.2359077351,2870.56643110681,2278.77301629597,2793.16214932576,8792.91716326415
"411",4098.31001316449,578538900.41082,6511.22877212919,11289.5570372162,33479.9787162377,4023.52051593949,3919.29119144266,6158.03163999168,12702.8584841157
"412",2859.69517523496,2969.32602788011,2903.42317507211,3875.98578755982,10542.0221417147,2884.88217007975,2792.39413360168,3731.85325105377,10886.2458798125
"413",2702.34850457252,2904.59902769415,2727.3850882465,3385.68989968724,9330.75957544563,2604.76721715955,2472.85660406933,3020.7637839272,6170.34327986617
"414",2893.22228891434,3090.39236229416,2671.69476851337,3161.746663479,5889.50937529375,2766.041435247,2456.16177878241,2885.84403779069,5192.42406533626
"415",2781.5020098885,3126.21846934878,2819.10862774023,3549.25336852308,5889.75838690065,2749.13105652039,2500.81099141665,3055.52969574914,4873.29241304458
"416",2577.14708824965,2681.71144353397,2677.00820214004,3499.952331492,6092.53198279976,2558.51056808651,2548.40815752154,3344.92917684833,5815.82744087248
"417",2711.81979402941,2896.51046495009,2687.20196304846,3207.48122759906,4939.80980077267,2595.3403638417,2427.39703028388,2807.2247029356,4000.640362971
"418",3726.95166250826,4617.86781906616,4060.3319764276,6103.54033740253,37679.0015238456,3620.71470836803,3429.37236066729,5271.70113184654,27366.4132268583
"419",3064.40783145437,3177.01623434954,2888.05867893253,3767.59135364884,10522.3768623647,2996.99219907094,2760.90734874182,3643.47090035956,12800.590444128
"420",2747.893539529,45692050.4763466,3580.54650183224,5744.88085098333,21650.2387911889,2662.60149930535,2682.85678477048,4033.29891387367,12230.4991167555
"421",1741392574478026,524296529384261,3877.24446019829,5985.74065473925,85565.2488082893,3075496806898.64,3402.10103547932,5233.49362591052,72982.8915197629
"422",3302.72989186089,4430.76233490812,3842.20071618351,5004.71245556803,15703875207.9733,3359.12271912685,3032.30958878012,23546487.0951728,12676.8803436398
"423",2394.12733807385,2496.40480790977,2440.96625264422,3175.11223202419,4684.57601468158,2315.97443016132,2236.89650007702,2844.33599492246,4050.08869353757
"424",2932.80339416447,4124.70864709847,4225.24583944175,8958.07108900033,87442924.1109411,2896.68692089692,2942.02983844881,169603760.134275,23270.7168572474
"425",3827.1973867813,4726.9998536349,3986.83367082174,5823.87765954357,77106.6169680618,3782.44304369241,3311.73383896349,24232708669.0361,76784.580729082
"426",237082770888653568,62928174311547736,3011.5874094914,3723.04370279763,15616.5374367208,NA,2801.52076269072,3470.17856874399,13376.4017994856
"427",2786.63533118737,2982.30314800793,2451.59327877506,2926.99458600706,4977.96516528573,2789.7154849336,2315.56413052726,2731.03737794429,4543.98383802704
"428",NA,29790108.3570031,2825.53329610698,3471.89266379098,6077.02821084389,2819.72974377207,2494.88164888604,2967.51289207873,4727.46856741942
"429",5208.75374508295,11463.5393200563,3661.65678071155,5132.61003007787,53127.1309814288,5398.55002722481,3075.94275325968,179611371.044327,25600.9914012525
"430",2593.37928565982,3088.39189537517,3029.65615133069,4123.943021101,12900.1344259094,2585.35053737416,2568.31793591018,3433.97158125754,10048.895367244
"431",3044.39969955366,3354.60314830403,2645.55401195201,3192.03062346941,6628.53450471294,3017.92279053983,2466.3851722563,2951.61439420321,5692.80989279124
"432",2439.04797095226,2613.7219229824,2463.80294098486,2982.1398339599,6101.13695664753,2377.59453303862,2274.94204336129,2694.26665805802,4814.45195333415
"433",2356.75708162501,2701.56799289254,2768.3750018197,4073.78740024102,8810.98518185552,2392.41589235111,2441.86843514799,3444.90172871526,6641.24303276195
"434",2833.92343614245,3122.69804476187,2454.36161813385,3023.04120248214,7587.50199026219,2778.84770819676,2247.97926092219,2723.05773081726,7006.84945611328
"435",3111.4619554853,3287.86745381077,2928.38320045074,3611.53633308436,12474.0566399616,3037.18798254106,2729.40864399585,3359.209931314,13367.023939641
"436",NA,2967.32301783077,2871.2069683908,3870.98494720918,26857.1185759597,21313708.8006716,2571.63563983161,3412.75942644407,20043.1421845319
"437",2805.88809479259,2980.50931244448,2973.49174829641,4530.06519512664,43328.8739087565,2707.0566661903,2660.47859794207,4014.87695378449,34844.7046415323
"438",3060.32795470354,3481.24544244315,3553.97180306469,4947.86153814995,7390.45958286912,2918.41214213079,2865.54228151224,3760.21750037505,5555.14019450961
"439",3924.69151927432,4436.65108558417,4179.70412440833,6538.10629795294,50939.1698530834,3977.10500151256,3651.97414894818,5791.3029746412,55534.1712122855
"440",3254.56787868136,3604.62838980619,2703.10895297157,3067.25436052184,7606633319.30137,3060.69170773116,2451.45196079256,2752.7842721625,4888.48719786285
"441",4002.80521567389,4828.65428730971,4687.36514589355,57620296.735705,66287.4399429794,3849.47293227277,3906.04397383685,3483590182.20239,43316.3502378238
"442",2640.50166879358,2744.47225229397,2885.87117235847,4403.51861941508,15340.8293810545,2653.18637279006,2777.61680712595,4339.2069960274,20287.0346290306
"443",2989.25491314182,227827726.225259,2724.13672393545,3219.26511246842,7530.04752742283,2907.58212255133,2318.35020140874,2658.22033290034,4720.32132077927
"444",2989.30837933924,3200.88611701028,2954.99796546719,3457.59363587108,9857.15183360506,2877.92612532664,2720.35803238752,3210.52036887142,49769705198.9444
"445",4134.33603653486,5197.99592673217,4892.90695356214,6639.38876195033,22682.8190901211,4293.4017912882,3827.12982053565,5038.62792567243,20145.2177877696
"446",NA,150192318.604722,3678.60427146413,5686.43843903335,16896.818863435,52079778.9452834,3113.86883823657,4744.33977500576,12631.189434839
"447",3001.55352907365,3561.65550684328,3149.4948308618,4256.35018386338,10203.62714359,2975.16884457827,2700.93612193864,3496.46073622623,7773.79927401584
"448",2972.68375558401,3232.90128673942,3134.6214690536,3984.68248437429,10449.8083637153,3003.35096590424,2918.24205310423,3697.32702543335,1211981853.85959
"449",3170.86454650338,3323.56225953165,3357.06813415029,4582.85985143142,47635.0276259186,3126.98263904337,3179.14554356089,4474.7421657181,43393.6573138288
"450",1013228764.21297,4371893970.89935,2641.08616837824,3648.65458149831,12632.8657084461,4788759465.62325,2541.27886784473,3545.46416288112,11775.4586769601
"451",3198.23849733764,3461.7905451745,2784.68702678145,3317.02955447678,5937.63812954061,3094.93643093578,2546.2287081949,2995.8524560021,5068.53374075717
"452",4404.95489966897,5515.73248645887,3449.16596937171,4495.6422087802,41898.1848519194,4268.08170768239,3081.5115129806,4093.32462195262,31768.7284801001
"453",2847.65370517771,3246.56696199483,2804.45635983159,3529.42146665423,8158.71647594449,2797.63073404144,2511.11484526648,3101.73680542388,6875.3140930811
"454",20982030.5277658,2914.3170126241,2909.28892898323,4255.58437481127,11202.7992370288,2585.57624869696,2574.86362975083,3702.1053945931,9262.0366056309
"455",3388.67609042193,4094.57803759688,3998.29410618493,6876.9787228483,49878.7928367781,3382.23173005186,3357.49583039067,272906843.272215,41148.4313308611
"456",2338.9905995464,2443.99868644663,2266.07700573727,2827.46194775195,4606.99826639575,2282.37801166104,2140.88961926811,2664.18994008715,4227.08792845943
"457",2749.87551461951,3194.8718556934,3002.66546628566,4290.67678711322,9685.16465725143,2653.51362245499,2515.22386456672,3452.25872264274,6755.22409599861
"458",97545696878249.7,61587852654118.7,3348.21826609455,4656.29878208734,22256.6926480377,12816015719956480,3035.62851429864,4187.25957057735,18778.4229980047
"459",3294.18502765449,3426.11060176854,3187.24833429819,4352.97263720552,14628.4815795772,3167.59730861779,2972.39470360132,4080.14432037637,13403.3696883464
"460",3932.53765129689,5495.52455199011,3601.42171723484,4562.16604451236,14496.6880908062,3484.54222021896,2855.37796680145,3554.6848240223,8204.05021606281
"461",5700.74321106635,8122.64967986322,5438.95851727498,8131.09674474479,186775314239.753,5525.50527135707,4402.71870626256,6852.38105082984,78949.4705208523
"462",2791.44205803631,3194.17712329601,3149.31040609914,4945.75394870189,19835.9137130994,2707.94930820036,2704.13225752831,3988.93342056989,11969.4549280479
"463",3663.75860241974,3967.99972063527,4162.19634954751,6411.38886605087,25252.5147952878,3473.64799918522,3670.95695479682,5686.49860646866,22745.5611321721
"464",13365.5053004391,17125.9132999599,4756.19954293614,6817.38017200923,129497.745439988,13959.0199707583,4159.38350469579,5996.20493884353,90802.6985881793
"465",2752.49128092029,2955.60088562305,2828.38105765338,3528.17414200875,5095.76008435603,2675.45605509857,2555.0512859235,3107.9667855246,4316.9761650602
"466",2799.93848324993,3160.8422127699,2651.29424395942,3288.58266480184,6289.87494464277,2763.00719595807,2410.8944653621,2898.0151906509,5310.78843624087
"467",2475.18671460073,2575.70726348629,2472.98345069626,3210.80911285732,10541.8194821618,2445.67062915799,2360.46789217396,3119.39989430481,11097.7327902644
"468",3072.01006152379,3705.26585154554,3901.23221943906,6446.34738657915,20674.4055874495,3025.06584463622,3060.39912518305,4766.70791278904,33430720626074.5
"469",3291.25883569352,3494.07390182776,2914.68572614002,3665.09935675026,15869.8383682206,3289.92445671618,2749.87084622178,3472.0952478729,18225.4780787693
"470",2554.04482170066,2826.49134966158,2537.930571727,3129.82077518678,5279.73913913876,2429.8014312591,2244.78957253652,2694.60975186489,4181.36339377329
"471",4017.29586938394,4578.28441144063,3547.16706139411,4428.52227360483,14183.9456188394,4175.08008860799,3234.29708119019,4014.78948177651,13473.818786507
"472",3234.01575594452,3279.4147097413,3624.16784472967,6230.04542011854,12714.0642295619,3178.30555286826,3438.90560229384,5998.73697447414,12986.3366573275
"473",3331.27275881696,4122.0336127549,3804.24150920087,NA,83047.3566826082,3410.73495215896,3228.91344095688,4954.31120017478,58706.0922897922
"474",2746.36597448406,2946.03621655525,3094.59224352221,4883.84665887991,13562.3881139756,NA,2732.75803531316,4276.44856458798,11573.0894349787
"475",3609.24784238615,4162.98370706405,3951.64285868152,6363.03959095399,15966.220929258,3828.26995909056,3469.16391586626,5545.70533762263,17125.5267553125
"476",2931.64658380909,3811.70232470751,3266.11523737117,4569.6421357363,13768.3064267883,2994.39549477402,2651.94230804079,3600.2804611325,10665.8901135539
"477",3421.7152886251,6419.02218043361,4797.98351943756,8676.16148540963,42892.9491959784,3551.55015903828,3024.62606173267,4769.98971886504,20256.2099967216
"478",2859.33498072679,2910.28334093651,2936.85044124563,4183.27385264468,10370.580989378,2939.56319865082,2924.0042716048,4190.5634513913,11961.9099925584
"479",3047.97964319911,3276.0081800593,2998.80630437697,4025.69566976598,11687.6286338601,2933.41371716545,2592.32541345445,3425.37855967562,10114.0344286027
"480",2579.43022199907,2790.3195343141,2760.54117890118,3979.20725081477,12447.5234986683,2506.18908584971,2490.32084558979,1045016132.03515,13019.0297352356
"481",2879.28247686588,3075.60101814406,2676.01125564646,3319.33878777627,7155.50741500895,2738.78545614661,2405.47848229555,2957.63205468846,6551.96995654761
"482",2651.43990695279,2923.47094850194,2949.04039054136,4072.64185007306,6920.68948573227,2582.16374376045,2580.20612394921,3410.46604197838,5400.3533137117
"483",2925.47901884388,4517.61313257424,3601.54790007402,4865.04721900343,11666.9006454882,2785.67487555831,2617.72610330627,3228.01758751927,5217.3110015596
"484",3243.85292067485,3282.5238919312,3196.95048926593,19267717.7648605,11572.1590637407,3129.52387265848,3055.06844294013,4170.20358745596,147525048.094962
"485",2975.43444666824,3183.11373071015,3071.96082230264,3753.58725869837,7681.85462663517,2835.49574650152,2711.55575257967,3299.26308911892,6430.88408351181
"486",2849.88114506913,3030.96441396112,2515.07006896604,3040.51925099678,6373.20001901916,2804.96150060434,2380.20438287834,2875.78772852525,6400.96000305357
"487",3789.11587556362,4280.35543817098,3692.7499592593,5177.72141956065,19797.785850228,NA,3093.28795338073,4272.99145934144,16273.8564073401
"488",2926.0044493588,3389.57840258771,3111.88619539481,994636131.999556,8501.85254520374,2895.99538388287,2737.91009502616,3395.88848999063,7127.37191946846
"489",2787.2977892231,2998.14228392765,2694.5810129907,3111.03835984137,5560.34333432933,2670.53653045907,2465.36873746191,2816.07600006902,4775.47562625686
"490",2876.00314362315,3433.67343615223,2789.90490383937,3818.0266362278,9146.65200197987,2752.7907049827,2417.66640264158,3143.59777315377,6261.54461441478
"491",3060.13424056887,3341.16359992442,2970.83956875296,3657.09816193393,9223.05832839157,2949.06481181113,2674.71746774764,3241.12902964627,7837.69117993994
"492",3253.49558762959,3761.57302549377,3667.26891256378,5079.51451885482,16287.7071292644,3132.6140775979,3094.44614142098,4268.14108616702,13073.5852411888
"493",3100.74002759656,3328.80166547114,2729.68620769854,3362.65889951984,15999.0193466172,3108.20076358307,2543.80969820222,3086.21842851996,14639.5319293083
"494",2644.32795127194,2914.88233431065,2757.96746617798,3482.71235873755,58482823181.6323,2571.07334248477,2463.06218220766,3030.2139214543,76699232.89848
"495",5590.92492770884,9648.41397973885,14822.2416520369,29394.3777438726,50856.6633853066,6480.81897530384,5152.44711719168,9316.11953834034,25882.440632993
"496",2453.30096001545,2684.42347947734,2535.92347489186,3046.61427061131,4521.75561262894,2394.25763069489,2313.18066212493,2663.22541743859,3561.32031570326
"497",2473.10615264228,2837.17108906671,2722.4864471637,3625.53215966728,11430.1257667481,2387.86179343307,2332.82434318365,7762286.78484289,7068.76854486555
"498",2667.25043125748,2740.38466921525,2623.33708069734,601206488.423427,7028.51386400681,2578.91992402427,2468.29206571821,3012.58671417309,6314.05909186573
"499",5484.46139347759,5247.39874097993,3226.08203571402,4426.51669905024,13135.9954608332,6230.82344523458,3256.21705254549,4541.44057874985,16816.6729987678
"500",2839.61872052392,3158.84793159448,2923.28026872525,4065.07055427477,30358.6625757186,2803.54919535561,2597.75519305368,3610.42633595469,23277.0913570817
