"","correct","wrong_link","poisson","geom","oizt","ztHurdle","ztoi"
"1",881.084449929757,881.172927780937,816.781129486862,1140.53190696193,884.153856692943,937.030504902343,937.030504902343
"2",913.797414985201,913.892973223193,829.934514200256,1175.95797246385,915.047608630484,983.570873597928,983.570873597928
"3",934.862567857126,932.94655001817,827.816239332433,1137.23578704624,971.522255222828,1025.08927344346,1025.08927344346
"4",875.124343169647,874.214390003174,792.027581246468,1072.40246996642,876.232480822804,950.511518480948,950.511518480948
"5",918.820729043117,917.40328969825,813.148075257245,1150.61973441983,930.58025570816,995.240581155399,995.240581155399
"6",861.36461827101,861.219459947356,807.039424872221,1104.55274940145,882.363385736658,911.46392027863,911.46392027863
"7",847.848402126653,847.114691917385,789.414628817409,1056.55464105491,842.912078299563,909.387961660418,909.387961660418
"8",892.671015421187,4359012.35778204,812.482792871902,1147.43216691689,994.936328811837,957.146606354488,957.146606354488
"9",849.18502081375,848.209640317234,794.587612109546,1086.80487498898,913.189204027418,899.670196139232,899.670196139232
"10",890.279260745863,889.985300469452,794.050472056473,1098.92713242261,906.634854245877,980.443646417001,980.443646417001
"11",888.619890185599,887.387639984692,801.986204366306,1082.86660221739,892.161709757936,967.438923920676,967.438923920676
"12",879.853588264489,7502524049085288,796.904226863347,1044.32835895083,897.44403760945,950.56468656812,950.56468656812
"13",869.071634456816,868.572106430323,812.98041826136,1087.20922496665,868.047889733927,913.153838599077,913.153838599077
"14",875.518082062912,139663889.968641,787.906335946787,1104.31211719239,926.307688493197,961.558969661336,961.558969661336
"15",869.822230795209,868.347776894462,792.458003635772,1071.75365089063,891.078435403166,931.155468301414,931.155468301414
"16",915.762926955806,915.091082153748,799.053102001018,1163.68952074709,941.326039617774,1006.8234993574,1006.8234993574
"17",849.554514040715,848.44752762001,791.826229222409,1058.49253793276,838.293667826498,895.229721580062,895.229721580062
"18",871.480842891908,871.461556637965,804.856067722029,1078.03159993065,873.17320058534,934.001784412109,934.001784412109
"19",888.225871492611,888.420418400255,793.7427795422,1053.06071565032,967.705660218771,960.014086655423,960.014086655423
"20",882.424155018198,879.949612239492,785.111649228942,1061.54202520388,897.957276749619,957.908246146162,957.908246146162
"21",902.391663016934,902.847554405071,823.467748770946,1067.54863400791,905.530694840737,969.69340115053,969.69340115053
"22",918.875471175138,916.773267362279,842.672993516304,1138.5601847964,911.479464345664,984.173869620437,984.173869620437
"23",866.454102538293,866.215383634783,799.087155212501,1113.20200822887,903.834151716958,941.944152310962,941.944152310962
"24",846.939799322686,847.526472506596,793.414142946875,1093.38812349799,851.040698109311,916.997387956522,916.997387956522
"25",924.402068866701,925.107663837351,838.472501108065,1178.52390596473,958.00559351383,1010.41045701362,1010.41045701362
"26",949.660617329338,4205249271249464,833.577516274838,1147.86066310089,962.495046951407,1031.95242116597,1031.95242116597
"27",892.587104676893,894.491874896579,819.003124212889,1092.2973460238,897.293038038414,972.27945289978,972.27945289978
"28",863.046878799179,862.154595904879,785.373155265281,1051.33022018505,937.551146917934,924.026626138855,924.026626138855
"29",889.891646985106,888.388278602186,815.682218214626,1148.69539037079,903.82125801483,946.484502184019,946.484502184019
"30",874.520794578321,874.539549492476,814.380351951836,1073.0195617005,875.631021999943,940.535276357044,940.535276357044
"31",871.677016047281,871.425320864033,794.14440435233,1083.76125453942,883.745262861988,929.945605467283,929.945605467283
"32",904.567022212228,903.056659988301,814.057783200625,1107.68406164388,926.153049877612,981.367054864776,981.367054864776
"33",865.274497939645,864.25623394493,787.892116215489,1078.67258511468,861.855977681926,927.666873347958,927.666873347958
"34",868.606104277711,869.529519867232,794.974419077706,1088.05165625238,984.136058980139,936.078425725745,936.078425725745
"35",881.71800302805,880.509641233256,807.256525447443,1102.56769957735,858.75659048294,940.398811363184,940.398811363184
"36",885.426939265601,884.47282666763,814.239376481758,1088.29063061447,888.631852829945,939.49449366356,939.49449366356
"37",904.050081355679,902.522382325018,799.730414083986,1095.54581156046,1021.11787466764,986.161774174446,986.161774174446
"38",838.59327157079,837.942601667074,785.099143233836,1037.58882663208,837.548818760495,891.123216240989,891.123216240989
"39",862.179465845932,861.341627676064,798.754887661011,1091.43362061053,859.311167663313,910.195226320765,910.195226320765
"40",879.979143106901,879.816034150997,808.764134698561,1109.84865673925,909.711467771087,941.137730767797,941.137730767797
"41",884.799189709515,883.296362965046,808.880840321084,1105.33808143212,908.911718481357,946.79558183113,946.79558183113
"42",840.794397778104,839.974418057702,794.205024169424,1054.0030611482,838.316236720901,880.860674984573,880.860674984573
"43",868.425268514518,866.979336285043,798.219825218946,1074.44015926639,959.937498813854,947.565867920496,947.565867920496
"44",879.923874732963,879.672788724253,808.24291787855,1067.35823974308,882.063629485527,958.026549502718,958.026549502718
"45",883.115139570453,881.346974595212,787.268832443667,1096.68003616847,911.200460866661,959.621762946973,959.621762946973
"46",958.286917971546,957.791608354042,849.317683068221,1199.78681157723,1062.80620531389,1045.21986714264,1045.21986714264
"47",863.215037817709,862.792108729674,795.597618513145,1078.43344674012,871.777038480641,930.701286301538,930.701286301538
"48",857.551127052119,856.046390405508,808.125688884841,1109.56463215809,854.008947263511,895.915747662693,895.915747662693
"49",882.588924312074,881.677328826097,810.256747822632,1115.18458347238,904.265774734495,945.866651478801,945.866651478801
"50",903.27030933766,902.869325001432,810.728974244866,1127.28995496552,1020.31153908768,978.415491203462,978.415491203462
"51",878.817577003769,1579963.46118974,802.481764946356,1094.3507797208,890.163306687157,938.430041014471,938.430041014471
"52",914.193080862906,910.206745249582,814.646418983022,1100.83025232358,934.840515954624,985.526185725313,985.526185725313
"53",861.262645421792,858.271940064678,801.408820916827,1041.25713015827,907.773276698649,932.554703446591,932.554703446591
"54",882.185140076332,882.495303526133,785.512585282292,1067.63035610516,886.310157949908,984.707405959482,984.707405959482
"55",912.027184648297,912.205240782228,817.025058453774,1120.30604369781,972.280844067614,993.644096075507,993.644096075507
"56",865.964597340989,865.999068122711,788.710574473703,1063.20426897264,871.009315844445,930.062232981449,930.062232981449
"57",885.384820085349,884.006218247577,808.989327822814,1106.97386745752,917.489536629685,941.704772377264,941.704772377264
"58",902.905012609936,900.772106756038,802.88988302913,1120.60918038952,1000.02905558383,986.529483095888,986.529483095888
"59",844.305074353965,844.166946101103,796.993870498272,1063.18366281339,848.343928149999,882.62415521118,882.62415521118
"60",877.38016088379,876.96104771074,819.743597662307,1109.59074984628,876.245423910413,925.086279800994,925.086279800994
"61",872.011424604478,872.745232571005,803.753934028525,1119.9663286252,954.149942061203,940.040882230863,940.040882230863
"62",868.003851601041,867.109048762696,800.681107871948,1085.55879558978,869.026530134649,930.581638705609,930.581638705609
"63",908.929767516218,907.717987933643,824.97264657199,1133.06932012158,970.998504924569,970.022030387204,970.022030387204
"64",890.085195930302,14695245.200909,801.267780814366,1059.39306788194,887.627158409654,959.342484508968,959.342484508968
"65",892.665811769636,893.430627668978,815.051000179447,1077.75978758199,979.06260713318,965.094030174645,965.094030174645
"66",897.796601473571,895.10087414587,797.440692154121,1089.85725146449,957.670568007164,983.951371848523,983.951371848523
"67",921.304252712728,920.26365461611,817.412646949395,1199.31377098459,947.434121509955,1004.58824872156,1004.58824872156
"68",852.204537388065,852.241643264176,786.563352457661,1089.48569285774,841.35709301563,914.033504363876,914.033504363876
"69",905.25988255649,904.815010893313,816.387350216449,1091.3853905585,983.39587091438,976.199150686552,976.199150686552
"70",866.162803209507,864.742208279257,797.422875620848,1038.11411161155,869.198819247429,926.323583288619,926.323583288619
"71",879.878897677973,880.311109910197,808.384314387232,1118.17910514773,926.765534211119,948.715253113613,948.715253113613
"72",856.982895155938,856.29724589211,803.401095882984,1137.46568126679,887.335158166767,913.692695709517,913.692695709517
"73",927.415354930939,925.061649746538,825.489714286173,1139.42588393316,1000.54406204263,1009.06235679126,1009.06235679126
"74",921.326299830421,922.543369886896,818.018114307941,1114.51910080238,913.955451055848,1036.46925133938,1036.46925133938
"75",897.265448541487,898.062756036798,810.908741531585,1116.76746148794,914.077715840024,973.03815498475,973.03815498475
"76",929.477800168105,928.064339521312,817.367883253852,1143.79638112359,964.193015632452,1030.25445676269,1030.25445676269
"77",896.966403999769,800,809.250882502907,1095.20613554992,883.318948353883,968.024572610771,968.024572610771
"78",894.204700389158,893.31184847866,814.443702817739,1107.31514571344,1018.7656913209,959.390036131558,959.390036131558
"79",823.812414682657,823.690564856341,776.80447543548,1052.37570459673,827.491092534261,864.564840857456,864.564840857456
"80",849.088954913462,849.274133093946,784.349776526664,1044.25504525295,850.154343321602,909.880010983923,909.880010983923
"81",917.703810950054,916.641341777118,818.341473261226,1113.24202128275,896.764660590642,993.442467352033,993.442467352033
"82",875.764596953179,873.560354573669,796.681027477922,1067.55585374119,895.849182586792,931.65490710353,931.65490710353
"83",877.866782230019,3680206.48170325,802.859187326998,1073.98590018034,927.215586809708,931.720119556177,931.720119556177
"84",859.26375475432,857.823387868468,796.899654503182,1076.70981422798,823.602003131879,911.092774516933,911.092774516933
"85",896.935812678233,896.476286459362,811.11355040254,1134.70104213072,922.585246837247,963.086562136473,963.086562136473
"86",924.676852981194,4656285291.01235,826.51612538623,1160.15162580098,926.359280557755,1008.65437013692,1008.65437013692
"87",881.717040768763,879.165813519347,780.139912097331,1071.08903585445,945.387481283745,961.13060351481,961.13060351481
"88",916.747559465623,914.530131993104,822.803130582213,1107.48364706564,924.014763762584,997.003153929007,997.003153929007
"89",892.670619576632,892.487459994897,800.476581881282,1112.87642612353,993.731365893228,956.068171117398,956.068171117398
"90",872.427246727548,872.534440310806,807.851270390405,1120.87881411959,888.874213764412,926.163762663657,926.163762663657
"91",875.424081692194,873.998503823271,791.436082319051,1034.0395922713,879.608658547853,943.61448271575,943.61448271575
"92",920.588432571974,916.497369727186,820.831081307962,1144.01060984661,952.459494691532,1006.0785782379,1006.0785782379
"93",899.965962421689,898.832278243887,803.999361304071,1111.31510352818,969.331539247118,982.884181695175,982.884181695175
"94",882.675789642727,883.107477284641,794.469349628855,1138.0104842213,901.355833383238,957.492106438392,957.492106438392
"95",904.132823275664,903.003694442729,809.276477394262,1098.38498758169,922.417643459023,1007.34561754822,1007.34561754822
"96",929.002833273909,930.325087309277,828.395083230768,1152.9602025918,945.70802462084,1018.11103121498,1018.11103121498
"97",5633791.15725192,867.85530586728,780.771766342692,1051.26151438819,968.2704937607,944.8967515321,944.8967515321
"98",865.226140301659,864.799198879665,788.365215493894,1073.86224323237,911.225183117839,929.030150902991,929.030150902991
"99",878.729267058182,877.914636101838,807.638053796876,1063.86259033194,882.961060967821,939.69652788814,939.69652788814
"100",862.589901533096,863.444637790516,789.445289560351,1080.93277573852,867.310345507794,924.409547816559,924.409547816559
"101",892.263968842734,889.960785321769,811.919774929836,1134.17824958679,950.760715460811,948.147224199973,948.147224199973
"102",861.629719865156,860.937727864621,803.608532502609,1098.06014883055,864.657501984726,902.486506853471,902.486506853471
"103",872.70864920068,871.894330792302,800.099033316864,1108.92956809428,883.246497061668,933.132970483052,933.132970483052
"104",892.659295608971,890.148262809709,811.551429531784,1108.59755625645,935.941823772899,947.798767483624,947.798767483624
"105",887.095700897076,54652134.1713724,799.424885226584,1082.35851595927,894.051306809865,964.169470045309,964.169470045309
"106",838.882683582643,837.831399741767,792.51832708895,1053.3199620621,843.555811481196,880.724087617874,880.724087617874
"107",902.06872551433,901.531791057608,809.842436553433,1138.79889065498,904.536178068158,968.319760279251,968.319760279251
"108",868.990345462591,869.14483957274,803.946226643594,1101.92808193312,878.750038175006,934.782114053713,934.782114053713
"109",956.47624092007,955.598149551224,815.741714898047,1159.60029777321,942.651752382206,1058.93318483714,1058.93318483714
"110",895.669542118194,896.114685559203,818.99903494249,1141.06840395388,911.301382242208,968.693588845878,968.693588845878
"111",921.189293902287,NA,832.554233349874,1114.1505484912,926.754315112435,1007.38051368312,1007.38051368312
"112",878.398269525101,879.146289610807,813.018345543843,1103.35670473738,873.827386627189,936.356502765498,936.356502765498
"113",870.693867468799,869.379292385952,804.066194217752,1109.49902240548,867.16497196719,923.363206970242,923.363206970242
"114",861.889853298596,859.550153821427,797.318337771025,1131.71900243705,836.149834327177,916.831175218185,916.831175218185
"115",886.188996310358,886.410407033112,814.75329102159,1092.35277173953,893.63656968944,954.020090745156,954.020090745156
"116",272619001580436,856.89944684522,791.398255462481,1066.48241394622,861.070509715181,920.737833711328,920.737833711328
"117",894.202269676606,894.141248353848,811.795876465987,1106.66917412627,890.99486059291,976.413419372909,976.413419372909
"118",860.541580462529,859.574479597913,787.174977723742,1071.34156446539,917.808808094166,913.413584286882,913.413584286882
"119",894.476168080011,794,806.457472252517,1066.85613643166,960.829585655666,967.96980399037,967.96980399037
"120",897.955220920722,898.091668228575,819.406794194605,1143.37757694748,903.682305963768,966.220610671754,966.220610671754
"121",889.716932326671,889.489215045869,801.815098561589,1000.30567519465,891.451611829507,981.559502437925,981.559502437925
"122",881.134429417536,879.10335474667,798.982476252894,1052.63352150335,900.87479378235,952.9808450336,952.9808450336
"123",888.522800873698,886.378271410557,829.041140286094,1133.84015686098,884.155067516421,947.899577404843,947.899577404843
"124",939.81390893084,939.343458063545,822.977548957998,1027.61082083677,1083.09772654687,1057.98847319834,1057.98847319834
"125",912.118741424427,8349976173.26724,808.143604916368,1094.09381146882,946.062808391902,991.494233113641,991.494233113641
"126",869.495049955051,869.917018662798,801.43259720929,1124.47973500535,867.186800795721,935.714548225922,935.714548225922
"127",885.105680456316,885.045351285396,826.119904219419,1122.30532094655,887.181864739304,936.087162565572,936.087162565572
"128",848.848622321411,846.876211340013,785.07930808339,1062.47555520996,879.072802421182,884.425599839454,884.425599839454
"129",885.066868097867,883.954089249449,802.574836091909,1107.60416898865,962.628154607046,962.503992804355,962.503992804355
"130",936.723411559088,491482448.043731,839.549884497705,1189.5838579585,946.894346959523,1014.21794435586,1014.21794435586
"131",905.716184413016,905.280615882127,810.438228293923,1128.99879380182,1000.36347616485,970.920980673687,970.920980673687
"132",872.920897292707,873.001900841318,803.289494367026,1082.78249448585,871.864406901385,934.276587205698,934.276587205698
"133",895.464151902918,894.490746518007,821.942093543927,1140.68745305699,893.461982056376,962.606519203867,962.606519203867
"134",896.642624506478,896.409675562093,814.511474207236,1102.18867456685,977.891003204552,961.800141421698,961.800141421698
"135",859.939226538972,858.568395282606,799.09606413894,1130.53072891418,863.212680782505,918.636115332763,918.636115332763
"136",815.779993050819,815.132709021659,765.422866478118,1039.92518104743,812.988147725223,854.525830154677,854.525830154677
"137",864.919875183585,864.729808830313,804.836623023123,1087.7630379946,863.090252978224,922.478608272974,922.478608272974
"138",919.634165486829,918.226997459823,811.035184462475,1130.65226421464,986.755291229555,1002.97182317826,1002.97182317826
"139",894.458529178999,894.574863992286,816.624853374933,1148.695304853,905.760447949305,960.264943492604,960.264943492604
"140",908.988465827511,14708908.2726308,811.32106709158,1102.63492985653,907.477422957688,992.25403467793,992.25403467793
"141",904.479638261414,902.179088011581,807.308311258983,1115.92126564438,962.158122154278,988.293049557783,988.293049557783
"142",868.492244425336,867.517198035162,798.686960183556,1066.72006457815,901.320274736573,927.428996921584,927.428996921584
"143",862.395759798344,862.466906919768,801.312116877337,1088.95944329401,862.430076728344,912.168503738799,912.168503738799
"144",926.857846576158,926.292792561206,823.213524205597,1171.63076179597,951.845871473767,1006.44585686581,1006.44585686581
"145",899.893094765738,898.533018043804,841.254696162584,1184.39951554457,898.340939263089,946.86362189497,946.86362189497
"146",891.301437665615,889.965028621654,818.267642800975,1072.6191044808,901.514940985467,959.634455273596,959.634455273596
"147",852.043093471435,851.585979419873,793.550015664982,1061.57745545459,883.379603677687,898.18325608463,898.18325608463
"148",827.334935880081,827.092975383244,770.604374703019,1026.948032461,833.926353374878,873.056595352154,873.056595352154
"149",875.812019659982,875.481855011126,830.477001495309,1161.64714749412,876.439953602838,933.751038551649,933.751038551649
"150",836.892372060054,836.856026891686,785.592284177552,1047.72091700822,839.183021565126,888.786914228951,888.786914228951
"151",862.898536707795,862.626635477686,801.009337651931,1125.85302987149,951.957347104342,924.660601437764,924.660601437764
"152",830.245787549608,829.30769323169,776.720160071165,1032.2002541089,832.597911103313,871.34791778368,871.34791778368
"153",924.13683946854,925.547928519497,804.571012612877,1107.3156593798,930.777365192147,794,794
"154",886.310536302603,884.383564274059,827.927224819463,1140.63267514615,899.808335909057,943.229986079521,943.229986079521
"155",861.399193032784,860.710264769273,780.729336658968,1069.62513290965,884.91925244902,930.178165983397,930.178165983397
"156",889.98504005277,890.096565960619,830.835223299449,1084.62919075398,890.973728259615,943.286912802641,943.286912802641
"157",937.172712190522,935.129797751579,821.785122166894,1183.11488205443,966.824748709628,1028.05249212925,1028.05249212925
"158",885.662668661536,884.90140164695,796.01621842591,1116.98402292947,909.430716867069,959.670181204219,959.670181204219
"159",838.863788265531,836.982764535515,792.08745153034,1060.50363146718,864.580064581255,881.41283611327,881.41283611327
"160",889.252091256372,888.083001866281,795.25963115944,1114.03736195236,916.677152444355,953.108463808161,953.108463808161
"161",872.115094840279,872.577126304267,790.012046066464,1086.99239414098,880.666324420193,944.781213544353,944.781213544353
"162",861.962038210826,861.773768359856,789.526256116553,1071.94188101084,861.698394237518,916.243105640827,916.243105640827
"163",916.572782748409,916.791975471456,814.510426312882,1095.72892245046,927.00255373756,999.129112913244,999.129112913244
"164",868.208534285624,869.270317704522,808.147772752547,1066.85390443436,873.725385508994,929.06596624872,929.06596624872
"165",898.310492509174,896.735526195662,814.398029578264,1170.13497011568,930.913336508779,979.25471017594,979.25471017594
"166",894.514582478255,893.376596430645,815.638959113698,1120.26702476729,885.659200038806,954.727988963324,954.727988963324
"167",869.771540061426,870.556116630843,804.763547533606,1088.8940054858,865.871691472435,926.771034755968,926.771034755968
"168",882.003086654177,880.774289039046,798.788660607887,1099.73473852892,878.786627851531,947.458690789077,947.458690789077
"169",885.192481435803,884.961972142711,809.336490334921,1105.44334388919,888.485938220625,939.320564250449,939.320564250449
"170",890.75476067581,889.450100483587,824.514962054826,1106.9015197578,887.949813530474,940.419191546868,940.419191546868
"171",880.314351885361,877.336977534364,803.531808328241,1093.09093197419,877.335548912805,928.797148362317,928.797148362317
"172",905.729349280515,906.817450362848,819.820506146547,1117.66819951925,935.973390234757,983.687951258468,983.687951258468
"173",857.925563605063,857.837589301789,790.199627775198,1071.3642029374,857.779989887822,915.027935108148,915.027935108148
"174",941.516189546713,942.875293807364,828.324646837787,1173.48879327401,955.437000768014,1041.79411551622,1041.79411551622
"175",869.51916935767,869.337308540237,802.377561303362,1080.6994667975,888.051914621672,930.292620739226,930.292620739226
"176",891.311795147206,890.459464711388,810.450993747112,1094.98567020471,915.505223944588,959.004518890278,959.004518890278
"177",885.632544952976,885.353906541695,790.005332874779,1094.13518600088,968.046077657426,962.551390170732,962.551390170732
"178",909.927320816243,910.9701242251,808.559468056722,1078.9683556389,951.473457190679,997.094827554278,997.094827554278
"179",891.988781035642,890.808410973407,810.731439718781,1130.84944678781,881.473518118806,953.196432417305,953.196432417305
"180",855.740055365958,856.093976882527,799.394020064353,1081.33603526121,937.016320997653,916.853025840668,916.853025840668
"181",883.267172896078,883.812680326038,794.230931473655,1151.17437506435,963.322448977787,960.991429325059,960.991429325059
"182",875.936909886225,875.591878567734,795.333139369043,1089.14508042144,853.624852023846,928.930379482459,928.930379482459
"183",882.712348620169,881.739612141632,827.04450279785,1169.63382593338,892.938981248061,934.400984080274,934.400984080274
"184",500706.190825069,902.894827851173,806.200873136743,1081.841276763,934.525981659035,980.176236524364,980.176236524364
"185",890.258840317808,888.600241210284,799.783091438417,1101.46808760847,1016.52971073216,956.378769748881,956.378769748881
"186",884.893011413786,884.530079353533,796.510410707324,1093.09786992102,911.542525075492,950.283670973692,950.283670973692
"187",874.918782195912,875.728927089711,799.246427181194,1091.41557323924,923.269606256392,941.329923872401,941.329923872401
"188",895.966542024928,896.446459523542,815.453698094545,1108.19091547624,870.579030069223,966.260907219912,966.260907219912
"189",893.974839436994,895.188531847887,791.484498532151,1092.02470959894,904.622153649254,971.913333235242,971.913333235242
"190",857.133624925793,856.886862787806,800.040839979158,1099.326939501,867.23892017084,895.327611312073,895.327611312073
"191",836.452729446446,835.841395239907,785.964533789796,1071.53684196019,814.152162806055,878.902664408226,878.902664408226
"192",860.177109010966,859.576520804545,800.664042298662,1100.64061693775,857.917794486194,907.797507176121,907.797507176121
"193",851.491177553673,850.642350256166,786.046819275546,1068.56396779837,853.9999119573,916.685099528479,916.685099528479
"194",911.791165485499,343022202.88507,803.655234597638,1104.34503075019,986.481803862426,994.590018525292,994.590018525292
"195",882.812375455537,881.899778250639,813.356768514812,1074.09461356243,887.100872852684,936.868918365226,936.868918365226
"196",916.340688065184,914.549972874993,810.482755517682,1133.74070004842,940.719492014662,997.237561069583,997.237561069583
"197",871.85835553744,871.709621873078,778.70332106602,1074.82284356367,887.506713276877,939.577958619844,939.577958619844
"198",931.931237066782,927.559688633022,818.988791417471,1138.38660889067,999.52683324937,1018.92160054291,1018.92160054291
"199",869.253398599046,869.256165015826,805.23618773732,1074.96321484844,873.242966502672,922.253028536905,922.253028536905
"200",884.80362159023,884.465409793409,797.333204992608,1131.24387020583,964.653298152014,952.652418161856,952.652418161856
"201",869.865196036184,869.324070524129,809.735039243333,1098.7390847626,916.114772693234,921.599674430891,921.599674430891
"202",909.09308441131,908.647429299423,816.108636889911,1125.1088169004,912.557359585907,1007.7688847407,1007.7688847407
"203",891.538664814312,890.252255534424,821.437843455305,1097.43683308463,883.730240704174,944.777637842501,944.777637842501
"204",881.047873469742,879.81344443813,793.770573086062,1098.8627770786,878.243306785549,959.101253051476,959.101253051476
"205",873.216303146189,873.60642396042,818.629619246883,1082.85423733937,876.47859740862,925.958232085478,925.958232085478
"206",858.172684465504,859.034022326667,796.954323479779,1111.53672990466,851.614546950546,908.19358996505,908.19358996505
"207",868.24261139687,866.394310319774,796.948823509433,1096.2845752595,927.423882016711,929.248927781506,929.248927781506
"208",838.319608910205,838.019202196445,778.98300818386,1031.44028654819,838.054118729424,902.63920869709,902.63920869709
"209",892.54385884423,891.954486572995,816.302844836727,1160.00382038758,904.687072889749,951.764085756518,951.764085756518
"210",880.35874703612,784,792.549234845694,1051.16123146166,857.3734285422,965.881684240534,965.881684240534
"211",888.420803453098,887.673768015313,813.925130874674,1112.49905145034,895.973957007188,945.777795483943,945.777795483943
"212",897.536057560291,897.385226787634,793.108825392982,1108.77337336465,886.922176342448,991.315048552593,991.315048552593
"213",873.476199300697,871.390474837246,802.788805048388,1075.76199224026,873.585131381343,935.615049883613,935.615049883613
"214",855.452064938229,855.984414903562,782.107547948291,1119.11641240206,851.601962024491,923.337524177648,923.337524177648
"215",872.261294030661,873.954993087458,791.417487120168,1059.66352587778,889.843295474223,932.784966192142,932.784966192142
"216",857.971345653667,857.005077033842,786.796979316556,1044.38499469878,860.166065162047,916.454019598312,916.454019598312
"217",880.901763183553,880.224886254993,783.233976457632,1076.84702336878,1013.71208065832,961.349861675522,961.349861675522
"218",898.467857019859,897.276661191334,808.036636004834,1158.56990435934,989.907188513902,970.560921000249,970.560921000249
"219",872.744583417737,872.666918402385,789.599759544158,1073.15079222549,870.249457528674,944.121580489395,944.121580489395
"220",911.346236734968,910.765699420223,821.766943592494,1137.32914812389,949.709443535417,981.139177001041,981.139177001041
"221",902.410001095837,13731393.5564424,813.047279998564,1102.38802828034,1016.86882060819,985.073845938752,985.073845938752
"222",887.088367244232,885.884170402048,804.601577118153,1068.37814063462,890.378906353964,938.160687850334,938.160687850334
"223",854.281802206884,853.379939725974,801.794532579445,1104.49520863294,845.729768082566,898.602965019666,898.602965019666
"224",862.235068926929,861.205043886939,787.420478528723,1079.74308244108,934.476305815458,917.101234103305,917.101234103305
"225",890.548865061774,888.217852904664,798.353191560918,1076.60318420269,882.625260499086,969.02746187587,969.02746187587
"226",869.657896269258,869.345843420675,798.769076431973,1060.51415827788,876.123980167854,932.774335416466,932.774335416466
"227",886.659653045657,885.619348600984,806.583544325718,1075.60287235688,877.272408100715,956.239868302079,956.239868302079
"228",877.293144020286,876.164742654662,789.110637967058,1103.0605847208,954.036349555005,947.400644880078,947.400644880078
"229",851.35339573201,851.732702817384,788.689082225512,1069.15317427685,851.744447384208,916.691425878762,916.691425878762
"230",933.65936849345,639282450999.86,837.491802863028,1135.4404712633,954.462917913282,1011.79967479618,1011.79967479618
"231",893.113066080342,891.758723600738,820.395756772522,1104.74324747975,893.257428342455,954.529961168206,954.529961168206
"232",959.055627744358,954.158740484303,838.458654000264,1207.21240639004,992.82167523943,1042.22556597328,1042.22556597328
"233",841.856661141723,839.944711869968,780.43016796172,1048.30429067573,938.344896267074,887.487908880406,887.487908880406
"234",871.139554270194,871.06791401517,802.170110742265,1114.0200149241,871.290866945281,938.852385068631,938.852385068631
"235",855.005867047979,853.264429779365,792.36637877457,1053.72796650542,852.08074435793,907.663051128725,907.663051128725
"236",866.056524906542,866.768757795641,803.191514886397,1118.68761152731,841.507224791482,930.42474654626,930.42474654626
"237",879.273720657079,878.789492066254,814.148246965875,1105.44395467215,890.451636762474,936.094654887184,936.094654887184
"238",969.359482591395,817,838.198482265339,1161.73651169876,1077.22032378841,1100.0069117753,1100.0069117753
"239",895.431355005905,893.59924797092,797.535814318819,1075.51528857933,972.327121604102,970.954702056642,970.954702056642
"240",868.917555891655,868.421362757255,780.711742190753,1090.7343071101,877.975004127525,938.485416370341,938.485416370341
"241",894.04080404959,892.799974521304,798.340122826978,1118.79938167875,917.322440202696,957.513264739839,957.513264739839
"242",855.885593650517,855.474637292698,780.74673971579,1054.20841672496,920.516213493542,917.296095546287,917.296095546287
"243",882.328261162261,793,805.049780504867,1086.5841380076,877.206562830116,942.30779454586,942.30779454586
"244",867.524113699993,868.946011251954,800.428341158578,1066.57268161936,856.28526026134,942.838791563816,942.838791563816
"245",866.767059941352,866.833829425505,787.998854117809,1082.05825131775,897.302449767661,924.74848091481,924.74848091481
"246",893.476210578616,893.386047835995,811.703284876659,1124.17467327858,893.177081525099,970.002471005935,970.002471005935
"247",936.84051236195,936.311865735978,831.818175916151,1175.33167911843,972.837960196265,1017.32440313208,1017.32440313208
"248",903.99102285148,4323658.38734742,802.420163361455,1114.32666034293,952.00121290476,979.330040661508,979.330040661508
"249",925.898156834916,924.186401895867,813.102018849027,1123.69272549534,975.804422976055,1013.91464806821,1013.91464806821
"250",889.597782292492,887.465841458463,809.75450084275,1124.15925376951,985.459710070955,946.325004708914,946.325004708914
"251",916.097644678424,914.486709199934,811.356246638377,1098.0242117758,973.120140579027,991.977069622393,991.977069622393
"252",856.386874919357,1573647.56435542,789.655811641035,1097.52404519546,863.394912145004,932.346550099159,932.346550099159
"253",858.259298246252,857.607840080754,788.258881495358,1076.00943327428,897.055160908405,921.092771950438,921.092771950438
"254",943.810600969837,943.120159412931,826.593480470557,1155.02225951923,1006.84951181026,1031.30403881615,1031.30403881615
"255",848.494434024995,848.532401964193,803.90704250429,1083.91711579938,847.381972291257,888.519047907909,888.519047907909
"256",864.322657119215,863.900012169796,795.057400587827,1090.39884089564,977.411017151399,921.063996493756,921.063996493756
"257",890.372704639118,891.063725970339,804.271790772701,1112.94571673723,954.575723648718,973.747156841429,973.747156841429
"258",874.49979957549,874.936721054405,785.559837830632,1092.90619480821,895.994017113505,953.479787047182,953.479787047182
"259",877.045888959733,876.867225739196,800.489959081264,1092.23613576977,877.125416694142,946.741194081985,946.741194081985
"260",892.574983451873,891.366728965824,805.977353864749,1134.36569375168,906.082664962388,945.117506072333,945.117506072333
"261",94669057.8039459,908.378785744183,816.588609487507,1146.12549816155,930.502015832609,1004.16516164508,1004.16516164508
"262",880.827115963684,880.835051859167,788.757825648955,1068.26562413777,906.975638764699,951.349156369759,951.349156369759
"263",890.224123088002,889.130271051673,809.98637542221,1114.87093465993,902.594392306336,941.220025780127,941.220025780127
"264",895.846196798248,896.056664687178,823.355750428678,1093.49814157534,931.330705781176,958.793808031703,958.793808031703
"265",907.671812450673,907.71123044584,810.036349356938,1110.01568062545,925.320782774792,1011.33467665626,1011.33467665626
"266",896.041783937851,896.101852160714,807.706102013582,1127.62317490221,891.672443218643,965.203321711341,965.203321711341
"267",867.180773814379,867.670761037109,805.500283533638,1079.88979505868,876.941777008095,923.619202494258,923.619202494258
"268",866.974465793319,865.627949874039,812.171305417889,1094.23567886196,865.776546930086,913.466412541323,913.466412541323
"269",909.003759941314,16768827.2469107,814.108448084877,1140.54334096453,1043.74618996286,990.020350049072,990.020350049072
"270",846.092621817393,8895944.21568976,783.568580814134,1035.99547465007,834.815752993169,904.876136300856,904.876136300856
"271",861.968881796484,861.818131651156,790.995515405874,1098.14833164822,932.678389408893,919.972533883764,919.972533883764
"272",871.991030524659,872.286265093165,816.100648868554,1102.50348676483,871.750289540242,929.980890341345,929.980890341345
"273",897.97574324604,2086128.59145176,803.797306231051,1068.48137305256,883.310499089694,973.094594096962,973.094594096962
"274",922.716747021692,921.802762157837,822.997608038429,1137.09459060058,981.702427577732,994.660195078709,994.660195078709
"275",855.255038679172,854.046678068027,784.167592517561,1097.35214717151,858.540198463624,915.390989006728,915.390989006728
"276",887.1933426948,885.593326139875,814.558000061598,1116.44763897865,894.013878808484,948.502698659813,948.502698659813
"277",848.22632699234,847.881007934121,796.832609691499,1062.60809907212,848.802802892159,898.307099083742,898.307099083742
"278",880.071286269375,880.652023269556,805.215511705619,1088.77273477407,924.167879820683,948.262948420168,948.262948420168
"279",855.068546895089,854.993199140646,779.823813800302,1056.39783859541,859.436894974244,922.858886257051,922.858886257051
"280",884.46164251421,883.572998985202,812.414273338652,1112.55784804315,913.109275021148,951.322043093105,951.322043093105
"281",906.863763610936,110754485.221441,819.86896987338,1120.49198727587,959.498791016102,987.070268162901,987.070268162901
"282",857.735944545599,856.452749168117,798.770184808783,1065.39699760717,855.543177554843,905.985043396811,905.985043396811
"283",60686390181.671,911.664499651424,812.088189670585,1123.26062035429,907.629918231465,1009.65558995764,1009.65558995764
"284",902.509680068067,902.811081097569,828.006252750984,1147.13591946354,904.0278926785,967.926834739201,967.926834739201
"285",895.78114136802,896.223251173783,814.248670123203,1159.43204142018,920.600952474928,971.767078631218,971.767078631218
"286",903.234311370871,903.66575073737,811.906472297589,1119.48810804779,948.754661458295,984.123282775555,984.123282775555
"287",882.13638274941,881.257078951079,787.170133596919,1033.9004668729,924.224437434993,972.946414918903,972.946414918903
"288",911.076945513116,910.937683071082,807.373416171399,1065.47873977601,913.479669326376,987.815743172514,987.815743172514
"289",821.595602085136,821.335679521652,769.65013533034,1046.42079863446,821.066305144425,871.382400799165,871.382400799165
"290",914.252035611209,914.44987769638,820.855457010222,1155.69260563116,948.389238537121,1009.92220498536,1009.92220498536
"291",897.590011041439,896.979047379573,796.558861623383,1078.61059720985,982.408824977124,986.399969157009,986.399969157009
"292",861.204652430293,858.360069523216,770.243124868808,1070.13963604677,933.090248951095,917.460050523387,917.460050523387
"293",832.000968773942,831.51365093347,774.196126779363,1043.53103490433,833.872394340182,891.785479624561,891.785479624561
"294",902.8774048449,901.67516063394,827.849414465291,1132.5750916141,920.426873925884,972.719940738472,972.719940738472
"295",5303860066803.11,868.402578468879,798.897956071242,1064.14473912643,821.399178149826,936.725814615805,936.725814615805
"296",865.775361269574,864.955833218155,807.867425763683,1093.10064313555,867.48926629385,913.810505428659,913.810505428659
"297",868.823229116891,869.049146554972,799.422933578614,1134.24901146991,869.001549695948,921.195650688906,921.195650688906
"298",905.455360627951,152592031257.549,801.124810219205,1017.53387420003,1021.71276373353,995.503093447694,995.503093447694
"299",847.185592912615,845.936487677371,783.144670059486,1036.10916033987,828.05706624874,907.51467170196,907.51467170196
"300",852.60546440433,851.776159498269,770.475048493946,1043.31861008634,856.124593784532,912.757524127682,912.757524127682
"301",871.810559137766,871.459200179674,809.433311743001,1071.98695871975,868.143157677795,917.397278878981,917.397278878981
"302",866.209721203036,866.140375479143,802.557383494951,1076.08682910616,913.794376625819,928.553973620248,928.553973620248
"303",867.541866709982,867.65845103851,807.334752390342,1105.27215003064,870.48033019409,910.467038922607,910.467038922607
"304",835.573678372321,835.582446306233,783.140153077802,1028.38705385738,831.784804812784,878.487315482045,878.487315482045
"305",899.89843015112,899.840611607644,800.595743087787,1117.20808664547,887.934463977807,977.070818156681,977.070818156681
"306",851.435016935073,852.25232227748,790.284034820041,1052.71929215324,853.534973329139,905.955316294403,905.955316294403
"307",875.15502392829,23955301.8501517,803.991679896194,1110.71599637797,881.688049932883,945.044523068838,945.044523068838
"308",862.062624951089,861.88917994679,798.351596352837,1055.00430842651,864.07507025828,926.995971402308,926.995971402308
"309",899.138177930354,898.265983460771,821.499770647712,1146.82778093845,892.561165281489,955.567553544366,955.567553544366
"310",848.396406489646,849.399375797759,770.190929667466,1035.97151015126,944.105103283864,911.874458854655,911.874458854655
"311",912.226941252402,909.972481265379,821.946539334841,1134.4998350066,977.9401291301,1003.87361244948,1003.87361244948
"312",43808304.7444264,895.579014834347,804.463740311913,1081.67591233933,981.409319247161,971.020739360613,971.020739360613
"313",911.948720615188,913.304967319124,815.130715078742,1163.48618188496,912.151646682564,997.796357433652,997.796357433652
"314",868.254105263199,868.030284850465,810.81161785,1129.4968644995,871.093828186414,905.883592395731,905.883592395731
"315",873.432529613585,874.727174625615,809.660418215502,1086.09654267584,875.082569065963,945.449934603713,945.449934603713
"316",847.232293557715,846.491856125447,783.647274170842,1074.55236468727,870.661267015485,902.041772564667,902.041772564667
"317",895.176279204134,894.29904086768,823.64108413852,1063.81157086909,894.570122843071,980.871284564468,980.871284564468
"318",859.226399826412,858.535985306219,797.076249733686,1090.62469629499,853.256381429587,912.73242439135,912.73242439135
"319",897.343429374708,899.173836195055,822.905781632463,1128.28185413178,899.970274105583,959.140743341789,959.140743341789
"320",845.95005411015,845.796813526964,779.583842017745,1046.80118291458,880.634425264434,906.518750103312,906.518750103312
"321",875.740861528032,878.038651006375,800.783959878992,1057.03828510952,885.882329649195,962.983688830716,962.983688830716
"322",904.905686993248,905.393270731327,822.712083089208,1131.9988019409,931.213125963951,969.164202784022,969.164202784022
"323",855.480917104986,854.379700763535,786.367714069621,1069.90701553337,849.59830529337,907.194392640207,907.194392640207
"324",908.485976800634,906.452260087503,823.945791683685,1134.64559078547,924.921068516621,990.627064067916,990.627064067916
"325",872.319444525255,871.77716524792,810.190158422173,1091.02314526967,921.173636546652,929.731336572139,929.731336572139
"326",845.845297101091,845.755066056024,800.17376468574,1053.55705705435,846.95014890349,893.708636184321,893.708636184321
"327",919.755763553994,919.580966713061,814.9700929264,1088.95919564646,960.938963177324,1007.60651563224,1007.60651563224
"328",898.540203778473,895.64193972731,805.459108265418,1084.11813142606,893.789091755538,963.898457616487,963.898457616487
"329",886.506438297358,886.284485550964,829.6900016989,1110.83476561674,886.05215986338,930.963713125304,930.963713125304
"330",886.067903624175,885.951913366391,824.712801815229,1140.62515823552,886.282056177125,949.613417690145,949.613417690145
"331",850.021365463607,848.987621677987,802.521082426158,1068.30588580103,848.780378570881,908.29557399216,908.29557399216
"332",879.358548949054,879.656420419861,789.761527438382,1057.83162516229,958.093964290343,943.197324354858,943.197324354858
"333",879.939688805521,880.017313267149,806.280691578083,1091.16028806306,913.932160927354,936.537416295044,936.537416295044
"334",924.136299008163,924.25604263604,826.995059744117,1117.36044698272,913.709422800381,990.957459367342,990.957459367342
"335",939.005654858558,936.993453885709,842.105062923096,1111.11694519189,945.781129091228,1010.11015501029,1010.11015501029
"336",829.35560584157,828.929207972911,769.558347536034,1018.5401059718,845.882662420802,878.726126993013,878.726126993013
"337",904.167621362995,2871498.83936438,816.440727862176,1112.826995757,804,987.282092978525,987.282092978525
"338",881.211920512895,5459748409.33594,801.290456587542,1107.98167840936,885.81584450164,956.30671173929,956.30671173929
"339",875.724778800933,874.984413206889,809.80790407082,1116.30849563401,870.806941231495,932.415210822082,932.415210822082
"340",868.367639508557,868.606686273401,817.856516522211,1132.30637423804,867.9958592331,920.336028557638,920.336028557638
"341",859.948599198581,858.069971145202,799.39921505803,1075.10581796665,885.401292045296,916.094697879029,916.094697879029
"342",834.129255676071,832.845692482608,795.271478854895,1063.64805615788,833.444682996575,875.932618268325,875.932618268325
"343",904.672897999401,902.407412559213,808.49238733091,1101.89247173743,999.986899362602,991.58847888853,991.58847888853
"344",21400306.8653764,870.880993763086,802.586043741627,1071.24109791077,870.383484213005,927.296519083646,927.296519083646
"345",830.57670700499,830.163946207231,782.959638237094,1080.01673145264,839.772503854501,873.760673287588,873.760673287588
"346",860.830699161047,859.252223728778,796.646342447492,1023.0345962761,873.411206748866,923.98598545691,923.98598545691
"347",884.420623830345,885.619999935024,806.426543524247,1112.75308233734,908.278128341816,956.432404573572,956.432404573572
"348",917.573175450918,916.855605868371,815.844180575239,1098.78105177484,928.259843134731,994.93110482339,994.93110482339
"349",873.36092979585,872.429181763146,801.379053090478,1120.4327639818,877.10515375568,926.561150692028,926.561150692028
"350",875.94560642665,876.816911747117,802.606909248389,1089.35860519596,847.19369996434,951.081572779451,951.081572779451
"351",887.074173551974,886.692581089764,804.281983114354,1075.32980039231,892.627236130469,953.929524339625,953.929524339625
"352",877.208085543899,875.366620868616,794.506367953174,1092.31918300266,898.04772511997,944.684994245983,944.684994245983
"353",909.459055581048,910.350071138385,824.946836626619,1128.59667385434,903.428889141684,990.157114640662,990.157114640662
"354",920.395284070636,918.223422600675,799.317703285031,1082.56945267763,1006.53770474806,1006.28252621313,1006.28252621313
"355",843.468577263142,843.427218593109,793.93018443904,1061.09718235486,844.81135721425,895.919202097281,895.919202097281
"356",415094340896236480,911.995385946431,815.406727482697,1110.47407085223,907.017505090974,997.265074577035,997.265074577035
"357",852.458400514355,852.330585765131,809.83324931736,1103.76630593611,852.35174292563,890.26021956808,890.26021956808
"358",901.235769714988,900.648752184405,818.17750696834,1119.71263712698,929.225161123031,971.63624954604,971.63624954604
"359",918.901527014083,23821667.7567812,820.482401970825,1105.25247369799,925.042249535511,1001.43751511176,1001.43751511176
"360",917.641394061088,917.98484305709,826.721896244443,1177.83472295351,955.215126171314,1005.23167152366,1005.23167152366
"361",890.864383829146,890.641404096685,824.091183096186,1120.30800782326,896.4145423645,952.599177842033,952.599177842033
"362",914.900680750643,155526876.072867,796.347278670651,1114.48475100625,966.188706028045,1000.69902039004,1000.69902039004
"363",862.07179342375,860.323031061692,800.036810259664,1055.14424098359,866.855616558778,911.981736814333,911.981736814333
"364",852.188963606162,851.680642049257,784.341267151779,1073.68691562559,856.027346455919,906.53403801068,906.53403801068
"365",907.21585026776,907.253945214347,802.204770929183,1135.90504059735,927.398461364549,1003.17307583246,1003.17307583246
"366",943.66958978108,943.237570085137,841.29916607519,1193.93559820419,961.475397092557,1027.94612376363,1027.94612376363
"367",886.427631339746,884.485107836331,798.860743105655,1050.16363619702,986.240369889829,946.830252277958,946.830252277958
"368",880.042553508386,879.794403292826,810.718189471935,1106.15100902972,982.32598102219,944.785515130399,944.785515130399
"369",892.44227281499,891.953465239249,815.313436406976,1130.27333054487,889.494415240931,965.616793546368,965.616793546368
"370",880.601816254059,878.320443804428,796.761843317048,1076.02219942022,905.597042711688,941.531540479428,941.531540479428
"371",928.675992133528,928.077711301313,827.93545684363,1145.97453127852,959.660504187027,1003.76113535139,1003.76113535139
"372",860.201767987533,859.856113959266,805.771731296912,1092.2659002394,866.248556588747,904.139710149557,904.139710149557
"373",118784040.374399,860.282244990491,770.87802193691,1027.22272195779,934.594825986844,925.075559603187,925.075559603187
"374",873.502550921397,873.446901222578,810.763022021797,1114.49561608149,854.298103767793,934.284323645735,934.284323645735
"375",897.901429778501,897.538354684621,801.304736667366,1111.54816673738,969.880708388929,968.583188683628,968.583188683628
"376",872.647822759364,871.316315210101,803.219538494207,1089.33555742062,862.756836152006,950.204205136107,950.204205136107
"377",928.557786522557,928.388867770981,833.44619211626,1125.46664109941,1027.82022185471,1002.32059618449,1002.32059618449
"378",895.662737845368,777,790.391711536031,1109.31626781681,891.38664997436,976.099569263399,976.099569263399
"379",911.133719399782,910.501474644314,814.022121702752,1126.27136646564,898.36094166139,978.974093895288,978.974093895288
"380",849.356102516342,849.00627672762,794.337665991348,1044.0854363029,849.520691844589,893.749059242983,893.749059242983
"381",909.431378695168,908.757086684805,812.975687801327,1126.64524409842,929.571476620175,999.749422114707,999.749422114707
"382",912.555872013164,912.111170214556,824.612639066055,1083.84337083647,922.208174139297,1002.42567909014,1002.42567909014
"383",906.114268207191,905.258380981987,816.508016139206,1131.24872740695,896.224414742738,981.131759532274,981.131759532274
"384",856.550824278502,855.933866910362,792.428800695665,1063.79139706303,859.90818274895,913.091997897587,913.091997897587
"385",870.98526150733,871.010493888398,811.79874422186,1115.72030217222,874.748322370168,938.808285070443,938.808285070443
"386",866.100903396379,865.837543281006,797.503049188666,1061.10828534944,869.439565467447,926.108233916378,926.108233916378
"387",830.203493468458,829.994420767577,780.085282678015,1047.49084673733,834.011081823575,877.223339593819,877.223339593819
"388",875.200977814659,873.643942705726,816.230998865572,1114.6150643007,880.304645636566,931.735128879136,931.735128879136
"389",873.969218474775,873.016864817579,812.71284891056,1127.88140807007,843.754728441762,936.321831980472,936.321831980472
"390",878.382037731645,878.073173421015,788.214694986758,1114.25153248843,895.679120838183,944.670437697371,944.670437697371
"391",878.936266900785,878.337357566818,817.825663963628,1125.59310819741,880.673637336029,927.486383595613,927.486383595613
"392",837.557650960832,836.709335969266,777.70635307609,1046.13439975032,831.040055525461,880.555792980214,880.555792980214
"393",877.822089746184,877.829389696532,823.90519494442,1112.08529928765,879.017017469676,928.743425629457,928.743425629457
"394",893.852419611009,893.087574154244,828.215018206394,1137.60252055967,893.866786850484,951.766905002054,951.766905002054
"395",900.126222820503,900.616847535975,800.294948525065,1099.29030962422,903.678055828726,985.946403709376,985.946403709376
"396",878.70147768687,878.133338800501,816.246617795434,1113.34309180274,804,935.94223886611,935.94223886611
"397",849.877313923318,849.318095977196,793.269760037623,1073.45137308748,851.321879240762,896.123502133522,896.123502133522
"398",889.694324676163,890.586714681687,811.856653464927,1119.28271111197,886.99209443834,953.889820191481,953.889820191481
"399",900.190380103846,901.202053925274,814.143862253435,1144.12905891145,907.912589437624,968.474650591928,968.474650591928
"400",851.039391584861,850.580679719784,787.151815970191,1058.76443939643,866.449754977172,908.92173793931,908.92173793931
"401",910.46087435356,909.992975117483,812.124366358647,1148.21373388945,957.81067482569,997.104797501389,997.104797501389
"402",865.200451310271,865.370995435783,816.569531346398,1054.59562841777,865.184052751103,911.104485156562,911.104485156562
"403",889.404850566362,888.704969323345,821.102267837963,1077.09055525688,893.104196594286,950.002004078642,950.002004078642
"404",891.787070162116,890.76333154643,820.030579417238,1105.72041697828,963.907667870695,970.242511063378,970.242511063378
"405",880.180640484299,880.509712474643,813.46440059749,1114.01855857661,1006.59276642529,965.304206593606,965.304206593606
"406",888.189111611783,884.527123817713,815.046211313131,1116.90445836642,926.513036339724,946.530381356689,946.530381356689
"407",854.009923557123,854.016146333395,799.388942677386,1097.81448433622,859.609833760898,903.155107085614,903.155107085614
"408",878.400271230639,879.350680524593,802.242130930933,1037.34641079853,879.247342112356,953.991739338674,953.991739338674
"409",880.185809100845,880.565101245587,798.712438893383,1075.25462615552,899.644773149565,955.385964580426,955.385964580426
"410",873.628300607199,871.763561327305,790.370155447613,1063.73291197387,931.13291539254,937.263316422725,937.263316422725
"411",923.181845316762,923.053309701784,813.634541114199,1078.19270692971,942.929998755587,1029.31896183784,1029.31896183784
"412",854.573119494789,853.711093968066,804.170195348337,1053.47354259536,853.093371492731,901.321561138482,901.321561138482
"413",870.704597670134,870.701813716509,781.720365330447,1030.44262147632,947.090698853187,942.861064911346,942.861064911346
"414",876.543779068125,876.172821493347,806.564118025629,1117.5330584649,880.592378457054,929.205329752229,929.205329752229
"415",839.180387760815,840.077103482494,779.072249466757,1033.55970401472,841.691193444811,903.39158295209,903.39158295209
"416",908.425803633236,907.4976095797,810.945912457395,1155.82460629776,990.620677088867,974.652935678936,974.652935678936
"417",861.555986885416,861.502152950424,821.864485078088,1121.94357984566,864.588003639711,904.855939272237,904.855939272237
"418",845.457118816244,844.000553319247,806.156050846943,1096.43315353295,846.413289746593,887.408361506813,887.408361506813
"419",846.219022373264,845.80305508249,775.260743988736,1032.79247583741,850.767676330212,910.564884380088,910.564884380088
"420",905.604769218892,907.280232491725,825.099765201839,1108.42968218981,909.135508011744,981.775282555427,981.775282555427
"421",832.597208654296,831.537070705418,777.257098269346,1048.97788820997,837.262839659913,881.344197554964,881.344197554964
"422",893.908745564618,892.839376203877,822.222343664011,1142.75167284753,892.259028877654,950.986954481487,950.986954481487
"423",935.562584654676,1746482.66944752,828.423086265588,1112.52701373716,1038.94824403552,1036.44502825404,1036.44502825404
"424",864.631112896739,866.95956741497,797.52607162497,1069.98977840656,862.502998729651,932.560800634194,932.560800634194
"425",834.276643589818,833.766396652359,783.593680033418,1072.15669248375,827.177108819676,878.830968609035,878.830968609035
"426",851.653891154044,850.732116049881,805.302305872018,1092.17645348895,871.026122415181,897.66414220784,897.66414220784
"427",836.58940650722,836.569646322271,781.410901190734,1048.23319430052,835.083603988643,885.212116406973,885.212116406973
"428",885.378676794194,884.020259284618,814.984949551743,1125.88107807835,916.589838220491,956.210624996989,956.210624996989
"429",899.723479807041,900.239917504389,809.917252794354,1118.21631661622,929.621224040614,961.413254621942,961.413254621942
"430",847.953742029346,847.959602787734,775.270947170089,1059.46109567296,936.673528643801,905.955670616675,905.955670616675
"431",864.216742334716,863.083436184037,790.405842611473,1084.82882818943,857.133543421991,917.205385466868,917.205385466868
"432",916.886116464899,917.1379253367,807.470712877517,1114.48982202826,945.892219667296,1015.21570694964,1015.21570694964
"433",904.888706817051,903.457121993886,817.42402462481,1123.3175587344,952.30789213959,963.197115392187,963.197115392187
"434",852.462739699483,851.648951983143,787.336707632026,1089.29789111119,863.926559980971,918.327724812909,918.327724812909
"435",898.18879988262,517500161.51163,804.751024749425,1078.58204737122,960.372834453919,968.347003995793,968.347003995793
"436",906.78675236061,906.009722462895,818.420135871185,1123.66388387085,976.752226406288,985.61701584474,985.61701584474
"437",935.376243785379,669953013.567575,814.927195207927,1125.54319490254,952.038693841113,1034.02261928197,1034.02261928197
"438",864.212974208577,863.447301895486,812.560841774083,1093.05812849011,863.363536921799,917.72862901798,917.72862901798
"439",886.692375140018,885.18173837299,813.060211913603,1089.85911079707,898.388099697519,944.460559834407,944.460559834407
"440",860.690731988676,860.504718582545,799.388476438043,1083.23380370517,861.738187605336,916.88443412073,916.88443412073
"441",880.731025213329,880.712501630009,801.875771898785,1088.574728605,878.657634730217,959.167720696628,959.167720696628
"442",874.376004050624,623538.324260744,809.022055670262,1076.88132797169,960.76854309703,936.244053765517,936.244053765517
"443",819.907645333053,819.90577120728,785.590136719195,1040.42555069866,820.447487757934,855.279352400742,855.279352400742
"444",886.807297646087,884.355316866225,796.135590649646,1120.41055859374,919.813406324083,948.343644156441,948.343644156441
"445",888.702827120644,624286294.4685,797.7613846063,1090.31246891632,885.946866347308,954.673905827481,954.673905827481
"446",868.284716840093,868.248878492608,805.056617045879,1107.70366882481,837.125801094733,928.096931469936,928.096931469936
"447",868.070149521029,867.90773834134,800.53833738519,1072.77087347712,866.443095616172,924.901642992315,924.901642992315
"448",838.58631947829,838.835140781902,794.562184065039,1076.8785251992,838.405395530229,876.107783181221,876.107783181221
"449",911.052606150943,910.254498011384,819.43827633434,1104.70838034087,904.109835890241,974.999275343138,974.999275343138
"450",853.24529460645,853.05910019627,810.914099487201,1074.84760987014,854.13110201357,897.201215921617,897.201215921617
"451",881.566779353746,877.802451355709,791.004290647551,1084.59609111668,922.045397829592,949.989874477046,949.989874477046
"452",884.729037694542,884.345297963683,804.575886958679,1111.29012866004,885.081081762365,961.630205003298,961.630205003298
"453",855.279073009345,855.62706725663,798.639248426866,1103.09658205901,856.220250452648,907.983979476992,907.983979476992
"454",857.372925152896,857.686582042722,799.30770145019,1074.42094042831,898.366129077214,914.338647936868,914.338647936868
"455",874.447544049874,873.594780508314,812.265329749054,1124.1234345663,875.8999795701,930.545609847627,930.545609847627
"456",900.876285343922,901.428967213387,799.875085003238,1087.39096569986,894.318205762674,982.419526691092,982.419526691092
"457",863.097887984518,860.882307984899,798.540162793767,1080.64404252764,873.977470685486,911.560368542492,911.560368542492
"458",901.253525571084,900.023279755049,816.030861990999,1144.65804722527,911.729834695509,967.938549409548,967.938549409548
"459",873.389274785086,873.120370215193,793.633171421365,1062.86995726198,900.009464630299,933.846545362921,933.846545362921
"460",884.306479395911,885.008296989411,796.739506583723,1088.54758378415,916.567581393426,963.70905606286,963.70905606286
"461",895.676821208584,893.506047909872,811.511048696402,1133.68778729549,867.564065110788,957.870319699448,957.870319699448
"462",862.945184012545,861.699694549245,797.7151019842,1093.88300080897,879.001124765459,922.64546826111,922.64546826111
"463",899.782681884288,897.714110438664,805.794616604476,1085.3938552894,936.334469147885,970.4297731037,970.4297731037
"464",821.795114136214,820.026870429783,773.149552208185,1042.89147357263,817.810320095272,864.102271232309,864.102271232309
"465",897.802679946767,897.25614589885,790.907562489602,1109.96508001874,919.003633881287,991.429064610198,991.429064610198
"466",890.518498842803,890.903041711356,801.971102642732,1123.9493099289,891.25634332517,966.330287663561,966.330287663561
"467",896.482254007932,896.20233471441,815.764706087085,1102.25203803425,904.226958040243,960.245750244244,960.245750244244
"468",890.459792118585,888.596183055792,803.619821662974,1110.87094015119,957.11036454469,958.575745017631,958.575745017631
"469",919.410004101828,919.199075670215,812.924423339477,1103.63724359579,917.436273526024,1012.17548884542,1012.17548884542
"470",873.946146808777,873.118456564927,812.169075701509,1093.34743493274,860.413540444625,931.486969508549,931.486969508549
"471",895.026511595131,894.770986968924,805.419913883095,1080.79727042922,905.436312855588,963.162693275148,963.162693275148
"472",921.505974083396,920.769598952532,811.268932398286,1116.49811700071,951.547907316826,1010.4249040575,1010.4249040575
"473",889.638917501436,888.297773060747,803.164973018774,1073.79255838645,933.828922997728,954.949449650178,954.949449650178
"474",878.874001683128,878.618456292077,794.556501175301,1079.48739818696,1016.85321438894,950.822000439633,950.822000439633
"475",888.590211624445,884.942759899576,810.053526495177,1096.41782490934,956.052288665633,961.97644723513,961.97644723513
"476",874.297582083077,872.515364163743,813.745539527278,1085.03179421774,909.750485562748,932.58366157931,932.58366157931
"477",868.997391695525,868.961338881626,797.582722879898,1095.11313831112,869.671840128308,936.176908871928,936.176908871928
"478",860.35196128197,859.482652872601,790.628701497194,1067.66382064733,857.259274836222,921.004627562937,921.004627562937
"479",883.494397559035,882.233031156025,790.948000434657,1084.02048065633,879.803081038886,968.451353196661,968.451353196661
"480",888.902741717038,887.260094266074,821.495774021278,1127.98741321638,920.227005132055,956.512120075588,956.512120075588
"481",919.67276359255,916.977960044469,817.268935634331,1141.15236478571,944.61210748252,996.327718954857,996.327718954857
"482",929.848858971872,929.748501041588,823.967169049665,1136.53652359719,980.625643063838,1015.0597007372,1015.0597007372
"483",879.945689107247,880.170418916266,809.213162384392,1053.4271551618,882.216423673294,938.841268050905,938.841268050905
"484",874.036312286073,873.045742893888,789.58129901091,1090.22858240386,871.969885624718,940.52432728099,940.52432728099
"485",865.903062202561,865.463616889628,793.544808244596,1096.07906591353,919.487099612949,942.030248468326,942.030248468326
"486",872.081371625363,871.415494319621,820.126429469853,1120.03396471412,871.719457426847,920.138924429072,920.138924429072
"487",884.928318440995,882.947385357672,793.12555201967,1064.32289610019,900.233998901401,960.335371399892,960.335371399892
"488",874.74580051174,875.04427149332,815.795835031454,1107.29478879644,875.562677704396,932.50047105572,932.50047105572
"489",900.271763614109,900.059359675984,807.948482550173,1116.47095600269,1007.13230962868,957.923516591741,957.923516591741
"490",897.722585521616,896.643046535631,832.52676420329,1088.11688445807,901.540611470509,947.557043889865,947.557043889865
"491",880.8473249348,878.759636465472,793.896807796582,1053.30785365641,882.778749669226,963.665530677927,963.665530677927
"492",875.4259608811,874.803478081991,810.836180045653,1094.84970802964,840.471694380173,929.74067885928,929.74067885928
"493",840.661619306874,840.245052820558,775.023508482163,1044.3191751833,855.917419652086,885.716956028612,885.716956028612
"494",876.802428013417,876.812602988809,803.048765979796,1080.889772183,872.513010593471,935.753567692236,935.753567692236
"495",823.99626110354,824.216125692857,778.555472802087,1028.47186168331,822.674323613213,870.272344175195,870.272344175195
"496",880.25717972788,879.710695514982,814.749823697138,1147.45952812699,854.686374483617,954.052135491164,954.052135491164
"497",906.174693253255,905.271570363751,844.660118938536,1150.55653554562,901.764964193335,965.456269779936,965.456269779936
"498",885.935362511589,884.691434871838,826.416677262807,1134.03361695355,881.67263491912,938.492816870327,938.492816870327
"499",896.716119104403,895.01407907453,807.351438561531,1125.22950832505,940.786820730283,979.773846017737,979.773846017737
"500",893.922408506081,891.494901183432,830.09002549919,1125.84503228248,897.008629387714,950.321810221996,950.321810221996
