"","correct","wrong_link","poisson","negbin","ztHurdle","Hurdlezt","ztoi"
"1",1020.87233442199,1020.98268192882,766.220109208427,1020.55436661812,1587.41226896744,1020.47098886366,1080.47531775878
"2",1102.30434928283,1101.95362643235,773.87782674634,1407.24585176862,1267.55002325932,1079.9652501081,1134.67044623492
"3",983.980616765734,985.325295148912,747.139662238965,1035.15099950696,1192.86938409485,992.574656904739,1038.43688511585
"4",1172.03179610635,1162.33500335892,802.938449155751,1300.24079858046,1802.67156442836,1208.93673056693,1232.68522898865
"5",1120.19603649945,1118.81942591609,767.03280394603,997.820261319146,1486.90497583415,1096.26160543722,1177.74012338893
"6",1078.91157798733,1081.06664716279,771.268805714432,1074.50274067331,1379.48054785875,1066.00967452734,1133.40751235684
"7",1047.34455385483,1044.17228858009,754.870423179796,1008.02560793467,1404.37126517923,1036.3613361018,1112.20110342252
"8",1072.89928713272,1085.12094449244,764.467805935728,1250.71489078527,1203.85564199626,1040.43507760504,1088.80113668512
"9",1138.99045282291,1139.90741171713,788.396563910905,1245.6166046729,1281.80336178526,1124.21550749966,1164.536009677
"10",1112.16368524407,1112.41629343516,784.795194668937,986.28891456317,1255.67225347922,1085.65192722912,1141.77019095754
"11",1035.52744746902,1033.96374435094,754.456969429384,1025.96454475872,1215.88576851421,1012.82821756982,1094.71041669783
"12",1069.45067362241,1069.02944551711,759.883055994832,1204.63845328585,1411.34838960096,1038.05341840316,1110.92345284571
"13",1080.22837987868,1078.97848936389,781.248448112802,1072.65857791495,1332.97562441506,1066.18543567582,1113.46110123117
"14",1061.86735974561,1062.87394834896,767.596233849671,1139.34947837841,1276.41127725962,1024.24692773289,1090.67807589758
"15",1070.96570795408,1068.99713087278,771.32680563256,1018.15120145814,1267.99215578654,1079.43613070876,1110.16747589515
"16",1002.58562650175,1001.18112635113,754.664206984659,982.96912506799,1272.70807567907,998.318611170425,1088.18329710105
"17",1044.58073981991,1041.19160018398,764.292142722813,953.002962575711,1440.22104177814,1028.20578361032,1100.84455692637
"18",1049.60518513309,1050.68937234366,756.410175751826,1075.1331930816,1247.50787420355,1002.66147742111,1086.65609621242
"19",1048.46655193954,1048.52383151255,760.466694693429,1296.9150091241,1243.63437736627,1025.22709733658,1113.50458909515
"20",1109.9854047924,1107.25918407729,794.165930912144,1188.55886275698,1493.22409791418,1100.80459407501,1145.66807921102
"21",1035.18114270052,1035.97231740789,781.165240559576,1024.38933135853,1334.59789655929,1046.74523920539,1093.00497451092
"22",1108.17635303601,1129.42795856061,767.818205303717,986.394842300405,1254.08846931473,1052.56659940818,1125.35195237378
"23",1082.44080090474,1084.9951897,772.469850588751,1168.52918925612,1430.4915467282,1090.42957138446,1150.3458685157
"24",1074.60942272523,1074.87619021581,783.402138086189,1172.49377164716,1406.94012720663,1075.11690140183,1123.89629803805
"25",1024.21292341635,1025.95959125494,748.926332296896,1212.39639595092,1250.73995176384,1017.7186551647,1088.41222035035
"26",1099.49238226763,1099.4289920305,794.089785234292,1082.71629691553,1462.30679108442,1118.51711512912,1122.47163817176
"27",1097.75337131785,1096.34265131842,765.790017671692,1181.56592968077,1418.990140915,1067.76371768497,1121.28633645225
"28",994.720583315281,997.682754183756,748.564298693111,1060.10245450514,1219.28007375784,992.702997034897,1070.60741857305
"29",1070.34156928047,1055.54532317061,788.555505626984,1326.92343013441,1288.4924104494,1060.50500983116,1109.60125154491
"30",1033.37508393707,1031.14753206109,754.210310092102,1072.95283949894,1296.46716495497,1015.40903409599,1086.99004256518
"31",1026.98080971678,1097.15326337506,759.64979654218,1177.67797787557,1304.63332291911,1051.88815411595,1080.08248050103
"32",1174.23697539791,1167.72134233845,802.878710525339,1280.27908590504,1737.01117467766,1119.34113599151,1191.5439572038
"33",1051.47323404933,1047.25515367959,759.748746951104,1140.39514339799,1380.3750046266,1011.53232691142,1100.90916853882
"34",1074.7428574198,1074.07462191428,770.87118000604,1282.5944279438,1264.50092653361,1096.48510400957,1128.95814074285
"35",1065.31316004314,1066.54529020511,786.690087970473,1060.08343330566,1253.86037928906,1077.80423322049,1120.01719333824
"36",1074.29137905615,1074.60310410223,776.349658157227,1148.98692585741,1360.5474977136,1044.65798586585,1128.24130707269
"37",1069.77396247878,1070.5200598066,781.015797600733,1245.88093618642,1262.2375460973,1066.82799698315,1116.28489585784
"38",1109.94647721902,1110.48277513356,781.849486704643,1103.3027304814,1426.6473566328,1085.6995847929,1115.50354867855
"39",1101.77751721997,1104.17736665287,796.67020332833,1102.42046669089,1274.26023524431,1137.66417356136,1139.81173678126
"40",1089.03402575876,1091.90913570195,774.087615892018,1164.35326761519,1412.80790508073,1054.79642292767,1099.62144931316
"41",1133.41571545123,1122.68103634189,760.486863136089,1099.87425140968,1230.06865951379,1064.20041845352,1144.93490541255
"42",1093.06373453222,1098.51815896963,793.682894444618,1303.68586347328,1284.6665778971,1084.03991837408,1149.36351251829
"43",1021.08611541965,1020.58186667406,774.97219166099,1196.25842610768,1361.66142349537,1022.66045659445,1086.49434506341
"44",1130.5654584738,1124.03716552036,818.521257802783,1147.58524249763,1266.60428831922,1108.80093431637,1148.53181549318
"45",1057.35221881674,1056.38813173744,794.046259810449,1084.50426588514,NA,1053.89512861583,1110.51287303807
"46",1020.12435418219,1021.2688956288,751.258893445171,1043.05452155715,1218.74230576398,1047.39057282566,1075.74381720705
"47",1030.74104875444,1029.63926697248,746.831566831293,1005.92029845434,1294.16486415919,1021.93885051377,1055.94563515357
"48",1060.5805714289,1059.76755253262,783.750964260194,1164.23226382924,1461.50657708016,1053.52198558593,1124.54758541125
"49",1102.68937459882,1099.49913740595,784.926850062328,1088.20068730256,1531.61142686442,1126.14088271156,1126.14052044028
"50",1069.67814541024,1068.88155019781,805.841094708962,1081.26404026129,1439.2521558807,1096.13578909403,1095.91060567653
"51",1069.37966040549,1071.07206179789,784.318920744519,1304.20068838005,NA,1066.52806440328,1106.07837691945
"52",1114.22445574137,1118.36344065344,777.472047314704,1231.51784306294,1268.12852822258,1084.41145363872,1136.27343923544
"53",1054.625888371,1056.26509266665,787.970366139805,1068.20129207712,1473.02960733807,1049.17921823113,1142.21670633438
"54",1169.36747552638,1160.83172727317,799.40009868029,1102.26302640913,1578.59483255538,1108.36094352179,1181.32376544564
"55",1012.0099556009,1004.76671415525,734.944011161845,1058.63221205472,1284.54195968242,1006.95368933924,1051.83007753436
"56",1037.3570362248,1034.83576547934,770.640062866392,1290.76162485314,1232.57159063081,1049.51445574436,1079.72465877663
"57",1053.77515870423,1052.92271978204,771.102614724262,1002.24998046989,1428.49506205783,1083.86886680363,1116.19720973152
"58",1069.55089447033,1069.48279060272,800.322079628873,1012.79490860749,1383.30066046552,1051.41449678041,1107.74504307031
"59",1096.07685779305,1098.67833066956,780.382316150544,1094.74497734285,1425.2212155435,1067.63429803625,1145.84501359363
"60",1044.52520505192,1047.78023037542,791.89751752921,1108.07064275308,1244.8770380894,1051.1515104618,1088.67175744568
"61",1061.22887934366,1057.7080949486,757.996391331709,1084.59521271711,1569.73722352227,1028.66145442988,1138.17643619875
"62",1026.92911370495,1026.20834057474,754.718862952467,1057.4109278468,NA,1029.5982741282,1075.7515461947
"63",1046.14929424494,1045.34157063771,760.400943751841,1071.90671183485,1413.58508595561,1040.74813156561,1092.87017879371
"64",1144.90523447472,1124.79974563003,790.952284042422,1052.29304635728,1579.22074597665,1121.43667098662,1151.78447732431
"65",1052.60442629114,1052.86176260635,760.973125578445,1214.50073612128,1338.44681337984,1047.25183589711,1090.37871228858
"66",1117.79188859312,1117.7062325594,775.295066497648,1120.89777685508,1261.36535047537,1064.91234259655,1149.20077948663
"67",1122.67609314586,1129.87031460967,790.63126845768,1185.80914105498,1616.78256295136,1147.59924056237,1164.75385243261
"68",1115.25351588964,1114.3454128795,769.958815647342,1254.49271839713,1256.96948850804,1125.02488995427,1139.700040217
"69",1040.69425090877,1040.25657056846,763.322720222347,986.451934319013,1243.31826867036,1044.43218433393,1084.36466090502
"70",1099.35260803737,1096.61083823785,779.272624886618,1050.09088514514,1254.55067237433,1128.62270958486,1134.54251862616
"71",1005.42221489643,1007.55721012163,751.91810457221,1015.57136839645,1380.22167132189,1018.64709271506,1062.60992816324
"72",1135.04359448597,1135.17443767173,811.19842798822,1167.02119231556,1302.54302859699,1111.09947780678,1180.63957460161
"73",1017.06320147343,1016.60045040179,745.281148651316,1102.26043319467,1167.47952006584,988.579295575991,1044.88493234051
"74",1069.5776023061,1069.14449357936,789.445272108112,1075.56244486903,1368.35980667562,1060.64009602352,1104.28353461527
"75",1088.55117500246,1084.5729042814,772.134396089878,1072.13225006638,1397.53714988872,1091.61983005651,1120.90024939441
"76",1025.09790416487,1026.946171443,765.403453098077,1022.86837559508,1349.84730745746,1033.1968300342,1074.89832861369
"77",1059.29270479726,1059.30740807105,759.597366584118,1194.71818337988,1234.43818699236,1070.799876909,1099.49191196927
"78",1104.30812190957,1104.96046672509,780.557890132321,1266.93721432023,1461.97116035853,1074.27423875836,1137.5286015659
"79",1049.86112184633,1051.17288563673,778.556767562169,1202.28017978605,1372.58229564348,1059.99180380229,1105.15870038367
"80",1052.42688965681,1049.42121198505,761.655793986068,1027.88758228371,1221.09104142197,1077.65389940851,1093.15078296705
"81",1181.53496565808,1166.24567301692,781.090748080176,1281.58371098102,1617.59834306197,1132.07222154848,1180.74741035464
"82",1034.37077923896,1034.23240817541,765.379639600714,1056.05383227546,1313.83862343125,1019.02972989328,1091.23699892219
"83",1088.75036845726,1090.74700607724,796.561172487349,1176.60968181837,1417.02341475601,1078.58482046345,1123.20448234581
"84",990.167889405435,990.666728243576,754.618102476354,1197.572216866,1346.03337711814,985.821460620053,1052.20983135404
"85",1048.69626733476,1046.80977347235,744.957128492184,1364.10791642598,1210.24145733015,1016.22125222414,1091.8980793278
"86",1067.04712222276,1071.0834168645,765.327476251974,1105.53836433486,1397.53581971738,1020.29541173909,1107.83885751764
"87",1105.27373701943,1108.49700668652,749.990581303385,1094.52568694146,1415.08389643091,1087.88761805013,1126.83158872847
"88",1028.405412537,1029.14964338007,742.880455628816,1029.75843849864,1313.68863089368,1011.7147602934,1092.01723350137
"89",1050.57301660578,1052.05772811629,793.807663539713,961.009506293493,1330.38916897691,1050.95462629722,1109.20728033599
"90",1028.44410710573,1029.08558809316,777.829858417121,1128.79267995571,1284.68666403193,1019.31940358789,1120.67684101711
"91",1073.76744699075,1068.2479454858,782.284800619172,1163.48464228529,1312.96507707181,1062.44551762978,1126.05714217252
"92",1132.31924971493,1129.71413755115,805.24473210022,1171.45842882631,1724.41084257871,1115.31254311329,1188.15497862156
"93",1066.85933139993,1064.67589080788,759.56166527662,1418.63591829586,1256.44144059654,1033.51862929762,1122.2463750219
"94",957.072096632094,957.280553623382,752.46013952715,896.288361873278,1153.94932495153,953.358229161667,1016.87525476659
"95",1166.82799895724,1166.55598360295,783.632774936082,1322.16383176991,1519.1103332968,1124.79205980079,1176.82136717752
"96",1026.83494787924,1025.329648379,749.446610186433,1062.89101987077,1281.39451352069,1032.80129114627,1091.72388294259
"97",1070.03357368339,1070.1116245698,778.841108791818,1108.97849542178,1259.01505164326,1055.80928107712,1130.17177832623
"98",1100.38202491482,1099.36198089381,776.596010843769,1135.96317994589,1484.00745001676,1070.37307043457,1141.84921422038
"99",992.136707447009,991.964029765077,754.309072171285,914.63464288394,1306.39782962131,988.743752619461,1054.79387327701
"100",1150.20542476327,1148.87569173458,793.187322548955,1193.67763160252,1409.10703665123,1110.95615302391,1163.77388187049
"101",1055.64397746503,1060.73131906864,759.497460306946,1109.08402797211,1279.7198441237,996.993634884904,1089.94792100478
"102",1120.45459609859,1117.88380896041,788.603265625206,1108.34205023191,1488.16314171807,1111.65195985947,1176.25276352453
"103",1050.70886024888,1053.03116616849,731.617688878293,1062.56685812877,1331.9517613227,1014.28446897895,1078.82244840796
"104",1093.61832038173,1092.37209531966,779.037340511176,1081.4407718952,1239.29173712271,1089.05139076356,1117.16428312159
"105",1073.15754571306,1078.42654235834,780.347574802674,1153.0719366206,1274.39023561703,1062.7500633579,1139.7983977031
"106",1068.55969804465,1071.91924847614,777.119845167249,1281.39665085697,1272.30696801942,1029.24788281113,1118.732589101
"107",1081.83914611265,1082.45048512439,788.598449260259,1128.13386115864,1466.72280347954,1073.09672958528,1106.49118813672
"108",1011.93173889408,1009.46908200106,755.924459993281,1129.84668572639,1209.26278462797,986.447949756858,1067.29442497732
"109",1012.21928360362,1010.96518957739,747.31739224955,949.588580043501,1214.17347797407,1004.2751375784,1072.24631114492
"110",1039.00397679094,1035.69104197141,750.364249267963,1042.25011991652,1312.52623307429,1030.95027046795,1102.43576748554
"111",1090.67316053833,1084.29840952089,765.950154729952,1165.35782388134,1278.18648165869,1041.82447484766,1142.79424184455
"112",1038.5971796573,1044.23351737442,759.797523575263,1165.35578465685,1312.57878424118,1054.49684077297,1091.16875385234
"113",1063.09628187926,1063.35502918066,770.984530132856,1455.14314622533,1234.38688841015,1086.02214861161,1103.39813630036
"114",1052.09862911435,1051.99904805798,773.28573906097,1073.61774556238,1255.58954743459,1036.99807289555,1119.07163485351
"115",1048.18480085346,1046.90550880565,756.374898988203,1119.93556327037,1320.02949502895,1030.74506708312,1089.75510965329
"116",1034.13746125003,1036.56730874715,807.828756786992,1228.71057094763,1366.33623755888,1037.1067678304,1095.88702576011
"117",1046.06812639959,1042.87241580058,748.469506359746,1018.56618864513,1231.86232732031,1026.64434056378,1071.33737717979
"118",1055.13102573916,1054.0662766534,776.489627526933,1018.05536295107,1234.8314870323,1051.00807292159,1096.62117222514
"119",1052.4072711489,1051.05472706679,750.285483052397,1013.12094644287,1417.96016072725,1048.75095329723,1098.39525174546
"120",1050.22674562171,1051.01129817891,780.249862423585,1124.27791178932,1421.63235101338,1037.84198969864,1093.53777096975
"121",1031.04499764776,1033.90349599537,756.584635258094,1222.81898580565,1346.82298561017,1052.03520645849,1092.37576389029
"122",1133.38530410389,1128.93249942798,779.839283418486,1214.97867397446,1306.80742536445,1094.63733346153,1170.48685240172
"123",1124.20392810492,1127.54712168182,793.399808529499,1154.84445930776,1474.06546686444,1074.96524746696,1164.83275263651
"124",1003.02018384441,1004.16172612882,774.60440098459,1010.33619522512,1289.22022266613,1000.65133405646,1094.09470313766
"125",1122.07417712739,1116.71266187552,788.847810215246,1112.40102692872,1324.81973077818,1098.5079080462,1146.68016941772
"126",1082.25627109582,1082.06193559025,784.874475083619,1053.68391308592,1491.0471016406,1063.26244281451,1132.82465026418
"127",1183.07554871257,1183.55269005229,816.736380484041,1178.02269559016,1706.85682532836,1149.59100952834,1197.56595727583
"128",1084.08010182991,1082.9634152016,763.936705480916,1026.02510161446,1446.10957558793,1079.27009047354,1124.92267221867
"129",1089.35077197135,1085.65219052053,776.520373147787,1116.89359219135,1290.76678413656,1051.71414924325,1148.21888119677
"130",1103.71210248013,1099.08051564294,806.543774465261,1030.78467775508,1488.62427550004,1128.21633806043,1132.32231063372
"131",1030.95740881315,1030.86075259116,760.991988298732,1207.31907080057,1339.27783709411,1014.30514693347,1066.67344884072
"132",1120.48408121342,1120.16288655707,763.849460825934,1351.80585704188,1672.52725925843,1058.86946190088,1121.78884277673
"133",1003.34531326949,1003.36775504718,771.749014459353,965.152303805506,1385.54971800715,1012.16158058849,1079.37585477195
"134",1026.59276323045,1022.23083794721,750.511191175837,1368.43208430377,1332.23685101406,1016.23483102771,1079.00915359209
"135",1127.67954215506,1135.81931945773,783.788720958736,1180.59703092708,1239.82116785084,1070.01377973866,1154.84286295033
"136",1037.33659289269,1038.1529719873,779.102344062373,998.384689357815,1552.34453289238,1047.86878048519,1087.70241148985
"137",1115.456105746,1119.35716414539,791.887815590515,1877.44566351852,1407.9453587756,1085.89011995564,1165.02694413938
"138",1116.06460589764,1117.76525067116,761.762912869169,1096.81091204476,1237.99517031854,1066.16445093795,1148.1557686424
"139",1103.32744940623,1104.50717771146,765.292866865913,970.491446567007,1443.57126183318,1101.65807062059,1117.58112041256
"140",1087.16327707859,1087.54911700477,789.313500125905,1103.34304468329,1292.33620206545,1056.11197921917,1138.58556843267
"141",1098.94302509816,1089.23943717805,784.634160289118,1103.24856470617,1262.61688835011,1056.29196324126,1141.66394445004
"142",1063.63255791354,1065.65348343515,770.955680352836,1189.82835866136,1524.13670357997,1041.85436203255,1129.36096924185
"143",1127.73661354773,1127.1112952132,790.189752847131,1129.84867474132,1281.52666341029,1087.06878615117,1171.99687460435
"144",1048.98619379451,1053.13450924957,782.180470054335,1104.44572907711,1249.12052420842,1037.62792475472,1110.58078035911
"145",1045.32853054927,1045.0202454179,757.285049446127,1162.8298599399,1374.84760747809,1023.10301675246,1084.13004672645
"146",1055.14332276407,1055.59227320718,782.993436562297,1052.99253305785,1248.97311857085,1058.1391162365,1097.16310584163
"147",1025.65066345276,1025.09878505696,736.454414813191,1028.28991651542,1183.32946788525,1016.92324879434,1058.78736529707
"148",1179.55672472847,1177.08988884327,779.957799516206,1112.57890399691,1568.11223589151,1100.76972345937,1190.66033414937
"149",1049.35262701879,1050.88032209507,783.651421713633,1057.07059241189,1349.77367155641,1051.61116651987,1109.43938511964
"150",1155.51726137051,1155.61306335506,792.96618776004,1170.29827530724,1273.69859523959,1148.11173098725,1165.98691579007
"151",990.7488652464,985.090591624325,758.834477654801,1030.39275562284,1197.9320264943,978.182551480766,1043.40056701484
"152",1085.23194173917,1084.53028350981,772.061920421539,1130.82574421688,1238.51329619831,1078.57323857907,1113.10038693702
"153",1059.96004400963,1060.80578035145,761.775704806849,1466.94948762086,1352.89875572174,1052.39800976728,1126.43228452632
"154",1091.26762881833,1090.29079292429,777.187280975282,1036.04787511614,1292.71130557405,1041.88051361629,1143.01565476967
"155",1100.81996817103,1102.40719570261,786.430905089423,1082.74914757621,1248.47759022051,1056.51322034081,1128.87521325781
"156",993.416557454948,995.310718318921,747.290544138079,1076.02303395663,1223.82193279067,1007.612268111,1038.06847281494
"157",1034.80598215876,1039.11247578331,769.276309592076,992.715338740455,1232.52909947577,1046.46730208308,1094.2842473394
"158",1057.11277349382,1055.10205622582,767.773191162979,1291.80085221129,1295.99524708077,1020.83081716701,1114.86446788
"159",1065.81840419805,1066.93388166595,758.604338531068,1093.26116418976,1242.94944384884,1057.05653762284,1124.347709182
"160",1101.39988687265,1103.03378913322,786.458314276242,1190.60222478389,1398.49298204079,1108.88644392254,1145.7522950236
"161",1147.45295306589,1147.75126347613,797.243757457355,1030.46167291655,1527.90132699929,1133.37600926298,1198.22954819646
"162",1083.72988887158,1085.14799651983,796.264195376306,1042.02927155159,1483.01951060561,1089.80582909881,1131.86673351045
"163",1147.69437496339,1145.81464983833,804.253460730544,1133.3879128841,1894.42287209406,1121.23176551703,1178.17997097412
"164",1018.27766680246,1020.6999949767,744.147702512062,1115.72191285974,1280.88836249197,1029.2930485356,1066.14871273901
"165",1068.77059684397,1068.41518342711,777.936800295509,1100.26906045905,1233.77492366973,1049.7592560662,1116.18502519399
"166",1040.74263436183,1039.85209305539,756.857960713961,957.53341754413,1292.95208601237,1037.17832630564,1104.80745335839
"167",1054.54082497853,1054.78294184824,760.462519221089,1239.98756308325,1216.61303826419,1057.33362044024,1092.14629401732
"168",1026.36209322919,1027.82373411337,772.570728850753,1069.51044123603,1316.28237048108,1013.88992137564,1086.59346514622
"169",1023.77628623921,1024.08713527187,781.751633441763,1155.77821778723,1259.36022565481,1041.7261723642,1087.56083037106
"170",1095.77950057136,1070.38531850686,762.98861540218,1206.32668943861,1342.43430274627,1048.80680053371,1093.39738476473
"171",1001.44635040613,1000.12380245382,749.062123751809,1058.47851913965,1198.70780091422,987.33133183224,1047.41184218078
"172",1045.31362035054,1026.52031506478,741.803393397725,773.80689387074,1207.30787650986,1024.22716932227,1091.60759022006
"173",1092.97088524337,1095.43721246549,765.84424433664,1288.87935147904,1246.16176339324,1054.04053360224,1127.29158110671
"174",1069.45816710245,1079.04200311245,768.94784212916,1220.68069883965,1375.92145847339,1046.31482898685,1109.16975046509
"175",1049.50559027311,1052.5912440815,760.745496802271,1029.13215290537,1277.12834165364,1040.42718624601,1096.11680293166
"176",1006.66143374105,1004.27904933343,760.122321220934,1210.41145728029,1370.68540644176,1002.91689640065,1067.95804147332
"177",1034.1385514619,1030.49722930582,760.187591506684,987.222387088427,1375.3794501264,1036.73642964509,1071.90960780703
"178",1119.79108926993,1121.01817147441,804.232747300383,1287.46016905601,1271.57416176084,1101.78785690546,1165.75347012698
"179",1098.92286350746,1096.20401623048,789.329491894737,1035.01000454522,1270.89721552293,1077.8535248538,1141.55014224781
"180",1194.63699813344,1181.51930701055,780.467386328284,1188.31120268518,1300.97536893978,1166.84759097519,1239.47997834042
"181",1069.6370199438,1069.36998802274,774.013133897428,1177.43363063682,1752.73662561573,1069.02674709908,1098.535655618
"182",1024.04463256825,1026.18260845551,755.807260456032,1011.81785323546,1202.0417636273,989.322233498854,1066.63460677888
"183",1002.03752049443,1001.3785997996,753.521679185217,943.515729532103,1193.08854987941,1026.26368334485,1050.38872156554
"184",963.106938654516,960.79495851754,749.146154784888,1037.65901260001,1216.4316735043,973.956596858243,1047.46427985215
"185",1079.56453748355,1072.06336786565,771.092856462904,1163.98675797296,1208.59586820492,1034.53138442743,1093.08277403089
"186",987.287492728719,993.275868868115,758.861399942519,1139.79359713133,1233.7246233218,991.177926144052,1066.51836821637
"187",1081.43090500394,1081.07380625054,752.321900553704,1119.11975432837,1495.98556088576,1059.85043700581,1137.21569589958
"188",979.601379676193,981.027513190546,735.510032827585,1029.23991065432,1251.69862303429,1005.16603251352,1029.96473087268
"189",1078.72418833006,1078.10304915144,781.82498920954,1070.5776741469,1247.15640072814,1066.73596058489,1121.25677603988
"190",1086.5053032889,1085.29020447499,771.021561914564,1051.33958442524,1491.21196917286,1068.63849719513,1113.75390979434
"191",1075.98950469702,1066.54091551115,775.49461890316,1179.91576910158,1274.67430004358,1064.68021091282,1138.45562210401
"192",1094.27028527759,1087.70221608824,773.041257644894,1189.62092243892,1345.41268556266,1039.7972433567,1141.88780605855
"193",1023.33863755679,1022.97198311308,743.251405373262,1165.39769115034,1212.75885283461,1022.57673239996,1092.69824375927
"194",1091.37353266429,1086.49999135038,775.240557281715,1146.19041657044,1371.92180293516,1072.16143495403,1124.97228635514
"195",1183.11894289032,1183.74780109991,807.879795914468,1273.72227548599,1647.92675291679,1136.51988052917,1216.82320901494
"196",1000.30129915269,999.67015569,759.87918276041,2166.44368496133,1225.02386509616,995.954636900785,1069.95564731638
"197",1052.39099041137,1051.63351717219,735.100260277222,1118.56018582603,1338.96817003244,1014.49997470275,1100.06377040898
"198",1080.55442631012,1077.80189788281,763.315018764131,1252.60290450318,1410.52620062447,1056.3019195559,1122.31749489565
"199",1067.68305869162,1063.37028441518,776.855923717918,1214.82432104568,1299.80755133601,1039.29376771582,1106.95225467001
"200",1120.23628255287,1121.0448269494,778.307570720317,1118.44128565231,1643.8323349092,1109.8459148339,1146.54990754009
"201",1014.38295353529,1014.58730032635,747.247648087391,1025.24562918115,1216.48602151751,988.213587049849,1058.35210354765
"202",1017.87484410208,1014.9668380255,764.052210099189,903.067386140493,1292.02664783744,1016.95323801133,1072.99531798744
"203",1070.73192884578,1073.08961601337,767.592827084089,1134.24343600828,1249.2207803239,1052.63583546761,1129.85967402937
"204",1024.17547575434,1027.01561156993,772.660809974298,1056.43419532738,1224.67343725354,1050.04824197531,1074.2260295194
"205",1068.3593319803,1069.85866643809,765.258434970067,1193.59444217166,1238.16789250785,1066.69305851104,1110.21157049412
"206",1134.75975715749,1136.7256651534,776.305413649781,1393.02954859027,1267.32856554518,1091.45540638699,1185.00583927068
"207",1144.23485865979,1145.35747526855,788.036293307508,1104.39882401766,1550.0419000287,1161.4614967538,1174.23095417966
"208",1092.56105286267,1093.02231752744,772.713957973808,1284.20938247121,1237.00333817466,1093.34070447953,1125.71887274951
"209",986.783961615967,986.785949561462,723.360449226128,1077.98263106741,1165.8619321908,984.337760295931,1030.7453432422
"210",998.21263510777,997.836606859323,731.281106892457,1060.25528192383,1369.88559004909,1001.67948108575,1047.93504684338
"211",1016.43886797951,1018.64669708648,762.098944939698,987.076707248455,1220.78038056588,1033.38082605987,1078.05173676084
"212",1000.18298511734,1003.0935380361,752.899768554312,906.409086947263,1213.09181492316,987.202208870647,1077.13827478502
"213",1056.94938908941,1055.34569951236,767.275783324797,1017.3930854394,1487.32897143684,1040.85810478783,1129.15885509191
"214",1041.03663088377,1041.48735823628,773.191833961911,1041.37084856727,1446.05021449215,1036.25945793505,1093.75176740608
"215",1096.64451138947,1097.29887946169,786.520260346882,1089.27210745671,1429.37284353319,1068.20189499416,1138.9357796716
"216",1063.9079773894,1062.68187041556,754.39410144944,1201.64103745227,1319.71509856478,1035.31855254469,1112.11590528756
"217",1019.23420130622,1018.53687150435,758.964383279277,938.337617243672,1264.1767275379,1028.78288224099,1053.39663134109
"218",1055.00670848618,1053.92400140477,764.806146846718,1129.02775518879,1226.74622015714,1045.01859067069,1094.5952751708
"219",1071.24083239725,1074.04793959979,774.907500550937,1093.08176582284,1428.88751201687,1076.28113911186,1140.84189092495
"220",1150.48607285752,1150.15332545705,788.334268945851,1035.44859952602,1283.36370672104,1262.92479839102,1169.75109918464
"221",1134.76949114419,1132.01979556086,766.63415966041,1253.53781067834,1429.03959360096,1086.9737241679,1180.96610508449
"222",1075.44436108363,1073.73798297301,770.93135658433,1120.30138938958,1249.2705558852,1059.69693206869,1106.94088024911
"223",1108.28995489478,1108.53587012624,757.966823561325,1258.61900498239,1527.15233850578,1098.18598672885,1160.03425697166
"224",1038.91583301205,1036.91218045952,746.827057593603,997.251852700609,1268.79135453733,1022.90368293654,1077.88594120826
"225",1115.24857457885,1115.90360082383,785.44372656038,1168.20224392854,1460.71243120048,1080.41192282954,1145.91474031176
"226",1033.00695945921,1033.14742112104,755.030704341262,1124.49003470037,1219.4227945513,1021.14834167345,1071.57767814516
"227",1040.20898519228,1042.53746622208,764.691887436749,1107.22726863127,1313.3284434909,1022.61908435994,1097.91904709397
"228",1054.20913722605,1059.27796426042,789.545495470504,1163.92366473592,1434.84282698179,1041.52715325546,1107.93766272641
"229",1052.89697144673,1049.54875929772,754.822681703185,1170.76338020451,1269.9043380405,1009.15117153858,1122.57560008955
"230",1157.68978606809,1160.2335948312,790.172749007196,1195.6992119962,1267.32153570193,1118.22878287738,1166.6913484629
"231",1129.25067332253,1130.43035321926,796.679392587476,1152.07769363669,1274.76250469587,1084.05752462848,1154.58315756623
"232",1000.51871251977,999.883367883326,752.52542845797,1062.8956594085,1209.90708699294,1014.80898694587,1064.79128620401
"233",1053.96950121172,1053.78840919933,758.414554612777,1519.72844637488,1280.21960879638,1046.05791515634,1095.1088687794
"234",1066.51868094447,1066.89254584093,745.078099594487,1336.03032946224,1212.29801390325,1041.5242986627,1100.4543950317
"235",1128.19163119517,1126.13864284212,782.036126942507,1485.53040053028,1527.39285369837,1108.51811183708,1182.39064469062
"236",1076.03540970655,1075.05497411963,764.825806291997,1019.15054311108,1332.07637780955,1039.3958016042,1108.63369814258
"237",1059.33750598817,1056.54062546192,756.225953394706,1040.19018156902,1211.45702560809,1042.12792120403,1086.91748681149
"238",1072.97288853731,1073.91429085608,761.849485263646,1012.39457757698,1361.32440864377,1133.20089184733,1098.28912972908
"239",1136.74383326075,1133.89378291912,783.258033074518,1253.67102064347,1271.06925191751,1061.00997606966,1164.13347193649
"240",1084.93415581294,1083.76109992018,772.994144824222,1088.96797091063,1296.10359272863,1046.24041914916,1104.97074115121
"241",1076.46143933285,1075.33708582892,809.069629340041,1132.59323071728,1247.97910818947,1072.41117595562,1120.05509247339
"242",1187.70826174372,1186.19570692105,782.532021420497,1362.25424497746,1322.73827583189,1150.70364718794,1212.50905955465
"243",1055.45669037843,1051.55455305528,790.661719092917,1039.89021804821,1343.29482657215,1037.16364838988,1111.80135443315
"244",1062.23160525916,1060.38947703469,766.785043444926,1115.39490754157,1227.89712190983,1064.01528035968,1113.32841595276
"245",1046.7010122748,1044.4209258219,772.941391381685,976.180637387622,1265.89665313737,1027.97308974946,1089.13451716203
"246",1161.50303768298,1162.18568124445,793.496518167141,1177.30264649584,1467.53940141598,1145.40993192808,1192.66042273317
"247",1085.50922135027,1084.66423630407,784.66684690004,1348.43057887748,1434.85232068306,1060.13972713711,1133.52540918274
"248",1007.67317497945,1007.04106759648,762.063596298352,962.92624400054,1289.80520808552,1025.74608758796,1069.02347616333
"249",1095.48362182217,1096.10347227241,771.33314522259,1039.33320401508,1244.0438326675,1081.09134829939,1132.4522882054
"250",1035.02567710054,1034.30683612887,773.680881402399,964.454322830991,1244.33691770402,1020.17433216974,1079.92587396003
"251",1062.18672024154,1063.6635319477,780.166833286336,1067.32182182416,1251.72985695202,1059.78482267418,1107.82811758687
"252",1023.39394195665,1025.34504940059,772.805185152318,1097.82159238678,1252.05300408469,1021.51975180661,1067.2383988423
"253",1085.66898166746,1084.5354939921,770.436621026054,1263.78137584279,1329.52822738504,1061.96279900726,1137.93947985913
"254",1061.40222438257,1059.64011244533,757.003016506905,1030.20315903876,1285.92174167073,1044.49867219451,1125.24601115362
"255",1017.57784028579,1021.04325409424,763.281804250421,1105.3797400774,1304.55409551003,1019.68767054434,1073.73036500782
"256",1137.48821475206,1137.39052661464,793.329148372943,1149.85283561389,1280.57308706523,1137.6268846809,1173.54887349066
"257",1124.34999975432,1123.72313737318,793.858486479496,1030.08904616845,1425.51150730096,1075.94391330701,1127.62902136465
"258",1090.89643802744,1092.57012346716,786.960752220686,1123.11928156409,1350.44833004623,1081.55022819344,1155.00126572729
"259",1113.65869532398,1113.15065237486,782.643069821299,1132.07365235685,1545.98177588302,1085.93743974833,1162.94716040244
"260",1093.20789746582,1091.79667711674,782.38017963588,1393.3394231155,1253.94662127865,1086.58412054933,1129.27087325583
"261",1066.88113051294,1066.80177983095,778.91139985244,1113.57757775219,1214.49191770006,1048.50363985148,1089.99852688862
"262",997.384675417328,998.249767666986,759.665674919615,1082.14669824702,NA,1000.17907275377,1066.64988382324
"263",1017.85502973003,1020.37974840758,779.252650191097,1190.64916219091,1457.54079192749,1021.14898023748,1083.06321849772
"264",1028.52955208587,1030.00449338811,749.201201530377,1255.79072698266,1264.85138854839,1014.10938104711,1082.34571174492
"265",1092.93626676366,1095.22002980723,775.722513997836,1402.6395095309,1248.43281751361,1039.74130902764,1124.72949185089
"266",1062.88593783852,1062.57036956121,772.522975026627,1051.41774780534,1253.85505290875,1050.68478611198,1108.64329068991
"267",1102.92062151092,1104.18559758912,754.893644206991,1168.09810691238,1230.30635540304,1051.435809788,1127.00085639146
"268",1112.21337270151,1113.75466014689,758.38247036497,1260.19989645306,1256.49559859184,1093.55646648278,1156.07552281652
"269",1123.24113100878,1121.22929104078,764.132115948624,1208.14887581419,1615.31981132419,1110.61266757777,1145.49849694444
"270",1061.27455738809,1062.60299133461,754.978666035309,1110.64512635607,1383.54955885922,1052.46679962733,1089.28006159356
"271",1042.30473620727,1039.15372967523,771.142589873851,1005.60810406607,1402.32118207804,1020.99080423533,1106.55764050387
"272",1034.77314865592,1034.00774413186,759.540990187006,1454.68232223295,1421.56289385565,1017.02965844717,1094.67411480316
"273",1070.27308477186,1082.38376841239,764.626982318145,1176.59431819378,1202.42484865811,1030.88327920796,1093.90509668169
"274",1033.06619561472,1033.83293739709,767.392387099441,1059.17114138301,1265.39815082145,1035.22801771721,1075.81754357619
"275",1059.33970691638,1060.92761196429,779.590957544697,1170.06394829501,1366.3762681921,1057.82608769238,1096.74901785727
"276",1032.81909049674,1031.64310516446,749.457509404049,1587.38104323514,NA,1013.2287445037,1097.22892541723
"277",1120.18325765194,1118.92965199629,816.948031123543,1055.30238131051,1458.04324356905,1099.47570428807,1147.79898620311
"278",1048.53506547087,1047.65875014494,805.658068549823,1141.91005502133,1218.03498989506,1030.10562323418,1093.0330087047
"279",1043.80864411847,1040.91259296709,766.864277282246,1125.28118117115,1223.23693537566,1033.25436821579,1086.68986902923
"280",996.667491274,996.389261697084,739.420392062235,938.926510138967,1190.44931893115,997.419765064083,1050.25641355578
"281",1064.7434372421,1066.833569724,764.185954725905,1196.80155638978,1252.78557249055,1079.55357771008,1120.82356813861
"282",1043.89536279932,1042.75525894925,768.441189135095,1236.76359272696,1266.84101476494,1032.73679678029,1103.1964075417
"283",1115.82739679895,1116.51668216086,770.381353368835,1312.51207041194,1368.50685788292,1088.10504106714,1141.98851085623
"284",1231.93305469353,1230.11081743572,816.883960560096,1207.75425942692,1313.5398259695,1233.36890080013,1244.85041658991
"285",1067.24960743076,1064.78000088198,767.947303561641,1087.30758209427,1443.98308478982,1027.90810056217,1126.37009317397
"286",1082.0660311915,1076.10242001011,735.545367544708,1210.77301055248,1347.14512313859,1054.35637534713,1114.16341209552
"287",1112.14051682589,1112.44178573885,772.864641994255,1082.67463856289,1250.27348111054,1113.28132790295,1152.88159271504
"288",1069.70269902172,1076.23819175972,766.088228809889,1313.17826971781,1403.80471958624,1016.78459422602,1084.22817226831
"289",1132.89165443611,1135.38627112807,778.417113013397,1137.53828005831,1270.07711712793,1106.61606368747,1164.88259746904
"290",1088.88812380361,1087.54582410432,780.321250385663,1165.32236331023,1370.81882869964,1087.37101295065,1154.52549144677
"291",1099.56584189507,1095.94553690216,798.170519457722,1048.48694378583,1260.18248290721,1069.95059929913,1139.07204335493
"292",1061.60988297414,1093.34788106672,745.89729767874,1024.06553959959,1217.97629216309,1036.21255518939,1083.38298537144
"293",1180.06089891366,1179.80262468159,798.588719172139,1360.04591434933,1548.11744996648,1113.92689881454,1193.77075034743
"294",1071.66151284787,1072.28976599237,779.724306828281,1174.63249918976,1572.24249964697,1076.63644838176,1126.85077329727
"295",1152.03044259147,1162.03049103646,783.824861730873,1309.92631730562,1480.70835206263,1075.69382355812,1140.41023665933
"296",1004.84296042504,1003.94655690225,762.819249786932,1104.32220643649,1226.10129689229,987.831902040248,1070.05667018919
"297",1089.25869305577,1085.79597107537,799.002331386503,1209.11035166671,1516.20746439667,1066.5345973305,1128.90452883548
"298",1020.00057903613,1021.6525578032,785.813095416438,1012.40228288518,1317.03711956182,1016.42637164405,1101.72175123632
"299",1076.61829949958,1074.44344140645,779.396638018864,1115.8831947742,1249.32519594585,1087.20552581397,1119.80280880516
"300",1100.62796147246,1093.90027434325,771.001178653986,1152.3687167458,1242.93903556679,1114.87115571414,1122.34219012569
"301",1039.00589908827,1035.65586587078,757.812748232614,1128.65426531059,1230.93320556213,1033.19569257434,1110.27632356557
"302",975.711359368104,976.570528128432,734.728613925072,893.620438610619,1178.30139168863,968.771962901451,1036.98155059312
"303",1043.28300760438,1044.93202373995,798.178765233248,1887.95977633943,1269.96085152777,1037.2841486371,1124.13041754728
"304",1075.4529298263,1075.58463031569,774.840276285358,1112.23680610418,1397.22971662013,1084.19448548706,1093.33094974393
"305",1102.04305324995,1101.46984656758,778.83795564472,1185.9376249181,1370.29700843839,1069.92705012839,1146.78812900438
"306",1020.15601995652,1020.06621676995,759.475855465591,958.873015704293,1240.01333447265,1023.39334687949,1081.73553368766
"307",1091.06404799524,1091.5828780497,764.182234826999,1004.06530193752,1278.7015617043,1079.65579931416,1128.57479572559
"308",1176.12553544789,1137.63122859618,794.254517759746,1158.61529644383,1438.44386033407,1128.19075163393,1177.72626896346
"309",1105.2011820165,1095.48790998419,760.072841143397,1120.31668718025,1449.58475951151,1095.99946160134,1145.5549078678
"310",1088.48386831222,1089.78302093251,788.389634839563,1283.58896765134,1287.79910363912,1097.25045444959,1154.03817477704
"311",1087.93694664788,1088.51052689267,765.881165800855,1284.5555726673,1227.6698387767,1088.40015437564,1110.78892840771
"312",1100.24166148029,1098.92731232395,787.376242720791,1363.47383660334,1422.39054150136,1062.73024347384,1153.43396536387
"313",1044.64172833578,1046.2297282711,760.470064669979,1043.74674609334,1220.52783314625,1042.79056509134,1085.98254500182
"314",1079.01652470395,1078.29352002114,755.743988819607,1175.46878596196,1419.44586561453,1100.79431598061,1097.19414643169
"315",1057.88267918608,1055.79710437855,765.121593372951,918.627398849475,NA,1055.09100401813,1107.78616559631
"316",1082.30925350647,1084.33657112632,766.750957157075,1379.04382540009,1458.68731989938,1058.39910323338,1125.34972848639
"317",1154.71847177827,1149.40459069318,788.841248052312,1255.05836298922,1300.38983231466,1122.40391217592,1201.46826099792
"318",1015.92572491855,1015.39305365473,741.85599923677,1046.42511455978,1219.15135409212,1001.85985373055,1039.50739778882
"319",1007.65981585408,1007.96233259872,742.790422253534,1022.57070501984,1257.48941164369,991.386709797449,1056.16321695161
"320",1037.9989453708,1039.46227753907,769.208328917259,1072.08561656954,1216.56054200573,1019.15402214938,1084.52625322893
"321",1044.95081138068,1045.31354943299,785.444542908423,1097.51031384572,1477.12854361453,1023.71920634501,1088.59358574643
"322",1017.05155506185,1011.40179603305,753.961131047714,979.725213050837,NA,1009.71783684591,1102.99296006196
"323",1052.57982598262,1049.78229371309,753.342297626048,1090.91609995623,1220.56137951516,1069.9643541582,1089.36578841082
"324",1012.15676310515,1015.32551920992,751.9046585713,1054.24699802751,1279.18776109424,1018.14143256845,1078.2701987168
"325",1115.3173696129,1117.65787924639,767.287554359878,1297.72554867256,1334.8274297671,1076.83479668327,1130.76603555251
"326",1131.94989795341,1134.50674679038,794.592543549086,1207.84500342388,1437.55773787721,1116.48715153148,1169.57839600962
"327",1061.74552941707,1063.57197290496,772.038233557329,1066.59476466941,1215.69480531998,1060.40238340752,1082.09194924897
"328",1099.05762741075,1098.72110678326,788.549614781933,1237.6979873472,1262.40729940643,1079.03445729384,1137.94453759142
"329",993.547085394334,992.555047390292,756.661651249451,1147.87240140661,1186.84033262586,990.381462497944,1045.30711327889
"330",1137.65852010074,1137.0729954758,778.049033920765,1067.72474874736,1318.03823560972,1101.31011303711,1158.68826859728
"331",1034.13667555595,1032.40461496724,764.775173808412,1014.26274066407,1211.84191499077,1053.39802741235,1082.62410143844
"332",1077.72352015492,1077.27789351833,755.236046674993,1251.69276798552,1412.1499194368,1087.26867252481,1094.87407601605
"333",1007.39362130562,1007.49484685394,742.684856278127,1147.83855823225,1265.21869404247,1014.38750062488,1052.10452618206
"334",1098.66795239101,1099.79465212475,762.900064452309,1215.52786873338,1589.33677418088,1106.63389855915,1115.72705711881
"335",1118.82704427718,1119.31080561087,774.040971420801,1206.22360565292,1408.96808469877,1106.01084648445,1130.07752110232
"336",1048.8118701347,1046.42193026835,784.276958279223,1090.88199774465,1362.03328985729,1037.08393810936,1096.61913140857
"337",1042.92717769651,1045.07475809936,764.114754354184,1078.27797465577,1251.42161500985,1033.68877687919,1114.46190970749
"338",1095.2420946245,1088.07026650463,788.39478966726,1188.99942918657,1519.29429911349,1088.25638588312,1133.65570809957
"339",1091.95600965348,1090.9517526703,772.229477681912,1339.72616158568,1339.90012046851,1098.82053558679,1118.31126498423
"340",1154.78375813423,1145.65216393278,778.182772082275,1199.60881225079,1390.56887985527,1131.22311919702,1166.37543877036
"341",1055.46174611359,1049.42236808319,762.196675013935,1197.71514988798,1240.50529613764,1042.10740976615,1113.08842891626
"342",1074.43903661163,1076.01117238444,786.429824149783,1287.47764567998,1548.72069275961,1074.52423120899,1114.82195748503
"343",1003.65110628905,1004.54277707609,739.50307567058,959.440332023938,1167.22760605846,997.832323269546,1037.1006473556
"344",1114.66929227842,1118.79949010356,784.14837179696,1158.75214413614,1386.88760052758,1084.8287451295,1139.53182431947
"345",1004.67532251245,1007.38464486908,749.471183747848,1129.43449001583,1281.08994782763,1004.68798975046,1063.0999552911
"346",1116.00135632121,1131.50509645557,774.885274181854,1421.62296929925,1254.15511425821,1079.69585650986,1147.86000061084
"347",1105.93766238532,1105.23934385355,767.877306471438,1367.25559646432,1326.06600799297,1068.91012381947,1145.63732126916
"348",1050.45305630189,1052.36293981789,761.913854312806,1040.27713685777,1261.04502224444,1041.85619128649,1090.38958521204
"349",1188.96672203712,1189.84073988882,796.060750688998,1206.36079095638,1307.4125037207,1148.70213013959,1215.63258346095
"350",1179.55198214952,1103.65187475449,791.000769216557,1380.81717891688,1690.2114346696,1097.34313380785,1204.48631800784
"351",1037.09580206744,1038.92280095165,759.948134075651,1196.66963285787,1459.14865228743,1023.63339393506,1107.73542431636
"352",1046.69887625162,1046.39586587229,754.059965441591,1378.3522077001,1217.28670317,1031.47821034063,1095.56960161912
"353",1086.9394174792,1088.71860867579,780.554141988141,1184.6659051693,1238.36673913493,1058.98835351982,1115.63488640617
"354",1000.17601907767,1002.94056380693,755.2851043263,1070.88336804134,1212.20778648263,1002.91719720079,1068.00341333879
"355",1066.88566752094,1067.08276140266,778.12781856732,1069.46930311232,1385.15082477966,1053.45151074912,1102.2215034223
"356",1050.39940527986,1049.81303288154,754.912078321277,1028.58449670304,1364.38261225473,1026.04678534963,1093.11070783461
"357",983.595674216746,985.389748098655,747.234556660229,950.125756369377,1273.1284436893,957.916275986076,1038.11068929068
"358",1096.4499801377,1093.83549858704,782.273029382161,1183.88176128267,1593.8879469104,1084.63190543084,1136.69112982418
"359",1134.50967998527,1133.62878288863,806.02690599689,1243.33089278181,1532.10339153709,1112.97371310404,1158.7508061664
"360",1092.02669793825,1092.49840420073,784.89185404558,1103.64218712477,1241.4155506799,1099.97237452249,1120.83112725805
"361",1059.82464129929,1060.9633380815,766.21442488164,1290.69111793977,1226.48152940803,1041.14566031075,1086.72099285425
"362",1082.11199261116,1080.49709086385,773.421652918209,1746.65741034665,1300.37343126554,1083.50941747855,1114.72504531325
"363",1119.56854001584,1118.89178149291,766.456787494098,1192.52209365257,1221.81915236825,1075.46440927614,1134.42293496548
"364",1032.66306260468,1033.89983288868,766.463633988999,1171.85905016964,1409.38635086366,1016.40189846129,1071.10499435876
"365",1090.10326449855,1091.5057708239,751.096520280529,1350.31590792045,1228.88787831276,1039.95003014351,1127.84716660949
"366",1073.47731695532,1073.27470591587,788.313069464623,1114.14780887931,1535.31243510377,1059.794069885,1108.18653177282
"367",1034.64482308357,1029.1425992297,770.975225463713,1151.94133621472,1284.52615929746,1011.2951132456,1101.138144214
"368",962.924571816423,961.182669679775,750.093786506462,798.608097720046,1212.66256814642,968.656210170083,1028.91512889432
"369",1042.71803260065,1042.31516588862,742.325857864758,1076.18630584049,1311.86571487457,1014.16607670381,1067.29224171571
"370",1020.72338439761,1022.37793356722,747.407980638521,1143.27610728019,1194.93680374651,1039.34204260439,1060.68302256688
"371",1068.44083431718,1062.05143481641,784.943550430928,983.023818077725,1433.0455600815,1061.61957869293,1136.74703383705
"372",1108.07659469335,1108.97219850402,775.541373866035,1192.1703521378,1351.80673325227,1086.41230858576,1132.73976246522
"373",1038.59622184294,1038.09370086402,759.111959798126,1494.82978872012,1279.22541866014,1024.45898592099,1072.87348842454
"374",1068.11606309448,1069.55563123827,802.992001540863,1158.90634807052,1294.38648557298,1075.70356845601,1128.44559254397
"375",1027.94177238432,1028.35046689301,755.685373100578,1288.48933318006,1197.83530470112,1011.23168792911,1068.47873731713
"376",1095.77376797888,1095.29367146918,790.582851258159,1146.75178491615,1578.51346837814,1125.52499557897,1122.51835071016
"377",1065.89436153889,1065.8440602994,762.010346555852,1056.89970199146,1300.81174862033,1044.67917851163,1114.25094839717
"378",1025.41133932567,1026.18272379029,749.449376479393,4119.09094613124,1203.71753987898,1012.33942689898,1076.16517341249
"379",1083.14733505489,1085.01731663674,767.084701179839,1158.11602677918,1389.16127218777,1064.31934916447,1121.00433299319
"380",1215.97414694193,1219.22315828421,798.71364986973,1062.73190364016,1397.54327315734,1097.71069932381,1233.79255343942
"381",1139.60638388692,1140.40069748114,771.225251121067,1139.17348199986,1462.88055221864,1065.08768314299,1165.37467494972
"382",1167.57790886328,1165.24011519537,780.658158776907,1284.0674569989,1295.70642192602,1129.9776326152,1216.55004439109
"383",1090.75153417452,1090.30805913171,790.535457441446,1101.46561430043,1284.8035771587,1083.20504406003,1131.73620457802
"384",1012.27290230196,1013.11242190687,760.923979191519,934.649215803237,1323.19663779123,995.523908958362,1081.24184528863
"385",1094.62129775534,1091.78559404755,765.302894417594,1107.46582089243,1229.49753050602,1084.97325950936,1129.90353514195
"386",1043.7942034129,1038.13849087534,761.200186158487,1064.85666006985,1557.12902992326,1066.0648181438,1107.59843802841
"387",1130.61916507261,1128.00998267534,784.826795917073,1215.24984803575,1503.29002863539,1113.09773208528,1156.89667599375
"388",1104.6103892148,1102.53476577182,775.778660665069,1094.04982206209,1251.74013363389,1087.65013762171,1136.95935470364
"389",1145.8194300072,1150.23920477246,790.550827988462,1485.44240846385,1457.81097887386,1108.80825368804,1197.7844293356
"390",1056.33043726993,1057.02598721309,756.312710570254,1180.4768276303,1269.38591288551,1067.57575290401,1075.16573609897
"391",1035.0287720868,1038.63103756512,764.417069294531,1184.32058137631,1203.45096340959,998.354540151438,1073.78521143979
"392",1041.06492412618,1041.75920079584,758.952739337053,1002.31444163954,1354.70120880128,1044.23394097828,1100.21295162413
"393",1072.21920341181,1069.2880608489,757.971625480603,1133.76807110405,1376.15446235856,1073.43161169446,1095.67237120428
"394",1093.48841212119,1091.90640836497,786.631861823154,1085.75670454902,1645.58418445734,1084.5405561113,1131.17829374998
"395",1068.81041019,1067.01127117296,790.517157446877,1181.87986868203,1241.71004413515,1049.75368877688,1111.01375616394
"396",1017.4183465389,1016.4547515649,781.72686038905,938.247473255265,1232.72678671136,1004.63626326023,1083.75144046512
"397",1056.64845975134,1057.29654209256,769.29119924013,1102.94597946071,1248.03128553877,1057.78958835622,1120.68740626303
"398",1032.9279222304,1030.67007199284,761.609371456777,972.868089786459,1220.94414158717,1008.84286658734,1085.66886368334
"399",1077.01465857822,1075.56388307738,774.922957192876,999.766094097532,1402.22961823936,1045.10373330261,1124.56012346068
"400",1054.79684757244,1054.47992780791,770.489151115158,1224.88555773427,NA,1060.49819242397,1088.7245897013
"401",1023.91572650939,1024.20838822185,781.333567252934,1126.89712874199,NA,1004.76445503599,1125.35933678132
"402",1041.92207863884,1042.28839358755,764.65762438453,1032.24923946456,1248.19080462886,1026.56297673654,1118.23947570648
"403",1035.95304726198,1033.9876641507,752.712076194532,1118.48391525608,1326.38566282867,1032.65178916434,1094.64225094584
"404",1041.60883634305,1042.23473858115,764.225705939461,979.894585148838,1189.84207249933,1063.54816015202,1062.36511712951
"405",1050.72448816653,1049.90894672038,777.644962444701,1068.30522139103,1318.18855759851,1039.47570972231,1099.30016469888
"406",1048.06411096289,1049.67877269121,746.330481273782,1014.15752229769,1255.10225396468,1047.24454846484,1101.08235637559
"407",1098.15511246035,1098.02740414062,786.410432122055,1061.18317472256,1435.42991149684,1132.53911879165,1119.84578628171
"408",1043.70392997117,1042.09386266136,761.340193554499,1050.4825135344,1315.17811166368,1046.11324570276,1073.94632646186
"409",1128.1991554533,1126.66890899907,800.166305955557,1235.4856036511,1569.26067843928,1103.54743461323,1164.68454826308
"410",1073.14705786763,1068.4856931471,767.834464045131,1426.62645204692,1229.89090545808,1047.48211894366,1100.04492593268
"411",1162.86783896041,1162.11250470088,788.919666763482,1296.35789663018,1697.88808900085,1120.55652720739,1168.95691425912
"412",1045.47960220043,1045.70622563479,779.88836369537,1344.43944911798,1481.38621739019,1034.73758922062,1092.16217669086
"413",1190.05449390598,1192.64975454382,781.04737818153,1339.63476120789,1748.9085036178,1101.47259741631,1199.05503822958
"414",1081.70372459749,1180.70943089478,784.00599217421,1015.68548301954,1428.35606457928,1085.1455886627,1130.0890253791
"415",1054.43058731698,1058.17232508538,767.238922175904,1233.03034363494,1389.39815268485,1085.67786646785,1090.6413670814
"416",1056.00177996694,1060.84148317003,781.324052924372,1115.98377280231,1386.4382975676,1065.18592367408,1113.49607790195
"417",1084.96161437594,1076.32119214434,791.978300811663,1080.48822604594,1261.57660456942,1072.99218798731,1135.56864975405
"418",1066.87105522346,1066.07928869012,788.398570334323,1103.02052903349,1410.7847870809,1056.39973578381,1107.36110520231
"419",1012.2144847089,1016.60331698017,770.467289948445,1003.94946615104,1281.96037718806,1017.89365439498,1085.59282323949
"420",1088.40511469875,1085.80708677886,775.986077618069,1396.47859018944,1262.74654704632,1057.66761366098,1142.49627903902
"421",1041.33768213148,1038.60992377279,758.506059930494,1082.67200814657,1456.02420651292,1012.70120087742,1082.51753743837
"422",1039.67291713844,1040.43024999563,763.586485979683,1022.18322568384,1220.45523257214,1036.5424928322,1091.38929558946
"423",1058.98011658211,1062.01487047646,747.235166681156,1091.87990550748,1355.17458208623,1040.34377351591,1106.66149491473
"424",1131.2053080925,1128.35868667507,789.918590899807,1089.55722950656,1296.62593415794,1120.24845783987,1190.8424117356
"425",1010.52354297363,1011.38594413306,752.474417062083,927.225763870934,1219.89978287972,1008.06334709094,1053.7972927152
"426",1113.85014815152,1117.41733015188,780.960689538635,1152.10718591108,1245.8737898771,1085.00047160159,1127.7319420433
"427",1113.21095328608,1111.73576928544,762.834979022697,1110.26032373759,1233.41244097692,1094.41143841941,1133.29802768523
"428",1089.32930728509,1088.90072829854,785.870380880976,1154.20715546867,1242.07701933462,1089.80626964018,1116.16481028158
"429",1082.44164741796,1077.79568947123,782.099058403316,1088.46400223982,1382.64089336354,1073.77144635295,1127.09090825598
"430",1098.1007540261,1102.06780170693,778.33386455407,1044.34075102776,1602.30097292832,1074.80921351663,1140.91667129407
"431",1001.93193716527,1004.1317350898,751.364056662854,3346.78120151031,1221.84772695935,1001.65843173501,1088.93577156588
"432",1000.46779113856,1001.62845668908,747.353423448121,1012.96515327111,1191.58042341964,999.67058010697,1037.25011960958
"433",1011.39750729997,1012.40635121698,744.135672551251,1165.15021779807,1200.14680710224,995.820164073467,1077.61336403086
"434",1059.70144136256,1063.78416992921,783.340868944563,1148.05873486554,1239.76253053533,1049.77547100845,1101.61680394864
"435",965.599702627374,966.970629296984,744.242569388386,1020.90966319518,1214.49026097259,975.250814111134,1035.51208745431
"436",1061.90387463217,1057.51519552814,747.301608506348,1171.11196586504,1215.22594602697,1031.26038363178,1099.97330515394
"437",1098.79592682207,1098.43112056845,767.613598654933,1295.94148509172,1423.97169701535,1087.77125328585,1128.95514381239
"438",1016.09489475009,1016.48094290434,769.149273531646,1115.72318342803,1294.44646177598,1009.42442696376,1072.84725308148
"439",1105.02197115452,1103.85141409476,764.839301345915,1039.18669564899,1384.68604744974,1049.66490898563,1116.07736460477
"440",1028.2901918051,1027.14069824746,784.018549717266,1109.73316948116,1231.50072995616,1032.24826913772,1081.23854599675
"441",1107.0432592136,1108.20245605916,791.059792032018,1305.67694092371,1356.82142752556,1091.16098200284,1178.37032556106
"442",1088.78837696711,1092.58816937009,759.063522031661,1197.44016760455,1243.87554922042,1067.70761497371,1137.99666808563
"443",1054.67078600846,1056.83811493276,735.43594193761,1085.83476002668,1238.87000433727,1018.87722278135,1095.00154899627
"444",1100.06338102617,1097.67913183712,793.263429103363,1172.65584086404,1539.69752603327,1116.90991860614,1141.88628533825
"445",1090.8364254978,1089.06408201851,786.724533688824,1131.22531878831,1543.31940812564,1110.75669622033,1145.9408164727
"446",1053.1320776953,1050.346844972,795.588516047308,1130.94570167243,1289.68383849041,1069.17871908643,1151.19768166483
"447",1058.29067059517,1060.89014107917,759.216642438442,1077.15643484757,1503.18246441949,1048.02670979948,1102.77396043884
"448",1133.1652570915,1136.49995480896,774.712433739329,1274.93993999772,1656.81999653164,1123.09674276269,1160.81660145594
"449",999.768816051639,1000.9755833231,740.666131855116,1138.41806233227,1214.80262061847,999.902340012201,1047.61082550109
"450",1119.46791234752,1111.55471520157,770.990065403862,1343.69276110645,1333.46669223588,1098.88157078982,1129.57392509113
"451",989.93820542619,987.085955985565,743.633129123564,943.408911038769,1203.47920458338,973.02391797865,1037.3612736296
"452",1049.67894590645,1050.15171397874,780.840181616543,1449.22167276299,1212.35718846376,1041.86186259983,1106.03053508785
"453",1070.74963273782,1064.29055195608,777.846616803841,1118.51141366636,1275.40647259305,1042.18078314516,1101.65804516392
"454",1069.38493154746,1065.52512266436,773.369683048207,1190.68074035597,1293.60411850671,1065.71413127389,1124.29566159943
"455",1099.10128443738,1094.91903910091,760.8498059414,1118.01654224334,1514.84139082983,1079.049567918,1109.74211782045
"456",1009.67254748348,1005.71544351365,763.335932602557,1029.65731808182,1231.35521343875,1002.55479740183,1065.45190136138
"457",1056.45378106809,1059.17993956577,792.330375021131,1306.58073769442,1263.28950376607,1046.79601104709,1121.49303281574
"458",1054.1085065235,1054.88672611057,765.975482760146,1087.56137880736,1361.66169307633,1051.45940477176,1097.7182489169
"459",1073.25462715815,1071.77318969648,755.675475944756,940.576941771978,1385.24263275283,1062.24813332316,1117.23773966162
"460",1157.03596890193,1161.03538649767,761.502895150481,1342.66940368087,1465.65400686529,1102.48671084471,1180.03487153165
"461",1085.30516356469,1087.28208588947,790.566956800127,1228.34024741968,1395.66189483891,1050.97401573976,1143.89508092524
"462",1067.64138861677,1067.6777954513,761.599864923295,1391.01154177148,1437.49136647353,1047.40165291958,1117.46552368464
"463",1102.86572687657,1099.16906976759,772.905729507806,1157.09846202363,1405.87892221591,1040.70100336622,1123.79661470857
"464",1057.11609219822,1056.60542801816,754.316703211274,1075.69552892473,1293.21977236508,1040.63509697869,1085.61608697522
"465",1068.59080365035,1067.71168765036,809.639995236765,1090.55212685448,1248.14417349438,1078.79054911597,1103.11077862564
"466",998.5254065436,998.18747505625,751.315982845232,1126.80085341405,1214.73613529,1023.9865780297,1041.19053842226
"467",1007.04957901898,1004.73577946238,755.526276988863,1068.98194268629,1198.66325685071,1000.61031190872,1053.97254585639
"468",1130.19206682776,1131.22350192006,786.1575581352,2830.30818156734,1444.01935335612,1115.1735830609,1173.69017507083
"469",1051.34707983766,1050.25323456556,796.084514942279,1276.13631517935,1290.4547084616,1048.9176216945,1110.6463703974
"470",1145.57163274872,1145.62578477125,802.147017709347,1222.37197646031,1694.15991799529,1150.86122465546,1167.31370416301
"471",1069.50809254319,1067.78547653571,796.9962567194,1158.54043792742,1447.00221198785,1081.3231980242,1123.91423820133
"472",1073.2332031686,1075.01988166543,759.284075664163,1239.53123831983,1185.43484669146,1042.76042218107,1081.66700923115
"473",974.436553967618,974.291458175869,731.554013922433,1102.70354990581,1221.19333338094,962.711729167588,1038.47705924674
"474",1081.34780096879,1078.50529137731,768.931506032095,1091.60045543752,1228.33526119138,1040.0502109298,1102.88139562742
"475",1171.28332883385,1172.27567619711,783.227855399581,1256.21810499376,1519.70430053235,1109.04605770292,1157.77847613118
"476",1112.20196798071,1111.97911162678,802.534500434581,1315.54719208912,1313.83784230559,1095.1560106275,1140.11461666949
"477",1034.59214181718,1032.90815473873,741.398486008865,1038.93533119254,1228.44886694378,1009.02462990379,1062.58551361766
"478",1051.95234818854,1051.00284886578,768.793741010324,1141.48696639155,NA,1071.54874813254,1095.57368290457
"479",992.655347838997,990.498587911262,760.539757115533,1052.79219265425,1226.85961542575,977.165152982482,1056.03626120789
"480",1070.71715210584,1072.11084458142,773.90413987762,1183.82019899187,1268.63036596131,1091.65300593741,1133.79008686561
"481",1076.6747248109,1076.78813614714,781.161492733051,1103.32152742221,1417.64330535518,1050.52124490693,1120.94767171916
"482",1021.41113626742,1021.75870948631,766.254409101668,964.887007712425,1298.58400584056,1018.36276502899,1090.72602680439
"483",1146.81872309824,1126.61542289054,774.9822620188,874.901584878267,1401.44288884319,1057.74385658772,1151.22707851138
"484",1050.21128385605,1048.29914047353,756.59308868246,1013.95622875941,1314.3055173005,1030.71971015917,1089.1316951852
"485",1083.24658204175,1083.91483188319,761.09461475789,1142.53765237668,1339.90959848721,1052.25000587822,1124.10898622611
"486",1036.79870031247,1036.42521854836,756.023837292236,1122.23746886644,1341.23373016319,1023.09044414179,1086.59278691508
"487",989.777211967111,987.372195514303,759.671871765042,1071.72378536623,1363.30386702525,984.838120433229,1073.45942291226
"488",1094.73021780447,1095.86782704083,776.805841034889,1135.46739845285,1239.66195967188,1123.43622168946,1136.84391345894
"489",1156.73862122353,1156.7386213027,765.013622763457,1193.73291138278,1562.38524958249,1131.33468871519,1166.91057155149
"490",1115.61461167244,1117.4883896594,791.256365422306,2490.22958455626,1282.93420948893,1128.79918909426,1155.4145852789
"491",1076.2854788143,1082.633424063,746.416543565783,1360.63752189644,1393.68871175565,1019.74039791758,1126.72316307174
"492",1067.80726381216,1065.97956296687,758.744845261432,967.172477399244,1403.79819080215,1037.54777043969,1116.87546013917
"493",1138.61587220971,1139.7152319722,774.254472786511,1231.1044167746,1237.6949294864,1054.84481863673,1155.14195515959
"494",1075.36149499946,1078.28480043846,766.492164973959,1223.68082649324,1282.48570660465,1029.32284756333,1099.4257337697
"495",1054.61526682323,1056.49444070352,780.198480053124,1027.82041615983,1393.86608219943,1040.4375267122,1103.50182764724
"496",1019.78563248748,1011.78790620203,736.25888160421,1068.04120409129,1184.78822478703,993.176467366227,1058.03617376196
"497",1108.97211492267,1109.8275834257,793.371099504737,1386.9234594784,1622.45764441937,1068.53098236364,1155.50584892007
"498",1075.18586684707,1071.32999111558,750.653623366295,1326.3775358962,1319.83953903416,1031.46122733489,1110.56683722106
"499",1080.53269727976,1074.67471017383,770.219464936742,1222.35425826594,1272.97112232814,1051.33829902488,1122.16169932352
"500",1007.84254382593,1007.39336138569,762.376516679783,980.196485368954,1343.76058701507,1000.05117509657,1075.44690224832
