"","correct_data","oiztgeom_split","Hurdleztgeom_split","ztoigeom_split","ztHurdlegeom_split","oiztgeom_combined","Hurdleztgeom_combined","ztoigeom_combined","ztHurdlegeom_combined"
"1",2553.00027559585,2669.53873877679,2597.71261621569,4487.60024306485,7335.02421399138,2483.81252176472,2431.57011424341,4186.77174367867,6901.11194165394
"2",2580.48493765356,2647.57783657359,2647.69842596759,3789.2898038309,5103.41061327512,2553.27210226755,2558.56404943028,3660.99672345231,5571.95397301593
"3",2999.67706678608,3098.8211223521,3102.47390105641,5152.39712622976,5606.74588290068,2897.67113243969,2964.89887813366,4839.48271820997,5458.76373983596
"4",2711.88365034677,2786.91405844565,2788.71516323838,3831.19718970501,5931.14951729289,2639.1764235381,2641.29688834974,3659.11298288952,6116.30277103608
"5",2851.9319757057,2835.73675136249,2751.31691887608,4690.74762737011,4953.97226401646,2879.46442476064,2767.27288190086,5097.33631918062,4991.80031862416
"6",2738.32505863828,2833.73861505248,2845.31645600697,3838.19123321757,4398.88644847932,2668.48380086731,2687.3925636658,3610.76415265215,4228.11314711352
"7",2748.94389528812,2856.66195212611,2816.71766575518,4028.27798750208,4516.29248976399,2643.08305860507,2611.4288598474,3780.65537090775,4306.22792928912
"8",2621.47261915444,2777.97264795198,2771.11737587708,3979.50369470241,4422.48071369171,2548.30918227538,2547.25624641294,3639.56286157074,4223.11364065535
"9",2790.39099418382,2864.12055910853,2823.89455322705,4506.33133768511,5570.93672090043,2700.54574540245,2661.05668983519,4398.85640188626,5427.29184410016
"10",2729.76244463821,2818.20067158903,2856.49617118505,3780.9665040277,4782.76584049573,2675.20400363492,2713.43932220291,3598.53142349558,4573.3683528905
"11",3071.17320576273,3237.95645033362,3041.25682106097,5461.67988483191,5382.18831334626,3027.15678188967,2844.95903907402,5434.23116787732,5283.1441044029
"12",2960.9238188884,3112.56784936134,3016.1673924942,5584.72300343044,5088.79213680619,2871.11710495573,2794.52309856784,5297.84983091352,4950.17287087212
"13",2709.06649621734,2755.23870029109,2770.83220062889,3660.98080567542,5277.53292141071,2644.43930967565,2670.22833659811,3549.34488687531,5171.11845690189
"14",2790.966266975,2835.48819762193,2843.67425853013,4154.11428434853,5574.89024746697,2708.10666699265,2734.2447851587,4032.54221306087,5567.46826592862
"15",2600.47654477581,2695.17611834057,2660.52415557393,3716.12516367871,5011.75548500766,2573.38694644372,2542.81212521987,3607.70730698157,4916.68622538464
"16",2508.05384483177,2659.91554460738,2607.15518340305,4323.98287559035,4508.00015633341,2424.32670156103,2392.91913654241,3919.20636660505,4323.9487521381
"17",3179.32224054993,3536.89405822707,3462.49786770479,6294.60125702157,6089.79158798416,3063.88690674944,2971.04115003343,5584.96385408214,5914.1914737879
"18",2857.37238469948,2953.96023872038,3064.70250629274,4005.08492573156,5367.35914914779,2804.75723549584,2948.57911561549,3789.41502795381,5254.69024528689
"19",2798.07700860834,2867.67098844617,2930.60859195615,4329.27654567014,5100.29071836996,2800.18913431671,2890.42893476441,4461.85289574393,5024.44018450977
"20",2809.76957696745,3095.68642221382,3069.73266649919,4541.19418054736,4970.04647770687,2719.12445707346,2740.67608680754,4005.90890522023,4742.86841963331
"21",2549.78588553568,2692.32853958257,2627.58674181426,4664.81416959583,5390.25294067563,2495.94854556278,2456.29578444562,4265.04135192276,5174.54643922725
"22",2883.67676938935,3126.68741461663,3159.35881094724,4926.44054009024,5604.22395525751,2806.73763826565,2816.21588675272,4432.03752223293,5313.32617495436
"23",2681.25261016946,2688.28886762892,2614.67643568438,4836.10237008425,8074.04830342126,2604.55829056245,2534.32944264456,4837.24291101572,7859.98105052564
"24",2804.88893790473,2849.23670357325,2834.51265189891,4132.2575896273,5945.91719482941,2741.56605715479,2696.84234617075,4098.29419267087,6063.6506998799
"25",3083.3289742053,3252.35212242121,2976.37384883365,5511.2052263945,5001.40322948084,2978.51394840162,2758.60252532344,5190.31027539834,4932.62869337439
"26",2655.19314775506,2707.85191596254,2807.40287525032,3471.77869995172,5149.59789854252,2600.66430708122,2704.44310518397,3326.59938637019,5340.82958227611
"27",2567.68257983273,2647.04331259578,2630.00960022504,3990.92703408102,4972.15081914411,2511.79213318833,2497.41150593506,3842.982755819,4851.33470283656
"28",2472.87185424732,2510.86710390231,2498.35399131333,4079.26429653163,4936.75952894647,2407.02163919608,2400.1187716863,3980.63561106843,4833.90204059161
"29",3354.17882122117,3511.22491916722,3401.33001771492,6234.68324477761,5659.69680038079,3321.70998755071,3277.43465329847,5881.20615628361,5476.90178386219
"30",2707.18817487742,2713.20083593909,2684.79072189357,3708.0200676638,5099.41578565024,2691.30166043078,2666.63587079695,3803.05177851003,5586.64921884724
"31",2734.04169379575,2786.8070213655,2752.46430382863,4442.34520806756,4958.02770974279,2683.61661434154,2646.7472190131,4441.90043642229,5015.53442612811
"32",2567.71750726976,2674.80615877867,2718.04738369903,3616.71238074315,4738.05709584361,2502.11473090846,2531.13667135947,3385.72361722752,4519.20015193216
"33",2619.12518080614,2716.63581772504,2750.07283948392,3774.91574079651,5335.250763839,2548.3145000533,2602.71715840921,3522.01650626919,5860.06790003878
"34",2695.67103435757,2690.51236619699,2705.60592512911,3714.87943097012,5098.43617648674,2659.48389040507,2696.56463060597,3649.06813678545,4939.12686641963
"35",2395.20542803912,2521.44445278904,2450.55198652869,4271.64907687828,4560.63242833836,2353.19329955517,2295.10693673063,4076.75574864731,4389.57730616863
"36",2512.53098749188,2594.4688234242,2563.61999010518,4433.61333174423,5143.97118600282,2468.38052457325,2435.11872595001,4378.75004574488,5083.43890687356
"37",2578.64565303537,2649.99516063675,2663.61287938345,3402.96515706514,4439.99228983382,2516.76487565499,2527.44356492093,3248.23681406716,4282.73488743581
"38",2569.44730313376,2633.24170485238,2649.12305466253,3526.18422468377,4680.24366762587,2511.32548431289,2524.72700419105,3365.92227124891,4400.78664888371
"39",2581.00825001024,2614.52312388279,2613.26686374325,3381.56351777085,4460.09414671524,2524.19330685059,2527.55732112255,3280.18828971818,4347.43841429061
"40",2632.02925227767,2659.31588193978,2677.91103742049,3434.10021404295,5767.53350834513,2573.12174405374,2595.50912094594,3341.9283774906,6092.44985093181
"41",3287.53867096364,3186.03269157486,3049.27648722297,5843.75252382873,5434.67152843306,3260.22969398255,3026.83707895259,6867.60783649261,5447.89491936635
"42",2544.02538553658,2601.27605133684,2586.50424771045,3663.98424741511,4832.61648031331,2492.92399494099,2480.19189572784,3495.84236221817,4651.46521393174
"43",2767.86198304301,2955.7155511336,2814.86734351033,6146.40884558097,5743.88560933925,2729.49617789742,2613.25874550789,6238.74605417193,5631.8807247206
"44",2719.15510629967,2883.78828836107,2850.78982526008,4533.85952784327,5037.00548227321,2641.97718666509,2623.81465949054,4145.96702502498,4814.51870675855
"45",2639.96891101376,2680.4724272537,2656.61025241435,3632.83466423917,4781.36891680926,2569.25901565351,2547.54445431895,3511.36356224743,4552.92996625125
"46",2594.2916612691,2674.95007687607,2675.25964586963,4020.91372063781,4810.22165630424,2506.05919568658,2504.68979353391,3806.08060946713,4579.67979383525
"47",2827.77727852681,2879.77668561285,2838.13944713366,4407.95952112263,5824.76546777943,2750.67660313603,2725.75639135087,4231.44602916394,5935.7586643764
"48",2809.18365631898,2900.31332127431,2808.08750460832,5104.97035656914,6008.37927421657,2747.33146446833,2665.81522314537,5009.09043941038,5914.93455742307
"49",2504.74106842621,2669.94950975859,2567.93540021588,4719.22193539365,6649.95231806788,2448.88520222457,2389.45373899252,4153.83790777492,5643.62784351636
"50",2732.42466818563,2753.49346727292,2711.11759340174,3989.11728598191,5012.59772932062,2688.85710767799,2669.39312794883,3944.8023385981,5002.30789188096
"51",2748.82618923341,2856.4233656487,2907.76064965372,3790.72184041451,5112.74427757703,2698.51015764105,2749.10932473258,3564.21688876262,4802.38755325364
"52",2964.32615189121,3005.5005399101,2976.04507186863,4554.276040167,6202.7475515564,2934.69370818095,2917.03362627814,4523.0736484562,7656.54100329725
"53",2710.39892632709,2930.7692725089,2908.67325236772,4727.14103025107,5056.71735114047,2675.05510050144,2671.97724464943,4282.35900672067,4860.54082121548
"54",3165.0224692998,3298.60055844022,3163.93343000541,5672.17411662693,5218.83051934683,3194.39554777981,3010.80998450458,5780.22134605124,5112.64642138519
"55",2493.01926194163,2484.12520704288,2490.15864833702,3235.04518623072,4546.81557720092,2431.41009169885,2454.15620653443,3220.65711382719,4975.86464744369
"56",2763.85630441596,2919.77240426447,2869.35827961337,4337.72598085255,7004.08520904117,2695.60349707477,2669.85873703565,3991.78246090367,6258.72737329609
"57",2834.87774389302,3222.46936034651,2971.90452125741,8218.11067143263,5382.70775455781,2736.17104543318,2601.29266186512,6891.67684319588,5171.38257853959
"58",2608.53243539067,2750.81644224302,2759.07454934826,4077.14582490744,5484.46917983235,2524.73555047455,2529.69127352579,3749.04033260159,5358.07458727233
"59",2788.49952572923,2877.58385143276,2873.05182280868,3857.36275601612,4722.60399962685,2737.98318727722,2737.47198168819,3705.58011073757,4582.76815735018
"60",2571.25787293802,2613.10291352529,2631.42450359095,3481.87746322427,4715.75944942541,2496.59377049132,2512.45283935301,3328.96383516783,4522.01471237095
"61",2724.85156463112,2816.95273579128,2772.53509077519,4654.73676577058,5322.64280453435,2664.72455203924,2642.7986998975,4400.48134396645,5119.68050353922
"62",2690.32069735993,2763.15063395726,2743.70858769142,4039.86779828745,5658.59185202832,2619.39194858918,2668.93488472831,3880.28753752878,5867.00945427801
"63",2762.42181147119,2822.68510191788,2778.9402491179,4581.95642520608,5137.15853912273,2744.3545236714,2741.91667982397,4558.74582005596,5017.76261426793
"64",2828.54643427441,2912.54189280592,2821.34400610002,4590.95269624081,4883.26779050937,2793.43143352093,2712.82805396662,4439.54113336226,4725.51994548201
"65",3163.54353152603,3406.20155162879,3163.58832271956,5569.84128349102,5002.09563361688,3089.70409229329,2889.54665714692,5290.7752820246,4849.12239147732
"66",2962.21418489835,3055.291223199,2886.28970779892,6048.41796113639,5733.29402992098,2941.4536453894,2841.81887127105,6153.33938406507,5604.29500571542
"67",2674.80739908424,3065.01420220612,2986.90772762411,5890.02545877117,5464.54614702287,2625.44277824019,2588.4030512394,4903.11802550086,5191.6884683085
"68",2654.69432837442,2727.73286140609,2662.31897220408,4612.03506649007,5328.9157129094,2587.6520355775,2530.78502792727,4499.51268136681,5297.57712320968
"69",2685.61134233763,2762.62461562489,2656.34826500639,5365.42770360704,5435.10184337094,2634.44098760719,2526.60526446766,5614.32629353619,5307.36543309869
"70",2967.51719138549,3141.49975878232,2953.93580675015,5780.41140896067,5250.17895832083,2970.84232700814,2792.14187859905,5759.35620169639,5101.31262618597
"71",2651.51972454229,2713.32662502935,2717.95312093041,4165.60164252334,5189.88244717274,2611.109091554,2604.68606889418,4095.24182767268,5076.47358859768
"72",2739.80419779274,3064.62684440868,2925.14605674796,7019.61015339739,5880.69554596066,2711.1426547918,2662.77148739685,5790.29452151122,5644.30799889172
"73",2836.10708284352,2961.47025418571,3028.51320011012,4331.05060199599,9742.21362858723,2771.96856090835,2835.3497385759,4104.75043245853,8854.90081839642
"74",2685.57312370504,2777.47618287455,2786.30979046538,3920.18008293124,4819.38327502959,2618.66888645532,2615.72269770786,3737.30912506699,4590.01723201965
"75",2921.40104068604,3232.42618377713,3092.76210547996,5628.1936275599,5066.8926573125,2848.21982237075,2764.38435122007,5037.09527287327,4891.3678606607
"76",2575.29920274667,2700.17742183667,2662.11283619347,4191.50444191751,5042.04087092109,2488.0830686941,2472.31895654491,3835.9280138307,4794.34087222369
"77",2549.82444589074,2676.4142801169,2690.32584621646,3846.37189892321,5114.15447720713,2500.00063824807,2510.37555075524,3570.03909708225,4914.88362739351
"78",3835.26153924972,4092.42793187354,3682.16714580617,6879.62495862534,5380.24403349077,3776.41124368331,3374.28428765589,6724.25858399016,5158.02892172817
"79",2779.43348163333,2949.21878553542,3075.09021784046,4585.93044861285,5185.5285955802,2704.84786149452,2801.42295162293,4264.30998464589,5008.20900517418
"80",2643.4233204589,2706.80851473403,2744.34287596959,3523.16439688579,5059.60521113448,2583.6088770116,2624.53659240581,3398.25114495976,4955.5365050423
"81",2748.56082703704,2795.18357538437,2919.61510279522,3594.35716235396,4944.26568860159,2715.86577212735,2860.99351770297,3504.71651187578,4833.52603568612
"82",3016.97811325422,2964.48276995826,3185.25106734192,4061.48364103986,4780.2431395206,2986.0439845476,3239.28539812479,4201.33226429002,4655.28867062963
"83",3073.20513247052,3375.9441678853,3034.75153331238,7066.32344696924,5599.88019946291,2976.33900093297,2726.57256890627,6360.2230889296,5403.93828201439
"84",2659.45041038003,2808.7439437756,2871.11987726608,4146.37205281503,5266.24065239765,2594.50970980656,2605.18555984641,3779.60771135415,4975.16513245828
"85",3208.45835247393,3198.53075127575,3253.25694763226,4765.22857990178,4798.92533044337,3143.42119377777,3272.4648356364,4761.11220518368,4720.97611704075
"86",2590.53398640487,2667.27256322701,2645.09608539786,3591.72058828552,4416.61233461289,2531.48762194241,2512.3820818249,3424.78266948648,4227.86573159185
"87",2633.62367798148,2792.73890798058,2720.74834335915,4626.11458342429,6536.83823388884,2567.01299478977,2513.98342715344,4257.82365198373,6261.81276398064
"88",2881.08748648914,3069.32060249195,2940.84592672059,5561.13855063708,5608.86471526055,2810.1949349566,2693.14005341394,5285.76674803325,5480.09640007341
"89",2542.52139870202,2649.90708765812,2740.17377315516,3423.06785928764,4707.96664379399,2470.21257395061,2545.80193850113,3179.0836801905,4503.29282012612
"90",3077.84933114864,3387.24148150774,3321.49417504167,5504.79237570242,6019.98148235401,2967.4539561205,2909.79152856633,4933.58545368624,5739.8309047361
"91",2750.26921602569,2807.637891929,2723.76694274061,4653.0088222141,5199.97783911288,2839.56613965536,2739.25056552486,5045.53365542925,5086.98600418845
"92",2880.65993421757,3022.94309256966,3231.31693090819,4012.4624123838,4496.93377338724,2782.43375726674,2932.7782357768,3742.96485937302,4318.30171968809
"93",2505.88036595322,2664.76166523947,2648.49904346013,4191.71520335528,5002.19635226379,2458.61579736826,2452.36816444184,3868.04691696495,4826.55993506675
"94",2535.58573401874,2697.16221419158,2612.08509749915,5996.30228337411,9323.26342006506,2473.80386429865,2417.3887133739,5455.93497072008,8949.74475025555
"95",2460.78785476318,2528.77283059207,2498.83348834583,4047.8991047206,5381.87180951595,2402.66152294911,2377.88552366751,3824.54930040865,5156.08024640023
"96",2986.4868058669,3128.95789786373,3000.43891332177,4698.17091729414,13150.7779570711,2836.92837603186,2729.64956771874,4372.37930254384,8332.13940550674
"97",2804.07909460579,2809.01048041363,2755.032173486,4217.45409144948,5078.80234617275,2714.94753696695,2670.74199565727,4110.63438870097,4983.84232809087
"98",2729.37149003658,2862.85094635422,2796.77505048098,4112.55332115581,5322.75336440307,2661.56652612045,2608.03445289885,3838.87969461695,5124.52963335357
"99",2637.76876750697,2678.08154673621,2747.66021761853,3449.95212327601,4645.4222445083,2551.40217824876,2611.50436374455,3301.6334394689,4432.30730838984
"100",2644.88737769314,2703.05279423209,2823.66170675944,3786.78616997187,4869.5936550399,2594.0781395218,2742.10310644968,3621.01458533073,4715.05678113223
"101",2705.21649118535,2742.24569493055,2730.86409222387,3885.66410597092,5111.91628643755,2680.40937017029,2672.79064306636,3846.03217293055,5004.39161333711
"102",2409.58714355137,2534.98092868397,2487.04930393155,4150.05967006536,4906.4979023045,2361.97140185826,2336.08461201882,3780.64827953983,4717.55957699845
"103",2453.53906206003,2525.7778332587,2523.25133488304,3737.506810525,6670.88556078005,2404.54382367902,2403.21454192266,3549.61423663648,5655.8908641922
"104",2668.0598560118,2704.90468873435,2732.40943435121,3763.37433917762,5203.45490190899,2602.17531951797,2641.02880172899,3635.08016279741,5049.16604567018
"105",2450.47914466045,2541.55375698279,2587.6191291058,3697.17051642123,4640.77037719948,2378.64599057936,2411.01924307274,3527.69826951481,4537.47556765782
"106",2740.66482356468,2856.21773680194,2978.21416141747,3613.5777451965,5723.7808383245,2673.74931517275,2776.27930862279,3405.18297867968,5339.41166732181
"107",2744.69102984193,2934.87327807469,2794.86974614152,6058.40259123472,6771.30745724072,2690.43041962527,2594.09403678207,5437.96218973962,6145.43939423183
"108",2736.68199402233,2729.84792011702,2652.13968917073,4371.82151695393,5701.95289555433,2709.71001379683,2586.04529663331,4649.72178922047,6029.47315500223
"109",2696.62035315043,2775.59025421233,2825.41878089479,3887.66433022152,5044.82766426979,2635.14537782356,2690.90826312631,3713.57830945481,5051.21306715904
"110",2797.36461356329,2832.69764527771,2748.87779843232,4434.54596254875,4817.401967551,2674.10477362012,2582.7155751998,4311.84648310526,4642.31368153023
"111",3338.12073124008,3813.28478834836,3530.26261495217,7254.04736826505,5343.12552268874,3286.84250234492,3076.34009631352,6417.27370009172,5093.19185432739
"112",2716.78748550548,2964.99680095578,2915.02516624449,5002.75374777248,5386.30949935441,2665.20629545367,2624.11476463657,4572.24003476257,6112.30607617463
"113",2631.5214779225,2694.68327951701,2705.14404844757,3582.04872624024,5021.51292439527,2573.06237444305,2583.37230616394,3429.61251449595,4974.58614985083
"114",2645.01120500127,2713.69727410641,2775.99571739286,3660.71070935835,4720.99742163923,2592.6127399886,2657.21410991875,3519.15249894487,4613.02022363029
"115",2661.74372091093,2744.82514286396,2776.84819733461,4069.80666423699,4726.0857260833,2586.03170798753,2628.49602272017,3902.60287187322,4617.25750640173
"116",2574.55507490925,2722.55068428497,2884.19466408746,4188.6657083925,5111.8258498475,2500.02763274334,2605.15251499655,3843.49432581035,4811.94961244879
"117",2603.11262158472,2665.75116834341,2672.4771523235,3438.92360827782,4158.11573334289,2539.53333341177,2543.64854635937,3297.90465315533,3918.57580338213
"118",2595.3205257869,2724.0639482603,2709.14673873281,4073.32793493565,5682.82208445891,2540.13890847258,2526.21667982836,3803.0163889519,5736.84004714958
"119",2947.09895233142,3085.75594185944,3163.94903245064,4753.81673419333,4856.11358535789,2857.97260408608,2920.26694576852,4477.35071280049,4634.2052722583
"120",2952.290107535,2984.39617670262,2829.92335096627,4814.61052948811,9392.34268924849,2861.83058500052,2725.29369313213,4696.53105577036,9484.86678545842
"121",2630.12351010107,2705.73288567452,2687.62595264903,3996.53515900089,5237.69280774203,2572.02950365099,2555.58629467481,3819.2723418693,4941.50207070472
"122",2820.69437351212,2950.92024745663,3013.73199421226,4494.78285865281,4996.16442944252,2788.67273193488,2863.37348365845,4275.26222322324,4802.08790275188
"123",2599.86326182019,2697.00446134822,2727.9813684363,3701.75345054534,4691.62365887604,2547.06195156255,2574.93410063409,3463.99539867168,4443.32014413974
"124",2620.99389599021,2710.30482665044,2744.39380950561,4141.42337424531,4842.4053459242,2544.32973129104,2558.86472756437,3964.49663963642,4675.93560075056
"125",2590.70460445201,2718.40680131629,2688.77471547819,4113.80843348188,5419.86538835009,2529.98231926157,2510.0775056236,3761.38719564737,5114.18413769075
"126",2898.75789661969,3134.66800641772,3142.27424257997,5027.41326625149,6758.93046558264,2842.99840038923,2846.79239112602,4560.32483694196,8729.36556321981
"127",2643.99906713828,2720.3343190165,2698.01610464043,4503.37895169519,5111.38316384814,2609.0260805093,2584.56881326876,4460.84684021362,5011.09350074776
"128",2527.17361267176,2645.28551180882,2612.70341659411,4217.56292590967,5063.69967674549,2450.14025796109,2424.79879892197,3957.22991754818,4903.43176881295
"129",2509.21527837859,2568.47649571865,2541.84652406423,3551.55097548735,4958.41646195886,2470.09869110087,2446.83986863921,3442.8970109501,4993.59976808917
"130",2586.51836849462,2701.33960661764,2674.76554440342,4346.6027490111,5321.15074007612,2533.68031861604,2510.36142314301,4101.05178386437,5122.30451345159
"131",2708.90915785641,2876.37365346587,2785.20088667117,4649.66664424831,5039.24142135806,2601.01507448495,2561.97183995914,4181.56090091647,4830.21394353879
"132",2866.49826824304,3030.56897301322,3058.41107509709,4641.51823387732,5294.48217988601,2799.77947520489,2821.02895247801,4335.6017589894,5119.59581237202
"133",2805.16810711251,2942.02774612019,2934.64994238904,4563.77476338593,4965.10438841599,2760.39265576524,2787.45100974789,4272.51305292758,4705.54137115677
"134",2540.26189102714,2592.45701078379,2633.79051859092,3889.63792532492,4593.94548461271,2496.3495743454,2527.91052607139,3843.32495937981,4531.95258802782
"135",2908.05639940697,2983.76730947158,2846.99723496985,5330.23190042963,5381.88476447959,2782.03975099435,2678.65190071853,5209.76168952262,5302.56633126366
"136",2616.14346709251,2718.00003705035,2732.4459544419,3758.60034573448,4745.77906233255,2550.40317102942,2566.83554954211,3542.93502445898,4552.30441965238
"137",2674.10171568717,2820.12665842316,2747.03242542419,5089.37684324391,4952.66301537217,2570.99105232627,2517.12785246411,4664.38474575152,4753.43106567502
"138",2538.50153945372,2605.03209180007,2606.45803424067,3681.78670185031,4956.42097197006,2484.35535925538,2483.43513252036,3546.98141783478,4847.05981642488
"139",2647.88045098633,2758.00365469283,2753.71750752751,3906.41610940392,5245.2902443213,2573.1539578303,2586.17804864945,3574.25572388429,4950.62220251637
"140",2664.82087184676,2800.50763047786,2660.638552523,5251.72846266912,5947.10537861543,2628.67693837411,2514.27158772306,5084.87829120194,5903.48687756078
"141",2503.81610318266,2606.73153012764,2576.05338994569,3879.09347074534,5003.14804416737,2444.71624863614,2424.43710574851,3646.37140703234,4845.04178820935
"142",2635.28019300081,2695.40094656811,2591.8744295851,3975.19695482671,14112.0181060584,2556.27383854015,2464.12556207873,3863.97003533168,14515.7139091409
"143",2764.62154163909,2867.48637371639,2815.75152146231,4240.00689578874,4869.14680188058,2673.56288159471,2623.73626670894,4044.07941306452,4595.47821171304
"144",2706.2375948656,2745.78874693478,2701.2632199529,4061.36367667725,5069.78102108478,2631.71124436288,2594.1457276827,3932.76606654331,4974.66127984288
"145",2921.70363452228,3186.42573672924,3189.93358106897,5049.24720905468,5106.55528550369,2865.82778184381,2858.6568484564,4573.09166482044,4861.03910916014
"146",2999.82683151904,3278.08469844459,3267.32344897,5328.53713946213,5332.31783489254,2944.48244084298,3021.85276781719,4873.53062304643,5508.74582521986
"147",2631.17546945784,2709.34970397973,2712.45083201379,3526.69558668605,4895.17771546121,2559.02573538231,2572.1787935474,3317.48384892721,4646.11538260449
"148",2916.42951614192,3107.17517098225,3260.30344020532,5025.85686362483,5481.98915835527,2862.81101940094,2981.77866621628,4663.36745216354,5313.4834358806
"149",2706.5983132604,2803.5772775148,2741.7374658008,4501.48596389334,7345.03395695297,2651.56805403249,2600.49836356616,4294.4508014195,6585.79545521275
"150",3018.26057268223,2961.45711025833,2833.47193349005,6337.49624432292,5478.64111869895,2970.59426346436,2855.23272346177,6618.33112443319,5382.32793251062
"151",2619.80977367665,2643.49606626208,2637.56840938654,3847.57804181719,4617.64633895763,2579.96169149041,2570.64491536783,3829.36730789307,4504.22756747049
"152",2617.70235625084,2653.12373403114,2687.63617184572,3450.04831416769,5466.36562449364,2544.48261908011,2575.11738731937,3339.85665501598,5343.41142894413
"153",2721.78865543333,2731.15021975535,2800.02364040522,3574.91336302621,5326.24896580563,2630.76848822588,2713.55601092426,3479.70998753063,6020.47146119094
"154",2798.6260034937,2892.06305470981,2780.46240391619,4777.9730874815,5146.36413655235,2699.61833693628,2597.26880064935,4604.30231242534,5044.69178871359
"155",2553.21416757872,2599.84553186803,2558.97018061571,3936.01161759771,7671.89599556928,2501.98748848896,2460.86454189117,3835.19920715798,7607.88760514702
"156",2705.3883799925,2778.33118681993,2772.1580967148,3969.84901473147,5023.46111792895,2642.95234111704,2641.24018860657,3794.71268463177,4871.93908463152
"157",2981.72621338926,3176.71322239139,3092.533100258,5635.606455507,5345.46029362331,2850.99677045256,2801.1268674887,5191.85834805196,5177.88150841071
"158",2691.0269332723,3086.27373891923,2963.84512262551,5535.5520295902,8970.56709217079,2658.37456193785,2576.47613248598,4798.02359282456,34513.3318015692
"159",2624.87768921745,2781.15962207143,2728.32103844707,4620.86050513262,25704.776231493,2536.26884498475,2500.1870180807,4195.7005470059,14363.2265642148
"160",2984.35782410068,3518.24857630342,3378.6390581472,6254.27285219001,4881.49058825355,2882.81814899219,2772.3989028185,5279.99484809588,4646.34946548226
"161",2754.29114817348,2840.57717077691,2777.32107353265,4136.42040727083,5739.41104726673,2662.69911212909,2609.84590040023,3926.00789386184,5616.21626829435
"162",2765.14271992503,2782.48356992918,2837.37987034367,3756.45008702183,4828.7403443568,2704.49447763873,2789.60317954307,3707.54241006874,4806.11601275127
"163",2602.3484284076,2664.10403386904,2704.35650767854,3309.59444298986,4397.79500612975,2530.97780810571,2565.32451860998,3133.3092039212,4240.38366295971
"164",2692.59246825611,2732.40819041048,2640.63272085209,4465.7498214622,8582.15718068091,2602.74719717257,2518.35181979627,4399.53108087629,10846.9736629349
"165",3019.34241779798,3192.18178436501,3162.13642842677,5562.00262839509,4809.40294625452,2826.43916942595,2822.02731254218,4996.81497342728,4671.41893531471
"166",2947.70223088721,2841.22653162906,2796.88244100735,4535.99722756501,4982.79836818369,2864.28496527651,2875.37736443227,4674.24918333582,5217.72306812837
"167",2587.46287030186,2635.00574228931,2648.95916887449,3596.67368820861,4666.67555687312,2533.62909395803,2548.81776617635,3500.64548229659,4566.54035743052
"168",2530.89471882998,2632.23597326212,2670.61609166569,3944.51947580041,4998.79590941778,2470.32993215663,2507.58273741335,3744.61584401006,4826.84539416259
"169",2738.78219710432,2851.88450689411,2752.85790218652,4569.40727600562,6145.7637825109,2642.15484740719,2563.01651119449,4300.93721785449,5773.17052681084
"170",2602.02351592913,2673.35389044654,2581.1715212391,4622.0342100487,14440.1272762806,2553.58239692737,2472.88946966011,4539.28413535118,15499.3514498891
"171",3006.04747391562,3276.68131987754,3233.88089373939,6067.57027348133,5398.01630713269,3006.28576461983,2988.84445970075,5718.63838682944,5215.5056972322
"172",2818.38729345462,2898.99744221744,2867.861826281,5051.28794857834,5293.80972519886,2832.91165485197,2791.55698735401,5240.16430520192,5223.13778349468
"173",2655.87459514897,2782.47685271353,2726.67755132815,4063.63316443806,4771.47947145226,2592.22629587797,2553.31874741113,3774.02347628781,4762.75547011181
"174",2610.41204700322,2678.61700281799,2583.01914143095,4536.133428496,4569.49048301263,2510.71606346341,2420.11355067094,4327.29810963434,4467.99801043329
"175",3012.53722892657,3182.17785890182,3131.36214488906,5131.32121303811,5519.22422338188,3021.9433059714,2977.34472798759,5093.88005224156,9169.30482024469
"176",2813.22491281888,2923.07871321432,2863.83124520623,4420.6916052078,5400.25050835253,2726.00499776356,2682.49615001544,4155.2043544051,5195.9506556136
"177",2676.33408224502,2778.6430938573,2715.21226605651,4275.81767968704,5560.74588001247,2613.10523958519,2558.27314971173,4109.83365151063,5351.12606189582
"178",2724.47836248379,2855.47039225293,2833.35539249903,4362.5533338944,4934.97146142605,2658.93446093607,2660.05887894191,4123.22293070942,4812.17067839355
"179",2586.45043997434,2659.2871842864,2622.93606446694,3863.22869241035,4809.13557292507,2513.30354258148,2484.66049343286,3668.57790802773,4635.49184874848
"180",2739.28028311556,2977.67809673734,2964.63599098979,4669.94939461638,11391.2027934592,2718.90701038596,2697.51629948492,4387.13070866375,10701.9740805243
"181",2730.94869394972,2831.64333664933,2787.45723172903,4289.78537165921,5090.66535220161,2667.5235696399,2631.20319828026,4095.72279350304,4887.50783412583
"182",2656.59848308521,2793.17687160417,2820.64810927086,3810.09504102837,4575.17673901592,2601.02431182757,2636.29805357835,3543.50017791956,4373.04855077422
"183",2497.8133867806,2586.01649523225,2582.11035170601,4610.03282046493,5786.0916541196,2450.05036428364,2444.91609086589,4523.38280926302,5730.68598778217
"184",3253.97425666581,3110.77131695191,3009.81428393151,5090.35441248401,4554.65548329515,3136.05247950202,3003.78790417516,5302.22978725007,4437.6969112861
"185",2510.48417031012,2561.62190201389,2515.17664860535,4111.04635761638,4758.09499801205,2478.85420219736,2422.20622795167,4181.71713464311,4698.63472826963
"186",2726.37464289457,2830.89763475788,2796.34266935508,4027.81829696653,5031.09641994103,2651.53215675286,2623.43166921849,3817.96036667592,4928.2319757985
"187",2968.35328086026,3175.39138902411,2865.53297614573,6067.93620778495,5184.59161816916,2892.60610385591,2642.53731077761,5769.75366134045,5069.06388715629
"188",2671.79481302576,2769.23927866437,2730.84000838104,4201.33272972476,6166.55972944231,2601.47572426803,2575.55939483612,3987.98194976829,6343.69176422659
"189",3163.36223194703,3636.35356659542,3251.73881268817,8868.49730890999,5652.87887999387,3149.34489963895,2893.87978321707,8124.39668342071,5486.88391625817
"190",2802.82680651644,3055.54124285714,3000.06778750345,4432.59448778423,9883.17166012148,2718.76813199607,2683.48618003839,4003.10478853908,8165.84942487905
"191",2452.81118887909,2528.24976815256,2526.89233251231,3460.7393935948,4818.32483600835,2395.01041834155,2403.78093133302,3217.08524216359,4532.76093340589
"192",2691.00268213951,2984.04352720886,2993.22620928896,5194.70303497823,4954.31178019075,2584.34015157659,2565.73702561595,4543.7930273603,4759.02110638662
"193",2537.78897370581,2724.3259429544,2715.79075133546,4386.33372586972,5039.40987977266,2475.13643268942,2478.03059928823,3965.16537001341,4834.01024374659
"194",2913.32505087648,3041.00507335987,2938.6045572847,5138.32376276158,5664.65801826176,2882.04504157919,2787.14789104605,4958.83800137915,5665.10389450172
"195",2635.17204557247,2703.00962077111,2689.19216058901,4331.81338540305,5017.61285159932,2577.65665226315,2576.85525339467,4148.01602102116,4903.85645569796
"196",2833.93095971242,2773.55479375684,2680.11651922548,4849.97835512925,6579.4586649054,2816.02005750802,2708.04822963263,4967.98531245987,7155.15893085772
"197",2815.9526854281,3030.59318172584,2935.31128314571,5246.61009851269,5528.22517046729,2761.5516066298,2686.45995673347,4799.50460525441,5234.77143035142
"198",3307.36551703719,3740.76068195492,3443.02109994034,5891.14091990611,19400.6881743749,3206.49725297007,2979.23972733074,5178.34045634258,15351.5238414917
"199",2560.77410133357,2690.58514128168,2642.69923561742,4261.67844544286,7190.97059698244,2495.97957202833,2468.00145237178,3876.06409207056,6578.99250170762
"200",2944.43841074312,3062.39634635739,2918.95610642207,4731.34739418345,13333.2981574777,2898.55659171765,2793.05829230205,4603.32517575419,15214.1902770526
"201",2772.55357695908,2857.51133146014,3003.25197293893,3603.90654099962,6413.38230260193,2697.88367308665,2836.15342847744,3411.73523868176,5707.68864141626
"202",2668.33712538815,2690.22853414519,2625.43758817955,4401.15005108822,7063.95069808347,2615.96316740247,2544.22843357146,4337.80791276282,7719.31774177845
"203",2617.74956235773,2866.19659337718,2814.02845249837,5499.20455309777,5690.87077558462,2573.45644244156,2545.22146817098,4882.11625571549,5493.91926223095
"204",2978.05486587138,3298.63252534555,3257.41257762439,5336.93161314562,5039.20750881401,2884.11881362506,2827.22886679092,4847.35682762878,28940.0007800206
"205",2592.34659767961,2677.48985377229,2641.96038910772,3867.61099539247,4792.66452847657,2506.84001558108,2481.58789143619,3647.82561669435,4691.93344500705
"206",2546.38846019326,2596.57850031178,2577.77030509914,3894.24476087687,5376.15578986035,2489.26701313062,2475.36484489736,3783.02102834648,5263.94456865718
"207",2659.17172427184,2791.02014074209,2747.38726885982,4279.39123583376,5194.97763095908,2596.44972215681,2558.54846818203,4006.54722582147,4951.15139620332
"208",2460.02205978276,2559.75950688819,2524.36377178152,3872.14148271316,4291.48957661517,2401.78465839737,2375.56075117556,3681.88647916817,4150.22191500965
"209",2726.84937724649,2930.11321372367,3051.54018389126,4186.99301613926,5155.55094941727,2632.1700341587,2744.2920422537,3795.90036224631,4957.65033680371
"210",2772.51431507153,2764.10735430031,2679.47868054645,4617.01382519361,5513.5834981557,2695.35480184347,2603.5605802062,4759.17830881881,5477.26054211646
"211",2716.58028491217,2792.83501185857,2776.87830310524,4192.60434485733,7171.546928112,2635.90829741117,2622.70842806555,3971.75300904361,6690.97909865191
"212",2740.67490436741,2862.35522620508,2860.2197014883,4310.60522475773,5533.73631568194,2665.58333592662,2655.37724390025,4032.37031894398,5318.8871489509
"213",2567.01026703803,2719.11079019412,2679.28613971673,4153.77018063718,10152.7386147775,2517.58331898189,2491.16202194857,3814.20088399033,9416.6204695383
"214",2693.72412326563,2929.62546567501,2873.1156333014,4985.75522506344,5286.33528235523,2631.1552918784,2593.55679887595,4515.36916040723,5125.18129761703
"215",2657.77914651092,2750.40500350926,2733.19383701094,4067.18745175069,5313.47951368147,2564.61722161281,2547.18497496006,3804.83397707647,4982.51443806094
"216",3197.45875480302,3336.47427616692,3306.30767236129,5746.46358709656,5342.22057990131,3218.05496789557,3153.32998097954,5899.19632582422,5157.30512852335
"217",3086.92833550478,3388.76144838333,3287.74788544947,5748.94659876901,4834.56678697363,2902.64121647109,2812.30179285334,5055.92558167772,4564.37471605042
"218",2628.26902196338,2680.08458446798,2656.75055624321,3685.68655839969,7813.84651962077,2582.81581253139,2562.85997305031,3607.40242547684,7765.47807425096
"219",2641.4048776711,2759.23740755198,2712.06905625493,4018.99559135254,5897.43776801849,2606.71976480943,2562.53065040311,3822.71092662782,5184.08070908504
"220",2558.40748125437,2730.94654150114,3253.79101180455,4885.7312178799,5135.46798978691,2490.26435000304,2425.47353419191,4440.04752970907,4939.92500716774
"221",2722.42226221485,2872.16446299435,2866.80623455811,4518.37957332531,5451.21334964153,2651.36286258746,2651.71492966348,4185.4878214758,5170.53918037886
"222",2622.03317433163,2655.02404557105,2701.60963738878,3432.240834105,4432.91891573544,2543.7581427832,2585.89477881946,3312.19426969234,4306.43863382068
"223",2963.2727562617,3007.27037296667,3172.79497753897,4183.34197718641,7649.49709783167,2923.81380702817,3123.03772493857,4104.35078528766,9317.22294649626
"224",2583.53093816104,2663.61264842895,2653.90624862305,3790.40438871191,6371.54189175645,2502.8234718333,2496.99892147545,3545.19758489079,6815.83242954566
"225",2705.02591875011,2879.69838659253,2864.2547870783,4575.28810369148,6109.43269716978,2622.35309198458,2620.72222174996,4153.50143655051,5691.20791066927
"226",2816.75260699646,3063.67094942368,3009.36363188938,5852.90968632359,5608.98649354547,2760.11652606096,2744.17438472583,5203.31160985201,5423.68794524906
"227",2791.75726427594,2864.14279345528,2782.78822363782,4052.46867728755,5917.5599858273,2738.05765825157,2677.480807765,3898.43020568445,6058.36486471748
"228",2786.69869953516,2805.44052488941,2926.6744945762,4224.5578672792,4794.06968574687,2736.53796600627,2900.78925506376,4210.39008633823,4691.27569531567
"229",2970.56817016138,3069.82805165458,2984.33228528232,4834.27010042443,5006.07753119158,2914.36453920775,2818.26796307621,4785.41982316115,4819.92010831665
"230",3114.35778476929,3216.43940082244,3162.78714882554,5728.04933257502,5458.03921222124,3089.05653088695,3039.98265463573,5701.45611274073,5371.45037356707
"231",2736.24792141056,2751.01034867021,2713.04879872413,4218.44353134675,7395.34131973413,2665.50487247592,2625.74356531719,4176.44284696179,7811.3981665337
"232",3029.67392308353,3288.39225368739,3239.46667750347,5274.83941756506,5037.27475950192,2962.6123074262,2917.56075253609,4820.53368266984,4847.61937470284
"233",2597.68136311834,2886.7890453548,2790.201995061,5549.43265548309,5406.71205331972,2566.14330970685,2510.5084299667,4927.71212978983,5199.56591205495
"234",2535.35502335711,2715.89430473069,2633.50438914728,5175.95857339792,5048.87496244681,2462.19735093257,2400.21219121733,4837.88317057977,4869.19263394572
"235",2621.40819642968,2701.88838605849,2622.90783074305,4559.58809131015,12131.472555342,2549.87460344249,2484.24007392331,4324.13290803445,13041.5620611981
"236",2870.62822719386,3039.30494318154,2898.26993423292,5726.1961004889,5406.67024470879,2822.20961033903,2712.10936299434,5521.1189099862,6741.21393403484
"237",2782.96679460318,2906.27100514225,2876.59996108673,4035.60108870771,7283.1100155112,2688.49922218303,2678.8707371982,3714.87767501855,5454.77372727144
"238",2640.32459902115,2706.56255559736,2733.38627848861,3584.4671132975,4705.01880973288,2596.95636286228,2634.34866329936,3447.3280856985,4568.36990065523
"239",2757.2972446571,2885.42969454032,2895.3666074266,4408.69953235725,5364.1139513102,2713.33995863117,2721.31170574462,4191.6839066115,5215.05833779089
"240",2734.03808547266,3074.4498561241,2994.7586040922,6215.03984833948,5540.34042481415,2727.89754219079,2687.65464646167,5421.31381903269,5387.75789929313
"241",2670.76493537206,2779.26942718928,2763.97850476944,3783.52165775276,4812.55265906307,2595.55731484676,2599.59688284201,3467.23029725932,4703.68410270871
"242",2670.13096256133,2791.58685894723,2743.69530852606,4211.87667472452,5417.64899451294,2604.35947990143,2570.23395453717,3950.43549804331,5242.13229718106
"243",2646.53605482636,2751.0993621803,2686.7460556436,4257.88340969354,5150.11736112326,2573.14756002214,2531.42370482033,4013.82803931616,4967.12589625865
"244",2630.24384582764,2642.67862808591,2686.05830797588,3412.44188614632,4862.39497441021,2543.06828989345,2597.67601404302,3314.23778062234,4777.40735610539
"245",2747.87390392482,2813.34584543342,2742.35361934965,4231.82065191305,7457.01168560345,2684.94282490223,2611.55903206006,4174.74515625822,8363.89722312681
"246",2489.21064062666,2580.36709444007,2548.95880392432,4033.44691374933,5014.56928129893,2423.04601579035,2389.08806821683,3767.17047887941,4825.69691069002
"247",2631.42793053706,2610.16342409396,2619.98512390032,3822.47107073429,4445.43666733801,2551.99678156982,2553.60328319812,3784.77538001006,4405.7001760296
"248",2873.73992379398,2890.42162932187,2882.003648419,4852.0389369238,4956.55275033755,2869.08994663556,2875.70295003709,4924.89605574355,4874.53136888666
"249",2836.68001074014,2841.56817413527,2850.55311820207,3857.57831863801,4600.10622520066,2765.89017256176,2772.40912155954,3803.28402839893,4656.65926399132
"250",2600.84345636474,2653.58378323796,2688.89429232839,3344.02724336171,4232.97011200108,2533.01289398253,2566.58675996259,3212.10449010968,4078.97705954905
"251",3020.92081205462,3099.23148613491,2997.47985160538,4782.85083885108,4632.70296459999,2935.24933620857,2851.69274089426,4545.89977717255,4414.29829842639
"252",2632.87402547317,2705.44498298879,2632.37418464749,5663.60107719837,5972.28563144516,2598.38564756333,2527.69125597973,5825.90325757222,5923.87607069854
"253",2503.69937444231,2577.08199928713,2533.46474521784,3903.27332672778,4512.01171489941,2476.90354700777,2434.25600609323,3826.9100297322,4476.64615562379
"254",2628.79170945361,2701.57564592495,2698.1385303125,3611.13581782021,4466.69957482981,2580.27345084375,2633.53881986116,3490.88826441487,4270.55250170286
"255",2995.64748837286,3071.03823780166,3019.0259666882,4509.04679374191,4979.36046350501,2947.0252695608,2920.37241759932,4374.08830847656,4839.77687688255
"256",3186.97831024695,3709.685671214,3438.98753416555,7066.11961969312,5211.97670204245,3091.86086067957,2940.61621449657,6146.12670948942,4984.9283147583
"257",2810.2052191746,3230.00305966249,3112.55021276018,6211.53003701111,5168.5757765809,2746.89677916149,2682.14050791398,5086.32380455713,4886.46508609323
"258",2596.35110184847,2690.4062896802,2810.93810764331,3455.05380248344,4718.94647234574,2541.3190776156,2659.23095615733,3262.19973227969,4445.03454686057
"259",2606.76172697699,2645.4801259679,2647.42410347292,3873.27834822574,5080.32687050567,2562.14302327908,2576.34873387274,3762.33286332083,5041.76136683321
"260",3029.61262070264,3247.40369269776,3110.3721952448,5001.19606308831,5900.79704688807,2938.15892548435,2848.98406585784,4588.99863886357,5128.17277771906
"261",2635.1346928628,2718.81477938031,2698.93432294045,3956.68024383691,4654.08909652565,2534.80556129425,2515.12737677361,3695.06880761248,4528.7405351127
"262",3202.08493732656,3484.18331844086,3453.70759456074,5329.50706989882,5132.22512023152,3076.35447433622,3032.56900146942,4881.65821050036,4975.49157147454
"263",2718.80847028143,2769.52720551437,2767.41888437347,4141.93344234859,5195.64394468109,2673.69976174551,2674.07410297998,4123.362029312,5073.24765560178
"264",2580.52626685977,2650.06261277665,2611.98778341025,4083.85184540188,5056.66237394572,2498.34535136312,2472.69740738372,3878.86150675657,4953.20854972502
"265",2583.48538374806,2624.26633361223,2634.21116723069,3612.79348155958,4724.38695327373,2545.38882864713,2557.2397192129,3526.16842714058,4709.33902595937
"266",2685.7550374651,2856.2272131893,2843.5636682488,4461.68920665907,5286.36574364383,2631.63148260875,2624.85378299716,4092.87940913864,5096.32088415689
"267",2803.14565740009,2903.35992034647,2936.50844724488,4094.61515088106,6038.39124199254,2725.15414809416,2747.62256606786,3881.28693950629,5674.62428652194
"268",2622.09061639443,2712.14085793174,2834.31328702923,3635.48700051909,4760.40144731315,2561.38782662498,2682.38720313888,3421.66094492708,4544.92745545859
"269",2972.88269159688,3054.72106371908,2810.55944214219,6056.4268304049,8309.48566211447,2963.05720024694,2716.48992410562,6122.46771452721,7930.26495484606
"270",2940.77549134852,3092.07225381814,2938.13312311896,5293.7948205411,5042.90193342429,2912.42757432559,2771.29325199909,5167.94414650312,5085.03952690902
"271",2678.7239817888,2689.32558914653,2642.66423376853,4044.24901858336,5064.34568431529,2639.76767059779,2597.87095258826,4029.86892953841,5508.77934666722
"272",2599.04609615817,2662.78882604926,2635.15059441633,3872.55058734497,5907.87229743889,2543.6963417196,2523.56619893461,3739.88493619334,5610.39230536318
"273",3060.84735314646,3113.39477468403,2936.85790150625,4849.63943959568,5033.68444980946,3069.38709419813,2881.8442856727,4923.0144428934,4909.40484912022
"274",2706.55735126377,2891.43265135084,2781.7599041771,4819.90240475447,5228.51917868364,2651.35119202013,2570.40210661344,4457.21726341953,5153.28135433659
"275",2738.66218450965,2881.09784973643,2783.44567662098,5115.27754648694,6415.24711832201,2682.23264555334,2606.0113185007,4864.80780810557,6377.88896405189
"276",2991.76631042281,3095.36813170172,2918.048414706,6048.78792004223,5744.60356217437,2947.00204135926,2796.6370999339,5993.73080786268,5590.52845907151
"277",2702.57918150713,2792.17376998755,2789.54475099002,3932.20506423018,8259.19110851488,2636.98467481535,2631.56091770637,3766.87441541497,5178.67723368555
"278",2577.34258568221,2720.85633081301,2704.42682767085,4758.7491805715,4938.26847661659,2519.22934292503,2513.08433128421,4467.10859589744,4802.82089243829
"279",2642.38711800632,2708.02847586126,2699.62545323548,4073.76626767736,5185.87569003655,2601.0624617231,2693.99248787981,3887.47952020048,4832.02054751965
"280",2603.38144361873,2693.53354057989,2672.01864909447,3906.03192833751,4895.95731764461,2537.76542813428,2521.83251128219,3702.72537554328,4697.73051399446
"281",2850.20855837194,2953.25773112862,2934.50241246085,4052.30492515356,5012.3322224299,2757.59192104288,2731.18425025127,3844.19246766543,4706.88078543524
"282",2806.53943897231,3031.06669666952,2882.70524274908,5404.18369660364,5274.4246401319,2736.33465631065,2635.02901790654,4884.51523166474,5040.82500737643
"283",2788.95351623379,3009.55344352475,2958.71127154244,5658.10049072114,5515.91855339442,2767.59848289178,2720.72755801335,5438.96354358685,5491.40017513965
"284",2612.35489792035,2768.17513393347,2713.32122012626,4201.13812208069,5434.39507495118,2527.28236314653,2502.81880968064,3797.12889645953,5198.04814956997
"285",2864.54408620483,2999.61184053685,2893.37444755479,5208.13541582861,6286.34055563046,2841.56749527377,2750.87421068955,4968.95789916514,5746.00474482046
"286",2531.07405554133,2575.10314090523,2581.54202346182,3415.35403225072,4718.92582394459,2472.22769669935,2476.42703522511,3305.59728608977,4644.24032289999
"287",2744.53091188611,2833.07667001456,2790.6191578425,3884.70450342566,5027.69628080829,2700.00900001736,2668.68057615206,3696.67250798977,4790.93026061487
"288",2627.11810659258,2788.04151341325,2700.38179088552,5098.49220490056,9980.59543096437,2567.72282109637,2507.57384052365,4639.46241666787,9663.63081689983
"289",2716.26857147614,2894.59882296414,2795.37182914467,5396.02531778265,5087.55586022779,2617.1402949556,2550.08588793925,4858.16056382239,4872.01684254835
"290",2672.22148954523,2817.15196200246,2750.0230224157,4769.42457061366,5220.18823960256,2595.42535106961,2556.80484091446,4376.4790885731,5035.28743884067
"291",3065.39538328462,3394.40308632,3171.79554795094,6082.74116021497,5300.29219959231,2952.53393564015,2805.82682861702,5440.75189679936,5098.93304574746
"292",2567.9755293539,2644.95210998557,2617.888134155,4198.80682602413,5013.48886044963,2506.45529363047,2496.31002980513,4106.06052002522,4931.21188996562
"293",2521.44420528319,2646.38191114285,2622.03467050059,3746.00838478629,5062.67308678427,2454.02884733367,2438.50464486402,3363.78900056994,4708.74502934927
"294",2641.04794910033,2728.94714776052,2678.29801277299,4526.85035901098,5837.41119741475,2570.2880188138,2513.11435592806,4456.95554810596,5630.33068264839
"295",3439.47568005155,3555.79260297511,3203.43645114731,7348.89700032295,5127.33887378708,3287.45861353748,2983.94949113034,7393.50859926529,5063.59282324094
"296",2670.85861621226,2712.17646404941,2719.72328296725,3816.2675586468,4860.70615278128,2593.28773599017,2609.53567159093,3686.8155615648,4783.87934927838
"297",2629.14190240302,2694.7445278093,2691.96130281755,4066.16553531543,4828.36989942555,2541.87797536898,2535.59497822885,3881.57606572456,4673.81908508446
"298",2620.55472937546,2747.43150212985,2720.10639841651,3904.53054849109,5213.73430722022,2560.14552650006,2547.99465862249,3592.78898473698,4969.33086549477
"299",2571.34012432815,2616.74984357711,2610.18889378562,3581.15422292373,4912.44331834467,2523.76700377929,2518.7330497431,3472.73454461765,4799.4939289796
"300",2605.64665280921,2759.48047374573,2802.19722893168,4256.93927911881,4945.15243053483,2520.79664670885,2632.15896328035,3954.29464243483,4803.26501216012
"301",2694.27863936638,2757.30258391266,2767.11233220204,3891.87996483467,4825.13873618318,2642.27384158658,2659.08409944809,3759.65420558102,4622.412260581
"302",2788.30495023317,2985.93303554494,2935.97624105232,4956.62699060561,5094.92818305225,2729.86272068635,2705.05224882719,4566.44640219172,4908.65399271604
"303",2902.5345526739,2908.14606089629,2883.24594481892,4448.41860461586,5153.14571065803,2897.32747214617,2883.27165263943,4559.62546160105,5087.28587820743
"304",2641.4988185315,2671.31426645544,2705.85220869235,3881.36985188987,5398.17673637626,2565.88053189526,2600.83322259215,3779.42437954474,5209.70454373198
"305",2882.37645645449,2918.72315170604,2917.77627489913,4110.34607926074,5114.20407245765,2855.69918522057,2879.75417647056,4049.8360102353,9049.31011711528
"306",2542.18916288445,2640.7334758567,2620.43019729,3653.98973583722,4955.20329631919,2484.85114621498,2470.4956616826,3435.88197091983,4658.52662996572
"307",2492.12856449004,2722.39807816171,2720.89158442454,4378.6227437493,7677.55185383041,2409.11301364999,2411.71495378043,3912.34516945718,6158.65049321279
"308",2714.50703802781,2779.66755207534,2715.53767540713,4915.01742001997,9932.29070210309,2672.22468804767,2606.9514809608,4846.17447512753,7376.28564224969
"309",2832.77949645154,2949.17177848347,2858.56176078394,4458.9338098264,4935.37144047461,2754.18555570876,2682.97894880364,4268.80009056132,4847.00957470114
"310",2989.71330792544,3005.85773136889,3033.03405148296,4126.37081226707,5542.95858309512,2971.39565009856,3015.51763361468,4162.14548076897,5759.313926588
"311",2650.53152474134,2661.34057745527,2654.95442018129,3617.45865620119,4791.82965724998,2591.6633328576,2584.43594885827,3597.106161135,4842.29757832817
"312",2716.14109099251,2866.90731238675,2739.38694685974,6164.90297552991,5984.39656366313,2695.14400816636,2582.35570903943,5986.49459027799,5943.53061660324
"313",2604.84914258963,2753.86798503216,2903.11088290683,4027.08410896814,5029.92640047333,2546.26159027122,2687.08904897921,3711.73656959503,4725.98553620127
"314",2786.95128680251,2841.13570954112,2859.44192786822,3983.79808792399,4907.89346438221,2765.54771830525,2795.00654861203,3929.12593064152,4777.12538542721
"315",2740.42274044161,2851.9931129012,2808.44731776519,4267.14227736946,4850.55530455548,2688.10813323553,2656.88952994677,4005.00532029658,4691.81889937284
"316",2604.37537254274,2768.55872302875,2672.26790634198,4577.44058993402,5180.8949837278,2550.11799164613,2496.98212232344,4135.26305459927,4960.65885013455
"317",2663.57269546861,2685.38777888106,2664.89971133784,3802.51069593351,6106.18945298817,2608.62386652767,2589.62133699204,3785.05568057652,6641.62604984301
"318",2670.08316514481,2717.84932829498,2713.96600182276,3952.71511924159,4764.80523910232,2605.31974061597,2607.66185743245,3800.33537815298,4646.44865891104
"319",2705.5877911472,2757.97753201872,2700.16382183675,4050.99445408154,6282.63675868972,2640.67678236392,2581.16439582845,3963.89040774183,6283.92041872498
"320",2580.39121728011,2598.07471597745,2652.17906591549,3424.64559832772,4536.39688019188,2516.41620232642,2583.87955129343,3356.74934385182,4430.35724659582
"321",2816.51411065553,2948.09925339487,2920.9955378401,4313.79904291159,4212.5034081148,2778.61475785546,2749.77962776725,4131.1121971712,4019.76860152238
"322",2722.70471370738,2895.47286430798,2831.92341165462,5088.64860737275,5689.90643212263,2646.96309128824,2599.32249784447,4715.90465931083,5424.86724660749
"323",2842.1501566042,3080.04707377299,3017.23634852576,5418.01392336792,5724.46947420968,2812.24352683687,2785.75425031002,4930.93154919205,5517.67846500042
"324",2593.39350228856,2709.66003573141,2699.58316442714,3920.39404344809,5120.65577176719,2535.80037470914,2534.66522494398,3667.11163626352,5006.82711708016
"325",2579.65116842728,2660.78527379663,2706.54881720447,3511.62641981537,4616.69399464606,2521.83627753337,2559.56285992402,3333.37068872708,4365.26780764026
"326",2991.9154282226,3156.45226459374,3028.81562604628,5128.26600887334,4968.18807663964,2971.54187602847,2876.36657942187,4853.90186445002,4821.16079015957
"327",2775.48899935802,2964.41962333432,2920.64639455403,4684.40485312733,5236.93432586809,2707.74165543543,2666.22780980821,4324.34107925446,5063.16500301415
"328",2597.16965167405,2732.96635588495,2638.08743892484,4705.94603625856,6371.86038316838,2538.17358182327,2471.52510474854,4349.8476970937,5583.08422568948
"329",2618.37055189961,2704.62731141099,2750.70757881393,3531.27775236823,4614.73995690151,2569.85837208855,2616.82767104972,3369.0723814276,4491.09054919575
"330",2744.38436859471,2940.07137547477,2831.59102238489,5646.08330630618,6075.09955747412,2679.66470027489,2609.2694275556,5059.0886552922,5803.60556208118
"331",2752.58338304981,3056.23907291148,2883.10164932705,6930.79794476671,7241.36037398524,2692.56855598397,2597.37824593188,5837.88737410342,6732.06005486455
"332",2787.68454816031,2898.33961462678,2837.69391083897,4315.90969994689,4819.69507031333,2728.52056313351,2686.41191360437,4088.83418118891,4626.93343925027
"333",2788.61672194337,2849.98429976951,2873.94199855282,3792.32442895691,4798.03604445888,2737.1326814225,2776.00887412384,3640.41010410338,4637.69334920488
"334",3291.05289901433,3471.61390372707,2959.83510228655,7540.94525827005,5536.57675620111,3199.55431725201,2783.00557504755,7545.48594148698,5540.94114700964
"335",2693.84063574254,2908.71023357914,2815.2138543167,5017.42495845634,5861.26927224217,2632.84488343269,2578.76572181548,4473.71758038286,5783.84605815847
"336",2555.94115207247,2734.77160309217,2687.12419246716,5074.54240523265,5410.85744264946,2487.90865713623,2458.33000862008,4559.89795323603,5249.98340897897
"337",2504.1854451473,2531.53736914963,2532.90617521221,3483.31391193772,4863.58369784838,2469.68284421101,2453.85222935087,3440.24182877708,4770.55330877444
"338",2623.05006895603,2684.93017458749,2673.36608207096,3851.94237152601,5216.5497321411,2563.95746696317,2546.95017097719,3745.11740961618,5021.9272973018
"339",2521.11060632569,2620.1324766501,2632.42987837762,3622.47399859028,4880.99583760326,2460.18294549225,2470.47128262453,3382.92970500266,4527.27204899976
"340",2780.34652367627,3027.15772126231,2970.45380164016,5548.40277487627,6224.63369405416,2679.51568864816,2651.47322223034,4768.32889221037,5735.38951918061
"341",2750.02472236861,2845.17014435926,2795.75115504878,4217.31373602425,4824.27235305223,2693.71300787484,2655.1200752471,4012.19850581529,4738.80605534004
"342",2931.16466392784,2962.65632604606,3155.97253264187,3914.23711562116,4911.09430532372,2868.35015461728,3159.49567667888,3746.02834878772,4715.76274764732
"343",2916.90626067348,3034.50201995097,2879.49059276787,5397.9564330502,7193.33351506472,2858.81823449196,2718.40964698186,5252.22046029446,8203.20826169262
"344",2613.48127186461,2738.43512688581,2732.40299322805,4015.30619670852,7547.33443219751,2533.66588559432,2524.04670464745,3739.27057322233,6370.94109581469
"345",2795.20622138031,2941.2984499501,2800.35722167764,5396.4537860835,5066.35920744922,2755.32492528964,2627.99548874154,5176.39500211106,4880.30227525217
"346",3163.66516614259,3247.61418080501,3038.44145094732,6325.01809339796,4753.97590725805,3077.77779393714,2873.24515290355,6269.28310202024,4648.25334620664
"347",2593.6352517011,2719.5610843737,2720.79944526466,3852.73017675348,5329.72580497282,2524.54481379494,2532.72244666274,3552.8939777704,4933.23774323659
"348",2886.95813425517,3008.65178686982,2928.61441392652,4583.18885408419,5056.29488221099,2825.01521730531,2761.44721159725,4389.11253405692,4970.29671482329
"349",2723.60925718932,2832.26033652499,2839.42417372684,3766.03683531949,5513.41440467759,2663.54431687721,2664.97117436592,3569.42210561945,5364.97003449818
"350",2836.75178755047,2993.25992767783,3068.6372129764,4391.77629746394,5029.45709094173,2762.10401679119,2799.3213109841,4123.01320272042,4871.50926485835
"351",2700.17263939215,2770.45169488456,2760.59713342196,3717.39689425217,5405.85834452506,2651.52415290013,2645.72321060682,3574.76824668027,5308.13105328734
"352",2484.51999134083,2593.6821647006,2718.78040702058,4094.82741492685,5604.8807514135,2438.01054197393,2411.28196436938,3789.31224573791,5403.99090588043
"353",2863.15512698043,3071.83601156037,2870.61149247598,5425.10372782208,6540.09010186121,2808.84993473286,2658.4222117722,5026.92443405267,5599.87348183906
"354",2726.59372381601,3010.39344303747,2931.02343753292,4987.1923080764,5746.08947334872,2675.04909757586,2633.91934736202,4434.48249259119,5970.39973765453
"355",2640.61450892742,2793.19299670809,2715.31581126386,5017.14221301587,5957.23002286903,2579.21058357149,2513.98178595967,4750.05561268416,5663.94082220882
"356",2729.80262109614,2894.81895588244,2846.79311557961,4678.093865157,4863.65484876673,2656.57493593507,2613.41751089485,4374.38797110373,4709.56235834252
"357",2638.20436093841,2697.17367072634,2693.6604974921,3531.50471554007,4541.92767205754,2567.80923909095,2563.32307564283,3379.92224554306,4388.55006562578
"358",2781.48232248612,2835.85377805581,2830.70711769369,3943.30227420134,7895.80155555172,2692.23778785598,2676.68069306039,3843.3883236641,7797.65751280042
"359",3094.94011505338,3226.56843328098,3490.32393895071,4681.0258578461,4859.85987436877,2978.54327016472,3145.16723455165,4423.43142452095,4676.76207313686
"360",2816.32900969244,3132.54053190189,2978.80173121172,5777.83403270048,5669.1652555964,2704.29736304582,2635.70308181735,4947.91272016445,5489.00949485721
"361",2853.56127215997,3024.98522726318,2906.25535784317,5004.71481703118,6528.59677869509,2756.27892488478,2659.77942472607,4683.92990996331,6340.01819613226
"362",2503.10762911112,2534.97614456157,2538.09538759803,3331.40018086125,4629.64413047916,2442.3745479169,2445.61021233371,3254.77957248081,4513.78228415781
"363",2491.35671054653,2574.79892384253,2559.94014697225,3607.54191502288,4281.42237609202,2423.56496182766,2412.61251161616,3417.57971639691,4203.31753098102
"364",2667.07758115569,2803.97016509204,2761.39893952175,4613.3270249957,4916.04138851283,2598.17097569872,2561.1741258225,4338.82061317276,4657.52460244519
"365",2713.50984359162,2807.20719561707,2831.12677187171,4042.26772009491,5091.00995227863,2646.61121878386,2680.9665303847,3792.63587097486,4952.00800258596
"366",2836.03475846603,3000.55995925407,2870.85076823895,6430.62182817787,5353.63086854537,2767.18185948651,2809.49511827993,5936.85176483666,5239.24345724165
"367",3072.8878247329,3331.29063252081,3058.77242777979,5681.40590048373,5199.56115612785,2953.84149266614,2763.48492833567,5135.42817818584,4908.51966659941
"368",2748.72213586055,2807.8883654118,2803.877493439,4242.49526453053,6619.36134889715,2689.44241704685,2694.61645504451,4122.17179346683,5127.42831531184
"369",2741.29448875041,2867.86832764074,2858.8304806483,4000.66211845293,4791.32335550364,2694.17084311056,2703.58515850441,3734.69421512424,4527.64841451617
"370",2827.42594860078,3059.37857644085,3044.92989619798,4684.50156672436,4645.52969185335,2720.2951890455,2718.11933984048,4245.44959343411,4491.553020844
"371",2922.23138764572,2874.72417508619,2880.87179802657,3973.22385459123,5601.67550808699,2898.94170316177,2908.95653907383,4052.90631206042,4661.68452557523
"372",2685.53955824728,2794.51390465709,2805.09895542713,4453.33664227896,5081.48184870679,2591.14649781321,2619.64542985824,4134.6781156274,4883.21179734058
"373",2921.74987467452,2902.72772402772,2782.29233788908,5490.4743187302,6796.63484992828,2928.92085666693,2769.72206226577,6380.59474281603,6092.04254283915
"374",2840.19838339068,3111.16461552871,2952.8085322223,6204.98926830991,8175.58676313995,2777.32180294443,2669.1977342421,5483.72118099576,7513.10235956598
"375",2599.75276329512,2630.65698432748,2647.2358414932,3286.13243235749,4022.61372337089,2531.3981404167,2559.38243884857,3158.37448176724,3924.44013012447
"376",2588.90607167119,2681.36647252164,2691.39700229583,3617.15115037859,4587.94285862768,2541.07519346358,2554.09112510059,3411.15597440851,4158.42913458344
"377",2604.83537386482,2699.07560650623,2711.05267488703,3813.24025624906,5142.83348094226,2546.63386927808,2557.72679874058,3566.08495349826,4908.56010214363
"378",2681.42113470159,2723.23451197715,2768.9667348536,3616.52885918632,5106.36953287026,2618.48512512923,2664.46949196436,3495.6671922035,4635.64262616431
"379",2587.50091366229,2665.4756590723,2693.3422377328,3505.46850962303,4589.81106799884,2520.21497067243,2546.50753191735,3321.29438165022,4324.80424050395
"380",2705.49072355576,2744.85684156231,2706.14299571357,4004.11264545456,4584.16923578736,2640.18272046194,2614.57126504483,3887.84043883668,4400.36108953523
"381",2652.99909206329,2706.60584798949,2717.51500158563,3650.69948509879,4710.66023834983,2574.86922741587,2592.48203472409,3475.40117883202,4547.39824631501
"382",2747.51121379817,2794.74034596884,2784.58730219577,3876.84026876204,5285.59650892745,2680.52396128294,2676.59543890993,3762.48907851702,5252.61549224595
"383",2488.37881637676,2560.49923642634,2557.43674898568,3579.9764995716,5307.29690834553,2442.51588424221,2449.43240474056,3389.76479537172,5058.05087731317
"384",2618.81792261765,2676.97191667431,2687.10504910457,3526.91875861529,4888.12713778998,2546.09877382712,2557.87754548801,3387.17270002957,4874.94816155559
"385",2541.84921088856,2723.89876177473,2705.13122678832,4475.92880842269,6133.7470795873,2512.69337539031,2575.98251275171,4146.53793858586,5281.3859242321
"386",2535.50200977178,2591.16210235761,2590.92275867024,3450.41169028303,4582.47186497315,2473.70243587364,2474.66132278517,3301.8235859598,4435.37633465856
"387",2738.92186633303,2863.75449998649,2825.16604255709,5031.80321303972,5510.57050290968,2685.16890118323,2657.04619369391,4760.23813446282,5351.14332285615
"388",2938.79608870404,3210.45225025819,3191.62846409658,5510.81509965366,5024.91868276819,2834.45444607845,2777.93306884175,4976.66525369886,4825.40354622612
"389",2576.58947790924,2692.76926853087,2689.22033435476,3701.16735331052,4650.55284503883,2533.22931329926,2529.52642727655,3499.70192193347,4397.03929030477
"390",2758.11214178188,2854.03831745349,2791.18192715118,4697.39645804712,4915.92641923385,2701.35341704557,2638.7752467679,4535.7437468644,4790.8401359595
"391",2708.15458168816,2819.33952052368,2840.39374396134,3914.75511763593,5129.65213373583,2643.5822158669,2661.09617407333,3704.70766104353,4944.00490161134
"392",2726.5417200776,2738.17578312654,2729.3239384808,3545.46427391194,4410.23005971325,2629.19604881664,2621.33184543135,3432.46619398643,4244.81226341337
"393",3079.94185412344,3285.12226896488,3115.37623634609,6185.70804967883,6513.75493521255,3066.60488565374,2959.51188328326,5770.00377990519,5721.52990987947
"394",2604.31899852291,2613.97785323953,2607.35349514032,3567.590248237,4833.0668744995,2535.99912938857,2523.54838363458,3521.51391584717,4822.79037945843
"395",2604.30124480232,2782.83070585395,2792.16674165766,4686.51773755025,5369.05984711865,2530.77987182712,2540.61028937465,4256.67046643882,5160.43206139788
"396",2631.94681645546,2705.6895722749,2672.72086374183,4431.16399057347,5956.73691639351,2587.10230790525,2559.0519545562,4344.46936598897,5823.26053225321
"397",2980.17438443759,3156.47261653037,2996.85652464974,6140.68443142737,5628.61674525675,2921.50347816203,2795.94104762954,5877.99208164852,5486.67770315469
"398",2848.42348436784,2936.57390722788,2974.9824580296,3972.20291257235,4463.08798429956,2784.82835646913,2838.58105073229,3756.85687183164,4333.71586615356
"399",2566.73810108756,2685.16749351692,2726.08256008005,3879.00080897013,4736.94306970188,2510.63327540858,2538.1213862947,3648.79493270967,4470.38171155719
"400",2631.21390959871,2702.2874265614,2760.79818167408,3656.18745095846,4600.88333700074,2559.20086234842,2621.4537600908,3471.01434012513,4455.83113025539
"401",2726.46071859236,2798.68260100557,2815.75635407445,4013.42763929273,4891.54413368414,2662.30195836065,2680.53850662543,3826.02548729879,4683.58196882538
"402",2796.00823463366,2799.1957826157,2789.93576797253,3815.9430979907,5178.48905130352,2707.51470037718,2699.60151214978,3747.08008198618,6040.89857340267
"403",2739.9066934653,2897.56730980153,2852.15323426873,4737.85588523812,5601.99316541204,2659.51932152801,2628.47439342084,4278.4327998209,5335.85523526546
"404",2993.25052192413,3302.69683811138,3186.60225101071,5697.04252799512,5989.78474604496,2888.28652915182,2807.40349255909,5044.99778740736,5244.70944917478
"405",2669.90402150652,2796.6436787602,2774.40586470524,3793.92856763899,5178.39027171994,2600.48602716341,2604.71020681865,3550.73495245046,4851.8508153496
"406",3003.65573929792,3076.87196283631,3046.89854431877,4988.3440152331,5045.69198577839,2896.34925948905,2866.90689139592,4712.46171373473,4842.84641208664
"407",2570.42928283456,2646.3732127528,2634.11858656694,3643.08598252419,4906.34096618357,2497.97106209167,2489.89738686058,3454.67880199461,4787.37229421854
"408",2741.10855090932,2758.1919323502,2772.79109200156,3796.24552336751,4793.33068370475,2676.60763018985,2699.55055235913,3678.98348617863,4605.33593753667
"409",2572.03069752784,2725.17824482698,2703.46451359649,4671.30976874095,5254.77164168284,2529.07186763455,2513.42840272384,4373.81987308144,5060.78112353266
"410",2686.26775432839,2813.22675938636,2871.36536561504,4195.93562434912,5081.26328564231,2605.11495889703,2647.6459949209,3923.04197874294,4932.07556871419
"411",2733.89938497222,2765.11267462684,2772.07954278535,3794.88545945178,5089.87630005724,2671.69494559773,2724.85295591394,3712.64361082299,4994.67997689968
"412",2798.7666447806,2862.04172089746,2883.10881233303,4030.39830882092,4935.83117073493,2776.81290264767,2800.89562498371,3959.69546911889,5013.42759125477
"413",2782.52352443349,2842.84386104407,2824.70255643222,4364.83012738333,5765.34309836437,2712.56918380465,2717.18142679782,4202.96486858738,5722.93331510517
"414",2658.88062499862,2660.20780334768,2634.31604400205,3780.77809080649,4962.73098708979,2587.14149312258,2556.56378736436,3745.94826568325,5129.04684566486
"415",2664.96803288149,2826.23917745927,2710.92383020077,4355.6685819441,5226.4915959881,2585.14098816678,2494.5789773417,4020.79723186226,4868.00376559197
"416",2735.45997391821,2880.91077068027,2800.51977325282,4801.07664375365,5128.07370521927,2741.36500776223,2662.83389712268,4746.48407116293,4998.34983264874
"417",2657.87354790849,2916.43863015394,2879.19638524382,5016.53107549065,5097.00871042235,2600.09770217418,2584.8270238056,4522.08388487376,4859.92220284343
"418",3065.62098218986,3303.46043459506,3230.75506576519,4536.26086442003,4335.04621206472,2973.28850706352,2912.55794523272,4159.44642948301,4210.90598054365
"419",3513.21381258135,3432.25890988901,3167.87104196457,6217.18064286687,5540.63752552733,3525.29011565956,3226.15034342964,6617.63577310875,5209.6051872247
"420",2561.36456635426,2608.08674603441,2596.00172167308,3295.96692083925,4327.63550551654,2501.8630953932,2492.50266157941,3150.96620847042,4126.59406403097
"421",2667.44919980581,2741.66737803871,2706.87835930155,3886.04424105251,5484.80694329001,2565.69984653909,2544.92356016804,3634.6501046383,5190.24325182032
"422",2620.28610809194,2695.94899677893,2649.7625813335,4918.29959512616,5847.80687205025,2567.64631279198,2514.6925012508,4852.24656564667,5817.42008925865
"423",2810.35027256096,3013.28609629537,2916.89723283213,4952.36964581068,6134.1742082662,2718.6721684559,2651.15467312546,4539.23728898741,5558.80734147218
"424",2535.37955336176,2643.94796095703,2628.099322154,3925.89298552642,4765.14459208428,2474.91740925247,2458.47674400488,3662.97202737844,4526.87423999206
"425",2798.33792684451,3047.36756584499,3040.1077421382,4998.58801879112,5320.61915720072,2722.20054097271,2728.08400463633,4465.87015867142,5097.11319108174
"426",2712.60744937463,2783.11972255187,2749.74959637767,4007.55060315336,4846.81233570806,2639.26298909648,2608.99919411067,3844.967963042,4808.31690490037
"427",2491.30724256263,2609.00616025526,2616.75090599614,3691.4620645766,4723.37948190278,2429.62669755766,2434.96609709568,3437.48342266205,4482.41025124711
"428",2786.50418225798,3112.87634670154,2981.66849521899,5372.76169771098,5217.30979980465,2710.11795572615,2621.45884100679,4739.33173674352,4984.38129897857
"429",2808.48648707504,2853.57336558808,2823.69234961742,4515.54871955387,6530.75988229341,2771.26819184264,2723.09415492377,4478.27649941323,6493.56204388061
"430",2579.61826248234,2608.11899281811,2595.62992871177,3769.72906086174,4484.40915266678,2535.9016650105,2526.70872002038,3741.23325032911,4391.761891869
"431",2694.31004930063,2761.20198334754,2735.0245617893,3960.40998709975,5428.99476413856,2611.82018240327,2592.91608039423,3756.52704673891,5214.32357996924
"432",2844.42248235868,2854.65168666401,2927.51099145661,4105.38067529825,7101.49650847876,2838.22082837115,2923.37179597683,4211.5921608043,8112.11224370898
"433",2622.58223363939,2725.32808731581,2701.40199944443,4437.67287759214,4981.68405846032,2552.78687524582,2527.26405020201,4205.6742057252,4784.80961113703
"434",2561.80437354992,2575.57961377167,2607.37816973565,3428.88925692797,4898.75735681185,2517.59052939061,2553.61042995835,3413.29626811588,5019.6036614617
"435",2897.92796695875,2957.38416843504,2921.22906094275,4205.17980199415,5789.68163993843,2848.76453937059,2831.99185125294,4108.34430740879,5644.39168717294
"436",2563.27547753235,2577.51755894014,2602.37814555724,3290.97066045156,4452.92032032464,2491.63122656526,2525.38758096488,3197.98960870064,4302.69565340388
"437",2535.20523026046,2613.29407680427,2573.85319863947,3755.12873999474,4541.2675640928,2485.02778216609,2448.45968275019,3608.24332441069,6492.17427341733
"438",3112.24914771284,3491.56100187708,3117.89472482227,8927.48503492167,6885.76160735335,3031.62420899998,2788.24648794697,7752.1061991582,6186.53068161707
"439",3202.9898135945,3090.01106447062,3040.0580402873,4455.8897065383,6241.1014293854,3160.24703523602,3116.73585824236,4602.94661575978,7139.01919423143
"440",2558.17586694519,2667.36329968238,2680.37779663963,4092.66530933451,4674.57116055009,2471.46273969734,2524.7861796336,3800.71230222067,4469.94056987832
"441",2608.69394915729,2759.23929288671,2672.40541437327,4491.5061985572,9510.01897217291,2570.74855910841,2500.92982516407,4226.31756051164,8429.67734311566
"442",2732.1747612014,2942.33610493002,2872.35823261658,5175.33643453876,5242.32052135762,2701.09123499992,2639.24048073925,4910.00085625509,5113.69802715992
"443",2664.36729804863,2756.57748762989,2684.20602151689,3887.61587093138,8661.41503350074,2638.04472133739,2570.55069193736,3754.97436770966,9327.39547223951
"444",2634.41984074745,2753.64226679099,2749.24487874519,3940.58672237291,5755.86170623797,2552.82328652236,2552.89889101598,3674.86521966222,5325.49872968827
"445",2693.46127693436,2813.81098577236,2743.65103924903,4142.72298688534,6897.71328885341,2626.28252708284,2585.79547178113,3845.16568441164,6441.0010940211
"446",3063.23539992766,3233.76061274378,3120.41435533857,6057.45320659271,6179.1525361234,3001.9603918049,2902.42261306385,5840.13331753937,7695.89356031277
"447",2727.15471605186,2679.94781358779,2596.77941772488,4810.63754972543,5476.42829920681,2758.4593332154,2624.19342386856,5414.65946466627,5546.17361964513
"448",2721.08995590226,2795.27009651581,2851.86427024104,3545.38034753758,5206.14093881146,2629.89256395316,2685.5443484214,3365.13488877946,5104.75865205384
"449",2869.6864411578,2928.92635860797,2868.75385308503,4170.43820999422,6452.62317596993,2792.04317676222,2732.70101211129,4043.84785660557,6771.7658471356
"450",2623.8532344009,2684.30440945898,2659.8835791982,4229.14120393856,6239.40935682866,2569.9186947048,2541.75714656228,4194.91229927609,5716.56601073089
"451",2566.25323115015,2672.35900063667,2669.56664153738,3677.24005597075,5573.38408355881,2494.0864917792,2489.34288544193,3437.03599699166,5265.51923011598
"452",2998.74832483107,3037.12607217655,3059.492388724,4650.8471859416,4909.81136175314,2965.62458429343,3015.23776470833,4626.8661958888,35804.3594948741
"453",2735.89928862618,2744.52427864428,2778.19062193833,3862.49969186267,4903.54054175022,2679.45469270723,2738.55219298216,3814.85516043411,4876.22308262212
"454",2698.40518390413,2751.68136622216,2851.55199931096,3522.52983612116,5086.72493247955,2648.1262865883,2750.1400564066,3382.90801098855,4407.90177003116
"455",2612.0909079496,2709.65544548731,2659.66321862996,4194.18788011984,6224.56317061969,2531.69566736859,2491.96137291766,3909.23211546226,6038.36010135569
"456",2965.58156206026,3069.39494787427,2882.00870803141,5959.04339440222,4638.49081545138,2887.54445262065,2721.81777134981,5880.62151873819,4478.14492826364
"457",2605.62796283526,2665.8006619437,2646.15229203422,3634.22352888543,5278.47156454952,2555.6068444729,2530.62244401942,3525.42861942778,5438.48678290361
"458",2601.85525896796,2636.33800586569,2602.66125216349,4100.90199087033,6490.46777802442,2540.34035144107,2521.12414367629,3995.82206064949,5695.79643174034
"459",2513.52813876727,2633.01813870671,2560.70777011379,4796.82809906769,4628.03275992587,2448.15426149658,2394.50252055541,4542.52304030746,4507.13870915986
"460",2640.20600288775,2752.21165450032,2662.51302780364,4463.51100824856,4710.82211925767,2538.01840546826,2474.73379508183,4155.64798362316,4543.46314000167
"461",2858.81321300736,3018.30743499568,3031.09893812292,5209.70633458374,5324.95440450192,2792.45703095507,2812.27088798561,4918.6243954812,5140.03357649519
"462",2679.6221243407,2735.81703363512,2701.91907122537,3679.03371610464,4559.25465432041,2667.87414212071,2627.96701243998,3671.01375741227,4479.28034329984
"463",2642.07349366871,2819.96816925852,2769.63323733829,4809.1056728461,21379.6567755797,2559.01262450015,2524.05100299773,4330.26155052012,13218.4304880143
"464",2705.59784802959,2840.07866969221,2801.08959538639,4043.20062493431,4983.39109492554,2632.5864134336,2611.79307122768,3731.66840624935,4676.9705309126
"465",2732.49192988191,3008.95465132789,2902.59467956067,5464.23718942213,5293.81929390237,2636.69910733397,2588.95074655283,4759.15410001181,5081.97080904754
"466",2726.16810856414,2711.81903865607,2728.14423500156,3571.95586526722,4656.43884431137,2649.69840559144,2694.99558579356,3518.49194706919,4689.6868245995
"467",2655.91386705002,2713.13349721845,2765.90750141783,3623.39452578866,4580.91527699636,2630.34751215987,2684.21438830663,3553.1429165994,4484.46987028715
"468",2846.54134833143,2961.68896869375,3045.85541811758,4901.0810417439,5474.06866550832,2743.27407629764,2969.36354766372,4535.29633356728,5255.33882844864
"469",2620.36058199116,2672.05894881693,2654.90772049977,3829.96056796138,5239.43620191622,2570.06815878836,2566.00917503331,3707.53779030769,5136.99372498642
"470",2574.94820582709,2606.39099723901,2633.858131525,3360.00758569627,4238.40339115251,2505.8027368915,2532.58296418224,3265.22558421218,3994.86929720286
"471",2578.43282219424,2644.71093630402,2708.36925726851,3792.34528312468,5071.2322502815,2528.67407368259,2587.02068609327,3647.20375396282,4940.11917204168
"472",2712.04251610152,2747.72486887953,2747.11876157501,3970.44222306919,4965.2352619466,2650.84279628205,2656.33525874212,3905.87084544964,4889.4994441919
"473",2897.15298075604,3261.72764462076,3054.97526060076,7095.18627378721,5414.61170053678,2812.61158604064,2688.70451654118,6301.22605148837,5148.55162584597
"474",2516.64939369668,2573.80008146363,2566.49802767205,3402.66883607001,4332.80652145302,2455.689635329,2449.32555741029,3268.0534588203,4220.36416882056
"475",2728.50909034369,2832.40474788471,2842.47634609717,4233.59752838095,5676.42261070277,2667.62030082331,2691.25625265787,4046.42742816614,5630.65699299769
"476",2638.94635833335,2709.99918928161,2689.78268534107,3931.37163920326,6841.64395204794,2559.86057903148,2534.66477292172,3788.66814624859,7307.51982080088
"477",2630.39730221811,2766.67733572597,2758.28055945707,4173.90960959526,5066.95119923063,2576.99971239225,2613.97873418978,3850.96473720966,4805.17774826563
"478",2778.71655683451,2884.1127130496,2855.38713615234,4259.56276674625,4919.53896756095,2697.88595385457,2684.6082426125,4028.35649842801,4770.17356702173
"479",2705.06654932601,2902.8144347866,2888.80779760833,4232.95151166656,5065.70248763515,2630.76151395715,2627.21015999459,3807.63673856707,5817.5607236791
"480",2917.35269932587,3018.91846167448,3023.58532661274,4632.45499020908,7025.36422829988,2813.06414529364,2837.53314340024,4302.84108817067,7687.55886057178
"481",2648.32703833438,2688.36354541612,2769.08805071571,3726.94504784425,4766.81994173137,2621.65073057667,2730.73454638031,3692.9571347946,4679.60951909295
"482",2683.96649566967,2782.73715525125,2830.25615214825,4146.02200463108,5082.80582750572,2655.68207462973,2738.48063280732,3972.29655318862,4943.3617527072
"483",2649.13393769681,2720.43544631168,2782.29408417285,3506.3064210501,5282.41044355489,2580.49554481309,2641.45171286408,3340.02181725803,5162.84603554644
"484",2612.45512329264,2723.20369093577,2720.31211231323,3844.67048106475,6202.41436224824,2542.52109901409,2539.11715033698,3611.65887286067,4858.27617347706
"485",3076.10221029266,3271.49103413706,3460.37492561226,4933.27379823193,4838.15801843931,2968.68333823969,3114.00625689584,4581.57032182535,4591.04033672437
"486",2817.97199993639,2945.84926392181,2965.46151629411,4419.05862393464,4919.97986664167,2814.72900289511,2833.41225162975,4316.28583395197,4753.64580347725
"487",2503.90015394624,2625.59655040409,2567.17375702606,5023.37021159236,5108.14234659557,2439.86694249307,2393.75028666247,4840.15609174815,5165.59517516647
"488",2547.51618838169,2754.73890057784,2597.92695019161,4624.8012944636,7040.41042446856,2525.70107313675,2408.06285633006,4219.42586148391,6715.35297697997
"489",2556.66970098406,2568.21161028514,2591.66778645903,3329.97333556366,4789.75578917168,2502.32602214564,2536.70841254871,3256.24097639705,4510.29835054717
"490",2752.22738006506,2800.30196894291,2708.5825150282,5185.67502084882,6517.31404371519,2647.63752428276,2566.10958423415,5146.34368327789,6077.3366698246
"491",2621.24039438504,2676.57160155636,2677.69660971737,3593.99338406225,5012.66765036343,2552.95180028077,2560.437628026,3402.52802833521,4809.01360837511
"492",2764.10027216118,2954.77819112103,2842.8413121513,5492.33605481028,6229.8031078202,2708.52102666606,2634.18925557379,5003.64987906033,5881.17831744633
"493",2570.25363075715,2657.89251225881,2709.23517061658,3817.92279777462,6237.13466070978,2519.68254368212,2523.11961258667,3595.83359175549,4967.455721413
"494",2657.3668016609,2791.90259712506,2791.04789403963,4322.47382366411,5018.37606030696,2594.1643612335,2634.71304817234,3990.38317156061,4853.33561923973
"495",2895.28554880249,2983.76486229225,2941.00198366484,4280.61588898751,5326.64760573537,2825.52532482299,2778.38933871392,4136.09642705951,5268.00793318988
"496",2710.05030783507,2805.60104880157,2804.36002910392,3968.27425215402,5094.10698191184,2650.27593500702,2659.85207738204,3721.64966880011,4849.0294550773
"497",2661.70194849506,2760.18761899529,2692.18753855763,4219.87707451714,6766.49318337094,2573.16210561069,2527.33198948906,3914.49566280131,6586.72450286702
"498",2730.43977182641,2783.23998190791,2753.709787047,4236.0533175971,6601.49330887516,2698.18663851996,2653.70380807429,4271.4878744106,5923.31515657449
"499",2834.59268271215,2959.93651265605,2851.28728228837,5370.40580111665,5051.5202815658,2728.75400504866,2634.45839531262,5155.86789407668,4879.83409790152
"500",2714.54025499415,2930.22343498688,2836.16707176299,5473.81687239166,4968.61913304288,2622.54680754989,2555.58294121073,4857.5454023222,4675.14355341427
