"","correct_data","oiztpoisson_split","Hurdleztpoisson_split","ztoipoisson_split","ztHurdlepoisson_split","oiztpoisson_combined","Hurdleztpoisson_combined","ztoipoisson_combined","ztHurdlepoisson_combined"
"1",2368.80067941997,2404.55275213393,2393.94432535642,2973.47002867553,3508.63091914719,2315.8447118446,2307.372231031,2864.80834607918,3331.26680504524
"2",2330.19651722872,2356.7882899683,2339.78259424656,3027.90903232766,2135,2278.5618897946,2259.58395395118,2993.50713621172,2068
"3",2217.37452715427,2236.84533312744,2225.14584146876,3208.82464074587,5421.75314135088,2160.67453416376,2155.84183521837,3178.4220838093,5491.30137248841
"4",2237.53720490113,2314.51447772545,2283.15621047558,3272.13847623103,2232.63673690689,2168.95162903695,2160.9577190176,2972.55939547226,2047
"5",2442.12648618532,2461.84240425677,2476.56722816319,2734.87604297639,3429.95425225986,2379.2024376181,2391.17056402398,2651.36762701826,3310.30785564786
"6",2288.53424661984,2343.83520670375,2280.21601810718,3246.82717060046,3630.38284702114,2219.79193724128,2173.79517151387,3083.37917765556,3291.81165266669
"7",2416.65168804907,2440.87419895678,2417.25708200661,3019.61214540803,4634.39260578128,2358.54023113126,2334.19105273842,2960.00517860416,4466.76006617528
"8",2327.82340300598,2347.71928894819,2351.36710064546,2598.53112750871,3197.38405956993,2272.38074166331,2274.54857069912,2530.11790467102,3118.8215228757
"9",2422.09203575601,2435.47374851482,2400.20048809277,3072.66812872575,5619.23321713427,2380.85257878469,2338.98596466966,3073.01172692296,6041.39540295731
"10",2338.1756900058,2308.91576126953,2292.66307600136,2819.59062135332,3772.06855119212,2282.67310650472,2256.9715019337,2875.13382777459,4234.15479509614
"11",2451.26648830977,2457.14416200493,2450.81042068243,2792.37356176649,3500.3481897507,2387.90610462442,2382.14524876746,2716.54040848455,3416.48818716937
"12",2280.47013576907,2303.95959909597,2281.88712976766,2908.57084358733,4895.72078876751,2228.08892228622,2206.30301660927,2834.79317827065,4773.03230684021
"13",2484.87708456139,2510.18387215147,2502.04600435279,2944.13172169614,4106.51638610024,2428.63251024903,2415.78312828288,2884.35089075863,4165.90299243518
"14",2375.61922450819,2374.69430127057,2359.50947670601,2740.84994195464,3682.50740081972,2320.03643851411,2300.3272715959,2721.82779525632,3879.96601052729
"15",2385.3811699589,2381.15321521596,2353.20796257161,2809.24034534127,3398.1093984299,2357.2323110016,2307.92046280586,2882.07815791096,3826.42730567158
"16",2287.25885568597,2290.42714412574,2273.22457271487,2835.66729080023,4426.28107759099,2229.84181713953,2205.50535126393,2838.35938098143,4924.14922875263
"17",2287.84150992772,2242.81727892497,2238.47754112613,2671.11850696877,3489.07465206741,2228.62382162893,2210.51885443667,2780.83497542093,4507.6143088517
"18",2398.05214364167,2418.93370212554,2386.12651710646,3045.16523092329,5970.01016142189,2333.00492043704,2310.83834904634,2934.50454105828,5683.55462250299
"19",2358.14656597979,2355.65845906288,2293.91069365185,3323.18922599157,6642.83965996502,2281.56126676468,2218.77214161758,3332.85330397428,6996.6799094487
"20",2415.01494785291,2471.52151508198,2446.29227457902,3047.4868593265,6012.0058813055,2354.03041343945,2336.73288080905,2879.90474546389,5336.77881711845
"21",2299.47356694273,2317.06306213226,2312.57290639674,2663.30199847249,3153.65373145545,2239.7514813871,2232.28200495233,2569.56982505935,3019.35624203932
"22",2373.60453101447,2397.5918616144,2381.51740007826,3027.68513191212,5280.67003019667,2322.24391770646,2307.5369995004,2972.10974939302,5429.60341741288
"23",2345.09542078933,2337.79251359806,2331.7540660348,2832.8875019219,5119.44499699327,2285.25272394051,2277.02578074929,2830.0269408966,5619.90041160863
"24",2343.33387914646,2401.68929754784,2380.4271455072,3033.64210971703,4873.04788881378,2287.79304316408,2275.32055823065,2843.01213504269,4217.81817557835
"25",2506.08407647533,2517.57608915891,2490.88484127436,3125.77601679146,7440.91621330286,2442.33330566352,2410.67505539195,3057.57175696558,7517.77816894306
"26",2359.96404705612,2411.51879782735,2371.34897607687,3158.30694662087,3488.2846106689,2320.0183613357,2284.20737331463,3028.66385984772,3329.29931075124
"27",2397.03885211479,2361.4147010941,2372.71558835513,2666.32829401777,3454.46125064221,2330.23114385844,2333.34642586599,2761.8929935529,4262.09051746981
"28",2352.86743319446,2405.35120064953,2399.09474687667,2802.83295649425,3357.14170743543,2292.71676942041,2289.08161835982,2631.87750401816,3029.53374688302
"29",2163.56802494138,2218.60816019069,2177.71116652572,2940.05304010716,3613.95422367132,2096.84782177701,2070.35808246174,2747.60892014299,3251.8874684421
"30",2377.0695138604,2375.53772970102,2369.35996937157,2697.63228653274,3035.22270231754,2322.14274613759,2317.56550052813,2660.12860637407,3056.22879782251
"31",2419.37386990887,2449.8883259201,2447.69940088646,2827.60261938127,3883.54261059644,2359.08454411503,2357.55794594801,2745.46322034225,3923.62830045336
"32",2277.66734344851,2263.35285578678,2224.86081328948,2958.19841892089,4618.36439980564,2240.98220782143,2194.42435702512,3074.23636754446,5019.66388562554
"33",2342.24166940529,2378.8514984945,2368.78456492993,2726.86157792756,3540.90472112493,2281.10435776842,2273.10084179386,2613.97861695628,3358.47062395975
"34",2240.44764030154,2327.25219680068,2256.3590339592,3308.51773989641,2325.1627094015,2180.86327297378,2145.1948175242,3076.5804220338,1987.38057747143
"35",2371.08548143432,2383.68813390851,2382.46749318444,2669.65918981839,2867.05155509002,2308.62206529211,2306.43594399741,2602.49431546606,2824.97169888198
"36",2441.60275883809,2450.10211164478,2434.13710124589,2842.90022275354,3676.94894725967,2361.3860176155,2344.79593877828,2765.30511977135,3601.5410095545
"37",2185.53247472003,2243.45579433086,2232.35394420094,2920.42562978604,3565.15949211216,2141.01467278019,2135.00401195208,2770.08082400931,3073.71346781474
"38",2315.10994817803,2373.61127372361,2341.54747989002,3533.3537470032,7528.38444027783,2255.52163967564,2230.93991131391,3383.58884159825,7008.1985373075
"39",2300.93947292378,2336.55080455207,2258.97939877471,3300.79966424288,7840.48815666669,2229.29526575723,2166.25248644597,3199.76207974784,7544.93179178521
"40",2362.95210202627,2390.7054125293,2351.59463671442,2948.45711918695,4783.51497897389,2296.35896105564,2262.30600108981,2875.19300658603,4918.7624804039
"41",2406.93881025793,2433.69482335704,2438.16901221061,2771.59223729446,3293.71660930231,2357.18878773032,2362.63823394189,2707.1668378983,3257.67941083767
"42",2378.9781166614,2417.00094598487,2387.18927404518,2784.56620842781,3361.82280221681,2316.66683263466,2290.28756258187,2664.33018045714,3156.16477890034
"43",2492.43631215846,2489.52664506015,2482.66933932322,2977.89411133962,4768.02112332567,2442.19230131155,2433.80973286097,2958.72046279144,4917.49007012516
"44",2372.12439593109,2414.04652931539,2390.80498036792,2973.45574302789,4554.61685138454,2314.38931905612,2296.74904970604,2848.23367215681,4198.82855100963
"45",2394.32875196387,2438.35810600358,2440.1270973653,2711.03902211561,3679.01465061602,2345.24038013235,2347.93172990968,2607.89739724381,3546.61346205077
"46",2356.46078829462,2393.3276301487,2373.75381866382,2984.38192595527,3785.72173496012,2303.11988696949,2288.59910103957,2892.36689030138,3623.20584627111
"47",2368.79948439358,2397.80345187612,2396.01183156896,2874.05872433601,3707.01361916938,2313.37283200076,2310.66831636995,2796.91892010701,3694.86794233314
"48",2376.99932280396,2422.4993704271,2418.08603678329,2691.1326919368,3170.62301743857,2315.72577882711,2312.83526124988,2561.50107961315,2992.69371186883
"49",2329.09264097364,2352.99100456822,2336.53038207935,3091.02143230847,5932.45874321577,2278.23286142122,2262.22514105577,3039.80631381205,6070.59991582854
"50",2388.2908933091,2411.81138915889,2416.98058549113,2692.85862651221,3379.45351755543,2335.67790406398,2341.03095432446,2622.76276771983,3376.99145785493
"51",2355.86759698063,2351.59907814983,2296.643145798,2936.21106325908,3689.73349924022,2318.22985863262,2255.9897454904,2941.95916535312,3706.09380980296
"52",2435.14925949814,2446.09547117032,2387.35185121558,3140.05922245941,4153.24832353555,2364.84253254732,2321.51752654074,3056.30421294249,4144.00750058748
"53",2355.4083615429,2401.99879754789,2367.53004155844,3448.49823807333,7577.89853993742,2292.71336686373,2268.18993824863,3305.76978398397,7126.08963023813
"54",2250.00098729768,2301.48093805815,2280.68132938856,2962.96225433453,3802.5144082845,2200.57029416889,2189.56496262432,2810.33144860682,3462.22394759069
"55",2353.04969427904,2331.55177619522,2311.85970270212,2755.70168634304,3661.21525030279,2309.65024616529,2289.00796798487,2759.77980417816,4057.35482993766
"56",2235.96704684126,2263.55904204082,2234.66766778134,3002.47664794413,4536.22589767811,2179.59032943799,2154.22269219836,2919.7528917225,4333.6712458575
"57",2401.21209953994,2401.38692180961,2392.91029915805,3025.58864433945,3821.97562849682,2346.79741593844,2332.93432845107,3055.3810744685,3951.83577154673
"58",2350.42174937094,2490.78242195282,2361.50959119253,3515.11919889474,5764.69413032469,2318.4555425173,2225.83075232522,3264.67836915743,4693.63424802427
"59",2174.15455660593,2210.29312316679,2192.77368304339,2919.74021144685,3118.71852917133,2122.9626551448,2113.43325499536,2789.45073676983,2804.66961595729
"60",2199.27002137201,2206.95806349175,2193.35494944544,2870.22355235205,2869.71207931326,2146.91248223608,2131.58240331719,2900.18277225956,2484.17248817282
"61",2305.33349153921,2335.12540370889,2316.90577947016,3473.89611770002,9351.18205578485,2251.71025528427,2235.8978814592,3395.32112503089,9060.55356062859
"62",2348.70286538226,2374.29679752589,2368.72438708854,2725.63269272292,3204.93386083926,2290.59110876566,2284.25363785056,2664.35405124,3201.03402012538
"63",2336.02081473527,2381.50267110935,2362.97597428377,2978.13010406493,3493.97852352617,2279.18258557132,2265.72866117903,2834.4016406918,3229.92611985636
"64",2404.80666692552,2433.91625060618,2423.97379481105,2813.05422231697,3779.80170725472,2351.39452615279,2337.60045354915,2739.18221130767,3722.33567386665
"65",2305.71209116108,2281.06883687717,2249.62643487966,3037.65751560923,5530.24418347739,2240.30371652081,2201.36749510764,3095.87045868127,6078.66548249661
"66",2401.71476235716,2447.06515100384,2441.07610484285,2709.7367354773,3120.3911364881,2340.99950639247,2338.34066924614,2569.34055050214,2867.21368666851
"67",2287.61308331208,2364.79459595966,2303.2370342597,3143.90677074317,4096.63427932198,2240.357120859,2196.33783464864,2968.59631266332,3553.96326297998
"68",2131.75213324165,2155.65701051708,2132.93397356988,2729.84980866398,3586.88428365661,2089.96531802596,2063.87162472582,2736.67962971298,3747.23451752165
"69",2414.30632072068,2458.77336944929,2432.41601766219,3130.79466886299,4479.23133832834,2351.14152384733,2334.0507225697,2982.67415529299,4168.53798795467
"70",2315.27174433127,2349.86451676423,2340.64760941139,2941.86709937944,3523.7453015621,2253.63931708137,2246.16733058891,2826.53594812354,3277.86619976432
"71",2351.27150045014,2365.81435810287,2347.51214294906,3366.69628805261,5978.81830352327,2292.35395216324,2270.71874982583,3414.48594449253,6353.36704213875
"72",2445.78950350897,2454.74336631505,2450.45793537641,2932.89817792929,4324.3910988358,2397.62895887858,2386.83509797672,2926.16908762285,4644.48968994341
"73",2290.63798954811,2348.15670412198,2304.27431171052,3033.55854796905,4755.16548876316,2227.21215415202,2199.58126051226,2864.22530136796,4274.65708323348
"74",2238.40007118717,2295.3656984991,2235.28725873443,3073.69684717972,3750.76368877458,2191.3053712917,2143.65561525185,2948.17495839856,3515.18845691043
"75",2430.77215427751,2443.06279584654,2424.88233328679,2936.96562594659,4189.03448408053,2379.61459048331,2363.18688547717,2884.44593586985,4225.09659104058
"76",2424.31324646355,2445.55050786745,2416.74882573333,2886.21317491806,3952.98801841862,2370.8323180877,2343.5682776151,2817.09082107818,4005.7620451414
"77",2329.72675663642,2376.20863781161,2361.3823324809,2740.56943554555,3676.30014155367,2272.0507920169,2260.1344697644,2614.13081816942,3428.25808359801
"78",2367.34948578512,2359.19286072416,2303.00003031561,3013.68838742824,4476.57795619809,2314.86597867713,2255.19324346917,3026.65402036426,4732.3455119747
"79",2316.94757425271,2379.25068190508,2328.35153885457,3192.88126828619,6478.58963037488,2266.65880633039,2227.28557362978,3044.40356813216,5341.08374628881
"80",2430.04718293752,2487.7112009007,2476.0484117113,2893.44774580829,3851.63598061953,2377.49944474907,2371.86875675692,2734.99812131791,3534.15172172785
"81",2321.57874630481,2339.10000754529,2337.83534593086,2709.33186331941,3124.19523794077,2261.42036146205,2256.82647906711,2639.80848716216,2973.21798710818
"82",2335.19195421827,2351.84940831152,2351.57292213149,2640.83618063129,2906.44816140245,2279.67169218063,2279.25345051733,2573.5616154317,2864.33619974244
"83",2395.86733055417,2426.7347663412,2419.09769220157,2701.30309007421,3098.2403325925,2344.868946905,2337.6638162463,2620.56577356201,3012.49263335929
"84",2413.33428029061,2375.68288444631,2380.33661928738,2657.64145064641,3294.07659196461,2359.06883983998,2361.63019452384,2699.36821534471,3830.25740662462
"85",2508.6979027934,2556.11088046872,2509.76919761165,3179.35103716244,7116.03677769934,2444.57037263467,2399.47457880301,3054.93400987472,6878.04810755509
"86",2359.2612464572,2388.56917611934,2377.59516660718,2893.45362674046,4203.95809040406,2305.58473829876,2294.70661159225,2838.3777391832,4264.62032388592
"87",2421.60261577554,2477.09863023971,2451.08261252153,3066.37333903064,4133.39370691388,2360.75550917628,2342.0178665941,2900.51252434535,3753.64184452708
"88",2251.93972189371,2293.08172147486,2286.82387627702,2749.98779390319,3331.41550553891,2190.60150532201,2188.20974748908,2608.82357702062,3096.02176489926
"89",2323.93573036144,2348.53508642573,2292.64618194122,3373.15988006708,7166.97572141969,2272.7191461254,2215.08726266837,3390.69874264535,7585.99193168604
"90",2225.67907643262,2314.40188065757,2262.65305870564,3386.12379432161,5133.25055540312,2161.4056870198,2134.26456431538,3079.77234407405,4256.41708631262
"91",2226.99106497945,2262.62148541889,2255.71067785255,2601.78840010905,2994.42181655467,2174.67455385624,2171.4565794026,2494.08835765614,2835.98361544548
"92",2423.10607855647,2430.75534293223,2401.36170947916,3248.9419596644,6707.33681710938,2360.22487643894,2329.78942629422,3278.65383523414,7375.00333668867
"93",2412.41504773157,2469.47852325134,2453.80715466108,2964.46135536873,4024.32776786672,2353.03171046325,2338.18719017251,2826.47160303815,3746.79204204413
"94",2300.16606674306,2321.1097215452,2315.65369565283,2616.47142042539,2821.603368411,2246.08774554731,2243.91193251344,2517.21892203742,2700.16253832589
"95",2255.41687037966,2259.39098242315,2238.71956324005,3089.47346108661,5389.85049310167,2190.74123936421,2167.61516455505,3123.08519254879,5621.55024046618
"96",2417.25139735517,2438.94452874245,2439.75366978416,2736.42034590573,3147.376462825,2355.94373828364,2353.24710294228,2665.37118106407,3106.24157692954
"97",2319.20979272698,2362.36948333257,2351.3646354415,2792.12209351103,5036.61386374195,2265.57655304916,2254.25176813232,2669.7905530287,4848.06414122576
"98",2359.62143698548,2377.93169444155,2355.52520806365,2922.61146652395,3997.66574685066,2298.77062393507,2278.84759833235,2845.09426214068,3909.22262008331
"99",2233.70024216563,2284.07706550502,2257.16147366683,2905.24119635876,4106.42680040265,2168.15519186411,2149.65184260168,2740.26662835198,3649.24445551095
"100",2283.49291762874,2273.97025981369,2279.56019069252,2583.33321297717,3384.31292052608,2233.36987882479,2240.54862203767,2569.29935451808,3638.11052768161
"101",2308.97977851406,2366.12810845079,2330.5276366923,3232.94053805924,4927.74169275257,2250.15463130242,2229.4532179465,2993.85468928468,4078.73974230458
"102",2389.88095395529,2415.84435772623,2417.25859307469,2610.39810646444,2919.25290460004,2332.07053538199,2333.9358974428,2515.82984863972,2787.81287861768
"103",2456.46859884776,2489.90583628153,2486.93892507011,2878.6346458758,3723.16752392985,2398.30565388414,2398.13405267095,2750.04859805409,3497.63138394601
"104",2321.20479987992,2397.34990472484,2342.40902529638,3502.2680323845,4250.27220765856,2240.18638608147,2205.07918565809,3203.72900199764,4221.44608428073
"105",2364.14493820133,2396.75757842036,2357.05374940246,2760.39996550873,3309.27562465327,2296.18461806473,2255.69170017086,2664.6978238342,3180.52515483925
"106",2381.24994728819,2446.5537164782,2425.35021364495,2895.61415144311,3716.36098101443,2314.50943023034,2302.01252921461,2712.9419574576,3325.54135586431
"107",2338.83437411771,2343.81538048379,2304.4752449376,3073.53917525812,4574.0325891751,2302.36390277022,2254.76498682679,3057.31993866068,4618.02714436158
"108",2245.89868877646,2244.98992980559,2210.41979612829,3138.36750595996,3806.7194740649,2192.18825476595,2151.31007552336,3204.22699484222,3119.35716364568
"109",2419.30592652961,2447.45247658358,2441.3381001705,2970.5417182162,3920.14944222997,2363.24532908862,2356.82046180759,2891.22737074115,3836.76794593208
"110",2310.47159038805,2328.80502548497,2325.38774291107,2618.96948572565,2837.9628927874,2255.58591779419,2252.78072945255,2521.12125871842,2713.85608156457
"111",2406.09383816418,2393.56055895175,2380.66573534992,2740.90971805071,3450.25189392916,2349.78421106984,2334.18449978841,2737.2969121622,3720.44370795258
"112",2357.14305668889,2437.86884860402,2358.78751454259,3625.38546324505,3895.10022464273,2305.97252079148,2260.83164913409,3443.25265279984,3115.90142472724
"113",2415.05256806247,2433.49688550146,2435.45730088519,2586.07339935477,2762.76181434725,2353.53932634415,2356.6764341868,2501.78110542056,2679.15744196671
"114",2402.18471326416,2437.94996795231,2424.31550636276,2853.70668274646,3381.62861849295,2348.53870236116,2336.58162066345,2756.5066834872,3319.61709015341
"115",2367.70097573079,2395.6996049631,2381.75285124565,2968.77090743788,4818.21712172827,2313.70724926833,2299.1505583099,2883.33661160123,4702.62486246222
"116",2243.9770371919,2293.57951490272,2236.65739221848,3208.96504842185,3451.07730475382,2184.7342805806,2149.0299464997,3048.70094136469,2863.96186883615
"117",2303.94957660207,2332.6103944872,2296.70133584786,2853.85379222373,3407.47345205681,2239.99487347667,2211.70913495491,2761.84104699777,3198.06506991129
"118",2442.20527648975,2483.40915841735,2462.3408055941,3000.91943097293,5079.22970710143,2384.85693128325,2368.89366253135,2892.9116905283,4978.33542744603
"119",2309.16536944282,2339.7455275147,2311.37439624079,3005.41246170071,4359.72311681718,2242.32004073587,2219.04126685879,2913.60562904487,4267.02866697568
"120",2363.17770926913,2373.49814943684,2371.97144537524,2781.53332446571,3486.26655402938,2302.33825690157,2300.05072338279,2724.1881977604,3485.23884640088
"121",2290.17881551664,2308.33079104121,2288.21162492115,2788.5919370376,3487.29915102219,2231.87903811194,2210.15619782327,2728.65564685243,3522.15709809444
"122",2392.56681047296,2373.23516953086,2372.39342064881,2595.13694197691,2847.25372809111,2322.9007012273,2318.55777156079,2601.61265866739,3089.02634449721
"123",2128.72110080839,2205.88370122685,2184.40150779236,3274.09370669906,2015,2066.14413899248,2059.89839458114,2929.60140177724,1951
"124",2258.91941991932,2305.44484729456,2259.81269699153,3141.37438230611,4580.97243547016,2201.06895503573,2168.47243234103,2984.6839042461,4134.87392264032
"125",2356.15396707568,2386.58388543733,2391.91563794404,2679.78556703634,3100.12050777526,2298.5600694371,2305.92572154741,2579.52961642857,2955.38035462439
"126",2295.71299223811,2340.88115835467,2280.35193385735,3444.00241029766,10009.5472714473,2228.61042296558,2182.35280521761,3339.50926848541,9524.69963881282
"127",2276.11040443702,2301.43249735059,2278.61291239403,2803.69185096319,3138.46839811834,2213.92863260237,2193.47196382637,2701.43330152078,3025.64085095585
"128",2403.17251117797,2422.92919178194,2414.4902944639,2924.11524858817,6126.30194283071,2342.13765665812,2333.59971085659,2846.7274885673,6105.61517636902
"129",2189.71465550009,2297.58417001182,2241.53969537368,3883.82555837109,2009,2141.90989005812,2113.83621304686,3429.55408738087,3583.34450835774
"130",2322.35457275897,2376.56963144706,2335.9634078326,3066.21517946712,4567.75785345499,2263.64069452745,2233.79143197596,2952.55156661983,4225.82195719251
"131",2327.00761074724,2313.95699461318,2314.89442874489,2596.95779564782,2948.89532327955,2264.35960825413,2262.75734582968,2602.282783565,3146.75341834734
"132",2417.5899416722,2440.47514367585,2435.52103338928,2841.49801419805,4221.83550019466,2361.81792815526,2356.32324626177,2756.24531475821,4134.31371179846
"133",2341.89073103721,2359.57657373881,2340.35028825475,2911.84297590906,4025.70344983428,2289.22979233997,2272.03222497392,2857.33228536893,3964.76745172244
"134",2290.39210018366,2348.63394648264,2315.3305194717,3321.0822218225,8373.67907052227,2235.28998811324,2210.58234652832,3195.79443426367,8043.44952172015
"135",2351.34535435114,2364.4206269494,2364.27855625355,2830.97083817435,3879.73237706246,2290.79971222996,2290.95139865626,2780.50151626584,3915.44140604448
"136",2253.27271172549,2295.19880305385,2278.79749722143,3132.80822178751,4514.27190011958,2201.49997896277,2189.71205586343,2987.02689175097,4133.79417334794
"137",2480.50299938825,2512.49947171002,2533.28343501435,2744.11069132413,3129.74652860357,2408.494675099,2430.5911762423,2626.73365973587,2989.00304734026
"138",2296.48750799256,2346.77580748501,2313.14129036906,2937.62997711812,5915.26750811326,2241.53706697986,2214.09777534021,2778.33662574359,5040.72511843372
"139",2325.98251478212,2349.48706047045,2340.97355602297,2881.46248043603,4469.18564569663,2272.74680779998,2265.38779404425,2826.90692156844,4317.17967355922
"140",2324.15079287291,2359.3325841428,2351.58192491002,3080.40558909808,5432.96075364952,2267.40665177383,2260.82731470135,3029.47026996155,5737.03014042589
"141",2340.76608430701,2417.4889128423,2349.76838432673,3026.10692366693,4492.55857411842,2283.09784019666,2228.43822721955,2835.71561817894,4004.26841285613
"142",2437.39486201029,2461.89068732822,2464.88377855665,2667.54543973477,2828.4516490811,2380.83962437067,2384.72813530726,2574.79297494436,2723.68251378329
"143",2439.51341249072,2476.26376070662,2420.44088670746,3104.73895238348,4455.21197540368,2396.7691050606,2344.70925276998,3022.46776364763,4373.82317152367
"144",2429.31372891513,2450.5148715628,2428.26310283656,2922.14101162834,3372.18479131489,2369.10720448452,2347.26096347257,2850.54092852354,3311.74100115388
"145",2294.57143070526,2378.72023486783,2367.34040243243,3118.89085134072,5046.19240859832,2237.73673488433,2235.95018638268,2845.27104441282,4140.25785741371
"146",2354.98775239448,2384.99177677526,2358.5150775828,3184.70362309077,6298.39377350944,2312.0483058674,2284.2585938984,3123.1448584702,6149.14691842097
"147",2372.41200261327,2421.72323380795,2414.66821760199,2838.09510786113,3256.17147395668,2310.16090052959,2305.65360751982,2677.85595532358,3014.49777113637
"148",2363.99734550504,2395.73042101691,2361.55426664418,3304.59243115312,5282.47806388716,2308.34779642456,2279.05083182505,3219.9370451009,5019.39511132166
"149",2367.45011606091,2384.11123242718,2327.09501366329,2956.86480075082,4068.66802891292,2295.35758741493,2242.96290460337,2894.48622600491,4073.88392637518
"150",2382.75884071158,2364.04443019315,2344.25813071791,3411.43034558654,5730.83785881357,2327.79246740186,2285.78385607564,3752.62092760487,6878.12015312272
"151",2357.14592433027,2363.3596961968,2355.48167613846,2795.1490916865,3966.31934446085,2282.65090458834,2275.38210570817,2713.57894720247,3929.21833825203
"152",2439.34469744972,2436.23187068281,2425.62097951887,2825.90708582145,4084.98529842696,2367.00525739822,2350.59309083343,2804.25349599192,4470.4975410803
"153",2251.95978301005,2306.14042316725,2296.89767971144,2930.199477995,3658.68885411212,2199.08920241751,2194.99373046715,2719.42567662604,3152.14566966281
"154",2247.74654025819,2262.19543036777,2220.74626410035,3315.25544984957,7800.6941026392,2182.38882857619,2141.17357580805,3268.53057941052,7751.85517888544
"155",2363.79026569916,2403.51461548477,2402.56626935772,2777.30897395532,3400.94459053705,2305.29562628277,2306.33292846087,2624.93268375455,3033.4328155126
"156",2451.70040725077,2484.53298406461,2458.6352917932,3389.49642774437,7356.76887325042,2378.7332810667,2356.46678654811,3331.77309280018,7776.13682985387
"157",2425.70328315052,2445.99865149124,2450.26806779971,2659.64820986843,2869.53421271294,2366.07987123677,2370.07894436961,2567.10457613522,2747.33691506286
"158",2441.76091848289,2483.46620032038,2441.52897796316,3167.71790528406,7477.89669539588,2382.59745576758,2344.70211895428,3057.5214291842,7059.17656225833
"159",NA,NA,NA,NA,NA,2356.746615164,NA,3343.50872082171,NA
"160",2466.66141416077,2487.85615487652,2496.28113188195,2737.67937509873,3203.83685001031,2407.76570503571,2415.84399613093,2653.42894479579,3093.91631766561
"161",2305.88726192135,2353.79987165729,2305.18352375016,3142.55755263349,5540.34678923995,2239.4669668134,2201.87646486984,3000.82195965941,5090.97274898222
"162",2247.92022549751,2273.63261008943,2277.31743155324,2584.29684704983,3366.33039631849,2203.14112354965,2208.86845685329,2501.46231123808,3248.05062176903
"163",2347.43025872844,2367.08435467497,2328.90389374593,2988.3548376371,5605.2235327145,2291.74172807138,2253.89993724513,2961.55792504026,5770.08449541171
"164",2325.48475584183,2419.32656242051,2353.97747525393,3340.8543222085,4543.4694039944,2263.04973627376,2225.975973183,3058.99246240998,3818.32033165835
"165",2369.87812550806,2398.62417991942,2362.62869683476,2936.68734139488,3838.07024628539,2293.2125458206,2268.27321702058,2794.76874470732,3585.51159297297
"166",2439.53019806746,2370.45800713854,2369.47903903123,2727.60049757219,3443.59454070799,2374.5093433002,2359.1824849031,2878.34871299215,4661.26943881538
"167",2319.91764195302,2339.67529333165,2317.91138623076,2859.93872534206,4381.41659943863,2261.27372751117,2238.35095543717,2797.16917702929,4305.15418296808
"168",2397.09724627719,2428.43182426099,2421.09664857213,2740.87947960154,3041.59761117981,2337.57461995204,2332.57670915708,2629.41493050824,2888.45707192192
"169",2415.36834410116,2444.60451432021,2444.72856822949,2908.8543023356,4393.28295328715,2353.3459029615,2355.28456173726,2801.1057293321,4210.21818703524
"170",2340.85553464869,2384.220959357,2369.63030701048,2915.87677855503,4378.82279372695,2285.71387953272,2272.4866277518,2797.83028666315,4229.24202604358
"171",2285.17165488491,2330.00673376675,2312.26819715003,2761.23530294721,3692.48659609675,2216.29261061122,2203.75767840724,2621.61142205492,3356.76071021652
"172",2206.44485613621,2246.90803087599,2226.61979754535,2952.98742656839,3140.5073211086,2148.8287956812,2135.01498900139,2814.45918775536,2909.70816310005
"173",2342.27971625624,2365.01283474341,2333.16954647379,2921.09094409978,3828.25859533067,2288.2115071323,2262.90348788925,2840.67393734814,3570.52390165486
"174",2346.87031759722,2345.80939630351,2328.28305945938,3111.63954561538,5412.81604429117,2282.25273334931,2264.02717639829,3082.41247639942,5769.13884379455
"175",2421.20908002393,2435.12368894142,2391.13848115948,3198.38284037549,4988.97483258792,2348.26164254548,2307.56297253124,3108.19677256541,4824.5659441457
"176",2219.12078155255,2248.59310558505,2220.79061437163,2786.53162821114,3964.83116825848,2156.47020743934,2134.60118021151,2680.91313431356,3643.3976242112
"177",2269.32699591626,2311.62502317047,2261.54829448875,3124.62718893892,5394.92851599382,2216.1178194844,2171.00364982659,3009.34710885058,5087.74857633242
"178",2293.99356872229,2337.98102867629,2322.09672450815,2840.86296667805,3596.67482523896,2245.15354196722,2227.37946104992,2749.67539076959,3471.85197072644
"179",2322.16233813341,2361.63630616698,2341.11264796487,2877.29076752736,3431.5000819974,2248.22079607151,2235.00844234653,2739.41985046836,3200.93048639369
"180",2398.47214737586,2462.38911196989,2426.79970830392,3100.9963195121,5064.1729710077,2334.18608282357,2313.03584010141,2904.0142716139,4499.12206646665
"181",2434.21101721918,2419.28568660356,2403.18547213983,2670.35243359235,2986.57629030524,2371.25756160209,2350.89968547058,2652.90163027455,3104.4744179276
"182",2373.56088640678,2393.77394690766,2397.35605041562,2672.35169009127,3355.14274214682,2306.87111300664,2308.09693648524,2594.34852066,3291.39008666431
"183",2196.68302123048,2223.24390216135,2172.56303227713,2975.58453045123,4765.14943768168,2138.87291011263,2092.7376683133,2887.68654058556,4785.91549237188
"184",2412.29979129899,2407.38014108844,2420.53627480413,2589.96624324911,2850.65252329804,2362.78517392154,2381.68544173602,2558.29642386746,2940.96097059535
"185",2350.7077254681,2343.88611120213,2316.27279844873,2877.08110121986,4581.07976051151,2288.30052109798,2257.40521609973,2843.16346665184,4762.5771205284
"186",2453.96457516337,2465.95447360892,2429.01064239387,3182.50116659852,2488.66219057065,2388.7772680175,2353.77440243327,3144.52265395231,2084
"187",2391.07082218099,2419.46368262694,2393.31077414728,2938.51095026557,3588.79948032136,2345.48013050429,2315.32998036803,2875.50104114117,3546.79917982592
"188",2352.4356222198,2397.62159134218,2388.19980427252,2909.04129375881,3705.58805007866,2293.68596020364,2289.49182305614,2755.14620769032,3406.31136021253
"189",2394.05871731885,2420.4753914771,2402.66269831837,2846.04985318477,3347.51648025022,2332.38427585496,2318.09136128875,2746.56329477592,3196.5575170376
"190",2318.02705744198,2347.26605819239,2345.58858173287,2751.46963803673,3274.66633682104,2262.52087463289,2264.05563766904,2669.7520750402,3171.86824096496
"191",2389.99283080202,2391.36674463876,2381.42258152858,2794.75223039804,3265.98257587471,2342.95237402434,2327.46316285926,2797.78934324968,3403.58506006453
"192",2292.09036772144,2313.40294014847,2314.36113034297,2620.53178243887,3085.25352360022,2236.12484113189,2237.5003468705,2529.53595064946,3005.35765065339
"193",2193.74697068138,2206.73974892096,2186.54471295397,2974.4017279561,2691.08070275976,2128.80615515317,2105.49314819551,2940.13844371357,2019
"194",2347.7682893942,2355.86181997061,2337.51100049785,2826.95322530543,4604.88440029257,2296.70656529986,2276.3067810771,2817.6769909936,4862.42354662911
"195",2313.53920655816,2367.75411639581,2330.92824676639,3179.44875737135,4801.71415845888,2244.45895401131,2212.75640832638,2980.33763829744,4373.24119781318
"196",2399.52997538553,2430.62517084599,2419.99865089281,2831.01889249715,3937.2131805983,2338.49553933074,2327.60302301499,2734.82553036528,3851.13735496288
"197",2296.76165598482,2338.80647990985,2330.93012066085,2887.56744267558,4171.29068281098,2245.71897904363,2239.12529831718,2773.70041203455,3917.47121711825
"198",2462.88660595798,2414.72076026668,2403.67088207398,2710.92467188247,3438.45958139242,2408.68571994805,2389.17063190948,2762.7536846868,4039.7420253725
"199",2282.84862277905,2332.98002663196,2299.97113633074,2981.56529374131,4071.18720691822,2223.88408686345,2205.7535016619,2830.69319405518,3671.81839776787
"200",2451.04257824972,2487.71878239892,2493.2441229773,2762.08638271662,3112.65531183156,2390.37781216553,2395.15839319017,2645.60914723946,2943.10589753418
"201",2415.58022089181,2418.16221156507,2431.47240523847,2659.20800458567,3039.62837461079,2361.92609226103,2373.770543825,2620.96381749866,3101.30507034518
"202",2214.52202317932,2248.43100660803,2216.85259527256,3566.59441835187,11419.1640273953,2159.39187461797,2135.26119775866,3486.38182603452,11376.1984900906
"203",2289.63704480024,2326.50813373265,2290.66432767197,3147.45282352565,7014.22417065072,2229.49662135838,2198.3818472726,3057.30521108945,7085.0544034942
"204",2374.95986540916,2404.64121066668,2403.65226734103,2692.45090929727,3239.20952652867,2317.28445156216,2317.4585940952,2585.96136367379,3075.46191807391
"205",2306.38128553483,2341.54636334356,2328.24737558605,2824.81710714345,4013.87170653088,2244.2501967685,2233.21129622721,2730.27245640048,3887.47246317876
"206",2357.60898901019,2384.25026091675,2382.87545511262,2898.8913442428,4453.38006158024,2290.3437737713,2293.93750636465,2770.86704448118,4149.32915275717
"207",2343.28291615236,2351.84389516862,2342.32382337789,2798.25088681237,3990.32068925454,2276.9030087671,2273.31920107724,2718.10890859836,3777.06311955644
"208",2448.20902377112,2460.65545043654,2458.18793543263,2912.05766141519,4144.79059707192,2394.68458684458,2393.10104783973,2854.87887713109,4321.80855897614
"209",2391.8473217313,2434.53881041256,2422.94540896004,2848.66883540246,3822.327441064,2344.2307681583,2331.7049218282,2751.78430275514,3728.68231107193
"210",2372.86860605724,2405.63279780872,2375.85996010182,3267.6585911337,6186.44546360047,2323.06390701172,2297.88887481146,3266.74561218671,6481.99900850787
"211",2445.19986735193,2487.57579100478,2441.88673124441,3160.44528418208,4808.26394462466,2385.41897816386,2350.75150414181,3033.11423527207,4573.76818454533
"212",2358.46780825137,2391.27548751485,2324.69211063148,3184.57996762468,6445.03235932872,2299.54516286246,2233.18307046419,3113.67642095003,6478.03673482107
"213",2352.13836390316,2400.8165721392,2350.22527217105,3434.20212636636,6591.75154392,2293.05985745815,2256.81226323638,3275.2338940227,5761.4030120896
"214",2205.92767841249,2250.28546583825,2246.57512430587,3036.80409164639,2938.77126398451,2145.32684330346,2150.28734984109,2912.92170177243,2418.86431924086
"215",2136.62424291175,2167.04979984073,2151.72180907757,2633.94974722498,3454.84506374472,2072.20172484386,2060.46172558321,2526.6961435175,3246.36828928349
"216",2279.96108020945,2328.79762726128,2293.98865660979,2965.3964655564,3797.2660854072,2209.81945538769,2188.26510113568,2783.9623306459,3476.1271203391
"217",NA,NA,2492.17472136287,NA,NA,NA,NA,NA,NA
"218",2332.57576698727,2375.61324880407,2364.04734584799,3186.70151085876,4764.62125228164,2284.07190295253,2276.74255241287,3103.31654400194,4598.13282103949
"219",2522.95870470275,2569.48501898567,2548.02801169984,3131.91734363822,5842.7651664501,2464.29756168615,2447.4915417742,3020.81798913295,5542.9080833295
"220",2450.68280537154,2490.2417484785,2477.88126507084,2963.74744864399,3589.87207073562,2387.2202377885,2378.6895019348,2852.83242911575,3453.14141603497
"221",2389.6421500294,2417.02111518938,2388.85113006216,3129.58749471305,6062.88537419444,2332.41039237728,2311.7140578357,3006.77718499331,5616.8855327808
"222",2388.68405256203,2408.28810008991,2406.31996808831,2891.43794068194,4385.10663170827,2336.04371990915,2331.4666973941,2837.90806124849,4504.25908241837
"223",2381.65264341206,2408.56676187902,2390.81958634245,2768.09396635241,3316.33862687478,2323.61455655656,2308.01175367072,2679.29178938391,3214.85564883357
"224",2409.03610842709,2449.69280340541,2439.53695343004,2879.20090433924,4253.18704816179,2347.7770661429,2340.67851971879,2760.32791020326,3990.8412437519
"225",2358.76376332982,2338.90035849929,2318.7249817444,2805.33054569944,4172.46206091889,2297.36319654599,2269.41047106861,2805.00703970115,4508.38372962385
"226",2251.9743250268,2226.30496895661,2218.82655814595,2754.07477871338,3787.37856997265,2189.393870109,2170.31328948997,2825.7305465895,4269.22073691914
"227",2311.30993477106,2346.62180269473,2315.08996014802,2910.5680092475,3350.70468939608,2253.9752771904,2222.60229636165,2807.14181147947,3156.03897609354
"228",2377.0511000995,2393.43299039529,2347.16152785717,3315.21911741286,9353.41691169462,2335.69039719259,2282.51882865348,3338.98785209615,10509.9197344244
"229",2230.7703007466,2266.01782120307,2236.712357961,3520.00649632129,7132.17277019168,2168.16953380745,2145.7696278416,3486.17304658528,6592.66366312611
"230",2414.6182628831,2429.09489713477,2426.52401768393,2711.34539563907,3182.50862234548,2354.89787248446,2349.59054833651,2647.41388699482,3166.31254935322
"231",2379.48175966651,2382.53565859356,2354.15974584534,3015.38148275153,5408.23991866996,2330.02185066503,2291.07381047722,3038.43322960719,5977.91895995755
"232",2340.64287460753,2387.23962042988,2364.51088257297,2997.64468890648,4380.16834504932,2287.00128604596,2267.75915130274,2851.68041984345,3842.11139438086
"233",2357.89822379821,2442.59510685773,2377.24774583441,3529.39971416718,8417.86893011677,2295.09830050676,2248.10955247215,3377.33534345681,7955.03889536858
"234",2205.66207690183,2235.83264635626,2222.58313494211,2954.74167977118,4019.85319008809,2162.74984886065,2145.91462496189,2941.97439244431,4150.38188621726
"235",2444.37804497677,2478.47683558953,2489.8629326326,2775.82294904003,3090.17191091846,2385.18401962611,2393.78583876152,2665.50854304032,2935.04820647641
"236",2281.88193647972,2284.52939054413,2270.84926743189,2915.79448749756,3720.57165672395,2220.22647974748,2206.59767135654,2962.89373715042,3805.02238413334
"237",2456.51108858925,2491.93602157051,2479.98759621453,2865.18075346993,3415.30939668914,2394.81744427783,2387.06227705147,2737.28388821387,3190.71433927096
"238",2395.42197038295,2410.78863002524,2371.60573217984,3162.31976156175,4098.17399947475,2341.43769289592,2299.9883210083,3154.36701695614,3919.27051465892
"239",2409.25384161147,2492.69267292767,2451.89379876654,3211.77183162364,4364.35776954071,2353.47317239514,2327.13645648173,2972.99281969031,3916.65200518266
"240",2154.35764563594,2197.29334475638,2182.02850011635,3190.6043561842,2062,2096.27205364566,2095.39710692426,3004.25361694241,2003
"241",2242.30208719212,2279.21416078737,2265.41465975089,2965.79238134041,3814.70524551023,2179.28717960594,2167.44538533182,2847.72179743118,3583.8521275307
"242",2358.88904953317,2374.12473610797,2374.42391279011,2649.40420749206,3133.10369871087,2295.22937309107,2298.27373347012,2569.22772522305,3066.48435135548
"243",2202.02433626412,2278.07533791432,2258.51094155854,3222.3393533857,2110,2152.65573208284,2145.84978958749,2860.7960997511,2051
"244",2476.41684345852,2500.9040341311,2457.99021142508,3019.79703156579,5198.01857626126,2420.65061513235,2380.19439875561,2936.90104038921,5041.8430203562
"245",2398.28270944462,2418.13354741498,2409.55283191973,2782.33275329982,3417.3192927202,2338.42700344855,2333.15619021925,2699.53878722832,3327.64716946034
"246",2473.6506897552,2483.25345930335,2480.20503979156,2846.11138355332,3799.18452193738,2416.14983557364,2413.68766098477,2792.01378395742,3911.32149698224
"247",2432.51066856991,2452.51544712212,2428.15850538131,3003.7214890032,4887.8274889702,2367.58182534187,2342.52791525301,2930.01319088521,4924.79023682826
"248",2357.96093924066,2386.1738880238,2398.27691316335,2597.30768287614,2935.0682576783,2291.5709446531,2302.57180509324,2493.30932879198,2803.30453676311
"249",2347.96228258931,2378.11128246288,2366.37573025087,2940.3534335448,4169.61545280219,2278.3491817843,2270.46583997073,2832.95529024573,4018.06392849825
"250",2356.38544917697,2359.84146827029,2375.74695766246,2558.54463501616,2935.72906430685,2293.6760743272,2311.1450171826,2491.69554033622,2889.07855507806
"251",2213.81405795523,2209.60377801187,2207.15781451471,2713.58724029284,3006.33466073929,2161.6932417161,2151.42209214899,2856.25334824472,3253.7808663297
"252",2296.940354553,2355.76274459137,2321.59875835747,3152.26033540035,4117.37303539067,2230.28508293822,2207.71915106563,2921.88916474104,3657.75518862724
"253",2439.4944955968,2448.6657161232,2429.49382051135,3120.08222201255,4925.26877033274,2371.62369361352,2348.94681082502,3050.93510518167,4814.37288169548
"254",2304.2439693304,2321.77612687433,2305.31598548591,2772.88144078882,4048.29689980438,2254.43896525957,2236.30454437146,2720.79434123527,4145.97498472543
"255",2271.6979939723,2319.63527635926,2289.38815672658,3172.83894905482,3888.67824947243,2205.66716161088,2189.91833029496,2935.13174842296,3256.42118787582
"256",2266.68320123524,2232.0587449108,2216.68182299433,2911.08799686612,3135.09330829241,2214.81200906242,2180.10502855236,3113.06250378368,2737.02641148022
"257",2362.15225598898,2409.87557308503,2396.46146189743,2959.20827183939,4323.1110505077,2299.95393167977,2291.01183688655,2808.60278140768,3968.86716234419
"258",2405.39875120181,2442.57629927353,2363.07047279676,3481.57220794043,3498.38605481339,2353.3451607035,2286.30158040976,3420.96166631782,2383.18915004244
"259",2188.48839611027,2264.90233805589,2228.98991089548,3081.52713568912,3370.34426308422,2133.03506641407,2116.86566640987,2873.04621830754,3126.49298039229
"260",2357.06279705116,2377.68320380871,2366.31969094725,2803.08413421938,3544.86895263379,2303.95491182594,2292.54684095342,2735.54380684228,3557.965803147
"261",2342.35057625174,2378.82216719143,2343.90188816512,3396.13618918533,7247.65128104054,2306.73604517971,2268.82448982976,3384.62460290021,7086.6079569343
"262",2241.13546956361,2306.94445324285,2235.3393147483,3191.10577922961,3388.22521603456,2168.54798282702,2123.6802824752,2968.68799145244,3019.65575148941
"263",2428.09622384376,2443.55263299484,2440.33645400127,2905.78698819975,4182.63880772188,2369.55448467585,2367.49830696063,2827.14535000179,4061.95769546898
"264",2417.32233240814,2395.05032819613,2338.20963571928,3580.08864943643,7339.91946984263,2350.08318420741,2280.08923813355,3782.88424418731,9386.1594197272
"265",2360.61335442357,2327.23531501984,2312.57089989658,2657.21408486688,3687.01400129522,2301.16535152639,2276.36357491832,2686.52325169415,4326.19573269151
"266",2403.93501358613,2431.54615762886,2423.96467419199,2866.41795919785,3863.2078840404,2316.84369171488,2315.9274739416,2738.30944935872,3687.7171055522
"267",2425.61250268079,2442.08328082737,2437.75053596391,3011.39408100464,4162.4142148245,2370.01343784737,2363.82213454148,2979.70883258672,4274.42726234288
"268",2391.25775474438,2451.85619829618,2350.66980447334,3628.48541070329,2071,2319.233515266,2244.40242829869,3487.55699722977,2010
"269",2322.81716280308,2251.59797502377,2232.90500577814,2734.5165352192,3757.46563698072,2279.6186123608,2236.48859586292,2919.089473749,4817.67935021374
"270",2164.86583108397,2297.03499041024,2229.0513240478,3253.55423297288,3651.41156873321,2107.22928108426,2077.69414823195,2861.38516358456,3221.27651669634
"271",2252.77558914161,2308.77672562893,2270.61062525048,3032.7857308777,6078.09986607622,2198.93213575428,2174.13811203148,2871.44655908808,5435.06506043619
"272",2315.12749982769,2348.96330364229,2332.57916353826,3263.26869445476,6577.556481053,2251.03740802739,2241.87380737583,3122.64513444857,5982.94051777917
"273",2381.29803032829,2449.46451797985,2401.95205504234,3428.71674361618,8561.31597409467,2304.1653728102,2274.8263896655,3226.34222215854,7688.45572577868
"274",2369.27518916297,2417.29158933081,2369.73809886086,3793.32122825823,7171.27505121445,2303.74111981633,2271.08800577799,3588.22625037043,6501.75455340188
"275",2321.13320891084,2351.37649880629,2330.94302086247,3371.34317070412,8085.23564314228,2261.0459654631,2244.49049844455,3286.44734314697,7902.19630376245
"276",2253.86316666209,2294.60862535802,2259.3365010348,2986.07237297727,3100.49471505838,2199.05585741956,2166.64294808115,2904.64784558851,2748.18271155466
"277",2224.74083168853,2247.60987508397,2228.35762255005,3046.47452393149,4883.16708558382,2175.34775717544,2157.25340526871,2968.35286730748,4677.24125377442
"278",2461.02717178861,2464.33982870489,2456.52769865687,2801.94248654905,3280.29967597585,2399.1016376768,2400.6181685666,2735.15049305654,3250.89577132126
"279",2431.11730411712,2453.7548976663,2445.9636889312,3033.14345365221,5061.35108092857,2373.08528757976,2362.08316074134,3002.1364240561,5420.6967201391
"280",2426.27326367656,2464.82382047048,2413.99559467666,3188.9018591281,5206.63224767104,2365.38481395249,2321.79953956709,3080.07937354914,4965.17357730362
"281",2375.43614748746,2417.79197055912,2384.88376581658,2964.51471915305,3848.67353431265,2313.84985788675,2287.30896539114,2840.88980044054,3666.5863382591
"282",2370.79523438585,2427.65967068072,2400.81446548896,2870.27382855299,4011.30607825809,2310.66717464295,2285.47282484562,2746.75045016293,3736.95128977887
"283",2196.72443038623,2225.26359769314,2193.73454965544,2850.13828741781,3443.11229120991,2131.28020795592,2103.81060774012,2813.11607751146,3260.70583963361
"284",2387.39155500304,2427.8799023638,2410.40877187406,3049.33209645571,5025.40156319921,2336.06083215857,2321.94771499729,2946.85272489813,4906.6800180988
"285",2394.49692693691,2401.53578190012,2375.7669166389,3077.43295081333,4667.57930222175,2336.23033355317,2304.99258728776,3037.77515086008,4844.16525585652
"286",2430.30442864959,2501.97601574251,2438.00527843192,3430.46490035044,7943.70634514135,2366.22922502023,2319.42224277361,3221.50599360356,6933.05485268
"287",2225.72193510615,2207.51207637949,2203.71351903383,2542.75290055375,3280.10334072791,2172.34015428621,2166.02499158997,2549.16408042519,3474.43879464396
"288",2344.66727055961,2333.61801045045,2322.63086258891,2902.74660136867,3424.43425631783,2289.53127112041,2275.39983315258,2930.9661188925,3534.78347220063
"289",2380.3578431043,2384.71155118054,2373.05937594729,2610.83707332947,2798.41369036666,2315.52028482218,2303.19774850886,2545.63413910531,2733.84095838076
"290",2241.57994764629,2250.91827434031,2242.52510845268,2976.78573972239,3601.71469063055,2174.27680485848,2166.42390917681,2957.66845830866,3589.77466132219
"291",2414.56814842546,2428.42741394575,2410.43874566392,3114.6213459008,5812.56579705501,2356.23009041472,2336.28775330116,3111.04651391161,6238.36256501038
"292",2417.32296968315,2452.97307565185,2452.59765073451,2631.30759449833,2789.6585466359,2361.47443893403,2361.47623370506,2529.49876810228,2677.61647687071
"293",2324.00204045937,2360.15041446342,2316.47309495724,3063.54145303979,4457.95400756664,2263.91078763967,2226.32485719526,2947.11158591555,4482.62797142
"294",2420.28574721314,2448.18035685808,2454.97918356664,2750.60223966521,3432.90413841721,2360.26875643811,2371.21277771541,2655.1802991596,3356.00456424234
"295",2372.2074858534,2397.42140012294,2386.46833284457,2832.97323615603,3955.56943780396,2300.59332487896,2297.77812579167,2708.01143240345,3591.05778311102
"296",2415.97539668791,2418.76600642045,2422.78401316573,2779.25656964887,3299.91289924977,2358.66376711021,2362.97603383484,2738.50686388861,3294.69784434256
"297",2181.23755729297,2240.90471574122,2213.21199811402,3423.28842985152,3091.02032563159,2129.59502234085,2114.39653435366,3283.50217807649,2019.3093676948
"298",2235.36205773854,2282.72912301363,2254.68353842261,3195.68633295246,3423.10606796292,2178.0213915133,2160.72133986889,3063.22342734106,2383.0004331036
"299",2350.96532206388,2390.57117744465,2366.99209461451,2928.95170382617,5247.69354672661,2283.57045062383,2261.41638695095,2822.45472425741,4976.98523281829
"300",2433.27944488498,2440.0774352545,2440.81556468918,2686.83062084026,3012.91208910412,2377.27222024503,2376.81247677881,2654.73259159885,3114.69343768279
"301",NA,NA,NA,NA,NA,NA,NA,NA,NA
"302",2290.98176028769,2274.47180725799,2256.67897035629,2915.63800262986,3546.90424241175,2227.86645523388,2203.31623654755,3040.01601728559,2180.83098815254
"303",2209.81513445783,2246.95288660318,2229.70470109279,2811.65467778757,3516.22547065801,2154.23635807244,2140.34007305295,2711.07489460108,3320.00962567282
"304",2420.68559960973,2459.63119610885,2444.73353751947,2947.08111643127,4824.26917168805,2357.21958172157,2346.57304996874,2818.9130880804,4477.74620983129
"305",2348.47163583764,2365.4740769787,2336.69267449487,2943.45308761025,4518.05308355523,2289.29007418107,2260.08946614898,2882.06405712044,4535.00961898992
"306",2313.41588482183,2290.80301787745,2238.72811891363,3120.21354911185,6139.76189275617,2250.18210184804,2188.60554127526,3162.75557564996,6516.31557895931
"307",2375.83420012198,2439.2056748631,2395.41903315115,3155.56225480406,4706.37475766078,2322.16431387863,2293.82803063409,2977.0111026489,4235.58392656308
"308",2370.11147443338,2382.73172386269,2382.44807301189,2813.23658439806,3390.49333972239,2314.81043377186,2317.07484119252,2755.84705442354,3295.91286063622
"309",2222.4638002889,2227.03468343249,2205.49504364334,2865.93005252144,3178.22008063591,2173.52289812512,2144.79812228536,2903.13764243669,3037.16448877209
"310",2297.33028637295,2299.4164024072,2292.74256437808,2984.59054132524,3731.58708003224,2235.42004997471,2220.48166107439,3083.36256224579,4006.48643844996
"311",2180.02949296813,2256.62430001384,2191.12537185268,3015.05380967112,5286.99294288994,2127.19860569065,2080.93466508,2836.16675160604,4578.55886370226
"312",2255.12077507842,2308.04053811018,2272.86708396434,3039.64780118043,6372.63138625151,2197.81825915876,2175.90605768636,2887.77652234612,5649.61136188151
"313",2582.2535667386,2609.06239058223,2538.40893686441,3169.0897224242,2098,2491.55766439375,2423.17642285881,3058.75153324808,2037
"314",2394.54412469791,2381.48361657993,2365.58246033901,2703.75548834169,3671.9427453048,2314.34415382337,2291.91055557061,2665.87666491842,3515.78633709512
"315",2349.99699885362,2299.98933797929,2288.5680462016,2832.81812369814,4120.37016691819,2280.70446477063,2252.85432731447,2930.35906764478,4814.57741832395
"316",2387.01847547868,2418.83243503459,2401.85430396144,2939.08740815502,4568.00647644147,2325.07213008066,2310.67446019656,2859.37651138507,4529.16726565315
"317",2419.33131662619,2456.54183195545,2466.50234602628,2682.50003117014,3078.772170602,2357.2656656523,2366.95282862623,2573.3455004445,2939.83992696333
"318",2287.81786944762,2336.14024678557,2316.76656281726,2969.74036439712,3906.01611109233,2222.48268463579,2209.80791863575,2825.3493385689,3524.31703176312
"319",2251.35224432208,2297.07547271372,2271.61068864721,3014.70262643053,3402.6704426124,2192.72411320242,2179.19807004622,2817.98143644569,3026.60618311677
"320",2384.81676056634,2398.93826244345,2371.03913153068,3089.298849074,5196.66977039095,2324.18239619484,2297.0192439338,3033.87451351926,5100.14659574633
"321",2231.19110170067,2218.51116693324,2202.06791955007,2863.3937565675,3581.14754774122,2168.95605920615,2151.8321286003,2871.07018506775,3215.87201629925
"322",2418.02082248577,2450.09311521075,2438.103796713,2853.49785364089,3353.55155817669,2360.71118579427,2350.80754607592,2753.1022900538,3119.64523980488
"323",2339.85707172016,2350.92074320416,2328.63253141593,2918.10763175243,4454.4711281248,2285.52533946016,2259.77572893649,2885.57552328603,4657.01463159957
"324",2459.95646854652,2461.32379461167,2453.02138783056,2946.74214513519,3836.9923964097,2389.23398355919,2374.1698291223,2904.72250615306,3918.38573290997
"325",2353.76619970296,2437.64420636177,2358.64743403426,3556.83264508129,4798.37116070685,2307.3813768086,2248.7803372392,3385.92076757024,4340.43293074459
"326",2305.73666036863,2322.74231073149,2311.93618796191,2643.4778494971,2965.68254752416,2246.19137607423,2234.60511686025,2568.44232401339,2886.02539511438
"327",2385.11339927572,2432.42985622677,2409.75273148144,3100.6861977641,4411.20132227748,2329.15189671587,2313.0580535339,2948.02976312295,3850.50553684122
"328",2436.66380025026,2502.51852495228,2493.67677245392,3052.29845040207,4490.65390186433,2379.07191827136,2375.38189099967,2885.63967287695,4039.54960179902
"329",2431.21520827025,2426.26175805163,2418.93411084481,2744.07783532581,3334.67971258739,2361.43244434864,2350.97220498974,2709.18993480528,3440.9194799175
"330",2345.96556841618,2373.12302264149,2355.79953838946,2775.11104660365,4017.15843147379,2283.48301559273,2272.15749913925,2665.43958893887,3829.01245335387
"331",2342.43248113381,2362.03196734835,2329.08088952332,2970.08581221358,4762.71814275922,2283.69513810666,2251.55883078649,2889.5343465204,4810.77024314045
"332",2340.92450477394,2360.34307624244,2357.82745217556,2580.17286498328,2995.24220297596,2281.73363826889,2281.76481619613,2498.73353643148,2909.87670393339
"333",2433.44728557982,2465.13351482874,2435.05436624906,3439.10104307043,7013.58226656395,2368.48138993894,2336.05512367882,3397.04035024803,7717.4194665805
"334",2419.49665420204,2418.96778189668,2414.11139474135,2800.60489150425,3768.41647925698,2357.38800849314,2351.78943684323,2770.58150539854,3926.76530978358
"335",2401.95454629613,2420.338799886,2412.78075682036,2789.08138992068,3866.84414293887,2346.12595921082,2338.52618154703,2710.64317624594,3828.79769469654
"336",2155.78278175985,2252.69752734733,2209.43928442854,3392.22555931909,5103.04777132988,2108.20830429655,2085.44954711263,3054.71898217633,4205.27802116399
"337",2401.39459079296,2400.56196576266,2351.44523695139,3321.25872435799,4940.07016979841,2358.45024632468,2294.942343589,3471.67326580621,5483.75991242146
"338",2373.00347702427,2410.72128902224,2403.05789456051,2667.93987200617,3047.44027145462,2317.59214983891,2313.02878932221,2565.69911466498,2898.96190535665
"339",2418.08264898653,2446.68727096655,2426.64183198157,3119.71431008687,4268.25954999562,2363.00258444574,2344.38218146043,3045.63318892703,4294.35977731561
"340",2446.56207072811,2470.90340040486,2469.95153694697,2754.79765646312,3241.69368193549,2382.61038489321,2376.31106008428,2668.12607280642,3109.53941188615
"341",2233.41914830976,2289.28202907783,2256.71764670207,2919.74158817921,3793.45163919168,2200.78497008356,2168.89323064063,2824.00805310683,3420.9368380569
"342",2286.78848325104,2335.87122201774,2255.72940457417,3006.92366516561,3819.45681630243,2233.30715792641,2157.90922829706,2917.24487955332,3521.53906057052
"343",2356.22778118993,2363.17025784385,2356.63562617913,2621.91826111947,2801.5587233754,2309.29256870335,2299.94566956476,2566.66021788078,2770.29301285554
"344",2270.87750543053,2298.27735148103,2276.50591472342,3174.67303848077,4319.26306432769,2220.4375535643,2198.01922871083,3230.40364234243,4473.70082833186
"345",2303.52471402753,2334.73450040466,2301.484209833,2868.95596512157,3274.77505349371,2236.28075049459,2209.07277262313,2776.27676894711,3109.44782000087
"346",2314.78960230189,2340.24305337726,2344.02141693677,2601.46613964633,2940.15136699148,2259.60526132719,2262.99182515241,2513.90197420822,2869.66079621973
"347",2174.50907066651,2216.5604831059,2173.7667563602,3441.07530149628,5984.95530388412,2117.34950691238,2084.27115697449,3386.97766392222,5012.35594397358
"348",2414.54657299277,2415.94300854189,2400.20677748205,2858.76652528406,3336.98657414608,2354.84799609875,2334.88196943256,2839.24682001838,3407.67403259496
"349",2397.42748880417,2438.59463234132,2431.93189265368,2856.88581561685,4589.07455444709,2337.67649427228,2333.88383791802,2737.19018579813,4298.6091117803
"350",2525.29479983399,2498.25980534789,2412.12788855444,3603.5656063132,5186.13379914955,2478.49871469243,2337.86258791233,3839.92247969598,2048
"351",2388.29964084178,2456.78050904684,2410.80380212262,3146.28420354755,3913.82797220198,2333.89984723217,2297.45000545801,3001.09091498246,3498.92031146602
"352",2434.00345334536,2448.91498805114,2444.58369523149,2943.32949292706,3722.97813647413,2377.95971591425,2373.36754234541,2889.30971218363,3690.7725684217
"353",2431.26930708743,2456.49126504489,2442.73594092027,3108.93428292699,5235.67305675425,2361.7693511951,2350.41587481627,2994.29283568201,5049.60016961191
"354",2271.68645282206,2274.88505246173,2261.90703778826,2859.83428156581,4525.34890875854,2228.81855816004,2209.73961268364,2904.61814912525,5007.2961028169
"355",2465.62213198576,2482.38354833973,2462.71131460916,3294.61282379911,7295.54577334067,2410.83153846851,2390.73936151427,3261.0484746736,7477.46375681964
"356",2401.29382147449,2402.49021708237,2402.55181149118,2732.1804072262,3314.34598407441,2342.19505564831,2341.0331898729,2695.79398002095,3398.63757628812
"357",2432.4736971317,2454.82161813383,2434.44533473019,2803.9073335196,3256.45545960356,2363.8358912288,2345.29338284986,2706.11117966547,3117.64130223961
"358",2383.21220938286,2449.69227523376,2359.44573230154,3409.03385851057,5333.2838999797,2318.9552388102,2254.99029237732,3177.68304877718,4142.14093141718
"359",2414.16191445473,2434.38463238045,2410.92287022451,2812.14925042569,3481.64488181592,2355.62390544553,2333.85444253264,2738.75395025431,3456.90892769793
"360",2498.94999549662,2452.23544296197,2450.03834210228,2835.18385725459,4321.5906249378,2436.78940140309,2429.43922758439,2891.19760945424,5343.49742448491
"361",2340.88529171092,2346.45958725665,2328.45204147941,2708.47524499018,3350.28081282237,2275.25976534117,2252.0719108261,2667.74053700226,3403.75251550388
"362",2447.90337478478,2481.48561475986,2464.80845464694,2989.02522273784,3471.19483665116,2389.39569163414,2376.61475579895,2890.24174793149,3274.65395702623
"363",2408.07630379407,2436.77339382555,2416.90945410577,3018.16458350816,5173.64563022076,2340.4475311355,2326.09162608535,2898.29743715935,4924.57590933578
"364",2342.39565126083,2402.18071129202,2367.0582713841,2981.12419916099,3694.17907543657,2293.91306570199,2268.33492719496,2824.07483803125,3430.33379337509
"365",2336.7254497318,2352.72104339387,2340.52104098035,2858.05360254311,3986.4859025126,2278.31174960859,2265.32067888321,2788.59863746654,3885.75150111209
"366",2280.88235435523,2300.59197047417,2275.93124881951,2977.06345028812,7082.25796454402,2213.73054156495,2192.95930548253,2874.29719707963,6676.72455377315
"367",2388.64656888251,2412.02150791223,2406.13269893715,3049.83635305988,5396.32972356502,2331.66669462909,2325.13000457781,2995.03070766401,5316.78771932573
"368",2407.50873989136,2432.09456990295,2444.92165409512,2650.7427092243,3067.818443873,2345.98003846371,2358.11852833398,2560.90525070579,2956.72091135966
"369",2324.0871005319,2348.12323816989,2347.76094555127,2640.53883856799,2927.29382794591,2263.70616806872,2263.60553712091,2542.83686184907,2763.6692016704
"370",2212.20729301001,2260.67968308709,2234.1820117319,3059.03835184326,5782.05208093539,2142.83923792775,2125.58991711142,2879.14147727146,5040.58021733093
"371",2311.37318476503,2344.14522526537,2342.57355002565,2851.19752958767,3173.34441295955,2258.72801773132,2256.61704209083,2721.5260147447,2966.37920491426
"372",2375.03393212106,2390.68192276272,2393.55352504735,2776.76689563877,3564.90914723414,2313.59029707924,2316.83671725298,2701.53648757987,3488.88111375458
"373",2310.62250645427,2388.30276973923,2361.81914699857,3468.99071875149,5706.89763416756,2256.03650415373,2244.36295755234,3195.4404613644,4825.40682269428
"374",2242.22667027816,2273.50013508206,2251.77723993452,2878.92391719915,3758.30709785449,2185.80454512426,2167.04092344325,2807.07808824622,3654.43373569525
"375",2407.61105098604,2512.35434457615,2397.56290252417,3237.4261765653,3971.25364427057,2339.49302007283,2269.65416114077,2980.23896596552,3580.21452170072
"376",2367.0229623388,2403.23364308595,2396.11262912032,2678.96394680624,3059.82549712658,2307.10909275664,2304.33308283291,2569.00516727331,2924.05420317187
"377",2359.85765435317,2407.14484109939,2349.87241228739,3373.04323977489,5469.84054066013,2292.42552192244,2252.34048291378,3218.83571768365,5075.49862271456
"378",2455.86814116514,2471.5566682009,2489.82364476727,2745.89998263663,3325.75597038254,2393.30295279928,2412.58414151406,2674.1566564535,3297.03088142215
"379",2405.43551162362,2458.329459047,2435.82088512661,3383.72122176484,6837.09381436241,2352.50716438152,2335.53887157374,3273.44705084514,6528.21683583992
"380",2416.16934375808,2435.03646384146,2436.81972045259,2818.28166416162,3087.24739601796,2350.79655996779,2355.66578741459,2707.24581158612,2971.43251048032
"381",2291.81267352585,2343.92758040836,2329.86415783749,3221.68199592348,5416.20210723567,2234.57620662928,2228.80592699482,3028.22746066865,4691.71839981758
"382",2255.25312349835,2314.60981958041,2283.24634597859,2989.56211821606,3921.63782194421,2196.3645299223,2178.57764669244,2790.97402662444,3458.83444246385
"383",2269.87748741602,2333.49290251007,2308.17050124783,3263.82176704619,3496.65977130088,2196.73245301235,2190.86042217214,3009.65688682546,2982.65668945543
"384",2408.02142253226,2429.88662158186,2425.65148165005,2733.16687561526,3241.7978284356,2346.67037967648,2343.37491354403,2640.11961876931,3134.15623294184
"385",2336.56428478753,2374.53162765593,2369.48065906712,2908.093944324,4397.57009099334,2280.85692761623,2278.97660830886,2802.73679494034,4145.61418898075
"386",2428.86599611879,2439.8736491611,2439.82025982796,2719.62060718857,2968.71923398693,2378.19022125876,2376.12786666789,2664.28165375702,2948.19130371515
"387",2305.78600309858,2387.76210843346,2339.77841933198,3318.59446113088,7810.10433786297,2239.77725079445,2209.44005139371,3113.59097189337,6852.36041377322
"388",2286.96838638221,2296.44407489627,2270.21041748562,3443.34991584849,8155.8200152368,2236.20437545129,2214.10680957015,3478.65993240178,8439.06551716578
"389",2436.77174425494,2474.07097801497,2448.69424635429,3084.87976190211,6095.41956560529,2370.90957089025,2350.93411029276,2971.57167589018,5639.50872147492
"390",2394.46271420231,2407.35669537252,2403.8916876178,2807.62483791597,4238.13137020385,2338.20411572269,2333.54919671832,2747.95867372486,4349.99444756285
"391",2404.36863685058,2435.59558161031,2414.03105377434,3273.02939970776,6176.95062498689,2341.24584096672,2324.47654216461,3184.35889831103,6113.69568795294
"392",2274.8546447827,2301.74724760309,2264.82174694533,2968.35218820712,4478.75476679817,2215.96638179293,2187.54256212044,2863.75168826306,4377.95683417197
"393",2392.23295324978,2413.91444400891,2422.33761841465,2738.1547766666,3781.93455975983,2330.49210487101,2340.50057946284,2656.76635178163,3745.15804776264
"394",2423.18602046286,2440.34076289547,2439.28593867311,2818.07819269022,3417.8301643316,2365.99757549652,2363.42625856122,2778.80168556676,3510.66927924647
"395",2252.95890511166,2261.63000044178,2258.31325288408,2760.37692760984,3172.20006522808,2201.93387684248,2192.94917664634,2740.92545931446,3243.63898094764
"396",2407.17359381306,2434.63666358601,2395.46600169698,2811.63183045428,3137.58135637026,2335.72751852243,2306.1573285161,2681.48346445819,2984.76826804717
"397",2402.80134468019,2423.68098200478,2426.29949435583,2620.52822979366,2792.90258243395,2340.32085376065,2341.91310917928,2535.11991264064,2697.83837103177
"398",2386.72065316306,2435.80819855347,2414.16832407877,3015.61309160748,4968.29044517695,2318.64298681951,2298.72248257022,2884.96854636074,4586.83688997749
"399",2352.36476963978,2335.84124996824,2332.21530891665,2707.55990599807,3012.81210279837,2291.044303199,2278.82684600534,2714.36495159423,3116.33542143173
"400",2377.5643936881,2410.7194078626,2398.40404063529,2796.58742445258,3361.31297703056,2324.31734886348,2315.49081653484,2684.55840608128,3204.77290509609
"401",2216.61795761642,2251.06132184774,2212.22514405008,3079.46031255377,4247.84499283186,2170.74583938422,2133.0041637975,3030.7194061854,4121.05202676806
"402",2360.04254942009,2427.21260599313,2400.5846365474,2812.8424791499,3630.69365708777,2296.64597441462,2277.00003572813,2636.73352970155,3243.38233664739
"403",2411.63565556504,2409.4356949529,2405.45811193754,2732.0433288735,3217.52479317498,2362.0661007924,2357.41711183374,2719.76785056234,3337.86889619126
"404",2183.57242456232,2227.91987061505,2184.96713148378,2859.21578617325,4588.74812982454,2133.52718898908,2100.22385616678,2743.98496738665,4198.20576275472
"405",2431.37046281794,2450.78239025847,2433.346985684,2975.42832192934,3761.48809802115,2364.51822458443,2348.65474675948,2891.68150747698,3649.69166446044
"406",2370.84239709065,2332.2640637028,2305.50239306191,2925.60185195746,2049,2296.15453112894,2258.636054505,2995.62987366667,1985
"407",2360.28610233087,2383.69315241501,2378.9728621721,2718.3934373025,3556.72511049126,2298.53371122787,2295.44991839411,2634.0299227997,3515.98819237161
"408",2354.45570532309,2280.91167358397,2278.33192624588,2560.98699505235,3040.02102678042,2300.90126097368,2284.47672809182,2674.38466725412,3472.19164789179
"409",2318.18147098791,2329.05788982332,2293.2388678621,3009.40855789589,4007.81067615542,2252.54192333203,2220.4184800853,2954.02855476152,3818.39617425829
"410",2321.16585856016,2352.26110101037,2332.6955794927,2936.52178053781,3667.38502372283,2279.70228084545,2260.73579675594,2891.62262114365,3700.86945195566
"411",2391.47970134951,2403.80419384603,2399.95138715838,2814.50193959871,3262.19743102627,2324.36468767688,2319.51594506131,2763.27301699656,3301.94614893062
"412",2401.70947331439,2427.10490454213,2380.51200828365,3044.49784956677,4623.51161649592,2333.46794964678,2294.67953524461,2954.72852847771,4561.47352974913
"413",2401.06754649285,2438.61370753983,2449.08664720745,2747.9223495833,3002.08711774202,2351.97674188449,2363.4897571429,2649.13583588399,2928.00349113468
"414",2410.07636108055,2456.34657270063,2455.66522878299,2993.39389180371,5207.69674674224,2360.27307145002,2360.0065012101,2884.04091227361,5027.01789416209
"415",2368.07064932899,2404.11870320776,2395.65362303382,2984.21484727512,3488.0890980713,2309.03070734112,2301.07753292463,2906.65653041828,3416.98881694465
"416",2431.50104372537,2466.70414275359,2476.95272009139,2720.43514252193,3123.9538862926,2366.85558102756,2376.81535027682,2598.24634121715,2946.58482007511
"417",2457.54338026681,2492.57494549552,2455.48267473761,3257.39496202007,2160,2403.41356756139,2372.34041449924,3146.13294595696,2097
"418",2210.55597647668,2248.02957962469,2247.25694466052,3117.45069675854,3312.30502313377,2158.00524086261,2160.75376907037,2954.8062025315,3047.14865820147
"419",2208.53333840039,2292.32144933902,2236.85423218961,3006.5887768858,2727.67150039792,2165.41270233367,2130.49126391678,2798.12661275336,2453.23786534341
"420",2295.79908473652,2279.75699472403,2284.30632659551,2585.5780083285,2898.8788369289,2239.65603275132,2242.67170914726,2675.55501054329,3379.03736894833
"421",2294.82780673008,2328.77650956103,2257.88138639098,3291.69461629937,4302.81215644249,2237.63762032539,2172.44642522393,3245.69738508915,3533.46435673188
"422",2355.1566421731,2366.69033245861,2347.82246321469,2949.23209424669,4119.85412044548,2293.67910320436,2274.93485379318,2880.87914273099,4071.21432708532
"423",2297.18941685965,2318.24865569434,2274.93645712881,3381.29508853205,8482.38163652399,2216.83228975383,2182.48335272677,3249.45266860923,7241.77117033893
"424",2130.76867041262,2168.97463504577,2147.27548731572,2727.04244026613,2958.80937559685,2078.98513506304,2059.96083740221,2603.55032718068,2773.64137887803
"425",2366.72857573945,2386.46594131538,2349.31799707451,2753.69790184075,3195.15241033787,2316.06620320584,2278.16631802077,2703.10779058463,3196.06130413182
"426",2345.5198773549,2376.82598439925,2329.01069119307,3073.20537259027,6211.4236434433,2282.72217569143,2239.5930111963,2993.65263363119,6127.32324165355
"427",2297.62367459446,2328.23474942142,2309.96183292802,2821.13176113094,3542.83645294004,2245.42302740652,2229.79716396578,2737.84647830218,3264.94064209724
"428",2359.78097564509,2382.75224662797,2330.89779479885,3897.61412428571,10315.8868925377,2295.59947056891,2249.66820580651,3953.63521310603,9724.23902197032
"429",2287.37266167022,2326.0027811407,2311.65293103099,2681.54117219657,2977.35799927668,2228.32055437637,2220.3000625852,2537.85102136551,2776.51135137971
"430",2279.91031552502,2294.80127618962,2286.77951263688,2995.25632773675,3235.23307982589,2226.38733284321,2217.15053236617,3034.21039997842,2832.04395670756
"431",2303.17568903717,2324.79414828146,2283.31943080806,3154.87312736349,6245.3990595214,2245.42986724049,2202.44423371223,3116.15648385429,6477.37283367934
"432",2423.69323718219,2430.8875434868,2367.52562312278,3087.33510401491,4425.0469453946,2357.40444221087,2300.32328780697,3003.40546553374,4236.03145358878
"433",2179.91630776932,2266.11503510984,2235.62815482825,3548.24209406281,7485.00359059991,2128.07982540413,2116.22994309074,3181.08242117856,5773.60660257898
"434",2371.97700897763,2410.14103974043,2380.38782616377,3229.89473761021,7077.18985264987,2321.15756841406,2293.75465294319,3143.74704263858,6950.18320225664
"435",2264.94983937635,2261.95765277692,2261.58708281513,2874.1927560623,3291.97020079863,2223.4264378161,2210.05576974949,2951.01544363543,3221.34209413165
"436",2304.82601795317,2372.66581979859,2323.09306262501,2823.18226667019,4559.58858525367,2239.87290042451,2206.10034324136,2663.40187069545,4055.42776317564
"437",2421.00293055019,2430.7932543477,2419.92420464684,2963.24977835215,3943.49543495227,2355.3438682435,2345.30443119037,2892.77315331243,3941.15188310798
"438",2301.97872969819,2335.37059704442,2311.41536147548,2988.58315079417,3459.23577402027,2238.47960023304,2214.38401522779,2865.78646904234,3134.83144883961
"439",2380.40257664237,2435.28240227931,2413.20762649695,2916.88275562036,4081.01729168385,2315.52144078936,2299.95991065998,2744.22729186469,3608.24990336372
"440",2137.64031820753,2144.03084233625,2097.66581238936,2758.36402049382,3899.31989404608,2089.89871379651,2036.19597702047,2752.07048774376,3619.20810991976
"441",2144.6902173435,2206.7525487243,2174.05565932857,2836.53251561931,3068.90016695912,2093.90273121294,2073.92457049599,2664.38590233167,2804.14117070694
"442",2395.19661958298,2407.36089940911,2380.73927951408,2993.83250530652,3659.9692760814,2340.59327266943,2312.13941057176,2950.81001709097,3456.62384487677
"443",2292.27181725483,2320.35909882943,2291.08099047268,3457.23157225379,12760.1627421373,2238.24673031928,2212.78338287886,3423.76435991295,NA
"444",2415.56563567358,2505.33801289026,2411.09190853682,3447.31082534037,3971.47388992575,2366.02540178102,2301.86219429636,3266.91912583308,3552.42014032419
"445",2344.74667819917,2403.67357316697,2389.22939814161,3014.87024958814,4211.83579158087,2293.49496891668,2285.61447397111,2870.43890085791,3817.86372703201
"446",2424.31491626451,2440.75116788499,2440.17783791132,2680.07912340175,2960.2060426828,2368.82325524551,2366.59042530587,2624.03847489215,2956.42863585531
"447",2324.1553665732,2356.0435751272,2318.38142735934,2976.71141614895,4246.06267130628,2276.24938023529,2244.21536093303,2866.43131835023,3932.3695188897
"448",2450.66882606579,2484.87026007251,2513.84825996921,2709.1277409691,3027.14522183875,2387.97105335884,2417.38483408027,2601.25268983236,2889.00937767147
"449",2206.83724651561,2234.08440693511,2217.25693415681,2698.622312645,3120.82634265783,2139.76416798216,2129.21873348687,2577.33624656809,2853.99649671472
"450",2384.24488600991,2408.73831959449,2401.09429795123,2786.45545007047,4566.34534650617,2340.33257489981,2329.3969272035,2730.43134297401,4714.72105394578
"451",2420.3132062628,2453.67159339431,2441.56938105815,2845.11878857801,3319.19099550354,2361.06719680931,2357.26895972015,2730.68299592232,3169.28563794372
"452",2393.47124374039,2406.54283052558,2390.38079965777,2829.01620335436,3893.92248414506,2334.45001781722,2316.84439808427,2771.50503449282,3872.34689635485
"453",2365.86472430422,2343.80331460826,2323.78165185198,2886.55045222427,3901.42370906779,2314.20376294023,2282.07672993511,2962.58197916746,4504.01883441766
"454",2423.87779791764,2442.7333020526,2439.24023980467,2739.74457180667,2996.0985177479,2369.29902393831,2366.42202975129,2660.41483245798,2925.25751402958
"455",2423.90056633594,2431.02379552365,2435.66782023487,2704.51720573006,3387.28717146115,2360.06907842397,2360.48921522745,2633.92386729268,3306.11726733578
"456",2370.74796055611,2390.34046207294,2380.39156748284,2885.04982285189,3956.06996367036,2317.28212732414,2302.91556020971,2852.12536450292,4016.88699988592
"457",2353.96540569664,2389.05927717315,2376.19395775868,3238.24252337507,5740.42795921872,2299.10775692603,2291.38128077375,3076.02597868733,5218.11839974819
"458",2332.91905478143,2373.63899411932,2341.9673156072,2669.10753730857,2980.62581124733,2271.22130034986,2249.50499666164,2544.80804194606,2821.83961405114
"459",2215.44428803347,2258.42239032842,2226.79153233802,3257.96517311019,4360.4402478664,2157.79587979246,2138.35185909991,3045.66631460008,3600.0528350363
"460",2336.60490375474,2389.51482501791,2388.52536586494,2804.99923648435,4477.84978627474,2269.60542790753,2271.04447997083,2656.25104965463,4094.45605099961
"461",2354.60519736076,2385.71784858199,2363.08414331973,2944.38961369248,3601.11179729762,2280.13065815326,2264.0060092155,2828.8536116232,3369.55556810573
"462",2375.2620665873,2392.07629809512,2385.78204575151,2941.31554771098,4642.27616519824,2317.59591693559,2311.35338388619,2853.97039537531,4519.4735219068
"463",2356.78071936756,2498.8660227657,2385.66324498433,3448.22464601958,6270.35187417511,2304.98173646415,2232.84437201345,3151.77353976886,5310.99009071832
"464",2448.84787610047,2556.26572871565,2394.15933553825,3436.89957924533,2588.03716793312,2393.91152425281,2268.67297245703,3334.84236209814,2046
"465",2165.56267953937,2208.20538849733,2176.38600039785,2957.89097770509,4329.57293829301,2100.42781784751,2071.50194175442,2862.40603082014,3945.81712609774
"466",2508.37869184962,2513.92633263197,2471.87547025605,3262.31138001116,6766.20339770888,2448.41338860931,2403.79529544358,3231.13822708991,6881.87608153727
"467",2403.9913863796,2466.83882446959,2450.95534394694,3120.97962092321,3713.5846808439,2342.44929342132,2334.91161414062,2904.60157567805,3359.22897844042
"468",2366.42092913643,2390.79904129605,2393.86994705405,2617.25956144181,2781.39703717174,2307.80185766722,2310.828824888,2528.47304515351,2687.45550827102
"469",2418.03082138986,2497.04362206034,2470.44500704057,3034.23042635273,4174.80221303543,2362.57900045557,2347.96219969122,2863.39338485127,3790.50929526426
"470",2369.48415608991,2400.55952516568,2381.75724512047,2992.26054579913,4107.0263755831,2316.23385549068,2298.25279540579,2907.95692270224,3947.01235461142
"471",2256.11731871237,2279.60158316539,2260.36305755774,3336.85834214251,2406.49240379546,2182.81825005156,2170.53434510481,3234.44057081544,2042
"472",2368.38195234607,2418.94822843633,2419.53454712069,2820.21705849286,4419.03645368645,2310.28427380915,2310.52197471699,2681.57727442532,4013.76808966088
"473",2377.24074404349,2400.89963600065,2385.15545056875,2978.03285393865,4528.08565115431,2324.0033899976,2308.20486660508,2936.60550815001,4596.62659186084
"474",2269.03603372389,2322.91982803213,2307.83484242715,3053.20918748366,3690.8378678794,2208.54413059076,2202.52863316469,2895.28609296661,3345.09241231922
"475",2475.51196372572,2487.61831754826,2472.42001070759,2833.78105169583,3420.86780808808,2415.41898159046,2398.24709820167,2771.24278459632,3397.06246182849
"476",2321.58018876893,2328.98856803245,2295.55750091448,3259.59703344822,6282.2003912892,2247.38078635537,2214.0656784837,3284.11451071782,6643.9140045733
"477",2310.85461943804,2338.31063058887,2304.71857218118,3005.22696895884,3178.25421289822,2251.01347527898,2222.16855462968,2944.30471708554,2067.12956207882
"478",2293.3878849616,2294.29746069609,2261.30532210976,3116.57954050819,4755.61695169833,2245.57933873033,2204.76717097552,3142.24420157535,5059.81562082317
"479",2400.48299442858,2421.17115564368,2419.37309607716,2759.15075239053,3720.19309656433,2347.68850909373,2343.98077779623,2705.21185851224,3838.93104580675
"480",2198.35270599461,2225.76573290033,2206.30552384297,2685.69448006239,3380.19271041404,2146.88669494603,2131.38159705736,2584.26467787447,3197.43835783649
"481",2372.54125051641,2384.24623113938,2376.15816388132,2866.2914341447,4302.3824618305,2314.54784925389,2303.42977882398,2827.14285585761,4377.55417444449
"482",2490.22251056523,2494.97668269543,2493.13347967698,2790.63721062847,3316.94596982456,2433.61743118224,2430.36775389295,2746.37135059081,3387.85822212132
"483",2390.20452999302,2416.62318853723,2408.75902815602,2857.1167701375,3570.32062598656,2320.03355509233,2315.89647386775,2750.29159245541,3423.61768212866
"484",2130.66050446866,2125.06359553769,2064.83117789518,2907.44626500204,1950.13011667662,2098.98547308251,2001.38320465322,2991.23950299827,1811
"485",2194.42245998302,2215.58746391194,2175.8077656683,2936.10729073159,3635.19085063286,2150.10154634906,2112.26787233499,2917.16869971895,3496.58853603878
"486",2255.51986548043,2295.23279443081,2290.77857322498,2697.56506938592,3249.6836667255,2196.71145884114,2195.70116493002,2566.97892260026,3032.52023063738
"487",2308.41291163024,2334.81741058998,2313.81957066793,2842.77907844221,3892.88196927162,2253.06959665968,2232.90974648814,2751.06986073869,3717.9052214407
"488",2312.58892753835,2314.40491753145,2316.49361933748,2584.51339937978,3400.09780948417,2264.50441025662,2262.41313448859,2551.64426667153,3553.90588522816
"489",2405.66205546229,2430.87952629876,2419.16180907432,2748.3921014922,3487.70994765738,2356.73133410399,2348.20739981203,2660.73438569095,3371.69926988812
"490",2317.77448991497,2325.15625726885,2317.12616993425,2683.26933587822,3705.11122767724,2258.69433387478,2249.42933513484,2633.52184557743,3796.77481085528
"491",2337.85386033293,2332.07084869369,2326.87555475578,2677.95762394871,3462.14298766238,2279.19401234952,2270.21605481278,2677.75438315705,3754.81523260696
"492",2444.39198355252,2474.90792085253,2433.07068361678,3078.91511561676,3796.61020128605,2407.83524899266,2354.75211880027,3071.38626357212,3640.19307338192
"493",2403.88536763199,2435.2191391447,2420.36409856765,2899.92241766386,4369.09271540514,2346.0916882222,2333.78734066364,2804.17886262582,4233.06007725407
"494",2317.81158717597,2341.87679547587,2307.35432643581,3706.15478533791,11607.7359670228,2251.80394506053,2223.7622131057,3746.59962426767,5662.72472714446
"495",2439.08086725488,2443.96638407584,2446.16561732617,2810.17436843204,3797.66707398247,2383.65936843934,2380.78661128975,2792.97950365905,4152.7931077468
"496",2379.60678623486,2395.86475272357,2404.2617485531,2660.92759253495,3177.44157719106,2319.43273386271,2330.58504245706,2572.09127172339,3049.36902860811
"497",2269.56053193398,2303.74163561954,2290.17565763259,2941.85329893,3160.95892002032,2209.10269777399,2197.98331948259,2861.52844393189,3054.87459105306
"498",2220.02431124586,2261.53140683694,2239.46233704215,3079.34505109256,4648.19185089517,2171.35787146716,2147.14175619679,3006.46678862131,4551.63432102906
"499",2357.58273467019,2358.48890131098,2359.54552978546,2641.80725297407,3203.56161415378,2309.27974226539,2305.61996267594,2633.89659465445,3416.40506823308
"500",2329.00602430709,2376.25142655282,2321.94150414734,3532.58528128527,3682.78913001632,2264.40246740317,2215.17237155801,3482.29555544423,2174.78874559904
