"","correct","wrong_link","poisson","geom","ztHurdle","Hurdlezt","ztoi"
"1",2143.49111176726,2109.47865307585,NA,NA,21535.8953221917,25376482008030280,25376482008030280
"2",1173.1079274598,1160.12034335155,NA,NA,1946.29469039599,1349.60492414018,1349.60492414018
"3",3421.70266822332,3464.78669370313,NA,NA,9237898.6412671,774103142.716294,774103142.716294
"4",3095.27266559179,3015.8933574495,NA,NA,2497761.02558394,2612.68199481631,2612.68199481631
"5",1332.10070047168,1369.17347446423,NA,NA,1705.41196144961,1131.22896092995,1131.22896092995
"6",1555.05847547915,1531.31060159311,NA,NA,874687878.946726,7139853473.16965,7139853473.16965
"7",1235.56309163071,1266.19750833882,NA,NA,1770.51241195753,1106.5911435459,1106.5911435459
"8",8367.55958554761,11544.4922359211,NA,NA,5231857758.32867,794857999406456,794857999406456
"9",1028.68876296139,1049.38495250983,NA,NA,1627.03498557255,1019.66452245682,1019.66452245682
"10",1483.04763521758,1660.28210413309,NA,NA,1635.29886442164,1125.29432889307,1125.29432889307
"11",1174.80966113631,1175.83128811712,NA,NA,1695.73743093783,1172.13547502229,1172.13547502229
"12",1161.90463939553,1165.7852298269,NA,NA,1785.37513265987,1148.88280053974,1148.88280053974
"13",5057.97346666693,5170.25693562808,NA,NA,5443.29806870581,2444589038183.12,2444589038183.12
"14",1032.0064978745,1041.94382537393,NA,NA,1405.04558907068,1017.66507915415,1017.66507915415
"15",1354.74277933108,1363.20771345522,NA,NA,4675053000.92956,1361.15383823487,1361.15383823487
"16",2021.02766956602,2108.42909156701,NA,NA,8552444.45285304,422993.485150096,422993.485150096
"17",1468.70835872299,1453.05681522608,591.728431087319,690.295536579996,2942.77268612156,1764.13456459234,1764.13456459234
"18",1050.3942425267,1067.81184845173,NA,NA,1243.38263001923,914.227443193528,914.227443193528
"19",976.81787760492,1000.46810844159,NA,NA,1892033.06963725,917.330745865456,917.330745865456
"20",1815.20880101928,1842.62708048888,NA,NA,2216666.24747944,2124.55608786463,2124.55608786463
"21",1049.40032105739,1052.77942157027,NA,NA,1529.03446440598,1071.26164189982,1071.26164189982
"22",2045.5792095775,2042.93906104478,NA,NA,4084.49019877186,2464.46543001097,2464.46543001097
"23",2208.22008967746,2199.8941694791,NA,NA,19617267.9653952,45615241.5277845,45615241.5277845
"24",1194.68836988695,1196.43541403957,NA,NA,1759.05295507984,1207.60223339304,1207.60223339304
"25",1336.98470185701,1369.07144435855,NA,NA,1717.14387567674,1133.69361744936,1133.69361744936
"26",1146.94301961272,1126.6470896882,594.710072086806,685.402361109437,1992.78955315989,1332.7647585607,1332.7647585607
"27",1594.20650647061,1571.36421107289,NA,NA,3031.53534021638,926609461.78814,926609461.78814
"28",1226.97162751162,1254.05196545316,NA,NA,1961.99476295473,1250.86973270703,1250.86973270703
"29",1717.0203969151,1678.67493326145,NA,NA,4828.22663376808,1314386376648.11,1314386376648.11
"30",1119.82931623229,1101.77115866883,NA,NA,936532.602494862,1690.70931779465,1690.70931779465
"31",952.514348249558,961.445504040207,NA,NA,3093206.07865037,975.770272867227,975.770272867227
"32",2883.81437090432,3077.32016609218,NA,NA,4548.39765363291,2491347.64152888,2491347.64152888
"33",1357.5890977229,1333.023826194,NA,NA,3410.25891051589,957877.939377173,957877.939377173
"34",1463.88113466708,1443.74128799577,NA,NA,3963.94483818677,2575.72037271378,2575.72037271378
"35",2730.90559704691,2810.43783314174,NA,NA,3382.89045193927,1621692.30091438,1621692.30091438
"36",1064.0785868853,1073.28145885006,NA,NA,1598.52802670562,1080.44536857931,1080.44536857931
"37",1140.97882356767,1146.66570249046,NA,NA,1962.0264953932,1206.09174306848,1206.09174306848
"38",1647.60525547587,1679.23948457485,NA,NA,1832.33614174653,1233.89874799799,1233.89874799799
"39",1039.18508609291,1049.31493458656,NA,NA,1539.80281659393,1060.20919821344,1060.20919821344
"40",1433.84715268722,1449.0976857288,NA,NA,2150.07223110351,1368.52946615394,1368.52946615394
"41",964.961753842605,986.048269072463,NA,NA,1228.79700712033,901.010999705342,901.010999705342
"42",1608.42413119545,1615.06692123367,NA,NA,3114.17589934113,1902.18416613573,1902.18416613573
"43",991.056226796188,1023.37169018182,NA,NA,1299.52222957172,920.385264899387,920.385264899387
"44",917.275290118201,926.723678935297,NA,NA,1190.23905770403,880.217605108995,880.217605108995
"45",1821.17405918785,1810.35882926224,NA,NA,7333265.8088622,1483495.58910305,1483495.58910305
"46",1748.0892444347,1754.6779568128,NA,NA,7318798237.25337,1913.1975491164,1913.1975491164
"47",1424.6466819796,1370.74205409161,NA,NA,3122.774250144,1319093.3731048,1319093.3731048
"48",3325.96356096799,3373.97242402387,NA,NA,3393.97683708558,1094581.95548284,1094581.95548284
"49",1136.24913080481,1200.99710280139,NA,NA,1291.00739056233,970.725709510564,970.725709510564
"50",1661.03526912556,1673.73402228341,NA,NA,2616.33658781295,1665.60075663181,1665.60075663181
"51",1022.269251424,1017.67220344526,NA,NA,2109776565.63095,1149.55933740561,1149.55933740561
"52",1207.82048492713,1230.86972761979,563.512190154069,668.270238881434,1823.01109635727,1166.69354425927,1166.69354425927
"53",3110.99438375386,3509.10961822753,NA,NA,4192.96389422006,322690354.701295,322690354.701295
"54",1111.60059343776,1118.18290380994,NA,NA,1653.78146541479,1144.37290722373,1144.37290722373
"55",1306.608160169,1306.18295222307,NA,NA,2736.89729081484,1864.16226730876,1864.16226730876
"56",1038.86466585854,1033.13317387991,NA,NA,1572.71359881679,1114.83743615237,1114.83743615237
"57",2123.1220390733,2113.9394080788,NA,NA,5571.79085361555,8944497314.28224,8944497314.28224
"58",1578.82745835258,1648.04791413129,600.076602016739,702.483313315499,2411.31408426488,1525.12715328753,1525.12715328753
"59",1547.61964954389,1551.9566072581,NA,NA,3291.3455239593,1439495784359034,1439495784359034
"60",926.394511806618,928.720161064538,NA,NA,1239.97116511713,918.786112704384,918.786112704384
"61",873.683776461511,879.157409615577,571.962728260102,666.892554660478,1130.5787021506,881.784615160936,881.784615160936
"62",1090.92132232983,1091.9198389815,NA,NA,1812.38595774912,1146.35808280934,1146.35808280934
"63",1135.10191811664,1127.8816671478,NA,NA,2263.50226437484,1993193.41235925,1993193.41235925
"64",1112.56124317312,1132.74953921113,NA,NA,1875.09755696861,1293.42355629473,1293.42355629473
"65",2359.14681278322,2395.50743503787,NA,NA,2199.11988426319,1459.94225829685,1459.94225829685
"66",1588.4957734936,1606.06640521843,NA,NA,1470718.99112955,469548716466890,469548716466890
"67",1688.39812169781,1753.42792324725,NA,NA,2751.202619261,1637.69000062973,1637.69000062973
"68",3992.51751514269,3805.99234232945,NA,NA,13057511800.5686,384730185.548518,384730185.548518
"69",1541.2142510913,1573.22939125786,NA,NA,1966352.78670233,9219307.89213162,9219307.89213162
"70",889.325515670857,898.643562133686,NA,NA,1150.42318920621,892.809010189468,892.809010189468
"71",3336.5967048566,3400.56525390413,NA,NA,6717942730.78811,2905.46387636776,2905.46387636776
"72",1299.10489776312,1292.72710656958,NA,NA,2097.53913392494,1379.54205663908,1379.54205663908
"73",1692.52623867892,1743.91791254212,NA,NA,2443.88498327026,1085421.43314895,1085421.43314895
"74",997.416109004839,998.436980553531,NA,NA,41682047.8591928,966.488097952697,966.488097952697
"75",1019.93326767174,1045.4061086295,NA,NA,1287.21138608104,916.344786002302,916.344786002302
"76",1348.20013898831,1402.04959320284,NA,NA,6683218.72381,1229.66016616996,1229.66016616996
"77",1670.87558760889,1710.8103042318,NA,NA,3221841.8962935,1743.88475734604,1743.88475734604
"78",1285.58959203076,1286.061077673,NA,NA,2176.49687347452,1437.63967475527,1437.63967475527
"79",1032.37202902037,1029.46230627108,606.142703383734,699.966262324808,1313.78771524927,975.349066498539,975.349066498539
"80",1447.64350801042,1515.01775005206,NA,NA,2449.17863456343,1445.24022005433,1445.24022005433
"81",984.222389239275,988.822210435907,NA,NA,1424.31160961221,1001.14183688052,1001.14183688052
"82",3731.7883728405,4049.2287771377,NA,NA,5776702187.81433,2822845.54805599,2822845.54805599
"83",1533.82270806498,1553.74310175229,596.431192667084,695.220271369975,2316.85685117114,1476.8724258105,1476.8724258105
"84",1362.16749899758,1375.17111207673,NA,NA,2694.65910113187,1691.28151797646,1691.28151797646
"85",1416.18770495109,1421.09924458641,NA,NA,2878.9444504956,1793.96820790471,1793.96820790471
"86",2406.566258727,2570.55690621423,NA,NA,3281.31325391862,1891.32941804288,1891.32941804288
"87",1370.1681572285,1395.92905170378,NA,NA,2330.22007195211,1454.53648037376,1454.53648037376
"88",1313.63565653908,1311.12994592175,NA,NA,6561842425.96779,2130.81642032354,2130.81642032354
"89",1064.17378940468,1087.87246421165,NA,NA,1686.3299329108,1090.31868272043,1090.31868272043
"90",1236.32946050202,1263.49529536378,NA,NA,1424.85202507573,1039.6027097983,1039.6027097983
"91",1246.49845988312,1302.19585088428,580.911588651536,672.642100421374,1946.37324654327,1166.78562092635,1166.78562092635
"92",1352.75571148887,1365.12040694005,NA,NA,2267.24360621022,1471.48268766157,1471.48268766157
"93",1837.98303819056,1909.3467474228,NA,NA,1817.19904187846,1243.06757381924,1243.06757381924
"94",1077.8221565459,1127.15298953689,NA,NA,1302.16957089204,928.501359668536,928.501359668536
"95",1623.42622628009,1669.37225741457,NA,NA,2757.55377539522,1696.42749529532,1696.42749529532
"96",1476.29190784798,1538.08699790983,NA,NA,1646.20188444782,1100.69375477347,1100.69375477347
"97",1524.13539233543,1502.92980754023,NA,NA,3508.13543007416,2023.73187292804,2023.73187292804
"98",1508.89953203632,1497.97666938747,NA,NA,14945153.191135,1260.26051436807,1260.26051436807
"99",1467.51399288531,1465.09690298387,NA,NA,2498.19752418727,1574.2606215566,1574.2606215566
"100",1577.52259726042,1645.25295523616,592.856383086377,689.880128963853,2355.84019162274,1541.89785956178,1541.89785956178
"101",1815.27278018107,1878.12995101246,NA,NA,609120382377.463,437547934431.626,437547934431.626
"102",1291.46084170437,1311.23028839659,NA,NA,2047.24533505176,1288.56857621158,1288.56857621158
"103",3362.73936246032,3185.30083100861,NA,NA,2321.4096706005,1427.82860512837,1427.82860512837
"104",1435.96922330884,1424.2197298607,NA,NA,2774.3433332792,28238364.0172736,28238364.0172736
"105",949.630781471735,950.80034868153,NA,NA,1381.8008134499,957.523484014434,957.523484014434
"106",1431.79900609685,1404.62571811443,NA,NA,1989.99897997132,1291.64194957498,1291.64194957498
"107",1649.54113105918,1615.13705849306,NA,NA,6156648.41342603,30292586236.0048,30292586236.0048
"108",2490.03393580817,2331.27970792894,NA,NA,5010035003.06841,89676268184733536,89676268184733536
"109",1095.23844201868,1124.17536386267,606.820394570233,735.989727921306,1345.37389184829,958.522423109609,958.522423109609
"110",953.606951587312,977.020127863619,NA,NA,1269.19160048453,912.246272563618,912.246272563618
"111",1311.34711218566,1268.29164683733,600.426726304478,720.124866934477,3591.86067128851,2468.06813278479,2468.06813278479
"112",1934.6265844905,1996.3670065915,597.03248728185,709.572371181338,4589.06768858831,2347.8035997692,2347.8035997692
"113",1505.11440658082,1526.18403089222,NA,NA,2158.06357995416,1324.39070927051,1324.39070927051
"114",1116.37349763689,1108.89889513515,NA,NA,1838.56733335675,2662880338.846,2662880338.846
"115",1411.36787004725,1436.43651991636,NA,NA,2346.8021047109,1433.45598753434,1433.45598753434
"116",1810.97387179599,1834.12340540031,NA,NA,2561.79912257218,1603.6806931523,1603.6806931523
"117",1402.87195533945,1395.99293832021,NA,NA,2563.03155466521,1587.10646259374,1587.10646259374
"118",1329.11765557282,1406.09363467996,582.50815224264,721.151163873955,1646.57849576147,1068.92118125752,1068.92118125752
"119",1066.01477121242,1069.49041733621,NA,NA,5692385.28320357,276077348.333472,276077348.333472
"120",1385.01656892915,1385.28839048189,NA,NA,4956244.00185402,1451.46555988304,1451.46555988304
"121",947.702490561527,938.887673614387,NA,NA,1389.06470141698,1050.90953483646,1050.90953483646
"122",1146.73211671951,1147.43850329567,NA,NA,73684733.9258266,1260.01362933617,1260.01362933617
"123",1205.03906486297,1199.72253019484,576.212641554617,677.370812023043,1550.47372581032,1118.6703951384,1118.6703951384
"124",2761.31298410484,2561.47698866778,NA,NA,1095288.7048088,668814857.691446,668814857.691446
"125",1552.56184047402,1531.23963130384,NA,NA,74413371.816481,27146863331449440,27146863331449440
"126",1146.43734072709,1133.32512005964,NA,NA,2206.52393329869,1515.25602875374,1515.25602875374
"127",2519.12617282136,2469.7097756835,NA,NA,312592798.921479,113781531.325944,113781531.325944
"128",1725.50940591399,1710.95304223448,NA,NA,3260.72194948456,436439788610410,436439788610410
"129",1845.82125350038,1907.39541894561,NA,NA,4526242045.50341,1492.66524554454,1492.66524554454
"130",1440.48770010648,1481.37223621586,585.31579787285,696.996029246335,2414.96552028375,1541.34921144057,1541.34921144057
"131",1467.43069933172,1488.2729402404,NA,NA,2299.36134386666,1430.1821137619,1430.1821137619
"132",1158.0814452788,1150.8910624617,NA,NA,2038.09146796808,1286.12996420894,1286.12996420894
"133",2404.05505271229,2402.95065703949,NA,NA,5737.96231210335,3122.63655596674,3122.63655596674
"134",1762.07796173884,1797.02267612276,NA,NA,18612227236.2658,3021.75387298066,3021.75387298066
"135",1318.1852579794,1345.18693447896,NA,NA,1148897.20355193,1274.89954052998,1274.89954052998
"136",1407.27346914304,1408.01768535077,NA,NA,2355.99821144774,1451.89889578349,1451.89889578349
"137",1169.23270299397,1180.91866486294,NA,NA,1644.52487111183,1079.5492806176,1079.5492806176
"138",1476.37408061563,1473.36726913975,NA,NA,17712481.0652301,89338702.6132565,89338702.6132565
"139",984.616550196033,983.202320337103,NA,NA,1370.46435643155,986.164188663527,986.164188663527
"140",1096.98135645108,1089.65571962362,NA,NA,1678.16868093199,1169.26466115058,1169.26466115058
"141",5505.81876427722,5513.29630986865,NA,NA,50876847172.56,385029782.246591,385029782.246591
"142",1058.75340555446,1073.73729717726,NA,NA,1528.44470326069,1052.00247994275,1052.00247994275
"143",1607.10631820078,1573.67834149516,NA,NA,1917576.30620194,261843543277602,261843543277602
"144",1453.78210537809,1451.8866305085,NA,NA,2772.71300256369,1716.18881890606,1716.18881890606
"145",1591.57746203066,1596.5362666662,602.934993572983,717.110602778923,3092.99843096642,1967.14398861056,1967.14398861056
"146",3377.05964778889,3432.4224322385,NA,NA,40945562549064.3,601511126374053,601511126374053
"147",1072.38508075096,1067.02191370451,NA,NA,8155977.47105662,5699333.8372383,5699333.8372383
"148",1035.52464299495,1055.50766012399,605.215564532337,701.810240555984,1663.40879356151,1059.55030286039,1059.55030286039
"149",930.400095965536,938.884175401157,NA,NA,1192.56279550009,915.428865622167,915.428865622167
"150",1582.63271742405,1586.44951276456,597.576648014739,700.987823982696,2542.10702545336,1635.1307912396,1635.1307912396
"151",1819.89270518506,1867.09275265619,NA,NA,2283271436.78355,40065380.9813799,40065380.9813799
"152",1406.71461187791,1416.85113818819,NA,NA,2157.46768300482,1374.0010574072,1374.0010574072
"153",916.277464924941,919.141936801021,NA,NA,1279.90363048124,928.594627691746,928.594627691746
"154",998.985299200583,1023.91555706441,NA,NA,1224.74243548977,908.200587390712,908.200587390712
"155",1036.63553759627,1049.21263608924,NA,NA,1440.61156888634,1061.82957992175,1061.82957992175
"156",1155.91926736034,1178.46558180963,NA,NA,1705.80533914136,1143.18453432514,1143.18453432514
"157",1316.14593014072,1360.70806991994,NA,NA,6959137.80967389,1144.2425502977,1144.2425502977
"158",2630.50333241196,2607.27967827345,NA,NA,5718698386.3361,2838.98458982927,2838.98458982927
"159",3661.66149877381,3548.53733448754,NA,NA,43898.8931072779,12598.9775565356,12598.9775565356
"160",1465.34500481112,1447.83680051934,NA,NA,20019335949.502,2478.67387365818,2478.67387365818
"161",1142.81484399785,1182.79935279205,NA,NA,1503.96578047944,1032.18758747238,1032.18758747238
"162",1191.30369331719,1187.74491851125,NA,NA,1990.43065088727,1266.97079955339,1266.97079955339
"163",1150.97238544002,1153.6868326527,NA,NA,1782.45156457745,1214.1113327851,1214.1113327851
"164",2531.3946617815,2765.76194980198,NA,NA,4260.70240842819,2357185.21585868,2357185.21585868
"165",1600.69952302591,1644.55996407897,577.859970024288,676.455082830885,1695.73078734002,1128.82609344667,1128.82609344667
"166",1310.18851175968,1300.27014573028,NA,NA,2812.022896254,1731.15056974646,1731.15056974646
"167",1066.78439541531,1113.64480819271,NA,NA,1193.84541556525,883.703951893281,883.703951893281
"168",2819.86775534661,2929.76637260045,NA,NA,24918949.1391139,2559.82846084395,2559.82846084395
"169",1182.43013637692,1182.59931496977,NA,NA,7251705.94464624,1213.8660851627,1213.8660851627
"170",1076.79204993204,1082.29644457786,592.247252294713,728.28389068743,2019.40901930072,1360.39651267459,1360.39651267459
"171",1873.16923122104,1930.67064100044,NA,NA,2638.43046839004,1674.80740814353,1674.80740814353
"172",882.210048470725,879.376332596312,596.814819689125,713.591432218404,1242.23415343777,904.902827153929,904.902827153929
"173",1023.3801651195,1022.3591257512,NA,NA,6184210620.7773,1038.12487239156,1038.12487239156
"174",1414.11691055037,1429.06053500549,NA,NA,3437302937.28211,1682.31657710104,1682.31657710104
"175",1150.34287756519,1161.547979576,NA,NA,1591.43202805308,1079.22302657796,1079.22302657796
"176",992.553590558847,989.775948054826,NA,NA,1479.35559559923,1026.0810972131,1026.0810972131
"177",1078.69961707438,1079.26991076533,NA,NA,1662.86906189698,1183.85275891074,1183.85275891074
"178",975.679384053526,986.339588425637,606.909474618636,701.325195231107,1329.57444371424,932.49886510412,932.49886510412
"179",1265.97636803236,1262.88260337028,NA,NA,18933971.3121288,1369.20998666458,1369.20998666458
"180",902.337868995806,901.756689655264,NA,NA,1179.99439529839,895.197906523329,895.197906523329
"181",945.068686275895,934.289098027893,NA,NA,11921582.4934724,578351482247661,578351482247661
"182",1198.78590244468,1231.2497588422,NA,NA,1439.7979989198,1008.14703494906,1008.14703494906
"183",1234.14616250021,1228.80159426421,NA,NA,2541.67691751789,1593.41139939775,1593.41139939775
"184",4267.41545921077,4535.94941969133,NA,NA,54634724047.86,5292748821009752,5292748821009752
"185",2561.62342910049,2565.67928721557,NA,NA,13584941115.8224,2299953777.2671,2299953777.2671
"186",1013.49171758247,1013.28827164663,NA,NA,1524.9590854261,1018.98159485172,1018.98159485172
"187",2151.19399420977,2109.78301121815,NA,NA,22346610.0775945,2730768.20678758,2730768.20678758
"188",1005.11956411659,1007.96554191499,NA,NA,1344.48845408837,6786940508607.85,6786940508607.85
"189",1835.13711842209,2061.98888903941,NA,NA,1775.92302058422,1182.07324582244,1182.07324582244
"190",1310.08867688689,1292.01538360502,NA,NA,2746.74656313518,1664.46927564517,1664.46927564517
"191",858.587045450965,862.051087975918,NA,NA,1136.30049529284,844.66478305801,844.66478305801
"192",1060.61736245401,1047.23322693653,NA,NA,1793.7041410724,1285.8610086005,1285.8610086005
"193",1434.53313073116,1427.98987407635,NA,NA,2602.73389296677,1541.45686339117,1541.45686339117
"194",7382.49537273758,10165.53421682,NA,NA,9543995.80464975,1357038009900.1,1357038009900.1
"195",1040.62701783658,1062.27989135753,573.22218649125,668.924542174307,1229.35758592342,937.971678169452,937.971678169452
"196",1394.06494672806,1384.15623299895,NA,NA,2797.72389490535,44084108.6256671,44084108.6256671
"197",1911.6767511509,1904.22205881575,NA,NA,3703.20253884103,2079.89524656317,2079.89524656317
"198",899.373818603485,901.936424757187,NA,NA,1290.95236898907,931.52969543498,931.52969543498
"199",1250.08570287811,1291.05436203807,NA,NA,1751.53279966469,10917177161240054,10917177161240054
"200",2254.8723931112,2200.24277425167,NA,NA,131894855857.644,3250119033365315,3250119033365315
"201",2293.40593143308,2357.17690825554,NA,NA,1100692.04975544,1686.68436686449,1686.68436686449
"202",5315.31533009979,5498.9934971031,NA,NA,3452379028.59224,14840498.0099405,14840498.0099405
"203",1684.14230309319,1866.32953528262,570.686064897199,668.780143911566,1440.78883292442,993.149011313372,993.149011313372
"204",1647.41854362552,1637.34313914198,NA,NA,4059.39878886952,2513.19500736563,2513.19500736563
"205",1354.85028888404,1371.929011017,NA,NA,1989.05463698894,1338.37583185931,1338.37583185931
"206",985.654895787647,991.568552823905,NA,NA,1301.99663183465,967.995993157124,967.995993157124
"207",2916.31526172272,3458.46642628539,NA,NA,1886.23720511966,1159.19682064752,1159.19682064752
"208",8844.61692568033,8259.01137894785,591.610800438335,705.662426382791,8769.4072975291,8929732.40788375,8929732.40788375
"209",1190.07614572847,1184.28165011513,NA,NA,2008.22045430654,1331.64032943789,1331.64032943789
"210",1205.42423683427,1219.77370634034,NA,NA,1703229.3803467,1131.86000343807,1131.86000343807
"211",2940.29999840753,2982.43830825854,NA,NA,2875.46510471756,1865.31156495143,1865.31156495143
"212",1509.42916468867,1568.01676084861,NA,NA,43502718.923712,876054568.246368,876054568.246368
"213",1274.21115100331,1335.53380973022,NA,NA,1745.5412899432,1132.52172069071,1132.52172069071
"214",2709.6144989256,2727.0706042224,NA,NA,2641.36116147496,1729.13236371818,1729.13236371818
"215",1462.9793659197,1486.47690904637,NA,NA,99381484.1058498,1649.50416748536,1649.50416748536
"216",2673.15873061477,2638.53908680235,NA,NA,2297918016.02514,32157492.8941768,32157492.8941768
"217",946.47827471732,961.310446196277,NA,NA,1173.87930508007,897.242272137682,897.242272137682
"218",1064.60204571329,1085.64734438637,601.756906494431,705.191257032467,1381.53037452998,1015.5818586867,1015.5818586867
"219",2007.64474511851,2105.18934889865,NA,NA,2201.42789497903,6083224.12048427,6083224.12048427
"220",1371.85229494064,1348.50615297217,NA,NA,450336613.338879,1264140.92460593,1264140.92460593
"221",1233.7927320931,1216.19660481886,NA,NA,2835.14843621035,374386063.955842,374386063.955842
"222",4438.08390526539,4720.28589615631,NA,NA,3874.44963998997,1009058.67649724,1009058.67649724
"223",1120.10995880902,1131.2504247862,NA,NA,1623.13609596605,1095.18395549366,1095.18395549366
"224",1068.04836063732,1068.75922128055,NA,NA,2659.82925542429,1238193.68102484,1238193.68102484
"225",1355.15332652414,1378.52389366147,NA,NA,2262.15731817801,2569373282.27267,2569373282.27267
"226",1903.53509844103,1960.10698198957,NA,NA,6186487973.40148,2644.730267309,2644.730267309
"227",1890.61429200805,1754.2036677617,599.356855156022,726.292110017746,2515.24503358595,1557.27133926211,1557.27133926211
"228",1197.59790328807,1198.11871529664,NA,NA,1791.45566560921,1184.90963146926,1184.90963146926
"229",2076.88628941217,2169.80093549757,NA,NA,293823822.512057,1630.48576054472,1630.48576054472
"230",1638.75424125052,1653.18951910392,NA,NA,2523.46134934762,1562.50499876164,1562.50499876164
"231",1396.38972200211,1390.21141142755,NA,NA,2617.60514536414,1640.32423533047,1640.32423533047
"232",1340.68765101168,1359.4714489543,NA,NA,2012.05260340126,1294.65384034855,1294.65384034855
"233",1007.72539088294,1008.06616407659,606.467852832905,722.592611365593,1302.87946164366,1005.15540790016,1005.15540790016
"234",1518.50489016735,1497.69094544228,598.814736075909,707.810479465614,3833.92622828418,2249.5935903915,2249.5935903915
"235",1299.89501762884,1322.10348613257,NA,NA,3638438.77578858,1204.02394014212,1204.02394014212
"236",1345.0283864011,1328.74000636042,NA,NA,3934521.60028855,1507.90330584968,1507.90330584968
"237",1750.60086840055,1859.60137532034,NA,NA,2680.46655187661,22041185.0691029,22041185.0691029
"238",1891.70090279237,1957.01027784262,NA,NA,5956949.8734878,1376.69184529788,1376.69184529788
"239",2155.15250036163,2204.97511094035,609.472065620558,703.633100164119,3404.14400373876,2051.1998864929,2051.1998864929
"240",2222.14684105545,2296.90079312279,NA,NA,2364.98911424941,1496.12933844393,1496.12933844393
"241",1532.87649590411,1574.34162159751,NA,NA,3630054.35398339,1504.47009112738,1504.47009112738
"242",1154.26498348246,1159.69251123615,NA,NA,1943.43090833895,1318.79400902223,1318.79400902223
"243",1709.27880460451,1802.138783955,NA,NA,6600006.2046055,1184.41190728181,1184.41190728181
"244",1889.89766563012,1866.87385622397,NA,NA,1840097.17920724,813600072.635005,813600072.635005
"245",1036.90930405773,1067.03626197728,587.237382798249,681.717944986106,1411.01146927172,1009.81332055457,1009.81332055457
"246",1134.61731129289,1143.60055814833,593.797941383327,704.014385934358,1549.96835598462,1126.75357984322,1126.75357984322
"247",1010.7835103206,1009.47057110678,NA,NA,1470.49089892832,1026.93867872392,1026.93867872392
"248",1377.08749868533,1372.17386811109,NA,NA,2183.93522164697,1412.98601470548,1412.98601470548
"249",1844.5749011143,1852.25854175152,NA,NA,2362.27286715516,1536.92775002034,1536.92775002034
"250",1539.25958154368,1549.40334314281,NA,NA,2809.40131322781,1792.84724348883,1792.84724348883
"251",2294.71937393695,2393.12594271033,NA,NA,3344.20767360724,1969.13657394469,1969.13657394469
"252",1638.86835592857,1665.00015543699,NA,NA,2057.18200079562,1330.51741146775,1330.51741146775
"253",1205.30467601772,1245.49712043505,595.312152258927,693.145198313677,1861.24532654545,1223.68947007055,1223.68947007055
"254",1001.519568507,1028.40751165052,582.311764931198,685.346432424961,1590.09542350382,1084.10393261753,1084.10393261753
"255",1538.42796811014,1564.1669990533,NA,NA,2058.15946932926,1349.50305793044,1349.50305793044
"256",1805.22689195899,1813.39758274337,NA,NA,31340399.6821695,1536.01409252917,1536.01409252917
"257",1140.71548191263,1133.6957101721,NA,NA,1630.95150945164,1159.17327222758,1159.17327222758
"258",1115.9559751217,1125.0526065416,NA,NA,1534.531479446,1075.30924604725,1075.30924604725
"259",3392.09500588147,3222.35722069157,586.767521746517,691.081602028111,17317.4398012637,128799407.752886,128799407.752886
"260",948.21030728538,967.499369854425,NA,NA,1310.5824280589,934.529721165002,934.529721165002
"261",1683.27330516944,1750.10459232317,NA,NA,2714.54192781132,1585.13092778677,1585.13092778677
"262",1125.3681259543,1110.66858273091,NA,NA,1769.23652103413,1167.26204718837,1167.26204718837
"263",1295.25730057235,1308.53566063654,NA,NA,1988.84023801146,1248.58419397114,1248.58419397114
"264",1356.19868594091,1369.86272035215,NA,NA,2447.8519851398,1477.97348475153,1477.97348475153
"265",1311.02672694948,1313.39589887055,NA,NA,2074.49161451314,1384.88585015197,1384.88585015197
"266",1220.18922954841,1229.98992844558,NA,NA,2893150.67716825,102523577467959,102523577467959
"267",1018.21926349521,1045.01646161694,NA,NA,1635.1079517701,1073.81002724689,1073.81002724689
"268",1378.55339308142,1403.34421034699,591.683549077131,704.815982356406,1795.3592483415,1234.57438157285,1234.57438157285
"269",1393.63517753443,1410.88573087355,NA,NA,34010171.7780563,1299.96833083119,1299.96833083119
"270",1570.95107890076,1627.0388056627,589.037612042571,681.512858768197,2024.75494409041,1383.26771812903,1383.26771812903
"271",976.130744427476,985.639850016132,586.569325441113,688.650300158661,1428.27764829273,1026.15204934857,1026.15204934857
"272",1051.38546633713,1045.34718122684,NA,NA,1638.91302433915,1096.56884928538,1096.56884928538
"273",1325.24198542244,1355.77577502334,560.916296789195,691.641841270791,2181.7583943543,1300.89069243405,1300.89069243405
"274",1935.78679088749,1934.01201525114,NA,NA,18780215969.4684,2801.10489873898,2801.10489873898
"275",1046.04495931866,1064.91410877838,597.191160714394,686.257584958023,1393.17479504148,1002.65715426321,1002.65715426321
"276",1740.74223516464,1800.99813101326,NA,NA,2456.73356367771,1574.96901992312,1574.96901992312
"277",920.616412706746,916.802460774518,NA,NA,1302.57338134549,950.898856737778,950.898856737778
"278",1012.72917846591,1046.79677021691,NA,NA,1184.88189619926,871.006645986313,871.006645986313
"279",1199.43025777348,1210.22569288848,NA,NA,2046.65852260467,1279.85396413393,1279.85396413393
"280",1316.65688415637,1330.81888785723,NA,NA,2338.24813541853,1440.28790207006,1440.28790207006
"281",3429.85830488205,3409.9002623389,NA,NA,5682723.34943148,3488448117.92355,3488448117.92355
"282",1448.86896019157,1545.3128975016,NA,NA,1559.27965177192,1087.00347194391,1087.00347194391
"283",5134.57850263978,5888.50164188349,NA,NA,7798083345.53087,2177.21468655363,2177.21468655363
"284",2959.03750640458,3222.47137829942,NA,NA,2241.0138810378,1406.66227166568,1406.66227166568
"285",1637.51045722208,1618.08246483564,NA,NA,3244.4333038602,1952.8357604508,1952.8357604508
"286",935.865820286314,955.27965013381,NA,NA,1184.91504485381,882.268022962281,882.268022962281
"287",1159.90347347923,1201.06578104656,NA,NA,1507.65444550115,1028.47089254136,1028.47089254136
"288",1103.5739420859,1241.74677623133,NA,NA,1331.11686886099,930.656951255243,930.656951255243
"289",1099.13289809204,1119.16560553259,NA,NA,1541.0272436346,1028.87305882027,1028.87305882027
"290",1085.47809856164,1087.65442144133,NA,NA,1711.19006211977,1157.09302766311,1157.09302766311
"291",1277.32313687592,1344.71220043123,NA,NA,1471.21859744063,1036.14619254562,1036.14619254562
"292",1495.72719712905,1528.80616090665,NA,NA,2767.59132800853,3546115602.3684,3546115602.3684
"293",1003.38058630273,1008.12114333688,NA,NA,1372.28570498674,1030.07938127183,1030.07938127183
"294",1365.95672952555,1375.51783569966,NA,NA,2117.76668114586,1391.50560866668,1391.50560866668
"295",1531.4282427815,1508.56763630808,NA,NA,2256081099.70582,1796.89088928302,1796.89088928302
"296",3844.50961619629,3834.57657814294,NA,NA,4614953.71493086,511558.838927735,511558.838927735
"297",1087.83524307631,1085.83574242438,NA,NA,1860.76120231897,1190.50149452348,1190.50149452348
"298",1643.31858232591,1671.39936345841,NA,NA,2719.62233970813,150043180.206376,150043180.206376
"299",1451.17547587373,1456.58069631702,NA,NA,2416.64644650407,1535.94143589189,1535.94143589189
"300",4644.17333060513,4385.281338392,NA,NA,11656.6991420709,22308014.3481904,22308014.3481904
"301",1383.70862777221,1454.63849780894,578.205184546421,683.88086852878,1911.25949160865,1178.20856289203,1178.20856289203
"302",1387.10327351081,1390.94102106329,NA,NA,2642.45359334954,1716491.20443243,1716491.20443243
"303",2346.78610224733,2474.29303826087,613.328140331355,718.871823409749,3221.02474421122,9639533.97114542,9639533.97114542
"304",1558.53053326017,1593.35793408864,NA,NA,2604.1847839345,1524.06789541255,1524.06789541255
"305",2908.21481664546,2914.29462971619,NA,NA,6208.19627948874,3521.86477509314,3521.86477509314
"306",1247.31123207312,1256.87163696683,NA,NA,2042.96645766008,1372.88584986532,1372.88584986532
"307",1596.88929589835,1578.58196549203,NA,NA,20667950.6309659,1864.29247884479,1864.29247884479
"308",3065.88151046938,3106.17009620768,NA,NA,18511194706.3827,235941862.438768,235941862.438768
"309",1183.0721884405,1193.71451584245,NA,NA,1805.56967612212,1210.26887674896,1210.26887674896
"310",1234.08121405493,1213.22323753677,NA,NA,6055984.32785443,1362330.22447943,1362330.22447943
"311",1547.90484311326,1546.54231655488,NA,NA,2978.0534024243,47459123.6041875,47459123.6041875
"312",1394.61871451009,1428.91283257576,NA,NA,1911.79919230409,1276.06813439481,1276.06813439481
"313",1362.54813774416,1357.76273405194,NA,NA,2060.01162240716,1300.68901918512,1300.68901918512
"314",1136.20923278199,1138.48520026072,NA,NA,1901.61308627226,1232.24199507196,1232.24199507196
"315",1507.97308149231,1516.93643398154,NA,NA,1473623594.07762,1667.22014402991,1667.22014402991
"316",1055.05438521234,1060.42063597907,NA,NA,1426.80240171747,996.958900234053,996.958900234053
"317",2263.98389216632,2301.45201361358,623.563267305729,750.50737345987,5704.77411908575,3285.32711322202,3285.32711322202
"318",1171.79964654617,1170.96751710275,589.273194368347,716.4026294137,1728.95425391072,1192.0944955096,1192.0944955096
"319",1255.65724650359,1258.2617282182,NA,NA,5659644.64128731,447726831.888249,447726831.888249
"320",1143.01060699056,1123.73453096588,570.990594474044,676.612710980073,2236.04471650446,1470.87177864547,1470.87177864547
"321",1526.9383156994,1532.20419408121,NA,NA,42946426.2142623,123188670598424,123188670598424
"322",1005.84088329416,1004.00888242105,NA,NA,1444.41087122645,1017.27267006602,1017.27267006602
"323",1540.73409891295,1539.05001829389,NA,NA,1976.35198309133,1321.12089768727,1321.12089768727
"324",1284.1213274171,1282.80104224779,NA,NA,2069.86028570655,1429.5539938989,1429.5539938989
"325",1528.31586377163,1514.46924428831,NA,NA,3116.83428942047,1881.25325027643,1881.25325027643
"326",1502.05911711486,1512.84110416701,NA,NA,3591436.98249482,11500502688481.3,11500502688481.3
"327",1388.15416301004,1377.30402051048,NA,NA,3803.20654230914,999766700.387013,999766700.387013
"328",1977.00977765983,2030.98964660635,NA,NA,217980601.334428,1964.56315420192,1964.56315420192
"329",1387.46527629771,1423.11992795396,NA,NA,1741.75578845669,1173.90539971227,1173.90539971227
"330",1762.04034037371,1794.98006001674,NA,NA,1712369.60821131,27889289.7170771,27889289.7170771
"331",1025.63687511087,1033.69475980534,NA,NA,1384.85395509779,987.276301230068,987.276301230068
"332",1295.69341416486,1290.49037396026,NA,NA,2287.9876742938,1455.47672079406,1455.47672079406
"333",1101.3674262065,1107.05993553031,NA,NA,1670.02184975858,1110.9233566681,1110.9233566681
"334",995.075560824411,984.402826732717,NA,NA,1697.8980838286,1224.42836679494,1224.42836679494
"335",939.774864381596,939.663579537787,573.528183691843,688.340170569554,1237.76516708398,933.248950602149,933.248950602149
"336",3602.10173042233,3572.71326111135,NA,NA,4086169.53708907,91710975308038.8,91710975308038.8
"337",1265.69456346202,1313.42151127212,NA,NA,1477.01383118193,1035.48812369425,1035.48812369425
"338",1433.28298834379,1479.26025047465,578.792616516827,690.216953141707,1884.47720230408,1206.39254517682,1206.39254517682
"339",1420.41036485441,1409.57554388007,NA,NA,5985476718.6103,1063115.26409202,1063115.26409202
"340",1327.82400524117,1318.14482630262,NA,NA,5420567.94077834,1471.56528010733,1471.56528010733
"341",1583.62855113892,1608.29868402047,NA,NA,3464.37407055785,962838.816683596,962838.816683596
"342",986.018520153447,986.224571947155,NA,NA,1531.12155314532,1080.23113277645,1080.23113277645
"343",966.078368114064,965.548786214558,NA,NA,1455.48360876657,1048.14639772337,1048.14639772337
"344",1733.82128565237,1759.30871950627,NA,NA,4590261.6380666,1528.44510944045,1528.44510944045
"345",1327.97894209965,1395.8499194647,NA,NA,1915.76355282244,1206.19199047646,1206.19199047646
"346",2255.34342102762,2268.92078024792,NA,NA,916269789.275452,5343535796.70003,5343535796.70003
"347",1420.73792149413,1438.42782217067,NA,NA,17620177.6946511,1649.13919445726,1649.13919445726
"348",1859.47910183762,1886.0090154137,NA,NA,2644.01649953129,260343803856815,260343803856815
"349",1600.03984434358,1595.12932988692,NA,NA,2951.6431132373,398275.157621781,398275.157621781
"350",1865.44063835662,1866.10525649003,NA,NA,4492.24054490255,1384316.8019307,1384316.8019307
"351",1206.17912552305,1242.50386308611,NA,NA,1610.20848690053,1112.49194552229,1112.49194552229
"352",2818.2685692851,2944.25236527661,NA,NA,9982210031.9679,2001.46264852014,2001.46264852014
"353",1075.57508039845,1097.19870613251,NA,NA,1499.93959441313,995.130813353926,995.130813353926
"354",1514.28995578682,1512.08171303576,NA,NA,4298434110.54449,559849021.380185,559849021.380185
"355",1191.62348394546,1196.31224426756,NA,NA,1839.54402960076,1213.20887764545,1213.20887764545
"356",2061.17071724027,2396.61896814597,NA,NA,16983843.0272879,6586223.4013892,6586223.4013892
"357",1580.20907992936,1571.94546591459,NA,NA,4061.46465227247,2431.17969945957,2431.17969945957
"358",3295.40526927861,3673.57645704223,607.23581001223,722.607323454991,3656216.01326624,1496383988.77035,1496383988.77035
"359",8787.20472632024,14404.3449075207,NA,NA,4221.06737489814,16278273.5814343,16278273.5814343
"360",1166.649154751,1155.97579626771,NA,NA,2038.8576579914,1269.14113308027,1269.14113308027
"361",1517.27774237746,1558.03289116855,576.353140421513,673.399384794859,2381.76077126345,1491.73945413116,1491.73945413116
"362",1312.95752249549,1299.65165805399,NA,NA,2434.42437635879,1532.95265155083,1532.95265155083
"363",1465.93789019098,1474.11674123983,NA,NA,27264349833.155,84490746726700.7,84490746726700.7
"364",1476.01195662185,1490.75276848807,NA,NA,2397.41323248895,1535.27445912695,1535.27445912695
"365",1311.56878822586,1288.05186626618,576.316896205306,688.615069121108,2394.36021809229,1513.58881462757,1513.58881462757
"366",1528.25049029356,1573.30138417815,NA,NA,2034.0006444255,1290.18716142862,1290.18716142862
"367",1275.46037454019,1267.48952515574,NA,NA,3844925.90908465,1324.28992148811,1324.28992148811
"368",1240.06663324706,1242.03775771466,NA,NA,2154.7495945261,1363.29320071959,1363.29320071959
"369",1124.84974121383,1148.42299314978,NA,NA,1494.89384770706,1052.19127611608,1052.19127611608
"370",1221.69036164855,1202.28835004456,NA,NA,2017.9160367658,1327.55914796769,1327.55914796769
"371",1220.80923956549,1221.22572625256,NA,NA,1801.53288159666,1208.41910274529,1208.41910274529
"372",1527.44999187356,1522.6978233523,NA,NA,49715638.0431057,134739466814675,134739466814675
"373",1615.07983049071,1645.58069354602,NA,NA,14166238.15789,1462.24651437711,1462.24651437711
"374",1418.91406140028,1396.34995392778,NA,NA,18721336133.1378,1976.83875224798,1976.83875224798
"375",944.008913291035,940.713683946958,NA,NA,1351.95521732185,998.020441137737,998.020441137737
"376",1115.37553385824,1118.8758691626,NA,NA,1807.62063060546,1200.60593736528,1200.60593736528
"377",1473.49739998977,1486.03903709633,NA,NA,2568.25921213398,1623.39446515201,1623.39446515201
"378",2305.6525219285,2411.55072243395,NA,NA,2428.44788080099,1508.41451277847,1508.41451277847
"379",860.900345318853,861.368451012745,NA,NA,1187.64480530426,858.371376253546,858.371376253546
"380",1885.32957842201,2005.00141831311,NA,NA,8785805.40694297,457272.823249541,457272.823249541
"381",1060.31774575751,1061.54060859441,NA,NA,1724.24964554022,1130.78599473454,1130.78599473454
"382",1093.1696273708,1078.48953358346,NA,NA,1671.6342820351,6977078.75161479,6977078.75161479
"383",1128.58843412023,1132.01062012899,NA,NA,2857.07299041238,1850.12253940872,1850.12253940872
"384",1232.83982121645,1259.30595104433,572.477641809662,663.829039853592,1754.47622691336,1160.83205578275,1160.83205578275
"385",1179.03531328944,1150.34004404698,NA,NA,2271.83102560546,1502.87368770252,1502.87368770252
"386",1789.15307311157,1784.99649060384,NA,NA,4736545909.72887,46089848072.2518,46089848072.2518
"387",2534.02450725593,2448.44033235514,NA,NA,9358.7761535792,571908.105297744,571908.105297744
"388",1770.7497024366,1756.822037504,NA,NA,15467021839974.6,31450544874779.6,31450544874779.6
"389",1203.58470521318,1218.53970275186,NA,NA,59980849.674569,188039406950106,188039406950106
"390",1169.74210494404,1180.48337826803,NA,NA,1687.94779052769,1191.83786623136,1191.83786623136
"391",1660.84114191583,1839.06362708986,NA,NA,2191.53433890518,1502.32481826185,1502.32481826185
"392",1957.60790229746,1905.69221261458,609.637132636267,714.801249133023,6141.34959399865,3436.39490217849,3436.39490217849
"393",1575.61021893079,1597.94251755358,NA,NA,1367006.95304913,5057678.10823826,5057678.10823826
"394",1641.13965975707,1678.30009184202,NA,NA,2394.41446448784,1471.77205682483,1471.77205682483
"395",1142.95327523883,1132.96608099456,NA,NA,1743.11834938875,1237261.6732623,1237261.6732623
"396",5795.14029112355,5664.19272629743,NA,NA,2445531.9068786,1806795.63471963,1806795.63471963
"397",1391.07867613834,1384.65437127091,NA,NA,2349.06328617992,1684414.92651081,1684414.92651081
"398",938.561668166442,935.947770464266,581.317353609837,683.40251574198,1352.88102475056,1013.74135177898,1013.74135177898
"399",1405.72409430999,1387.70961937044,NA,NA,2614.92659116235,1676.45883886698,1676.45883886698
"400",1055.74039542411,1076.6263886157,NA,NA,1639.13338555839,1116.11917746015,1116.11917746015
"401",1889.76461428188,1960.41051459152,NA,NA,2647.53584456801,1546.30226901715,1546.30226901715
"402",1037.43839692081,1046.56991576291,NA,NA,1466.65351167042,1064.68782019197,1064.68782019197
"403",2551.95895570524,2897.10877051198,NA,NA,2608.86046723808,1426.00713182797,1426.00713182797
"404",1654.40179144318,1630.55337179547,NA,NA,2196.432575448,1375.51249075135,1375.51249075135
"405",1133.77112714189,1112.16763504003,NA,NA,2908.26961392708,1740.0662986355,1740.0662986355
"406",994.809045645608,989.342120146975,NA,NA,1547.43458489077,1079.31435462355,1079.31435462355
"407",863.393090879589,858.380173039602,NA,NA,1157.60922842178,876.237002269451,876.237002269451
"408",1047.20091424688,1049.09860261746,NA,NA,1634.83179423156,1125.48269740452,1125.48269740452
"409",1257.68821298697,1278.65333865712,NA,NA,1844.49150131269,1253.93063451398,1253.93063451398
"410",1455.44632127366,1424.4193132523,NA,NA,206274367829.289,2752892909691.22,2752892909691.22
"411",1561.42613300775,1605.7233258817,564.596750182405,683.689762812286,2172.54590273144,1254.24103841309,1254.24103841309
"412",1031.29764939893,1036.37780408951,NA,NA,1637.09877964313,1095.36618398878,1095.36618398878
"413",959.142608636202,949.716796159378,NA,NA,7476144953.04247,127968824913781,127968824913781
"414",1229.21904646523,1241.02452409265,NA,NA,1911.58867372907,1148.74011356514,1148.74011356514
"415",998.016457015764,1002.91469771075,NA,NA,1634.62684793282,1052.6979669441,1052.6979669441
"416",1594.80218045628,1623.34965584616,NA,NA,172146350.614342,1393.58353179099,1393.58353179099
"417",1958.28179544304,2048.68599390688,NA,NA,1993.4974600356,13110807553.7855,13110807553.7855
"418",1036.56343306372,1045.62570973106,NA,NA,1438.91297817914,1031.03982854035,1031.03982854035
"419",980.965138553491,993.372548999722,NA,NA,1620.41676686227,1058.52664605449,1058.52664605449
"420",1771.95727003318,1796.32027546567,NA,NA,14186771.089107,109041798019682,109041798019682
"421",1483.80490017256,1496.6493768263,NA,NA,892149101.144077,14418229.2628349,14418229.2628349
"422",3018.23305125876,3046.88231440371,NA,NA,NA,1073496497509.14,1073496497509.14
"423",1265.73471200573,1273.55040661427,589.702406308743,696.483406649041,1470.85017406885,1086.9140427968,1086.9140427968
"424",1017.83423193883,1039.21052290492,NA,NA,1318.94191863445,950.40793939131,950.40793939131
"425",1398.53358089174,1395.54728331994,NA,NA,3190.23792631279,1898.4745012087,1898.4745012087
"426",2405.16142612267,2454.57975160672,NA,NA,3628.93854404333,1959.01098116795,1959.01098116795
"427",1821.63318632771,1843.5624966966,NA,NA,11685347.3129522,2174.78987720844,2174.78987720844
"428",11435.2854153363,7094.4246620366,NA,NA,3750.00544634952,728582.765356941,728582.765356941
"429",1224.73599070272,1213.40132333942,NA,NA,2403.69840181476,1546.90356502554,1546.90356502554
"430",1528.92505757313,1513.49125079681,NA,NA,3753.39028725636,2288.28671126448,2288.28671126448
"431",2111.08742544602,2141.46145342335,NA,NA,3361.80937986269,2025.12373049827,2025.12373049827
"432",987.823323556995,984.281917361588,NA,NA,1707.0031801145,1121.56162118585,1121.56162118585
"433",969.36096091843,961.991735059047,NA,NA,1541.05206735566,1102.60632289284,1102.60632289284
"434",1005.66927842097,1021.76421434675,NA,NA,1397.07467432766,941.283711343241,941.283711343241
"435",991.771084353444,1022.64296142115,NA,NA,1240.42901588134,887.177187143945,887.177187143945
"436",1067.88757334171,1082.93856429264,NA,NA,1728.24757231924,1093.14972651018,1093.14972651018
"437",1993.9819482155,2002.50679676795,NA,NA,3634.33930955587,791621.611344975,791621.611344975
"438",2017.704526645,1968.01447601737,NA,NA,1797.71228405143,3370805809.26229,3370805809.26229
"439",1606.05944737691,1636.56597082788,NA,NA,2274.91875400921,765982375.741245,765982375.741245
"440",1780.11644552928,1757.17284518253,NA,NA,13372160738.0182,507354529010181,507354529010181
"441",1215.48114786769,1227.01597503026,NA,NA,1633.8580581769,1164.09685243243,1164.09685243243
"442",1469.17791100652,1443.00382091443,600.357495644623,695.574899358833,2964.50837553679,1824.04989242419,1824.04989242419
"443",1452.35540641942,1441.82866978974,NA,NA,3259.97203990311,1840.78359269277,1840.78359269277
"444",1393.48341254997,1439.20190089498,NA,NA,1893.40287271603,1214.18755707394,1214.18755707394
"445",1032.59260066837,1041.99145326166,NA,NA,1710.89422918792,1160.25835277302,1160.25835277302
"446",1197.21652343747,1201.93453410298,NA,NA,2738647.85743057,1305.58136262392,1305.58136262392
"447",2101.41146045705,2209.76524368749,NA,NA,3165.72285201025,11443693.1800849,11443693.1800849
"448",1222.06280262529,1233.20244800172,NA,NA,1648.20164992163,1114.62908447368,1114.62908447368
"449",1173.84348340286,1212.65688139909,NA,NA,1569.75309205798,1073.36037345226,1073.36037345226
"450",1174.794950174,1181.8667458476,NA,NA,1671.12216315471,1099.33665891782,1099.33665891782
"451",1950.21552402621,1997.62802674295,NA,NA,6647884018.02002,38211859475.2583,38211859475.2583
"452",1732.41078027793,1765.34426688713,NA,NA,6175183995.91572,1545.32332081705,1545.32332081705
"453",1635.14581870873,1655.49757078464,NA,NA,2361.69533705885,1583.3199306579,1583.3199306579
"454",2964.91329160124,2898.08693204068,NA,NA,6499781118.58507,13841505.6265498,13841505.6265498
"455",3032.81287068899,3063.47390615597,NA,NA,4717.19512179304,416882524332684,416882524332684
"456",1166.23609293603,1179.8304927317,NA,NA,1868.68933842098,1271.31997680395,1271.31997680395
"457",1045.01455705063,1043.09066672018,NA,NA,1727.09379282271,1060.71348032186,1060.71348032186
"458",1130.06380718651,1146.21308492058,NA,NA,1624.41156867646,1123.13155403431,1123.13155403431
"459",1368.09800738083,1393.50754897177,NA,NA,2587.00470835958,1669.13831736765,1669.13831736765
"460",1348.99053960674,1396.93164836553,NA,NA,1941.05295054838,1201.17026655751,1201.17026655751
"461",2354.47897923152,2373.42599368765,NA,NA,3589.01698967634,839886.660871332,839886.660871332
"462",1030.17624531674,1032.48070827549,NA,NA,1653.71960607429,1081.69707922711,1081.69707922711
"463",870.652934520369,869.901527891404,NA,NA,1138.23910265289,864.264167397914,864.264167397914
"464",959.231725967021,965.100842747401,NA,NA,1288.89754137909,910.839874211152,910.839874211152
"465",1252.33471645343,1270.59379628885,NA,NA,2233.63567301492,1354.87990237744,1354.87990237744
"466",1520.15659681945,1544.18225861514,NA,NA,22184439.7092967,100350488.127315,100350488.127315
"467",2014.58632064967,1993.16570913011,NA,NA,1911033.66253004,1177896.47324851,1177896.47324851
"468",1547.63197125387,1557.49369082024,NA,NA,1519489.95953928,4303754.63496094,4303754.63496094
"469",2429.60981772023,2431.84918114011,NA,NA,1921510.87668164,72686160075532624,72686160075532624
"470",1519.58996702376,1505.78419832068,NA,NA,3438.63922536407,2051.27686560849,2051.27686560849
"471",1400.56623185156,1412.01901025696,NA,NA,2090.33682205662,1316.18403851406,1316.18403851406
"472",1116.04395256779,1138.63237430184,NA,NA,1754.27432630504,1188.32830684043,1188.32830684043
"473",5503.26389258338,10429.1539852992,587.460409406318,697.19768452052,5375.75558269172,3136.74451370557,3136.74451370557
"474",2253.98645759927,2215.82714637273,NA,NA,8878.71755502866,31123527.7883463,31123527.7883463
"475",2214.0434060765,2257.88431060135,NA,NA,2649.09995017202,1936659070.01165,1936659070.01165
"476",2169.39489576584,2121.22952825805,NA,NA,979402797668.379,44777942589668.8,44777942589668.8
"477",1954.08523117453,1957.27716374259,NA,NA,3699.357011322,4471097.74431525,4471097.74431525
"478",809.829474882695,816.572072002753,564.697695329584,665.299384744856,1073.18426423075,815.765386112856,815.765386112856
"479",1094.94319320041,1095.5824242087,NA,NA,1574.21129408528,908092.217065127,908092.217065127
"480",1594.48405485827,1599.420987667,NA,NA,16657206.6918967,177720027.265908,177720027.265908
"481",1442.79929839667,1487.12107916046,NA,NA,27669308.2612422,121126023527.295,121126023527.295
"482",1124.55764394714,1174.43551165102,NA,NA,1392.44180483608,970.145986378794,970.145986378794
"483",1321.08781563358,1323.01372843441,NA,NA,2180.54798992028,1026410.13304766,1026410.13304766
"484",2062.60429525041,2112.21560368743,NA,NA,151873008.225897,3283503151.9585,3283503151.9585
"485",1377.28311847904,1374.77028907255,NA,NA,14188738992.4661,1462.73627516704,1462.73627516704
"486",1392.5974569359,1390.92954080797,NA,NA,2307.96479240181,1329.31264802157,1329.31264802157
"487",1611.76966084142,1635.44787889711,604.514828259504,712.368372890672,1949.9761165187,1266.65134634106,1266.65134634106
"488",1653.99113635729,1649.7450476505,NA,NA,9760519673.01986,170965799.217452,170965799.217452
"489",1411.03880269134,1393.18438560421,NA,NA,39149792.8262485,12341931.0959046,12341931.0959046
"490",1191.95288607896,1239.97327108016,NA,NA,1527.89835323021,1097.04214239167,1097.04214239167
"491",924.855074946465,928.184243724374,609.081725267717,741.387024135617,1169.87709115026,924.069166939123,924.069166939123
"492",1409.92473763209,1418.99822962246,NA,NA,2210.77709931493,1383.64761059154,1383.64761059154
"493",1631.58571172953,1617.86273056507,NA,NA,3768.18691624493,2255.06079661188,2255.06079661188
"494",1313.57024686699,1314.91433654187,NA,NA,4088522.60356017,4832352.98378473,4832352.98378473
"495",1393.07385290319,1416.19039255739,587.808543859369,693.122234674034,1671.94697524537,1132.51103180297,1132.51103180297
"496",1761.57166901943,1794.38631058227,NA,NA,16871192417.5648,74276302529205.7,74276302529205.7
"497",1772.27271958838,1728.23839013673,NA,NA,2478.34551551478,2031246.01551525,2031246.01551525
"498",1183.05390330359,1206.32178063613,NA,NA,1488.07537453889,1079.41593024667,1079.41593024667
"499",1194.16891601521,1207.921458483,NA,NA,91578832.6989847,1258.58450538922,1258.58450538922
"500",969.462880967243,966.206548336724,NA,NA,1328.52497210008,1000.00653300872,1000.00653300872
