"","correct","wrong_link","geometric","ztHurdle","Hurdlezt","ztoi"
"1",1028.61812308807,1028.50778406137,1510.91612238255,1206.66663619729,1003.91306286417,1030.49457639625
"2",1067.77707047555,1068.07458472051,1622.56499511578,1350.54951502723,1042.11157233939,1076.08788168242
"3",1045.54363811847,1045.65229943248,1568.56735532618,1271.8280192646,1022.93559282581,1050.52510061888
"4",1022.16830575539,1022.15543031806,1549.33053678369,1237.15602600017,999.845171586184,1032.0109915882
"5",996.460410035564,996.631361616921,1578.83760103722,1191.61267285313,985.653136749479,1018.59496601183
"6",1018.54644426189,1019.13832771503,1540.85118619996,1222.19368756393,1005.38597945157,1030.59888598966
"7",1005.33626110987,1007.06724988726,1584.56981426618,1236.99586094919,999.304958260301,1036.60951904731
"8",994.055441928591,994.109402001135,1563.88316531039,1225.05239720855,975.45386231103,1024.54962286968
"9",1017.28761102335,1018.56738568249,1597.3806400812,1261.05268792142,994.144016848785,1039.28061715579
"10",1007.15963699848,1006.39186232016,1581.73701645453,1180.18554727067,966.307582476785,1031.8204586718
"11",1042.35365116221,1041.69644714929,1638.0280501524,1290.54682144013,1021.43645244444,1062.62938301722
"12",1080.65275842592,1080.84038506559,1611.19023714741,1332.41884505266,1048.49488403657,1084.57642896771
"13",1066.14538979856,1066.28265983851,1592.49943844042,1357.34525413359,1034.23137326952,1072.99322879542
"14",1049.17182753479,1049.15578648152,1571.53465264068,1289.72798478836,1029.78730733145,1051.39918989234
"15",1056.76931927854,1057.20855116641,1644.83457864664,1318.39301697933,1035.07858332137,1077.68922875754
"16",1019.29258955234,1019.08354396087,1574.93786124616,1204.08734032061,1002.36634216281,1038.27639371147
"17",1044.86855837412,1046.51738981458,1646.0984372559,1335.64518089679,1030.40241746355,1068.49146803791
"18",1038.44037106841,1038.05209241272,1567.40393543514,1312.37010662946,1022.65704063456,1045.84483904783
"19",1055.26670662377,1055.62481133535,1592.2239140774,1278.26275920261,1035.70105207947,1067.66361034396
"20",1060.33770192318,1060.25297004781,1641.8063446186,1315.84120930254,1039.40612012517,1072.26836802181
"21",1055.24499247733,1056.63123868152,1616.41270146195,1289.08852240845,1021.17817670543,1062.18871316172
"22",1013.46077597275,1012.51061230363,1588.64306353033,1166.58269939619,987.362866519064,1027.78958841056
"23",1038.39048772666,1039.00882994495,1579.44486943263,1266.45553955885,1022.87888545145,1052.89977712882
"24",1010.68925635677,1011.56868116989,1611.96254748575,1221.91427589609,999.267915211744,1042.22535045316
"25",1083.36192882331,1084.53278955547,1727.82038863207,1385.65210210577,1062.37377840159,1102.04022885958
"26",1048.27114007984,1047.08121564231,1613.16217453622,1304.17224287805,1019.39707572441,1057.00074795253
"27",1059.70394510168,1059.95028429022,1574.72691022423,1324.13708900535,1027.72472159112,1063.78267624047
"28",1044.27261584834,1040.73700138861,1659.42668530621,1289.56383441169,1020.738727784,1077.43935281804
"29",1011.39532509883,1011.34623949612,1545.01642911509,1196.6893308131,996.845775698827,1030.96523072841
"30",1036.20507870851,1037.11238761182,1615.03020896807,1314.71084231152,1023.32177000164,1056.44936164189
"31",1015.91515438468,1017.00646820697,1590.70430559953,1262.33697894301,1013.33301909425,1037.6227350093
"32",1000.9327903475,1001.81167420362,1533.62389994356,1200.07137821191,987.69130876558,1031.91734153608
"33",993.127921786195,993.519421643899,1534.47747836382,1185.26020924815,982.720662972325,1014.2544376522
"34",1099.45720460972,1101.55003915722,1663.16457684393,1355.8412153818,1042.08882646963,1091.1583595362
"35",1035.16830392234,1029.98752991631,1535.78223276055,1169.18724263469,991.467277362344,1030.43048071496
"36",1090.86031571955,1092.43204976381,1630.95797201786,1376.71348223463,1049.28298111312,1093.48021135012
"37",1033.86938738852,1032.45012210396,1703.04173111452,1315.16671257419,1025.27780374046,1065.83978331506
"38",1067.37953633558,1068.8359186106,1685.46223343106,1340.96611698055,1016.82013570973,1084.51537574059
"39",1051.85369592154,1052.16580679662,1609.15532298705,1372.35258025626,1029.47377573158,1066.29083109997
"40",1080.5148972674,1080.86336013399,1652.40861640067,1370.07676997421,1059.9203701748,1088.41324722412
"41",1055.72342396593,1054.15947009541,1627.85691561667,1331.05758428969,1023.80986083917,1073.5380180879
"42",1057.9945463889,1056.3815256256,1691.53920822174,1315.56180434685,1023.62561166915,1083.33161385481
"43",1064.10647831797,1065.06591504879,1574.42784398101,1330.7628359354,1031.15654281546,1065.94483367043
"44",1018.97742962463,1017.62701715823,1543.5222163838,1224.33733212777,989.367435980373,1028.84170390266
"45",1050.72291461746,1049.86580763034,1649.78304446846,1352.93022296395,1011.00695582393,1071.32458828973
"46",1082.91551233398,1082.34968362783,1691.94247992236,1369.30400697532,1047.51269402139,1093.06316328879
"47",1034.50929905606,1034.99786172739,1671.61725158999,1326.43330656724,1025.09824585058,1071.4414910175
"48",1054.45329970764,1054.2436377917,1666.52562376747,1339.62800420554,1014.8959420847,1075.47699617132
"49",1028.91442735051,1028.14614559428,1546.89627717256,1221.64345243918,1014.627812636,1041.88272795271
"50",1061.48190583677,1061.91783087489,1581.60236485655,1296.65939662133,1051.43592205489,1064.51220207019
"51",1028.40915826101,1026.34228042625,1647.9990961623,1281.02502388486,1004.57509642913,1060.99339237467
"52",1024.72889914026,1025.63225384277,1594.53274472874,1223.32658627512,1009.00731170075,1041.07630746903
"53",1019.46647440946,1021.26021452964,1729.35504917449,1312.82986272124,997.866391425297,1055.33461349789
"54",1043.3704977339,1044.30607055851,1676.81685166337,1343.32619274668,1022.01843662283,1073.329917152
"55",1033.73252517727,1033.13451927871,1571.78637292739,1291.09226497785,1018.56663103934,1050.75697394477
"56",1015.24777396794,1016.06380597621,1630.83397165244,1256.9982430685,989.382965017258,1038.93323011349
"57",1060.52633258407,1060.44527420302,1667.58975793687,1363.95710638022,1055.19005428696,1077.16371345764
"58",1006.23708244651,1006.42783494091,1554.749538547,1202.81714295569,996.893486986673,1027.47904309825
"59",1025.88237633799,1026.1829226626,1782.63858861108,1347.46395895026,1005.26803283631,1077.67870066929
"60",1027.77979696509,1028.33350354208,1645.26974036007,1268.14088319783,1007.96155479271,1051.20035884409
"61",1068.32926541621,1069.5983845156,1699.58790072014,1399.11941710683,1046.12214898944,1091.92078149044
"62",1072.01890282415,1072.4465027351,1678.46136294252,1356.57447163902,1028.04915247902,1080.74694117077
"63",1071.95428642654,1072.05756636488,1687.17642170296,1357.4795209444,1043.72005855605,1088.84489310493
"64",1049.01996475279,1049.34592977211,1557.90994996514,1244.73001142544,1025.88197804806,1055.33687157167
"65",994.789740687793,997.64985445129,1598.27869137504,2474.81858592144,983.346600999584,1029.41654205902
"66",1021.18685156973,1019.83489133818,1604.07331820017,1257.63469964003,997.327805852812,1045.24445595229
"67",1055.19596506527,1054.40322447464,1629.06284929976,1298.57211422036,1029.04984049576,1076.7051830852
"68",1019.51335504323,1019.93285864166,1614.30294413716,1193.38350309582,986.54349561975,1042.29962230181
"69",1015.99059251997,1015.88388965797,1694.93696951819,1335.95439995658,994.981106582349,1053.95508142989
"70",1059.53988828159,1058.33275457395,1600.36317354229,1287.17063343993,1027.38570783963,1065.8966826563
"71",1068.64233862159,1067.69200292743,1631.27594343161,1333.14984533702,1038.82225348387,1075.44168804521
"72",974.610553411365,972.367744279546,1604.66616450816,1141.66816408874,960.664434294064,1006.54168519835
"73",1068.73773587934,1067.45920929935,1690.28337865723,1420.07922089819,1037.25532900372,1088.4955510345
"74",1071.77577269704,1071.42621166965,1639.63207333854,1290.54910764889,1033.2456705241,1078.52729905626
"75",1054.14989604324,1054.42890882417,1586.06290371509,1279.41397237566,1029.5472934422,1066.7718359286
"76",1015.98645557036,1016.30667982923,1611.95623115276,1194.66091682152,999.283793076086,1034.29920687128
"77",1097.60828967447,1098.47138839959,1726.35402808639,1511.01546983411,1074.18340192651,1111.31833744007
"78",1025.75368815995,1025.9893093324,1591.97983546877,1264.01263743246,1022.36576682352,1048.74128661644
"79",1023.81491915747,1022.75044671653,1580.90393869166,1221.73330817549,1006.75924192341,1037.47962524031
"80",1019.90551758668,1020.39223704172,1615.26653920068,1249.38082630278,996.627729561645,1045.39693322207
"81",1005.73307808452,1005.76391407091,1567.70009895305,1197.30540036281,993.458579144845,1027.08294500869
"82",1063.82676010096,1064.17389256891,1697.13792073837,1337.92425707409,1037.18738093921,1088.68253992935
"83",1017.8741934956,1018.67542145033,1564.27678878335,1197.96569032284,997.206145752651,1034.69378508087
"84",1071.35916920061,1071.25770047672,1721.35668451881,1388.50336271773,1031.65681644466,1081.8149343377
"85",1035.18304244591,1035.74848862125,1651.18858306748,1280.25200698067,1032.07076479014,1064.62737450549
"86",1076.91834247234,1077.76111569182,1674.14621883412,1330.56198841695,1011.78073131791,1076.76653603943
"87",1024.93873871008,1024.00608505841,1580.03735939439,1262.93273428747,1003.67676003305,1041.59611001993
"88",1016.45925052942,1015.99710729936,1592.89353265272,1223.55027058354,990.5894929289,1034.60699497462
"89",1048.22576477185,1048.53788701908,1561.49831785356,1281.06487437345,1041.04510735247,1058.89768887942
"90",1058.30755689684,1059.19291936092,1631.49845654517,1257.60454245798,1010.57858143671,1065.36283198476
"91",1054.42609244932,1054.21846389606,1630.65714803124,1321.08664814231,998.949990100929,1065.26790049823
"92",1036.03916986893,1035.8870495174,1597.05900784967,1227.6136459445,999.503730678616,1045.77541185977
"93",1001.16530345734,1001.47340774228,1602.13307206329,1190.92314691074,980.218721442005,1027.78546753732
"94",1047.35288833801,1047.81852986274,1593.5328192529,1331.62988973396,1050.73415115465,1059.22437038175
"95",1047.09502782639,1043.76304030587,1664.91487385864,1323.13418449872,1005.64374851654,1070.62632534935
"96",1007.50736317094,1008.8725899915,1622.91966152578,1269.13087621081,995.052008159683,1052.93126416955
"97",1051.12620829109,1050.68690569939,1698.03574377218,1314.68424560273,1021.70419636748,1075.45804749034
"98",1017.22118907076,1018.78625946322,1612.83591592294,1225.1295963742,1003.79553501127,1046.595502484
"99",1110.44302490693,1110.66071753828,1722.73501130155,1541.54297003926,1084.72096959173,1124.52551697329
"100",1043.35565243624,1042.8390899872,1699.79999430167,1315.10949131788,1027.61154823801,1079.49473021954
"101",1008.91874933409,1008.58333668181,1549.8381174299,1277.48293737858,991.403070834435,1056.96831537521
"102",1032.98393358889,1031.78511596544,1615.17013861997,1242.34726265122,1011.28197375486,1056.20470759525
"103",1022.37508181444,1022.18338147887,1557.70598638514,1204.3478649273,1004.51256589387,1038.63566840273
"104",1062.01756330607,1060.80315034135,1707.40359711535,1336.35974948941,1001.24721080769,1083.29504287524
"105",1022.91238426669,1023.74740841412,1671.55365357954,1302.10692005802,1003.56727357683,1053.51809893301
"106",1060.01278049416,1059.4994323672,1674.17096520901,1311.61415997464,1035.96552750585,1076.67820684349
"107",1030.47491620528,1031.24153632921,1619.54939436736,1247.49698020642,1019.11457946554,1053.35396087724
"108",1014.87414454615,1015.41544507592,1592.24924097703,1246.3879260148,990.964879408679,1036.48361566146
"109",1034.0729702891,1035.59412179657,1642.77584028822,1264.58672223407,1008.85404001682,1058.90915839027
"110",1026.83199714331,1025.7961527172,1581.49997251243,1248.64891879317,1001.12808009071,1047.88976712173
"111",1046.48504989756,1043.89187985657,1721.27695981257,1292.44145779135,1005.85685199935,1068.82501450383
"112",1039.84865244215,1038.51112843417,1618.00535934245,1273.79381462198,1017.13896009544,1060.2053964605
"113",996.65479086891,995.944647792799,1506.05506662899,1245.83139177981,979.289051742126,1034.05579094699
"114",1027.60013917476,1027.11366890957,1585.46663238844,1235.31630340307,999.308337645464,1043.17460105064
"115",1035.09128723473,1034.84465850292,1559.82944977664,1240.65987404656,1013.3583159964,1046.15221139414
"116",1010.79637244645,1011.85757721837,1641.0412847805,1271.32768493347,1000.76107471601,1045.44831742837
"117",1107.31622001663,1106.95771808141,1748.62285500807,1458.41079713265,1049.80216885626,1116.77473233021
"118",1023.68654244258,1024.28697673809,1576.35325268772,1267.38731229792,1013.00344796817,1040.14387766901
"119",1016.6128893267,1017.20138672162,1600.34525663668,1181.36290232416,994.904774381739,1036.98982393359
"120",1059.54844867848,1059.94066303963,1637.2851623568,1348.90466209976,1025.58011992236,1068.16105445427
"121",1047.17669646257,1046.91196904177,1568.25955232097,1299.9260161889,1042.25458929328,1056.27633261399
"122",1077.45150795549,1077.76910743687,1619.46586524459,1392.17535794713,1052.67231355418,1083.37966255268
"123",1021.35352289273,1022.33522485938,1610.23198912047,1275.84454193588,1011.73283090482,1055.82638583123
"124",1018.42689778353,1018.14045489262,1649.81015738657,1290.24005407394,1006.87775601775,1054.96601113151
"125",1041.22087238557,1041.69150628151,1667.55631947623,1245.70121343125,1016.92354470023,1069.80164790622
"126",1012.5509649854,1011.05977044262,1633.84217292819,1294.90861741578,993.923987118789,1046.93968214912
"127",1030.74469821193,1027.97917987065,1718.44422620993,1285.04722303092,993.850334338886,1068.92125867565
"128",1052.51073290691,1054.0144187192,1609.57374586249,1268.60592918383,1019.09749792512,1050.18827908336
"129",1081.98717649895,1082.13040214693,1735.77887121663,1417.07624626703,1049.5544036512,1104.73020878708
"130",990.148091701094,991.552080188507,1546.51651537206,1165.07087289543,972.935584407251,1013.70779147941
"131",1015.71675462848,1017.05499143249,1532.18979967887,1175.63273510104,1020.75809907946,1031.33069116895
"132",1052.30718872979,1052.34559487,1628.28147976949,1368.06388818029,1028.71211161626,1073.9961438048
"133",1047.60909193109,1048.03458533143,1572.0468592878,1290.43438265296,1050.19486681002,1056.67357481902
"134",1072.96819932554,1071.11894219284,1633.12880994843,1399.50069582709,1056.36529271761,1078.70110800417
"135",1028.3785135775,1028.10419152639,1677.49640815216,1274.17154655255,1000.3736515057,1054.50276758857
"136",1058.97103989597,1058.39089859807,1641.1631232866,1291.84996740404,1038.01675327696,1066.76400090821
"137",1061.92117317325,1062.10117512519,1573.9018261216,1219.12571266113,1014.43298569369,1059.82116270781
"138",1003.95542367347,1005.24953401894,1593.33964184563,1227.16281296633,988.090527024462,1034.10069761403
"139",1021.28144466475,1021.10081551974,1609.09571072233,1216.98716294115,1003.16058121426,1045.77664014838
"140",1055.22271570316,1056.14298989158,1652.78311971585,1338.55153684771,1035.25897111178,1073.51562883779
"141",982.98260073913,982.980146225816,1554.72167628307,1182.47879725272,971.300220023619,1010.46464815793
"142",1018.18491439979,1018.98646149786,1631.52377157997,1299.25983081991,1009.32068145929,1051.13878297336
"143",1058.4380875125,1059.51701730913,1638.8975397396,1332.8495220615,1018.48041492863,1063.02549323344
"144",1082.80695138211,1082.92654036141,1668.44628620984,1374.39436498089,1036.09940094129,1087.09556090744
"145",1038.92410340165,1038.45577567787,1543.01656387645,1248.04375968563,1017.52321987963,1045.80874321917
"146",1037.13893550402,1037.32755522134,1636.15615537103,1287.2912491279,1011.21194592137,1058.12405985541
"147",1061.39304540908,1062.55507742454,1609.99977220399,1325.3955796534,1061.12872508909,1072.54868727447
"148",1067.17591492789,1067.37866883663,1635.65328050817,1316.18017953149,1034.15797034569,1073.44254195208
"149",1056.47280800089,1060.19691906528,1618.28068882243,1266.56307558052,1004.90926382555,1059.91767134114
"150",1014.80973724026,1014.92525643981,1592.26216242212,1214.25786718371,988.66349676609,1037.88267336883
"151",992.728779871508,992.211205731842,1644.9918256936,1148.11298128144,976.61712013744,1023.21452765064
"152",1034.43850038125,1035.245549492,1670.15094992174,1325.27966084339,1014.72904893803,1069.78900819939
"153",1025.71760696177,1027.1986655645,1619.21324488605,1304.27083445888,1003.21275240197,1049.66887287898
"154",1077.69367390632,1076.51948359812,1704.22948483117,1315.86812948153,1049.64020502277,1094.16667076156
"155",1004.84519805754,1006.0738275113,1621.35909374895,1243.61580020472,992.525740402019,1041.07174743157
"156",1044.73100521597,1045.3310316146,1586.31902926523,1286.55914596976,1000.33013058739,1050.97820188245
"157",1025.82430270853,1025.37599866585,1533.8607642968,1270.72517394094,1006.00736537704,1031.86467855904
"158",1048.99059384806,1047.8281176505,1617.25691208781,1247.02010252203,1019.26889163296,1060.59151391024
"159",1030.85653566337,1030.22476878164,1609.8557854648,1229.48417836625,998.886724736668,1045.06359888037
"160",1050.24906600931,1048.55640899425,1637.28054840478,1261.31912870244,1008.22802232959,1061.31796555911
"161",1024.82056536869,1025.90260148058,1539.5888188067,1244.67794897005,992.876468446957,1042.8948039395
"162",1008.19897717674,1008.2939280351,1623.09391633293,1214.32077129715,996.670585847893,1037.90603300235
"163",1042.54960045826,1040.46399507359,1555.17837532233,1265.4444898191,1017.2936522021,1046.39503473238
"164",1032.24256385913,1033.06720585861,1573.02354835568,1215.83515044926,1006.4176105281,1042.48001686467
"165",1024.73285703794,1024.86630106506,1536.81425119219,1258.57992955888,1030.84641387423,1029.99700607864
"166",1044.39498086962,1044.69012138585,1647.72648666964,1305.02801564707,1017.12111769072,1058.92346491065
"167",1032.8835686849,1033.09615201696,1580.61843693966,1200.28126207068,1012.74432336205,1048.97097148655
"168",1023.55561035189,1023.61905511148,1594.68748209318,1261.32832267608,997.990372696053,1036.32050417192
"169",1067.90584413098,1069.00238974941,1648.64816550967,1389.28788097249,1043.23610531283,1080.69009265541
"170",1058.07743471083,1058.29669019527,1625.42838123951,1263.59826534434,1017.8826203342,1062.88303608051
"171",1030.01074661283,1028.75489205631,1560.44157118124,1207.87019521502,1007.83020083864,1040.66185384037
"172",1029.40999229262,1028.47470931339,1691.88893877323,1326.50380106091,1011.9673713219,1067.71924146057
"173",1008.1665165998,1008.63439305572,1546.26502789021,1212.22912264703,1003.08880256217,1022.77158787174
"174",1050.64474376333,1052.36104231351,1565.74956136487,1272.87041192823,1002.08178638385,NA
"175",1029.79576310939,1031.14882768657,1670.25662750736,1339.8757402876,1011.76800842111,1060.30918148443
"176",1042.71310238399,1041.32708933742,1547.69302716354,1288.79667495344,1016.93420134923,1046.60973269307
"177",1050.82766961331,1051.82750409144,1733.40361969589,1361.35546339779,1035.15308689919,1080.47246609012
"178",1045.66513172766,1046.52681626168,1635.58049564758,1307.31557906705,1008.78890943845,1055.52777509934
"179",1064.26155621446,1065.42699061151,1595.12897076477,1327.17884729017,1034.72215612856,1066.58586859971
"180",1035.74620208956,1035.86829354643,1631.48415823143,1284.0970084213,1023.73363140925,1061.74201362286
"181",1058.46207152897,1056.97570233114,1682.28786565383,1280.67854011337,1012.89390467018,1074.53603826721
"182",1082.59159033367,1082.47867625934,1615.42529880816,1438.40338467139,1073.17991635445,1086.03511318544
"183",1025.17677380828,1028.18092958617,1642.02525932232,1275.33558858226,1015.96101821598,1060.02451534808
"184",1011.07381306686,1011.06121047404,1799.42017812586,1279.23176040031,987.836033690776,1046.06967207701
"185",1082.51662105249,1081.20377820267,1647.17882792437,1349.77597046095,1057.11946251224,1083.67839408787
"186",1044.55683454693,1044.40803429579,1574.67525538278,1216.11822663831,1016.65186402436,1054.43516658281
"187",1067.12806437368,1067.88750814876,1691.61893217741,1351.93821897431,1018.93398216553,1085.07276869745
"188",1032.28689109323,1033.77806268748,1597.5014807579,1262.93811095816,1019.50473021286,1053.25892275016
"189",1004.26387581137,1000.8846744619,1678.43068878693,1245.1866645188,996.461985470856,1046.83848954977
"190",1020.78477047202,1020.4069207565,1560.05822186498,1217.03653167582,1004.78622748676,1036.72746929482
"191",1033.28089786741,1033.1817190174,1581.3275161244,1214.30565384447,1006.54377194807,1042.2735725928
"192",1035.75621780923,1034.96000266747,1628.66244932109,1262.13187952838,1015.53372950516,1056.1866765693
"193",1047.41527702634,1047.92661646655,1606.25035972015,1288.33345592103,1049.29076571103,1060.77773820292
"194",1026.36750765081,1027.36594546308,1634.28953839469,1270.41592208771,1009.38127950433,1053.32804983584
"195",1067.19056365302,1067.29507692316,1602.40228487703,1356.06747298901,1048.27940557666,1072.08915680984
"196",1050.93788263494,1050.63526597734,1606.40672559526,1294.16952788234,1040.0061243754,1063.6814147729
"197",1028.50565789152,1029.1969894845,1608.85583192989,1259.73122411302,1021.41704955165,1048.82623850116
"198",1029.15823408128,1030.08866973709,1613.12847362572,1300.73516569574,1027.34936616825,1052.97533824687
"199",1037.18122874958,1037.54079529199,1726.0748258306,1298.95400117581,1014.04183396434,1070.52769352508
"200",1027.68134882571,1026.3538013686,1590.89786728154,1219.98244055948,995.400408106666,1041.90667027842
"201",1022.40389906569,1021.86747767939,1569.93868819964,1209.85048212973,997.114108189619,1040.96947934901
"202",1014.79059280294,1013.82284728283,1685.13114403664,1278.8237109475,993.408925788113,1054.30649416623
"203",1029.72705088696,1029.11729723584,1591.1432665754,1249.40782316916,1003.78560278429,1042.86635735772
"204",1031.18831816709,1033.52267648152,1670.49368618352,1319.03569989615,1022.16284941762,1070.12119055504
"205",1057.80273246139,1059.89414431029,1568.09676794621,1240.15493210676,1010.81157275458,1051.90223923663
"206",1015.73821382622,1015.13099995108,1557.89908974344,1222.30004141901,1006.49426098464,1035.68943346147
"207",1028.45292962492,1029.58507560099,1646.19779698136,1292.50860254472,1010.11449769242,1061.77722375494
"208",1070.23323206602,1069.84113227008,1683.2965071517,1368.64877428754,1019.32674869349,1084.66244998553
"209",1051.8409262842,1054.11052929148,1713.38975676241,1436.28423328835,1042.29466693997,1087.67532095972
"210",1055.04721249968,1054.91384671881,1598.30427310143,1319.13189502075,1030.23647956566,1063.71602483626
"211",1080.93508203242,1080.95140133275,1642.59139355687,1424.27900596153,1051.09050813615,1085.88224602643
"212",1070.34393836407,1069.91497492893,1715.96471683924,1314.19706495484,1022.86011048705,1092.57737447601
"213",1039.67203678419,1040.48847082737,1623.50154261252,1271.61061220688,1011.27748488579,1051.9374951845
"214",1018.0885555973,1017.72279773878,1545.12874746395,1214.02447851959,995.506502890688,1028.64711471894
"215",1047.76928252726,1050.48297323725,1662.80147881154,1260.29304983293,991.791119081525,1053.69646078984
"216",1063.34657238621,1062.87749593016,1552.33542349886,1309.39279109429,1021.86672960921,1068.49209048721
"217",1015.67485744879,1016.50238686105,1563.61628226928,1205.28136750878,993.251125267429,1028.99900907609
"218",1043.80448954427,1043.23416262819,1602.06129839526,1291.42510398824,1020.86275814206,1060.09849278888
"219",1098.77007017644,1097.57693562298,1640.50043123726,1404.75002273746,1065.35985741514,1098.78197400255
"220",1030.75073524202,1030.91861580971,1614.59428128681,1246.48061376779,1018.30517453372,1054.21020795515
"221",1032.31830877481,1033.14842769319,1586.32505057437,1206.27067444202,1003.75258820721,1041.95656020794
"222",1029.24894804893,1028.5937589779,1667.31563758532,1369.96473692032,1023.59923044782,1070.55015231883
"223",1045.10690069768,1047.12228919223,1745.3168404783,1313.6497277438,1025.43737642325,1073.54634738934
"224",997.345150553927,996.887143308971,1628.63135120308,1242.27019895588,977.611375381566,1038.82961390775
"225",1037.28697614978,1037.17978148398,1624.60095086323,1291.59147809714,1021.70806856529,1061.8483826348
"226",1050.74810234786,1050.81709650187,1681.47974454658,1328.63823359546,1001.74934525159,1067.41217535866
"227",1092.28647362947,1096.13148476402,1743.54155320997,1426.40778111368,1025.08862080786,1112.43244552233
"228",1042.28208062397,1041.91546165905,1603.94198615716,1248.40704214151,1021.38547368105,1065.48903224006
"229",990.211707054658,991.82837686,1509.58060485098,1215.64771618798,982.823333913869,1032.42977203431
"230",1056.97575066526,1058.57317407473,1609.36158149508,1276.14894065783,1031.33373106596,1067.45696083373
"231",1046.56051737777,1047.61182187559,1642.52860800849,1271.7522127966,1015.06420884282,1065.91889994919
"232",1072.29191754507,1071.33929269275,1645.50822051597,1316.59395010993,1044.503032929,1082.52621793702
"233",1028.84201764222,1029.74000530381,1578.50561044418,1217.5809430063,1006.02007225174,1044.89659460746
"234",1035.25855541364,1035.85708763075,1607.35750044805,1258.7208383375,1002.53267791914,1052.84473487384
"235",1038.54153515219,1037.49318964897,1625.67763293792,1270.93148612447,1011.65467765339,1065.02525013544
"236",1007.67103709487,1007.37243203698,1607.53173774723,1191.01007942467,980.906862329002,1031.57472051548
"237",1057.69648142325,1057.33295029384,1631.63683302153,1355.87978396026,1025.57684504863,1070.98067103591
"238",1022.8301090347,1023.51967142754,1599.35690537117,1283.54628376069,1006.93554615689,1041.2585951379
"239",1024.60540612935,1026.1417988249,1689.11235081407,1386.64711215165,999.277016786329,1066.24882758877
"240",1053.25003558115,1054.01044922005,1605.60802899483,1308.74832668648,1024.55165204331,1062.11250072465
"241",1067.80878823939,1052.27587068797,1545.09753207192,1281.28648866253,1020.67112214951,1056.87673986484
"242",1012.02795422764,1012.93722199104,1638.17765687674,1247.3058668303,1000.76380136945,1054.40500500662
"243",1036.84765498087,1036.1925606182,1601.33949817187,1238.2608402405,989.835149757161,1048.98046902138
"244",1082.20519502171,1081.92506019777,1621.42329099293,1350.10282448974,1048.31747666065,1089.33468731921
"245",1048.9723392657,1049.12138651963,1570.78203564721,1274.31438927619,1036.96584725269,1058.32684378464
"246",1044.83422377032,1045.43528444377,1612.01313072274,1277.35776694328,1014.62972627844,1058.59622955414
"247",1033.78258419053,1035.93983898122,1620.385693461,1274.13363432645,1022.52818907456,1056.42385084965
"248",1012.64158934397,1012.14881761572,1612.21661229011,1249.17361733192,989.342342955221,1033.25768727918
"249",1013.18822812075,1013.8567303321,1560.41106032337,1235.95189995977,1004.3535046553,1036.50839493806
"250",1015.9670083844,1017.01715075153,1531.80587603555,1303.5240161859,997.766445496713,1039.82037631514
"251",988.456846958042,987.922525931937,1541.50796565323,1195.84948525544,980.696135547742,1010.18494234713
"252",1036.07055804041,1035.77850872604,1601.46556745278,1229.52884036388,1010.78170812904,1052.34212395887
"253",1054.8109916584,1055.13276566021,1646.82130660127,1294.49024508585,1027.21225239827,1071.05661278926
"254",1045.66976619962,1045.68185797091,1699.7254478883,1373.19823295357,1016.02149736316,1069.97180902527
"255",1050.92286884514,1050.73802095388,1614.96854102481,1396.14286564425,1040.7980050489,1069.44387261311
"256",1012.47375560875,1014.29866502817,1634.51178145656,1260.38894309989,1003.25580027462,1049.61776807833
"257",1043.59874072857,1044.57278845194,1626.35342531983,1326.25855365781,1038.99266829702,1062.33063305244
"258",1015.54079409314,1015.20716189497,1655.92250727146,1281.45929687321,1010.1970046662,1050.26737200203
"259",1025.44890507093,1026.10867070448,1600.25683497415,1277.85837202123,998.619797089967,1046.83849295352
"260",1076.67907205012,1075.81520384362,1670.3676645255,1335.10000653754,1023.95409968222,1079.5060897491
"261",1053.62858210354,1053.51479736929,1611.19678647424,1302.31320260649,1033.24177738261,1065.45807939481
"262",1073.11305485616,1072.74640940398,1655.41852104734,1306.75578712825,1032.19983279254,1072.89729399619
"263",1042.15308239465,1042.23983716089,1625.14014156014,1264.49839939219,1029.25838099963,1059.99648578882
"264",1026.35778207602,1025.30044581706,1546.5210865477,1231.3238033987,1007.06595256393,1039.9693722525
"265",1080.35306347362,1081.2904806733,1633.88071688425,1370.87344938658,1038.85264367663,1083.2394620281
"266",987.520572400375,987.254999223708,1565.84046337124,1157.31212807169,979.817418675131,1013.4795291977
"267",1056.18510039958,1056.76840805714,1672.19936484585,1357.65607084041,1040.28060388708,1080.59387118235
"268",1043.1128124765,1041.86572046173,1690.86230601061,1407.38082535737,1025.1233267413,1074.75256156325
"269",1059.81133840388,1059.0232398906,1646.32388773895,1387.74752477371,1044.20922610664,1076.57363764337
"270",1041.09704653329,1041.40697346292,1549.44234159921,1237.30889671174,1010.59337073671,1050.11097616842
"271",1007.44558782445,1007.75511569447,1545.31089280403,1229.64083221074,1003.40385953675,1025.96460493649
"272",1016.66630171449,1016.1551732284,1721.67012669379,1286.76811929047,990.242572352611,1055.07986044106
"273",1035.11533793784,1036.72470332156,1692.33183357792,1345.51773838253,1022.41177975716,1074.70842441915
"274",1073.28071943989,1073.47105359087,1631.0924271767,1324.31610917588,1043.10307553004,1080.88279490581
"275",1054.25397795051,1053.65566654637,1639.37046460814,1322.71697248531,1028.11024075767,1068.76580921864
"276",1055.50161186792,1055.09548448106,1629.25633796974,1288.22700541532,1031.31370471603,1069.62253611064
"277",1078.46096674449,1078.83624394547,1594.02210579251,1371.65624480362,1032.70082594151,1077.94220037264
"278",1025.7195126855,1026.68794424863,1546.64872872024,1231.94264676406,1005.01844994968,1034.45702975625
"279",1030.73080474863,1030.30362097258,1596.63284986871,1230.31470221491,1009.12696197503,1046.11740150502
"280",1036.5555167079,1036.8632312427,1672.21669663534,1311.16315456254,993.00976406482,1055.67335040686
"281",1037.34220165273,1039.05960151087,1669.65869420181,1386.94763325372,1017.04488768089,1063.98231506304
"282",983.881977857197,979.642047140578,1610.7914874225,1181.22151203152,966.347970598793,1019.51741300215
"283",1032.4802315962,1031.96532397157,1606.28363089129,1331.14568232759,1008.36456362682,1052.07322844327
"284",1040.35879572495,1043.92094251909,1788.45118348807,1358.06632475947,1021.81340166983,1082.06670219409
"285",1093.62808058336,1093.7236405978,1628.33517857514,1415.57673312004,1082.35660391931,1097.75356516947
"286",1067.11669236442,1065.89706103502,1615.64785001219,1335.26056818994,1048.50247157445,1074.09853624656
"287",1040.79300922126,1041.41877530273,1678.04322018668,1308.41887813117,1004.99948945159,1062.52271088032
"288",1095.06626483092,1096.75584557938,1654.54876169035,1396.24820669762,1045.68172683428,1091.42729568583
"289",1055.84126988776,1055.4317806632,1622.54930375631,1307.31458829361,995.601821638159,1054.90081193701
"290",1069.19098281358,1068.07054268896,1623.59168702612,1242.62356920387,1009.26311573865,1072.28509387606
"291",1023.12801385844,1024.55607338241,1542.44192104141,1268.09757716252,1009.8264373834,1035.38701713444
"292",1046.79906832391,1046.64972806125,1529.48986070879,1317.09946393744,1044.51643055416,1050.3329330366
"293",1019.39978035915,1020.09915970224,1590.16036873378,1231.79389937486,1013.60186738164,1040.25946404141
"294",1085.67984412983,1083.67131658682,1648.26725179733,1316.87150733017,1016.85083646532,1083.9493265628
"295",1054.09757998954,1053.65362572827,1584.9808711668,1300.56984841277,1022.30255650567,1061.20686091961
"296",1062.97793792664,1064.08829526256,1662.28956619283,1349.33712406936,1050.11317251659,1082.65510967174
"297",1003.17497207549,1004.93390290435,1555.7376513785,1200.7407432608,993.517847668812,1028.63136622633
"298",1094.65385468302,1075.03161024836,1622.82963653822,1347.09671647014,1028.98443595648,1079.07519615454
"299",988.690005955828,989.937919987631,1602.32249004174,1216.94627915394,977.034179391545,1037.06677820215
"300",1062.13228489127,1062.46347802306,1613.23550206076,1361.23093141319,1054.12659095425,1073.93800882054
"301",1016.72825935135,1016.13095033634,1518.59442318536,1195.573446263,990.400817519588,1022.90789081066
"302",1045.30632450976,1046.00376619826,1572.15954870884,1246.28198776978,1006.49747673336,1053.198735868
"303",1009.38065166513,1012.12577443635,1578.13059149185,1262.46372800139,999.204395535267,1039.65738044184
"304",1055.82614881822,1054.2905900757,1571.22356816401,1274.86186266104,1026.90427259392,1060.67685695057
"305",1073.02477573351,1073.94308502235,1685.94987140268,1369.60721717,1035.87085995686,1084.60415519179
"306",1036.15517797414,1043.42791345193,1565.76119012199,1262.74613489161,1008.09169559629,1039.0906662361
"307",1056.14580626875,1054.98618889982,1586.67282428673,1311.51765327491,1031.47446944362,1061.38751599473
"308",1022.24667112792,1022.46915726804,1593.48749260975,1260.90033833505,1003.70875085518,1044.68480691411
"309",1035.1253470607,1034.88794453887,1582.11286456124,1225.34167336357,1017.18069549696,1047.05956805138
"310",1042.19074690335,1042.533091328,1675.415845691,1339.36094788989,1024.75439880256,1067.6764657873
"311",1053.72056710135,1053.61245309143,1566.34875899287,1281.76263207342,1029.52373849585,1057.08265267618
"312",1054.48702048157,1054.11368618416,1554.29061239888,1264.71383578944,1021.98415695353,1059.7489330758
"313",1023.63185636262,1023.23190492055,1669.57707888782,1332.62609593324,997.996599761187,1046.14016922522
"314",1023.26833279613,1023.27681664492,1595.42976447729,1239.50079998754,1007.91481354359,1052.81585854677
"315",1024.6788860063,1025.50770547234,1666.25523832286,1293.3948041817,1017.74845039279,1053.19965663416
"316",1054.27458626081,1053.84685760964,1686.29891113056,1337.0160474832,1023.58094659723,1080.08307008309
"317",1045.9219789795,1047.39947019325,1643.63815177683,1353.44291640443,1024.98358075588,1070.37883345205
"318",1041.47728194122,1042.05610850179,1621.85539589468,1293.5843681379,1012.91436514806,1056.45714185727
"319",1026.67733599306,1026.81467415379,1548.62233307172,1233.24578768062,1021.77319660654,1041.05465389827
"320",1039.34656562976,1038.77715901221,1675.31892825138,1337.11907154217,1006.41505537184,1068.28291464612
"321",1067.57654178122,1067.60978520778,1671.87189365074,1316.1964410309,1030.20169072533,1080.3738452932
"322",1061.99509604534,1061.95635107505,1613.1002897335,2464.76854386884,1019.94791843261,1066.35212555704
"323",1074.95481007798,1071.06394408399,1635.66758767173,1321.00955873042,1026.10839866959,1075.86080464345
"324",1020.42598542051,1020.53719001401,1697.78398136811,1270.65436814048,1002.20291006706,1058.16314676086
"325",1060.99794464784,1059.86890859534,1645.99393711027,1325.00585950839,1026.28501539356,1070.66002582246
"326",1029.58163745396,1029.71707945022,1529.76146846711,1200.07322378902,1006.09680041615,1033.03238160403
"327",1067.85620092969,1067.52918007428,1676.95121255712,1370.18818849115,1033.1179850241,1084.52400855601
"328",1047.46819827392,1046.86797603253,1611.32673164273,1279.64941529421,1021.81930042073,1059.64528814995
"329",1050.48159242284,1050.52905411715,1653.44888811168,1312.15236158476,1020.6324861375,1063.86358948315
"330",1038.59585817156,1039.16807830102,1605.12921383881,1298.97127106795,1037.85358054552,1051.32859237038
"331",1030.21152723257,1030.13819685781,1603.12291002212,1237.0702002196,1011.77577328196,1048.65050423353
"332",1036.38995822947,1035.63098325864,1593.427538662,1257.54959828719,1011.27310768335,1051.47111588898
"333",1067.77225080333,1065.65430052871,1649.33414359051,1339.51334881238,1028.85194979324,1075.02766476037
"334",1030.7460001669,1029.90441742151,1656.56751202186,1248.42055365675,1010.30305987973,1057.46684955276
"335",1080.35638834959,1080.61647043189,1647.44549413301,1432.33691264625,1052.4036251239,1086.72346316324
"336",1015.16030281576,1012.53668032529,1639.46481517014,1216.7274854664,986.601180527724,1031.65800576326
"337",1069.87933681876,1069.55298065837,1656.82909626645,1328.14208934122,1046.42808751707,1076.51277490122
"338",1060.37627618391,1061.3093536553,1594.92365181437,1290.58453043481,1018.42502940163,1058.41032015028
"339",1073.8010362772,1073.58553735101,1640.76223950157,1338.81235034309,1053.56477502601,1081.98207961261
"340",1001.85391281125,1004.21824877124,1513.73350766144,1201.94640010977,995.063011590369,1038.01428347441
"341",1029.29946307617,1028.83284873554,1666.42323948575,1300.64596563122,1016.21246522724,1056.41710407574
"342",1046.03895222393,1045.84985698469,1583.18644870424,1286.09562755407,1034.65728018712,1052.1151245044
"343",1065.84448402979,1065.72876569003,1605.52612344885,1307.0917426852,1049.12478259058,1072.44784015024
"344",1062.03292119298,1061.56149016353,1695.67364745961,1375.82567632668,1028.05537137478,1089.33500210094
"345",1022.67820185955,1024.79962976476,1598.18273406855,1251.94792328834,1008.74487483518,1060.19109586652
"346",1036.76917147501,1035.70662178138,1591.80260305869,1271.87862920682,1011.39758551458,1051.34013922852
"347",1024.62454168435,1025.99192925315,1666.44260217382,1291.96278902736,1016.46738169252,1053.44741673605
"348",1025.93091363085,1023.08424864458,1699.35503004119,1319.88116239033,1008.22033786057,1065.63972289345
"349",1029.81339278222,1027.01548253863,1679.00972592385,1327.96979987353,991.534769498866,1064.22057606434
"350",1030.41493671312,1032.54680274777,1602.88073344313,1326.10527905339,1011.69701595922,1068.55635546245
"351",1069.21013683963,1069.53894216341,1657.34522496985,1377.84814647045,1035.75732889366,1075.88653973644
"352",1053.68830289927,1053.42680873881,1619.06082216263,1263.54884269101,1018.19553968588,1066.91367395954
"353",1028.18601094212,1027.83512586301,1567.47780688289,1223.21345745169,1012.38767005549,1039.3623210389
"354",1016.73706251951,1016.16677200231,1586.730981228,1220.50289367856,1000.71776098291,1035.23502124168
"355",1075.6068854597,1076.00300086265,1657.94987631384,1342.40665266964,1053.92168748573,1092.65375263497
"356",1041.47439146846,1042.38960731244,1664.17762971906,1288.24357365654,1025.33008812083,1073.43478579067
"357",1053.59179221455,1054.06538446796,1605.9946953183,1280.49425555539,1025.05662837461,1058.13304830122
"358",1021.3091285714,1020.82117320691,1641.81223871909,1284.50527101818,993.634351514492,1048.64449051099
"359",1045.15232938343,1046.42036773767,1572.02750957153,1222.08794821652,988.589261904014,1043.37030099301
"360",1071.92347970328,1073.08954229827,1684.69216860855,1407.75582368615,1050.3379925108,1090.39173588114
"361",999.811388947973,1000.0649153176,1551.43059830855,1181.51515866285,968.928760909681,1021.12207453768
"362",1019.51493909998,1019.02735749166,1587.918726576,1229.96700217749,984.704469089489,1035.05613711933
"363",1055.36094204084,1054.8206006651,1719.12988056863,1357.87464801544,1029.2633737169,1080.82283315571
"364",1036.89660931507,1036.79418242397,1565.62301734883,1247.70665013692,1015.58836193864,1047.10161720984
"365",1053.05490975823,1053.9295421213,1546.31828834473,1270.18562777341,1030.34897971042,1055.53079741248
"366",1022.36938082462,1023.67839564133,1575.64783908052,1247.36855885446,1026.08489657354,1045.61191337424
"367",1026.03737092588,1026.56273235214,1565.18583390938,1219.0931793548,1008.62829910939,1036.89608733663
"368",1010.82124987375,1010.55844498965,1596.10516058316,1240.74569943089,993.605997393241,1036.67713766154
"369",1019.06036043759,1021.16155064774,1724.93788841124,1273.24258284368,1002.63239819842,1061.23425205263
"370",1002.21216224529,1002.02590266175,1593.38233466733,1201.79799738245,995.68965989815,1034.21665093028
"371",1067.20166136474,1064.27097647409,1646.20528696964,1351.71341489902,1023.119136081,1071.35031982505
"372",1069.77126322649,1070.08019133889,1695.01370941879,1352.64462795632,1045.52371267492,1089.65433585114
"373",1007.37662988099,1008.46070700523,1648.04318857958,1239.48757895414,999.88712861489,1037.68103174059
"374",1050.79979094736,1052.01557594585,1648.589272381,1349.86451583892,1027.69603130569,1066.87713877037
"375",1010.26952118816,1011.29427479411,1570.80749884568,1259.90466705185,989.263786839373,1045.16984760418
"376",1067.60416193414,1064.86602645163,1699.25534256967,1340.11009960731,1027.02140263385,1085.44290697653
"377",1092.18044432176,1091.0703932891,1665.73671070447,1433.59106520441,1059.43907026234,1092.87006322168
"378",995.974017740585,998.603158584071,1544.10446667918,1140.28746889613,972.159733475319,1014.64865321931
"379",1053.40681218312,1052.74779754309,1667.88594626838,1314.97000444907,1019.63533130856,1071.90146930185
"380",1018.95675009276,1020.31136293531,1563.30707545263,1280.15600456861,994.886070398486,1034.58534507009
"381",1054.87691840342,1055.22134226229,1679.35989134903,1374.39241929885,1030.38879756145,1076.91221138594
"382",996.787581833304,995.909473081482,1564.39023065001,1172.41453190237,976.063796606058,1015.66736171373
"383",1056.83892596839,1057.42960189264,1676.46875418793,1398.42180192083,1037.38362061979,1076.23612499074
"384",1048.34482307726,1048.33070567778,1642.06529777716,1356.41184551613,1033.96033181895,1069.08759357516
"385",1035.63258751206,1037.75215013537,1597.37837525525,1297.23478138644,1016.01426377146,1056.24020083966
"386",1030.59558439899,1029.35264339705,1522.2155147206,1222.24361040349,1006.24270504238,1031.39026689011
"387",1043.38283456232,1043.25644798179,1595.69024617692,1268.01112134234,1019.77200588406,1054.42399377217
"388",1073.94076080996,1073.22733067417,1648.12946298772,1356.82418444018,1054.4475146191,1087.78295197042
"389",1008.30342557354,1007.96244586493,1616.20018331212,1248.89042809033,989.37169532098,1030.26087630825
"390",1032.97588345312,1032.20879990827,1608.18536419439,1279.62633220094,1018.97828558207,1050.2878534759
"391",1084.18344975388,1083.09303946952,1657.59781184024,1327.68953437759,1018.84788528021,1078.10782170779
"392",1023.30500678184,1023.32408088269,1624.3785114475,1233.56110594942,1000.01132394922,1042.36553235972
"393",1030.41236194565,1030.25826383121,1595.3470027564,1271.65542136188,1022.37992439559,1051.68839062641
"394",1012.70118247014,1012.52797720986,1647.91237787078,1288.84650397071,998.419986834397,1044.38154712753
"395",1060.13167682675,1061.42404011108,1557.54412479452,2546.29480860438,1026.26937633457,1070.23742489453
"396",995.910523525528,996.193258339664,1565.84802651885,1191.38553297562,977.92097147593,1017.07996897528
"397",1045.63308009467,1046.55635011219,1678.81712623725,1363.93480956975,1026.88111499412,1068.37365785103
"398",1007.7049153731,1009.41261260951,1581.21917713353,1241.08544903199,995.999138574538,1032.95195738938
"399",1043.56360238725,1043.19593716378,1615.97127890905,1266.85729842706,1015.60961901378,1060.66148737663
"400",1048.85764767641,1051.25939341789,1677.01750941538,1342.98455856095,1028.05937008162,1082.60323658412
"401",1064.77557078421,1064.21461788519,1663.53717366824,1357.81944511451,1019.98194003132,1084.4435975527
"402",1011.94350836395,1011.89046313916,1574.17856583646,1213.779853798,997.74659302336,1033.420472588
"403",1054.17730546471,1055.83535709819,1709.58271453544,1375.44182217102,1026.84788552635,1080.07696215713
"404",1039.83705508969,1039.95038104505,1574.80949151823,2482.84781388666,1013.9283254237,1048.08140813829
"405",1019.7580982439,1019.85613956304,1565.03734084174,1217.18128017142,995.201411692669,1038.64410919272
"406",1108.37134546445,1071.7398571315,1616.69356199582,1361.66132103256,1045.25754424276,1079.57366700834
"407",1060.3806664314,1060.41765397444,1588.0795816111,1366.19591901761,1033.67646339294,1067.80097354221
"408",1039.45006879775,1039.12366174502,1681.74427214106,1365.67487783912,1010.87924981405,1070.16016553769
"409",1035.84368696989,1036.99107945402,1679.28526796317,1289.35997587778,1018.34789781309,1070.11117114177
"410",1061.96773499667,1062.7479743388,1586.24787144806,1320.64593446817,1055.04232352958,1069.99185513291
"411",1037.04747814295,1037.65811438257,1672.63142791109,1309.28535063374,1017.56325081403,1066.10153706458
"412",1075.29742041007,1076.01970068703,1778.72769226822,1453.07831560586,1076.27609000245,1105.41770932831
"413",1019.18308524196,1020.60343087862,1659.58576702341,1292.69515058569,999.510641752628,1057.09638758503
"414",997.414909149592,996.946419791702,1493.67866711162,1221.57582799242,983.378015843358,1024.91196429318
"415",1057.5420217351,1057.32318310333,1578.34107829619,2488.76631564556,1027.50459399727,1059.70795741474
"416",1064.30084124835,1064.28382358433,1599.50710798039,1265.30575270329,1023.59779432292,1063.3444198966
"417",1031.38038643067,1031.61392448756,1589.32337171903,1234.41675453812,1008.77806011832,1048.1780051695
"418",1053.70990607751,1053.90155688828,1574.71691967355,1264.90326472026,1027.6876501083,1056.27402612566
"419",1037.85480274916,1038.67089471836,1630.94987996936,1304.56917589619,1005.95314802111,1059.62102189494
"420",1063.09794429113,1060.26045383388,1621.69169177548,1294.97175933197,1023.44721395089,1071.60403827086
"421",1021.58052077506,1022.49210504698,1573.19526621498,1244.00397113422,1012.7871936426,1041.67377109932
"422",1053.57466290532,1053.7085939911,1664.49839666683,1309.34080464201,1033.69836018243,1078.97589804458
"423",996.597268907338,995.627045923809,1564.39719581725,1203.0757012002,980.963156849009,1026.21125982965
"424",1039.47088675352,1039.21179758107,1562.61031097488,1341.38904266712,1042.60094317545,1043.87144562663
"425",985.897493122019,986.132421149166,1563.1684918082,1153.5599641935,977.537413967491,1016.31373551047
"426",1027.74536873632,1029.80803818088,1622.55131305803,1228.58143928655,994.611321165114,1052.65278042565
"427",1055.02359955149,1054.47765709881,1599.8427399456,1288.39714763033,1018.60891490408,1062.70614152835
"428",1070.63313960571,1070.60312609929,1602.92981026991,1319.21748790889,1043.83050268007,1073.54658314273
"429",1070.82104680022,1073.03324874009,1731.38711197862,1382.86431761676,1047.47345313308,1092.25394941371
"430",1062.92537780313,1063.32764378309,1659.43331216622,1365.28982493224,1051.38806243318,1077.55260916243
"431",1046.70472758895,1047.35040004449,1648.09442135231,1352.42065996809,1037.59042747964,1064.62853746451
"432",1076.06415367848,1076.71960937749,1661.1758483519,1311.62204229332,1021.07032425639,1080.17242519996
"433",1054.82745786877,1054.643347301,1694.60834418999,1337.46453378042,1018.95861834506,1074.91587571767
"434",1101.52172648147,1101.19924772771,1749.71529674981,1469.39333512398,1047.59522825573,1116.08763102003
"435",1045.34502369223,1045.63649054945,1586.60697354559,1270.07994060294,1002.06493598395,1048.8933958568
"436",1046.89699032609,1055.3012234509,1600.19501891888,1317.26987418046,1018.90891258876,1052.90667167512
"437",1003.68588038106,1004.35010163345,1564.25841273392,1181.08904457288,988.391728115231,1024.30846953691
"438",1051.20248015461,1050.97284136683,1615.94490969133,1269.24229407236,1028.19486509423,1062.99612514627
"439",1018.41967395739,1019.24610359513,1569.29816827744,1225.96802066318,1002.92578718607,1034.69332739216
"440",1031.81873173331,1031.60927186369,1595.34884408792,1217.14191206347,1011.82872742712,1047.31773558567
"441",1041.46440438475,1042.56302130435,1577.97438676842,1289.05640239069,1036.00369472408,1049.0538276262
"442",1088.31142566509,1089.54696870309,1635.86308321811,1377.13906018117,1024.13661640873,1079.19013762794
"443",1037.94869942083,1036.56998971683,1616.13471446677,1267.21017720789,1010.46097036975,1068.18472268467
"444",1023.0416348312,1021.75543692052,1524.00271723809,1175.43503273731,988.074416896196,1031.83649677984
"445",1027.96798866314,1028.13154376719,1582.70159692808,1280.7822335269,1014.8897217918,1046.75273731781
"446",1060.84025068219,1062.6111304612,1633.65931535044,1408.19683226783,1055.97300226596,1077.77353317912
"447",1016.49464674191,1020.82493761296,1704.14986745672,1310.45838471657,1010.31355779702,1062.03404379128
"448",1008.32247553224,1009.00523477697,1578.29932772864,1184.79343984128,992.754327746633,1031.02264512558
"449",1028.2676733941,1029.14927001591,1570.84346852533,1223.00218961448,1015.83149192754,1047.86366753073
"450",988.688379651601,990.495970526091,1601.74627454682,1237.61162349807,981.932372896183,1028.81627056396
"451",1046.37618133346,1045.93837003602,1612.23860924319,1263.61089933636,1010.67003368096,1059.01680427794
"452",1016.11631355952,1016.72249993171,1539.07566628473,1214.91955717507,1014.46071951201,1031.78986771167
"453",1081.3165770764,1083.51357508376,1620.29962468319,1344.00756340305,1058.82627739687,1082.60657191338
"454",1096.68075211386,1094.84540762336,1667.90770289987,1386.39484601522,1052.38686400257,1089.80129641281
"455",982.807616188691,984.047101176983,1564.95106199997,1170.60666194207,972.768290351391,1012.03254186354
"456",1038.89017043575,1038.93875698138,1664.9443286551,1279.05837734728,1015.06330190081,1060.48703343002
"457",1004.19473163763,1005.53184491269,1549.32150360048,1269.18103932134,992.418509310663,1029.46616327013
"458",1024.29041531726,1024.54168314924,1611.49966209205,1257.20621626285,997.046144825444,1046.90857845948
"459",1013.92323311515,1013.3856081502,1561.5758281375,1189.77120879592,993.21992820953,1030.09571981808
"460",1050.14279831752,1050.21242449108,1662.72259120624,1313.43071140652,1020.36323110482,1073.75709435045
"461",1024.90820226328,1024.10745239014,1588.24666745724,1245.36904712568,1002.76997062961,1041.76196204756
"462",1014.13881877978,1014.78493461059,1540.95667194247,1192.98993457077,987.963280147128,1037.45380090635
"463",1046.51587511693,1044.02557808699,1573.29895340545,1256.36587837141,1014.67839299783,1046.82929349652
"464",1020.56138524019,1021.22625767696,1555.9923971039,1229.7828007088,994.211619448369,1036.43262908582
"465",1020.13015522872,1016.68828811816,1718.01863462754,1290.48338546516,983.20883277461,1054.00198205316
"466",1043.31399442162,1046.85241493148,1717.99725569666,1345.06981129772,1009.47416854101,1077.6088120673
"467",1051.31841957857,1050.9070904175,1594.23221993013,1293.4590762951,1031.88856110368,1060.28694269327
"468",1037.52743397846,1037.95726749812,1551.79140396982,1216.92084850067,1006.39412892842,1046.36819455356
"469",1043.92040907814,1043.39833583401,1607.56074490318,1290.77797040582,1027.76801931203,1058.60861175721
"470",1056.59894249629,1056.71572986304,1645.19637263713,1356.4503072212,1034.89401708938,1072.8629167015
"471",1067.19639174204,1066.58828844254,1678.07781487888,1320.06395077348,1042.10649416018,1079.29072282798
"472",998.265803530247,998.605704596104,1581.39179984653,1231.60335176996,996.227196573921,1021.66785111403
"473",1019.60236695666,1020.17032937047,1577.92947249317,1273.75485816909,1001.98050423573,1038.58726443179
"474",1031.75883659665,1031.1032497436,1565.2548683296,1237.27356946655,1026.60931564613,1042.86143136377
"475",1052.98500242084,1055.01377089337,1628.13425255263,1278.6129835004,1032.41511841555,1070.00193071634
"476",1071.95345581441,1071.35509317825,1664.8707900261,1328.53373642706,1047.75711032718,1085.10269618167
"477",1014.49178861674,1014.35815297965,1555.70814732991,1228.38002337383,1001.11518239135,1034.61671027732
"478",1024.02608708535,1023.92177974048,1611.18559021233,1251.41780490869,1015.51355689459,1049.52185855081
"479",1019.97103265241,1020.68113592324,1552.68104294036,1224.29117531341,1004.02395178638,1035.16961083209
"480",1040.73277274258,1040.93428717414,1616.13077362224,1332.90964456016,1007.88046006456,1072.86939154169
"481",1076.2198882826,1074.23425123678,1634.1878838491,1360.64766873394,1057.89028264629,1084.59816568068
"482",1022.60789924333,1022.42472769426,1609.57634270919,1255.58180517176,1002.43592030385,1044.69014080685
"483",1047.09410776356,1046.90576421388,1609.63563868667,1283.75335834871,1009.26896739727,1050.08083444297
"484",1033.14380753264,1032.22681135688,1588.99645463959,1251.90619812938,1010.43279744173,1052.67359343996
"485",1047.03033626135,1047.31235376444,1612.11570937054,1269.54613412299,1024.25734762722,1059.20855804052
"486",1004.36663980902,1003.77607749802,1616.59890724202,1218.40437088066,989.314858096578,1037.82599610502
"487",1029.57959738196,1029.20927905855,1651.71677629165,1212.19417486742,1000.44001335606,1046.6383075064
"488",1080.13495182733,1080.19631387218,1611.89204066452,1367.60946319554,1034.24483524785,1082.73007966159
"489",1028.31377270629,1028.51313896264,1627.63030069788,1294.90375417025,1014.5483619316,1053.2979985618
"490",1056.50316283124,1056.58807167198,1692.38661930912,1374.10011372211,1013.70523534108,1075.48926373577
"491",1018.48033053524,1018.65784807222,1652.98110960342,1262.81892739315,1000.45943190983,1047.37433319022
"492",1048.65710403191,1048.68271593318,1620.42813356655,1312.02951669868,1010.20119323388,1054.5946345673
"493",1070.15638906682,1069.45404334042,1671.44469194489,1343.58853580262,1029.11514663244,1088.87502660622
"494",1042.26826516231,1041.89448279736,1711.0134966155,1328.95398755063,1000.79975713559,1072.26277331609
"495",1068.77820950373,1068.63708792578,1644.60231807904,1358.9399303982,1047.54669942758,1082.30053445534
"496",1035.80205418102,1035.79652830921,1545.41604811991,1302.67388382893,1019.44143452992,1038.75512793862
"497",1027.19053337486,1027.45240313295,1612.146614345,1274.44635233125,1013.392963535,1043.17651865178
"498",1072.84475508653,1072.16883779652,1629.68515483138,1385.26970015585,1057.65543207309,1090.27375907414
"499",1059.15437898193,1058.71561571738,1636.03851366595,1336.03217026277,1048.99917331407,1073.81866943359
"500",1039.26577258079,1039.29882260306,1571.88356299615,1261.83603676258,1008.34570814519,1039.66601491426
