"","correct_data","oiztpoisson_split","Hurdleztpoisson_split","ztoipoisson_split","ztHurdlepoisson_split","oiztpoisson_combined","Hurdleztpoisson_combined","ztoipoisson_combined","ztHurdlepoisson_combined"
"1",2407.21454342225,2446.46244124862,2428.73355284996,3026.54237142752,3897.95147821991,2356.59082725554,2341.36242471172,2920.96255088423,3749.41723427265
"2",2360.75175590475,2387.04247566636,2358.79866944004,3072.39933108035,6754.55312981593,2311.15389100118,2279.27317282353,3044.18266262863,7263.86363557958
"3",2257.52895856345,2277.04485815699,2250.53742126209,3292.96187146344,8248.0302938804,2199.02273478373,2180.55615598217,3269.2233364909,8402.88014245783
"4",2351.72625304106,2454.63775893057,2380.87771335854,3451.66102518311,6121.53033572076,2275.60216604367,2232.69770799875,3140.96931646916,5022.43973940735
"5",2461.76855137375,2481.24658447943,2504.636138536,2754.05829205193,3654.26367445256,2398.38498972955,2417.72242345787,2670.99217629462,3539.83039989362
"6",2391.07402047449,2455.85428423971,2360.02010417399,3371.35642539854,6682.23442675736,2319.53604328657,2245.23597594113,3205.80646292743,6785.5118600218
"7",2440.50675992205,2463.59951571887,2433.38981144585,3049.96310437856,5097.9933584954,2384.67673832365,2351.80512872764,2996.69505167686,5026.54524699314
"8",2343.74677831324,2362.76173230649,2366.45572571743,2613.78132670572,3357.26559499531,2288.51856884385,2289.98933731135,2546.89099326044,3432.78572253127
"9",2452.59104636167,2464.08388031535,2420.95182127571,3104.51879536343,6233.7456907972,2413.60719536407,2362.04269694545,3109.92085487422,6866.57348402292
"10",2376.76136314746,2338.13942255534,2316.53123302272,2855.05668037362,4157.58175073408,2320.93029572054,2288.19815633261,2919.64934586807,4965.11355367185
"11",2474.84244781687,2479.7958852383,2474.25375067346,2816.33056482133,3791.90981888688,2410.99564414455,2406.61312782585,2740.91177097922,3739.21559413878
"12",2307.81964162933,2331.35741741548,2301.420382601,2945.3721075049,5716.91943368627,2255.43921125511,2225.23068774437,2872.96450519323,5611.5336437008
"13",2503.44520220776,2528.08791404273,2518.06751852735,2967.50712345152,4411.26245505894,2447.97055925721,2432.50667504406,2909.8518874879,4532.33590272093
"14",2397.08975732945,2393.97583441251,2377.74875170189,2761.10896484595,3887.69895316583,2341.6252833642,2320.47888039248,2744.73448722395,4160.44514119207
"15",2420.02786070435,2409.73790681269,2374.76091095975,2840.94331218092,3644.83353168973,2397.2745298166,2336.52526071362,2923.44543958889,4283.87524451918
"16",2318.5963146806,2318.19318371897,2294.70764665618,2870.38326204115,4956.49843798963,2261.43288601611,2229.04864598662,2877.90202471829,5682.60930523955
"17",2316.84827075604,2262.7823197439,2255.22800176278,2699.59935203341,3791.89978280812,2256.93953738813,2233.84146633737,2815.81118771492,5132.70965973006
"18",2417.18343292273,2438.44431391446,2399.69894856324,3073.2983990821,7071.11177023328,2351.46316289088,2324.42020079582,2962.19923628591,6755.51424717701
"19",2420.16291427384,2408.62729766881,2322.96116094165,3397.59008266142,9059.81822582742,2340.03655070543,2249.58246289228,3421.29081450127,10436.1145697969
"20",2433.56978888661,2492.35345597362,2462.66811443456,3073.329468121,6636.51561444056,2372.22647832876,2351.28223731375,2903.97478399575,5877.50376290552
"21",2320.62076945863,2338.62497032109,2336.66604796226,2686.84690890414,3314.32019281463,2261.05610259736,2255.61142414301,2593.31893042258,3180.47738844474
"22",2391.48336551595,2415.28835883389,2394.77013902364,3053.82716204846,5739.69448559056,2340.57937996379,2321.2665929679,2999.44907512241,5955.30049706953
"23",2365.06914258207,2355.8820958686,2347.35992396278,2856.50527109963,5953.54701905032,2305.27912932934,2294.13173012684,2856.51643423592,6786.47895803167
"24",2367.9783338828,2432.07189845884,2402.3595706567,3074.59943066676,5719.39593776598,2312.3022061556,2293.27746374269,2880.25515328813,4867.12063180833
"25",2526.3491008126,2536.70718546815,2505.19284248377,3148.89072314796,8396.17150844073,2462.53963914461,2425.54062638057,3081.81198837579,8575.50303157295
"26",2435.80753178879,2497.96701750709,2442.48968693169,3254.67136042249,5388.51963617964,2400.10078446188,2352.28786548654,3120.70302483589,5528.68170236855
"27",2409.69393340511,2370.62100930495,2382.02279159579,2677.77490400409,3587.3954290989,2342.7216702397,2344.76796873743,2777.41817895299,4657.10820671813
"28",2371.95540895999,2428.39455403395,2421.56375429796,2830.9019985171,3581.95369590246,2311.06418359112,2306.76129278622,2656.77016494126,3198.32894956756
"29",2237.46341614297,2298.74220195613,2251.28162952593,3025.69989043862,5764.31749343422,2164.64691356515,2129.5436899113,2829.07192316083,5097.51622292603
"30",2394.39591155442,2391.94653116213,2388.26191302667,2713.31115017084,3091.00052444284,2339.57549685182,2338.85836472708,2677.0598484186,3127.2395500647
"31",2428.64315149547,2458.84761184948,2455.58163104347,2839.24145920958,3983.82222063234,2368.21125668659,2365.64944959784,2757.26531646256,4034.26939233964
"32",2334.5601686914,2308.363823135,2254.89176354599,3022.73144096773,6338.91328614421,2303.99898743992,2238.06396517842,3160.88248909729,8584.17163436075
"33",2366.8760280374,2404.6772849477,2397.85163536342,2752.32987643235,3898.56374743117,2305.19882705837,2299.47706618042,2638.80590520079,3696.02765539814
"34",2375.40232313691,2469.95980693645,2362.54409372907,3471.70441206297,7334.41007612178,2306.03630212688,2233.91520550083,3246.1817365683,6408.19652645123
"35",2389.32660451758,2400.44299774281,2399.33231174989,2691.66870479905,2977.45508887814,2326.74562996526,2324.42969234931,2627.10903012415,2975.75171865088
"36",2466.89519489001,2473.67804205498,2455.3983160183,2867.83643377137,3967.45912682831,2385.62168904308,2365.9796888055,2792.20732377606,3935.70789202856
"37",2243.04934660641,2313.45065429492,2290.54132619767,3004.49765474109,4567.53830654092,2209.32218635396,2191.35205763742,2860.68338141128,4110.79821282982
"38",2350.92058688777,2415.72168835705,2367.85572973362,3611.85714075481,11364.8979526734,2291.23168527545,2253.26879091897,3463.29998713521,10840.4422732187
"39",2367.27630049529,2401.30614143144,2300.69495854312,3374.38610035332,10866.0861868367,2291.6989104992,2205.55682926299,3275.52561465369,10644.7268868645
"40",2391.78895526428,2418.96408153447,2372.0712905095,2979.35968719813,5258.26856518506,2324.97676336077,2283.11297630132,2908.03643666711,5483.11161528899
"41",2425.22221827078,2452.14472363623,2456.49579840277,2792.91087474702,3435.58987453535,2376.37985286472,2381.56832264391,2730.29022746539,3424.58436228435
"42",2405.87435813734,2444.61568435142,2411.91603041635,2812.36333149806,3626.72616412542,2342.29712615502,2312.34884906682,2691.42020627722,3389.77046712197
"43",2509.07263610813,2504.43990764682,2496.27199403616,2995.75374459435,5899.07654511109,2459.46531620898,2449.91682643172,2978.87852951256,6616.05580612102
"44",2402.08728563693,2446.75140345791,2414.48652206913,3012.64077288711,6597.34922343153,2344.70697378389,2318.68840961157,2886.76863522333,6012.34239920385
"45",2409.97749674188,2454.48466838296,2458.56466305846,2726.59996396959,3851.99213360835,2361.10554155954,2366.32468579092,2623.29782046531,3717.94255057899
"46",2384.5365546776,2425.23322709785,2396.13387125719,3036.33682304271,4325.97668469256,2332.25403835109,2308.68523845766,2947.56848508109,4198.05767930994
"47",2392.87546462217,2423.88832432543,2417.9503921622,2912.56348409213,4473.93318386364,2338.21890385071,2331.14871155707,2836.6018158272,4605.61740633475
"48",2392.93366989565,2439.96915886932,2437.61653258068,2709.09474183587,3310.50448015762,2331.36459247074,2330.10418006685,2578.41357869812,3122.74262726801
"49",2351.14345313746,2374.88221181783,2353.91496484737,3125.00201726377,6621.83867840009,2300.80547808971,2280.32548378519,3076.71534717467,6879.16841273182
"50",2402.46996549993,2426.0963002053,2431.35664126402,2709.10159884722,3536.134495902,2350.0706212837,2355.50620723761,2639.61412801051,3556.91694920882
"51",2415.59341798857,2408.41588725872,2341.20695298703,2989.83699786706,4285.8061077245,2386.5128189833,2312.85667922693,3006.64386862834,4613.71753790192
"52",2509.04470802483,2516.71639782487,2452.27927763156,3211.04658286611,5390.88149649399,2436.71602721607,2394.56999086901,3130.80153494937,5622.29843176767
"53",2395.43341715245,2445.70157307738,2394.51550544254,3524.43651921937,10299.3675139134,2331.35077830488,2292.74144828291,3383.15853016635,9984.52881524178
"54",2289.61193047779,2348.22587603632,2315.24390707005,3032.32027024647,4800.1085090223,2240.8371247451,2220.18062148674,2878.16868551141,4392.93764487557
"55",2386.12305400961,2359.89282793999,2339.36497516941,2786.24781014541,4052.85467703686,2343.75976578258,2327.82069184967,2794.996409872,4768.49825662471
"56",2280.08794843199,2307.91718599343,2263.69452892343,3069.4979715241,6414.33334515856,2222.89872826586,2182.54771197114,2990.02161267746,6361.92297164932
"57",2439.87037942982,2434.72678406922,2415.82325311582,3082.36013353322,4690.94666767539,2388.39166736522,2360.21713636399,3127.31206131463,5403.36654670885
"58",2435.2177693357,2592.32283247103,2454.48940697439,3621.27350967719,9118.44851285458,2411.22660157678,2305.0115999015,3374.72885325872,7866.6502255447
"59",2228.51109074705,2270.28574160101,2236.96136420841,3021.30323766355,5423.15143997671,2178.50646034934,2155.80219579694,2892.89023657363,5113.53737582285
"60",2292.91901200374,2292.52962173807,2261.84601558707,2984.34992568015,4243.16019572741,2248.80069143201,2218.21810779222,3042.33463938484,5196.7896744506
"61",2325.37176131263,2355.77980087892,2330.85342635864,3520.25096157985,13749.0173089091,2271.88858543196,2249.5910070231,3443.81264398137,13948.7667673038
"62",2360.60380464662,2385.93878496984,2377.8925345595,2745.23345145765,3417.75094259463,2302.5926764739,2293.53962848016,2685.87738189342,3486.44637784284
"63",2377.20212186873,2427.81932175441,2395.0120313688,3042.81727538386,4264.35163910454,2319.90778125031,2293.27937986275,2899.72685166757,3990.81868276143
"64",2417.22948157932,2446.30681689828,2434.65039700881,2829.25650223317,3935.97295133677,2364.39487828682,2348.38821317959,2756.46545685791,3900.74869040873
"65",2361.44321819061,2325.71467945591,2282.16963073163,3096.65058145839,7019.95095064513,2294.98558388576,2240.06011715712,3167.94752313262,8397.56032276974
"66",2415.89749443862,2463.24090506135,2458.89131429308,2726.77033732187,3238.12296584763,2354.81438505415,2353.45855485486,2584.81764406401,2958.63254221804
"67",2353.6150242222,2438.78683759565,2361.9662272835,3226.12960904744,9275.5693367408,2307.6022556998,2246.48282776024,3049.97349591173,8068.43592857996
"68",2164.68447999745,2187.37606029102,2154.75128235661,2784.03623623384,4374.22041396093,2126.03426802457,2087.50131308842,2802.27828332789,4934.66358084206
"69",2444.63900187914,2492.11100422202,2456.46663891394,3178.63902434323,5381.05237828919,2380.63196554588,2356.21983228519,3029.78186692347,5012.06151589524
"70",2359.1021235983,2394.3254865628,2374.99994222144,3006.14244677026,4110.12837420476,2293.93962230149,2276.46136379995,2894.98851322988,3884.92545337421
"71",2396.44582113275,2406.43742790239,2373.92163339115,3452.26916266044,8760.32150656254,2337.00165767769,2298.13102233622,3520.30669471975,10759.8571633502
"72",2470.57922573885,2476.71869380743,2469.98930748356,2961.25081416456,4731.03814604685,2423.8603594981,2409.45842500327,2958.90929837013,5206.87199518765
"73",2340.6475909179,2403.64259195604,2348.13862368611,3092.92487176235,6054.05899057107,2274.32692559857,2235.3942941144,2920.69405515994,5384.47523184237
"74",2330.7539737739,2393.38119734552,2311.89963210957,3171.40398135136,5480.48083814038,2285.20682187171,2215.37451180476,3049.78673561923,5407.70417337808
"75",2463.34022071529,2473.8722032643,2453.34177891632,2972.19263433356,4738.22740212553,2412.4097534436,2394.31664195664,2922.08070221777,4872.69308951743
"76",2449.26198202215,2469.91511800565,2436.7217821678,2912.96003016571,4265.84740074331,2396.25389676061,2365.14423953923,2845.23871801198,4379.75422799941
"77",2357.05838921747,2406.01973019512,2394.15173933488,2770.39801513598,4275.15640627444,2299.5114857765,2289.16548167481,2642.7198199315,3961.82046259616
"78",2436.20973115654,2419.52312364408,2354.7630188559,3077.9226170425,6174.86975657744,2384.85866716155,2319.62480487956,3101.22881464561,7435.82231309271
"79",2363.67414303686,2429.21951505793,2365.38667270546,3248.35273424385,7923.72768619647,2314.47908205254,2261.15327585953,3102.31861641444,7349.80670563816
"80",2441.59114532089,2501.03062317984,2487.16605513668,2911.43122502732,4026.62238001106,2389.40167341595,2382.38874447726,2751.42105480105,3682.92814334672
"81",2356.85210703311,2370.83434885636,2370.83335163347,2746.29725046104,3586.79891939893,2296.17019680202,2290.36269765314,2682.57929010741,3610.12342129906
"82",2347.59181294246,2363.30740181605,2361.6714418445,2659.33199550296,2997.82450762539,2292.0271735744,2290.11056884762,2593.46263172685,2976.31728763068
"83",2408.00904195503,2439.30860401042,2430.2307825198,2716.78919786373,3187.19214005902,2357.63355767226,2348.94771003489,2636.7035183335,3107.58519322342
"84",2429.22731622563,2388.0724118947,2392.33805994462,2672.4802368516,3417.92910776608,2375.23550080829,2377.80127627483,2717.45950820276,4061.96377925472
"85",2537.4600732612,2585.1211894453,2531.11242206089,3210.50755961505,8627.20463436421,2472.99179734874,2420.01698253706,3086.07182533955,8402.17058526039
"86",2383.34297615623,2412.3944096991,2396.32217626123,2926.459581321,5021.85869656719,2330.64404104361,2314.17165760867,2874.91772069759,5372.21106694549
"87",2455.97485116951,2515.53915227183,2479.96611954434,3110.05150800853,4596.9501061507,2394.27022222413,2367.48453511006,2942.15958184225,4163.89583422761
"88",2278.64199823021,2323.16739847725,2311.24698121002,2789.52794240065,3694.47033559566,2216.51956447536,2209.42451687885,2646.81586669809,3438.10725692225
"89",2396.3914702723,2415.73868679069,2339.53535523501,3456.01804505237,11723.1804687115,2344.75739256178,2262.61711993565,3483.26439050807,14022.1404937321
"90",2295.70575240222,2405.07315146059,2320.67000572041,3504.18530570557,11462.8396272167,2228.371184018,2176.10598417183,3186.61914359988,8723.32151655704
"91",2252.61492486652,2290.03820240067,2288.03994573191,2629.43615397188,3231.11868237159,2199.89633167856,2200.97937990446,2521.18584611399,3057.59451592343
"92",2458.90747756867,2462.35001724004,2422.65330729431,3297.18434139087,8455.48242680139,2397.32757660546,2353.89994398336,3337.73496180374,9924.41331059737
"93",2427.03524062245,2484.99546200185,2466.23226944147,2986.46370083845,5868.89161865654,2367.67875175419,2349.76540219942,2848.04924579761,5484.15594647381
"94",2315.32890068519,2338.20126732103,2333.23030131798,2639.4554210165,2919.32450616387,2262.20797394856,2261.59669906427,2539.89703133884,2801.92788912882
"95",2292.1120018826,2290.24023530273,2258.09504522702,3148.03880440703,6805.17728608703,2228.07963735437,2189.80088798971,3199.31434728839,7860.44825895312
"96",2429.40955478925,2450.1989077345,2449.7884151479,2753.88010916089,3270.7532546087,2368.09091803215,2363.60459710366,2684.53308587905,3254.63350438257
"97",2337.65858066861,2381.20099742504,2367.30675354888,2813.7315620591,5756.80164423129,2284.16042903436,2270.15318326286,2690.97176163761,5560.93170332928
"98",2401.27943428466,2419.13907587335,2389.06950616272,2965.78046511212,4550.62808660424,2339.55155802636,2311.37068206079,2889.7177525702,4514.0060680295
"99",2268.66797258429,2321.79442531931,2282.94912552398,2960.72291866825,5291.68031159239,2200.39294731671,2171.18238582382,2795.24361625765,4740.40367739912
"100",2298.16684998645,2286.78895279998,2291.84620498249,2599.71062504248,3552.47820863955,2248.47652219595,2255.60892684035,2587.73391869539,3879.29791664634
"101",2351.63648524933,2417.51647055304,2361.23606575736,3317.07969489617,7010.19844903527,2292.32387807836,2255.23127670698,3073.27916894076,5672.00617786851
"102",2399.82095081856,2426.01451701113,2428.0892673402,2620.94247001242,2970.14093565322,2341.98355514671,2344.48483807321,2526.19651141775,2835.985056175
"103",2470.07833863276,2504.42509576135,2499.74714822153,2899.62878587958,3949.28389720384,2411.66516954963,2410.36267218961,2769.88899433063,3706.15395118326
"104",2413.83641027782,2501.86981159209,2411.8931492475,3619.26163685977,10142.9130523135,2327.10067539635,2264.52738201335,3308.85884400441,8518.2539410531
"105",2392.82443115362,2424.49744252193,2384.53416268143,2787.44718702087,3547.65305525118,2324.8110284488,2281.31941370779,2693.57984311225,3435.98166473581
"106",2408.08770475633,2478.23366762739,2455.12906739697,2931.21772550042,4153.50506817024,2340.73216269291,2325.7154258922,2745.89974038327,3669.34655154885
"107",2405.14585336421,2404.2350690573,2351.44562589492,3141.36171481791,5792.97810078859,2372.34693814197,2312.74199511794,3132.69520539609,6227.49973849204
"108",2283.82073577042,2277.86653765026,2229.86065876316,3199.53384549049,8064.57988719519,2230.62100957974,2173.06438923183,3277.54247513924,9948.6940618226
"109",2445.26662819965,2473.73991555688,2462.59193507089,3007.5290097685,4374.77909690068,2389.97823409668,2378.07294130076,2929.92627645115,4329.57828509981
"110",2322.43747634423,2341.63960009744,2337.61411850915,2642.71197988008,2950.53074238003,2267.59633681408,2264.4822063671,2544.27641166191,2822.54570049025
"111",2424.31579717341,2409.2052290398,2393.44991076192,2760.25122816253,3623.03796173656,2368.44055261625,2349.44047319956,2759.72635113768,3984.65656937717
"112",2481.93299352371,2584.46160627541,2453.75840966133,3795.25674179189,9158.78120525299,2434.62638483175,2351.95169352296,3614.93406107912,9412.95225557916
"113",2423.99573933115,2442.43943574603,2446.26850310888,2595.25688185597,2800.94698444003,2362.29049064727,2367.35353928869,2510.97803949234,2719.15722535636
"114",2422.4031486446,2459.68883622981,2441.97647628284,2883.56537060191,3602.82386667845,2370.01291741962,2354.24937941433,2787.18599397961,3580.43440568833
"115",2392.43324132334,2420.60053848845,2400.67905296495,3002.6518577879,5641.380798254,2338.7048190662,2317.63678513167,2918.43738944011,5613.37855518159
"116",2324.15161949102,2378.30433109406,2285.28333430232,3333.42566112634,7629.30423359268,2261.01639970613,2193.76634405793,3180.09092529083,6962.04834680297
"117",2350.45634046658,2378.86419193604,2333.54131838555,2903.27445469723,3983.31703211938,2287.48594775237,2247.92683437519,2817.49550217733,3890.94277460893
"118",2464.20084357666,2506.62429247379,2481.83361912112,3029.03473748786,5683.50516956001,2407.05263064417,2387.75602528991,2921.19319681517,5621.30523206626
"119",2347.67062709285,2378.77847075779,2339.48059266223,3054.046127397,5078.03058257795,2280.32172711148,2246.67662008817,2964.88440102127,5077.39865760915
"120",2378.48868567963,2388.09956579065,2384.67813222185,2804.57157505089,3694.66707924192,2317.19656258416,2312.854261382,2749.19372145558,3731.89182161746
"121",2331.19404571467,2348.34467746776,2323.24053490801,2829.40776026527,3905.6750889552,2272.53676270661,2245.41144647078,2772.16871657688,4050.89608906333
"122",2404.12959130751,2381.5686336824,2380.16809977152,2606.54238825621,2899.56702014071,2333.86015189163,2328.41530691453,2616.24019544138,3200.2159005437
"123",2211.99322421717,2333.54378671531,2249.13366703172,3489.92164449973,6953.61529358664,2142.99001082171,2101.59346101494,3102.77951712972,5675.79255855462
"124",2319.32735523375,2371.39304339614,2303.88639874187,3235.90090742698,7441.25628257683,2260.56256236479,2208.39656555079,3079.56443179047,7018.49380567025
"125",2370.03325023069,2400.96300115591,2406.40623989001,2700.22935854701,3280.79317487803,2311.93858646329,2319.45238235557,2599.65220854741,3115.24755871321
"126",2339.0454183876,2386.33152954237,2308.11439564024,3509.23916628881,13337.496310984,2270.07754281452,2207.64651599935,3407.96930224138,13003.1256903221
"127",2327.66751564193,2354.78557463788,2322.37796330492,2859.85192168872,3613.80846924693,2264.43498885844,2235.97907384457,2757.95933687511,3566.98880841387
"128",2419.07519567553,2438.46897515877,2427.82150687289,2941.18795495462,6546.28187641571,2357.81095184102,2346.98645901361,2864.24786634444,6546.34959599847
"129",2242.60122837183,2382.84044261403,2281.83721801361,4044.56924173864,26900.8150105315,2195.379024837,2141.6667428661,3555.09759261482,17502.6303951452
"130",2366.25090251149,2422.38967401689,2369.27924301399,3124.6677883398,5584.25951094863,2307.37362369255,2263.95065868328,3015.53260916954,5268.84535287133
"131",2343.6914702392,2326.49709189126,2326.4205078621,2614.48562073229,3053.07605733849,2280.63021527072,2277.15144762479,2624.65204583354,3334.1389870651
"132",2436.07596392657,2458.75417990995,2452.3664381582,2861.77950640138,4657.38487863617,2380.82139004268,2373.99460701647,2777.3030828879,4605.23912587986
"133",2370.95130341201,2388.57798865041,2362.03654776988,2950.61607763849,4956.52685280628,2318.8827549568,2294.75839184701,2898.4212952761,5195.34876272607
"134",2312.2376378512,2374.20074240229,2331.59545156112,3363.93485500018,10184.4838214453,2257.17087874662,2224.82159133807,3237.99586814128,9985.50997066627
"135",2362.2794778148,2375.018405712,2373.1279624216,2850.0150181614,4069.94919962802,2301.66913841019,2299.97311114818,2801.62360776401,4145.73571077639
"136",2288.88854574718,2336.65101810268,2305.32527491237,3207.04273962634,5754.0575019377,2237.90506207339,2213.55563754536,3060.28900984956,5309.79454818527
"137",2494.18760791586,2526.556149544,2556.29492831067,2756.82633241177,3215.45082946512,2421.63452822148,2451.95853081806,2638.93174458681,3070.4793453095
"138",2317.8278659815,2370.40643978164,2330.21437116006,2967.75317575921,7320.87106980795,2263.71260553861,2230.07564653321,2808.14365262927,6161.30655375957
"139",2355.9009144712,2378.42271026314,2365.40359858003,2914.56610995305,5550.85119975344,2303.49830446321,2290.60743369417,2863.60832973252,5704.55529784822
"140",2338.1137156928,2373.48412520936,2362.3930478518,3111.27445084572,6599.22197515747,2281.29227481216,2271.48310275688,3063.38126730856,7436.76426255624
"141",2390.32546497913,2475.32066333712,2408.45954743055,3085.95277657254,6279.16608000733,2333.87723094254,2276.77518103051,2892.54072472299,5448.32074191489
"142",2447.92448555292,2472.83846642587,2478.74288474083,2678.66416693142,2866.3749258046,2391.39815491423,2398.19592985163,2585.75855875831,2761.52520368939
"143",2483.30350621326,2521.50830021214,2452.19494564093,3153.21239600665,5195.13633642977,2442.94960389148,2377.91901167896,3072.8788936076,5190.05418506276
"144",2465.15395176987,2486.69649022669,2470.05884834032,2960.59604245034,3565.21896855296,2406.41143035613,2391.28264171447,2893.06985819091,3577.41257940103
"145",2327.58854024432,2423.72239295438,2403.58463569462,3179.00306778549,6389.22058405196,2270.3953723139,2262.93984603624,2895.04514338101,5028.27119640431
"146",2381.17132652172,2412.18013754762,2377.20317840878,3229.69770147253,10020.0901876014,2340.19956424259,2303.25834940886,3171.43237563342,10547.7932994713
"147",2393.6106017678,2446.5447109418,2436.95603265674,2869.77422238938,3445.62324573494,2330.66288538227,2324.67358859162,2706.59936004939,3177.80502768431
"148",2420.90104172292,2453.31639592807,2397.70697164704,3388.08028043,7530.40528672824,2366.31522015029,2315.24236597198,3308.75013486895,7597.45705904184
"149",2421.15994664058,2434.57032254763,2362.86694773896,3006.37886763829,4797.81439179616,2346.83896553846,2278.7076369101,2947.69691953755,4928.95285326109
"150",2438.48204510128,2402.80959544886,2367.23986422414,3497.82769237808,8548.25730282454,2385.93145223488,2315.36081642375,3886.30702296708,15052.9726637253
"151",2388.376159994,2393.00167124226,2384.48966398068,2826.28251088311,4444.51887696628,2312.37248537845,2304.62399828047,2745.58646471379,4457.61243263937
"152",2461.09985012129,2455.07413125489,2444.20181683931,2847.11846850401,4445.75530656325,2388.04390767335,2370.84716496345,2828.50486074358,5036.76510854483
"153",2279.50106623502,2343.04190592611,2323.69148148175,2995.92151411564,4468.3785747323,2227.20683725303,2215.78595587589,2779.47470490261,3729.82081518901
"154",2309.32242688247,2318.7318750676,2257.62512216811,3390.28970161091,11458.1838450329,2242.31120006273,2179.29980968475,3351.73197092852,12101.4250115603
"155",2376.09521761972,2418.33947238775,2414.86879271937,2803.01472766614,3703.09220560638,2317.70069114994,2316.92454662406,2648.9238503219,3255.02713134606
"156",2487.88588815252,2520.38580823462,2482.51003738181,3440.41976452526,8940.63322354332,2413.29929822976,2379.24365279159,3385.85889954857,9766.65284489958
"157",2436.78523768712,2457.44147813769,2463.29207726683,2674.2595103008,2941.47735734862,2377.14257823027,2382.64104535098,2581.69686080077,2815.71130386604
"158",2470.51378158737,2512.32959062854,2462.26310955478,3201.17888955438,8584.34537284283,2411.3059293127,2364.98716973667,3092.02411188483,8168.87065549933
"159",NA,NA,NA,NA,NA,2370.73163452592,NA,3367.75107231585,NA
"160",2478.08862244622,2499.51634559797,2509.52487036258,2752.31387279263,3316.22121907344,2419.37105085116,2428.97027064219,2668.46088990238,3209.65160664208
"161",2353.04158370547,2404.44252799027,2339.96931922175,3198.53497704154,7213.25001788553,2284.46667629608,2232.3579650592,3056.03377828514,6744.82038385135
"162",2264.08777185376,2289.73169608045,2292.61491132211,2602.72315878094,3681.10992229005,2220.05716332182,2225.65691605235,2520.3873494198,3639.44203546214
"163",2386.89481523484,2404.86620867975,2358.6296310431,3030.60313550138,6981.38340010511,2332.16827293781,2284.32274270125,3009.43532420942,7579.05584892733
"164",2396.72579728156,2509.09548349154,2418.41024990556,3452.12664814993,8479.80863365054,2333.70456506773,2274.30063139035,3160.52577024267,6556.18665732193
"165",2410.88486778856,2440.65655577426,2400.64565366841,2989.33118413216,4615.557376166,2330.87647734078,2302.20431287708,2846.60034730137,4330.79910931044
"166",2460.40186395096,2382.7208193892,2379.86568965346,2744.66848445898,3625.40502464844,2395.40979193186,2375.87893387389,2904.15146083513,5251.5524126634
"167",2360.52292717017,2378.11803983923,2355.45707496438,2899.02080687565,5198.86018625791,2301.46059886275,2276.54395385069,2838.90988636779,5165.49461834995
"168",2414.92542294992,2447.72539503054,2439.25046658093,2763.90080877567,3181.94400820064,2355.58855053372,2349.80041896696,2652.08334264794,3023.75523016141
"169",2429.65112497761,2459.52991929704,2457.58832000209,2930.02529529864,4763.62047341638,2367.92896808315,2368.12448922648,2823.07402757567,4607.76942508076
"170",2361.22639002093,2406.81207592279,2387.98647747169,2947.93773526837,4870.77982054312,2306.3458029481,2289.37389551255,2828.9373426548,4712.42389618759
"171",2310.12284878323,2356.59560983593,2334.52947527161,2790.45510242129,4223.35447997191,2239.7450233151,2222.46432870858,2650.03750175539,3812.65856628641
"172",2279.60388779474,2328.39950931737,2292.17048859759,3061.67583105943,4568.06384206338,2219.52534131414,2189.32791877473,2922.67066593307,4393.20056595836
"173",2378.71068749088,2401.72503817979,2361.36771123242,2968.01223839769,4562.76319887484,2327.10039951468,2293.00152007402,2893.88851993401,4473.09474294755
"174",2382.19763108056,2377.31860198499,2350.48180565264,3167.82876267744,7460.91402839749,2315.58502998824,2287.43630871886,3142.4862008903,7865.73872721553
"175",2484.99289590592,2494.64291269415,2437.68192017708,3269.44867903733,6590.99246893845,2408.72391996412,2354.80996383296,3182.25581769349,6558.97834569912
"176",2254.028548975,2284.4327369686,2251.55080672012,2830.08199143529,5142.66818343234,2190.47717348847,2162.42113476125,2725.73689969855,4753.85065221784
"177",2310.9123480392,2355.97407060221,2290.69169461802,3189.41150432076,7064.76361058976,2258.30170262119,2198.40689186186,3075.9229819033,6819.12674764163
"178",2332.04086892747,2378.46706340218,2360.5165030862,2886.23929467233,4236.2333594919,2284.67095901391,2262.4379460371,2798.09351406628,4226.75187112993
"179",2370.03112497422,2409.57798480102,2402.7826741188,2917.82535246403,3785.01291545244,2293.02622822702,2288.0343150838,2780.99269552248,3541.44176679776
"180",2419.3529377783,2487.1487629223,2442.90656247219,3136.57870717779,5993.43144870304,2354.06840199467,2326.68184576348,2935.24940398516,5022.3162787937
"181",2448.32064723599,2430.80844013241,2413.54621171029,2683.81207694216,3051.71098556362,2385.21631191528,2363.7313482098,2668.53013661039,3202.33231909073
"182",2391.10671250852,2410.21284487124,2414.92552465544,2689.72720604415,3540.2536157691,2324.12338993627,2325.9562957527,2613.27182262604,3509.52511461608
"183",2250.7984809402,2278.1054265163,2207.95155434457,3045.16073388332,6160.66451630729,2192.35926763051,2129.71628157359,2959.0189951095,6458.97128472407
"184",2426.72881843506,2420.40896213961,2437.72644589201,2602.8897953851,2927.19260140009,2377.75636320851,2403.5027220738,2572.85038086469,3060.45204454306
"185",2375.59802109946,2366.01301099796,2334.41415744306,2901.74936986541,4909.78534446715,2313.49894060892,2278.21410502256,2869.84591938312,5168.38420283239
"186",2505.37614422657,2513.45239825424,2465.49880481754,3240.72134780377,7761.66200554882,2438.46909480859,2392.12446044922,3210.22375495282,9047.9351093084
"187",2441.66894333973,2467.70517863575,2437.97364578055,2986.52742645076,4105.75522238919,2398.27164105561,2364.97993605153,2928.3049911201,4224.97141853275
"188",2379.40241573338,2429.14263372287,2412.67027115707,2952.44600081282,4244.78182940546,2320.56779022162,2310.3855399419,2795.61549395484,3879.92372951087
"189",2423.74711303456,2449.82282900395,2427.29673450111,2878.5583454352,3570.55706619091,2360.7617727569,2341.87841160016,2779.5844544187,3417.44519352231
"190",2338.7279626722,2367.67919483847,2364.0569324182,2780.18102538909,3488.3379092263,2283.18638935394,2282.59692439956,2700.56973160365,3406.60854910991
"191",2417.92957912219,2416.63114511005,2404.10410486904,2826.24093904986,3518.59933530286,2373.27495923641,2353.75743691915,2835.71711103414,3787.44295521748
"192",2312.24968725581,2334.03566851993,2335.5999979231,2647.2660910306,3350.1359112335,2256.08299934807,2258.43633855096,2556.35478171608,3302.85136968217
"193",2312.95487183755,2301.53572687925,2259.71674907393,3108.5662055358,4879.97916565932,2246.49341877044,2200.49436307642,3113.95321755732,5323.06486824834
"194",2375.28896675424,2381.38786046026,2360.24571755178,2855.40486066094,5312.77923599711,2325.22908823376,2300.92598866184,2850.44289669429,5850.8747178943
"195",2367.90445438351,2429.76879542214,2382.57387284944,3255.29113984232,6167.2318205029,2295.98933971716,2255.63639240605,3050.14342757473,5597.84901348313
"196",2416.97726039137,2448.38837563838,2435.46950166382,2851.10482284536,4167.90402489903,2355.72083593938,2342.397569509,2755.07465238644,4098.15689322994
"197",2312.4481789431,2356.35268250386,2344.81945926795,2916.13504100208,5194.79390043695,2261.71389571413,2251.829854547,2802.39186497676,4937.84170440013
"198",2484.41779130416,2431.7157541536,2421.14701685675,2728.36965266739,3618.91867678532,2431.06149064236,2413.37356346349,2784.69345067438,4420.1379383876
"199",2315.79045779055,2370.86924501017,2323.89637983072,3034.7520759969,4720.20528243476,2256.26380360356,2226.97075771788,2883.52601591951,4257.48496811821
"200",2467.86197784017,2505.65072405597,2518.03289964986,2778.42302935771,3203.74234613078,2406.98412956467,2417.46786959021,2661.20788225808,3022.90074473385
"201",2431.65005587697,2432.73970211878,2448.40903020312,2675.40349748744,3160.20619497006,2378.28873327962,2392.96503535463,2638.87445840893,3264.81072415837
"202",2240.00535653334,2275.80735217642,2232.97474183206,3635.13227364995,15521.2530701063,2184.4533952187,2150.39427021556,3556.86388039159,15708.4720355365
"203",2313.9109763797,2350.51799003493,2306.02454634843,3181.82632412393,8748.19875726072,2253.60134141706,2213.75327705718,3093.15413907477,9046.64761238449
"204",2388.11781395796,2418.38833115067,2418.03870139443,2709.09018564854,3371.2256668927,2330.6200195794,2331.84561702628,2602.20506411063,3198.03490336252
"205",2335.96061179364,2371.57979606496,2355.55452051586,2859.64507328369,4585.05373247658,2273.58339293325,2259.27755891962,2766.64792418523,4528.25043294508
"206",2382.41487212894,2409.83691161941,2406.41526323225,2933.47632907255,5153.91021848526,2313.46830125225,2315.84227773888,2804.2788591629,4797.01137992989
"207",2370.74728786901,2377.93221018971,2365.95389865084,2825.73670521195,4372.76648811081,2304.09051079647,2298.11572643936,2747.3519102305,4168.09698774886
"208",2468.80573344137,2480.28996757343,2476.4021011617,2936.15090164486,4447.84220474699,2415.32839167851,2412.73407388054,2879.8194480628,4699.69214003945
"209",2417.64978254862,2460.85932414392,2449.84988378741,2876.09570026971,4166.2621712436,2370.81477460254,2358.87434318055,2779.91787931948,4108.55246951234
"210",2410.79359373102,2443.45489026996,2401.70714048901,3320.49297339057,7346.75922885608,2363.57790666281,2324.728519336,3329.19311752707,8051.10678626667
"211",2478.74829885602,2522.6778617792,2469.73670959546,3199.57712987438,7688.7835066791,2418.94447591897,2378.25709297157,3072.04332540439,7237.38555317236
"212",2418.05554892998,2451.02641512374,2375.02157090446,3246.62138283556,8584.78612274947,2360.76620061418,2282.98517943955,3178.99054753806,8777.37754740616
"213",2409.56953584583,2462.38545199908,2391.78480924846,3526.17079399697,9589.67311380456,2349.42533513195,2294.78949735546,3367.54719004036,8345.9518127855
"214",2280.19980502408,2335.06950519309,2304.67580535776,3175.4536204456,4771.81558829987,2219.75385580046,2199.51042299412,3070.28419764317,4681.85230530329
"215",2172.5598878168,2204.02231138018,2183.21691403562,2674.53919020694,4029.87406293499,2106.60752965724,2088.2774092553,2567.78578283939,3817.4229670844
"216",2325.63208314242,2382.25317618499,2337.10279701951,3032.70243212184,4884.1826030634,2252.38656839131,2223.3657318901,2846.88440210945,4465.11517948388
"217",NA,NA,2514.17904417779,NA,NA,NA,NA,NA,NA
"218",2354.63181151558,2400.23397640817,2380.38364514455,3245.64639542106,5932.34339687734,2308.24840597224,2292.94598947612,3167.50787872993,5909.46454545233
"219",2546.16000315946,2593.92194574374,2569.09363029352,3158.16844909525,6724.69452481405,2487.64272585851,2467.23927910741,3047.1973369425,6425.96545325373
"220",2483.68983097718,2523.83297309034,2507.99724201499,3002.4102434016,3964.56643198315,2419.63438191714,2407.79974971914,2893.00350749858,3866.2922696677
"221",2421.84987262374,2449.73133294037,2414.58497610787,3178.33154252229,7414.93824808481,2364.94559831119,2338.54618325103,3056.89183209534,7028.70694135032
"222",2405.37868495796,2424.27471273649,2419.56484941444,2914.75265229918,4733.52944563962,2353.20684724414,2345.35524690996,2863.06074062825,4928.24804043068
"223",2405.60185778609,2432.51365178942,2411.35431064703,2792.98611492024,3508.82362901741,2347.48709063869,2328.43406181628,2705.06572872084,3424.44154309832
"224",2423.56517199171,2465.44525371505,2452.87357616876,2899.84960210356,4562.48555309897,2362.06680802634,2352.74858858325,2780.60714910086,4280.40900077432
"225",2395.78944506198,2371.5710613322,2347.7353000509,2839.89262146624,4862.61471364817,2334.8306399858,2302.80609299563,2843.78620515753,5458.27403984048
"226",2294.54494906149,2255.8937087663,2242.22589901913,2796.49385828845,4427.03765368761,2230.56893275648,2201.05814595065,2885.53064495305,5761.86597167715
"227",2364.12399334933,2399.29645994911,2363.05375906511,2972.84219857958,4067.99176545359,2306.7827891926,2266.87448960977,2873.95388636063,3983.21521047174
"228",2412.76049351761,2426.97450551165,2368.99381090032,3356.65357506373,11189.9974347848,2372.99842741241,2305.90928101235,3385.87209909505,13010.6748934315
"229",2273.69977648989,2310.56703722724,2263.06947334162,3607.1340587203,13291.20710466,2209.66952249241,2170.66100080346,3582.79134678454,14501.102593359
"230",2424.73900532764,2438.46408068355,2435.03288454221,2724.32129993545,3259.65009066963,2364.90904757085,2358.45089126964,2661.17832905342,3254.97666342274
"231",2406.94142664796,2406.91352449447,2371.90202462652,3044.64266742884,6031.17597049829,2360.1066766458,2311.94532610309,3074.19638985386,6881.7948230677
"232",2370.47111953641,2419.56330195255,2389.84325227527,3041.54538994751,4992.44216119795,2318.64090654277,2291.91276806669,2898.22837060473,4424.13694860604
"233",2417.19535039323,2509.4278819251,2421.25436221135,3606.2345081493,11207.3503592319,2353.19134390026,2285.13198775682,3455.74898745481,10886.522033102
"234",2259.89875898451,2289.96586611304,2260.29785342923,3028.74126763553,5188.06496573879,2220.62854077083,2185.83596542225,3025.28909113204,5899.67576119358
"235",2461.3357064818,2496.44931419227,2516.27340812558,2793.04488563876,3173.28779632666,2401.87909454202,2417.85520706442,2681.8690365696,3006.0876878563
"236",2320.43937789757,2316.4654709165,2290.64443112562,2981.15212676746,4691.4346826131,2258.10877610074,2228.76490892134,3049.05862806513,5405.26865107497
"237",2470.61009888526,2507.72536807536,2492.76076626203,2887.16003993003,3576.00493579667,2408.7980893412,2398.62789867029,2758.38214604307,3332.94538778006
"238",2468.83358485771,2476.37023566526,2417.15619303592,3243.94686243167,5813.79496817908,2416.32359594256,2349.26551233054,3251.58731964952,6415.1906018404
"239",2453.45017348246,2549.95922322365,2499.32508556506,3282.69602206451,5676.13696506458,2397.53338159928,2363.07175400905,3034.76724836552,4940.59819886345
"240",2248.97160064193,2303.896418965,2241.0018743685,3392.89922989666,6805.20890336343,2188.08527064672,2146.30774616031,3214.26831595188,5878.10402533359
"241",2285.66915215471,2326.01814681003,2300.15459969351,3038.84246400531,4741.77573050226,2221.35872663085,2197.52161027464,2925.39349070195,4624.18364918462
"242",2376.68035478329,2391.27266903557,2392.28168887537,2668.55965409721,3323.45906099395,2312.46281019547,2316.47215089014,2588.8735875295,3278.71025285006
"243",2256.34674168859,2372.87973063787,2306.4390188399,3402.81361291134,6439.99578438818,2208.62959752781,2175.86744478867,2999.58347306024,4574.61276256277
"244",2503.07976391913,2527.34196704505,2479.30969671709,3045.93369082618,5657.66481430892,2447.74882003924,2401.93258602813,2963.88066157523,5517.06940276125
"245",2415.33320330843,2435.08289758979,2424.30496941271,2804.74077852161,3601.87210208824,2355.16968255437,2347.81545088584,2722.67494115841,3525.9413631332
"246",2491.21004124386,2499.82968213372,2495.13194529443,2864.85939145481,3990.07772636869,2433.68870666954,2429.65309512986,2811.63575917891,4138.79805820117
"247",2454.59023277763,2473.78926124796,2444.86312694289,3029.00532550923,5411.08199273625,2389.0845478543,2359.17338064436,2956.41781347551,5526.71780903607
"248",2371.74258472176,2399.94147189312,2414.16377552133,2611.19703166862,3025.56234288414,2304.65561226528,2317.33696738929,2507.04174018868,2890.76363856345
"249",2378.72868724581,2409.53540996955,2392.32621273752,2979.23291003504,4627.60344009412,2307.95649417943,2294.48867968551,2871.86294742737,4478.57013291178
"250",2370.94019561399,2373.33500987093,2395.52604500597,2571.94294715136,3034.39916315774,2307.93128736623,2333.03012167709,2505.83873123852,3006.85468820834
"251",2256.78368477309,2239.0491529946,2228.26907367085,2774.59643749191,3526.40554234297,2208.31563270444,2180.66980261593,2956.43753179725,4807.09372859674
"252",2359.74753747082,2430.21492891462,2389.49219655563,3239.79060509978,5517.55034002819,2288.63643620064,2260.42874417507,3002.00359795584,4856.16106070028
"253",2466.04545668537,2473.53476973598,2448.75397156217,3156.24079184208,5437.37931892729,2397.56012319254,2368.3476318234,3089.66256969325,5366.73418719854
"254",2323.5553997136,2340.03526331894,2319.71866345325,2797.17070209036,4364.83527783539,2274.4791900893,2252.10279665796,2746.99858186029,4525.4147639973
"255",2320.46900884405,2377.50651892061,2327.19690245496,3276.3583104391,7104.95107382474,2250.63151981651,2220.94915158786,3031.87518055946,5964.45280339547
"256",2382.12670485605,2307.06868662281,2265.47326864868,3014.40591061108,4409.16414386562,2339.83041149485,2261.2870564075,3273.27028114185,5928.32697143199
"257",2393.50417228996,2444.27214884833,2426.39637363528,3000.68745698395,5116.177907555,2330.72908730593,2317.27951350757,2849.01935679182,4716.04868729325
"258",2464.4531578883,2503.26679192269,2395.40089427068,3573.29347086516,10443.3074410114,2413.256131978,2318.40718624409,3520.98390690442,10652.9165604716
"259",2254.01040181967,2351.03208627336,2289.06644525367,3190.65909469808,6057.60251659856,2198.95922504489,2161.55694478696,2974.07372089825,5356.17983064924
"260",2375.83970401615,2396.60062423234,2381.13019456563,2832.84098592017,3847.96136337678,2323.6886372594,2308.06651020021,2767.59688930597,3933.7011928698
"261",2401.85136911699,2437.93317435654,2380.35114794171,3482.40826100363,13110.9877270554,2372.89823814246,2308.32249473532,3482.79693762694,15096.3830195608
"262",2338.83502180826,2417.5149765129,2321.84108016656,3310.86570639101,6754.92135436494,2261.72052987248,2193.56060757573,3084.21943258082,6223.21889910818
"263",2441.58124541734,2457.36525958961,2451.67803120164,2926.62319866521,4459.1724014101,2382.91025227769,2378.45441340777,2848.31015700626,4344.40298613162
"264",2514.03401494249,2473.92462435078,2381.3112232062,3690.58391255492,11338.597862306,2443.97129949837,2328.29005112224,3919.30026207825,17007.0513976159
"265",2383.51173567189,2345.077055252,2328.65239436516,2677.11383112762,3983.7727328037,2323.81038073752,2297.03900101263,2710.66583109734,4893.90686870269
"266",2439.2986937238,2467.25659465923,2469.93171306816,2900.75545018052,4559.37391373579,2350.51373403006,2358.85211514451,2772.5942967857,4442.71879525056
"267",2441.85023570403,2458.14293948224,2449.91015328995,3042.93134641685,4568.91772348328,2386.79535375342,2376.21025918653,3015.3743278263,4798.9554514266
"268",2535.25179899645,2593.26566110527,2449.31937579025,3802.127073,18658.7288038755,2460.12173663266,2337.78263121166,3681.89853453564,18972.9972835268
"269",2365.33509376538,2278.16634875822,2252.09242804571,2765.91876154101,4116.41059446586,2323.70494578135,2266.2944447074,2966.60278320393,5710.33625145369
"270",2248.73050490703,2414.03981926231,2325.35161235341,3385.62746825873,9110.01789205792,2186.99603025122,2138.27899295852,2968.85447581773,6422.96715850579
"271",2286.62382520004,2347.67400361725,2300.37762868318,3081.52423267458,7553.55749427865,2232.38371229971,2199.95839118625,2917.54875135141,6718.39283686376
"272",2337.75808742225,2374.68814117,2350.33388664559,3314.93880813717,7893.91767726193,2272.2639855701,2256.79912851317,3173.93100661857,7206.99954677619
"273",2419.78254405667,2493.25207949137,2429.19297108882,3484.46808050839,10718.654959578,2340.00278339635,2297.52865423412,3279.50240977532,9653.43294820293
"274",2443.37100675644,2497.67929950118,2412.23928155692,3943.24545279988,14047.6514732809,2373.97988400193,2309.39137854795,3732.33749984886,12910.4250000197
"275",2345.31236017875,2376.99845689843,2347.22078751154,3422.89445716692,9941.09803922779,2284.50522328466,2259.57335915959,3339.43153126861,9671.06532781796
"276",2339.6911511529,2383.36172746513,2344.28518276181,3081.34593013861,4504.24499270715,2290.33541552533,2251.00470191361,3012.70349994216,4747.48431347873
"277",2254.31789764182,2278.44306291703,2248.36622154088,3105.66790018224,6207.81948090332,2205.87540501833,2176.80396290544,3032.03093580761,6107.95780132071
"278",2488.00579603047,2489.32475395156,2485.95359668193,2827.23547224504,3473.01383806861,2425.41514899668,2434.82622931094,2762.0019537079,3498.31806741019
"279",2453.8004391499,2475.78682800641,2464.13752809831,3063.84321290912,5738.4501267238,2396.01233476549,2380.22870242986,3036.22354033443,6325.46076110712
"280",2470.41924593435,2510.06420703226,2445.6260558247,3239.23355552808,6127.1225791329,2409.00177662515,2351.88338162868,3132.04467761295,5913.62812135911
"281",2413.06815000117,2457.44263500078,2418.38855814636,3014.07526155892,4617.83611746752,2350.79390199236,2318.10040718698,2890.42657305741,4510.3420658289
"282",2408.13668687264,2465.72226511324,2444.89506354443,2907.83340068273,4768.96347889821,2348.51524505838,2325.35053610622,2785.99278103521,4490.36363451041
"283",2256.43141612443,2280.3534218974,2243.71935773099,2920.43499179659,4909.36603052385,2189.68203941717,2154.34950784672,2897.92931578866,5336.48577746705
"284",2404.70157759782,2446.21468593587,2423.60537279505,3080.69610902366,6108.55204994398,2353.6689793663,2334.97305430223,2978.54724188433,6055.76740911702
"285",2442.2921125887,2445.79965985987,2409.56046187773,3133.85664844589,5686.61825035919,2385.18670196031,2342.89185533694,3099.21909981067,6217.28532068002
"286",2497.91181878521,2577.96530792726,2504.14442943933,3507.94403665317,12631.2925953248,2432.96624367357,2376.32863000671,3294.04197442597,10848.3974339807
"287",2245.6166170354,2224.12490724436,2219.12400165472,2563.79952234458,3515.27163156345,2192.28115658038,2184.4659994512,2573.88868762945,3816.49798496928
"288",2392.09732239314,2371.47416749362,2349.28954860452,2960.9968709964,3944.67059218318,2337.77156694023,2309.38750496576,3003.95107443913,4347.19195393305
"289",2396.94898801647,2400.03350157902,2387.81913584776,2626.35842823765,2863.12848080607,2331.86376422943,2318.69959727558,2562.31381261792,2806.17922625238
"290",2295.40821534173,2297.04166808695,2273.94043910373,3065.09939028023,4833.57478492739,2223.02863722162,2197.85335581269,3060.01079587182,5231.26814867388
"291",2438.90060463713,2451.46145206474,2427.66301702639,3148.69271812763,6662.67566548987,2381.11464768349,2354.12920422516,3150.2514454437,7406.94127832824
"292",2426.1746673726,2462.26827351782,2462.33495608409,2642.11564020702,2829.64764889408,2370.39199047034,2370.8992778283,2540.06539052522,2716.62084913957
"293",2382.01984652454,2419.23120234296,2360.87603888425,3131.0620585927,6029.06895533211,2318.08278642589,2267.57113186155,3011.56049347936,5769.60996301437
"294",2438.13285038767,2466.59782224978,2474.56107387898,2769.56203780102,3617.55554810887,2378.10621384502,2390.62475942883,2674.16827170715,3557.98001506538
"295",2403.37325600414,2428.31794293097,2417.75881156187,2866.52015454515,4465.28319753305,2330.15508960601,2328.271173046,2741.46354084673,4044.08630213318
"296",2431.28145105767,2432.87078086106,2435.6284331618,2798.91202120399,3432.29389213859,2374.78029371785,2377.51378202539,2761.06959875045,3460.18362365603
"297",2262.51066705088,2342.8308598724,2272.23583568683,3612.94755227168,9723.19613265052,2214.42323188361,2162.40746463267,3486.0166549138,9823.46116082963
"298",2291.03336581997,2345.42867968866,2294.51367027875,3302.15818655855,7905.1154947791,2234.56831128541,2197.28491813909,3177.56507225318,7786.62840960984
"299",2377.10370274616,2417.72539790917,2390.39630153042,2959.45199973314,5986.65773741019,2309.21986001802,2282.42782806562,2853.82292712682,5718.08107393411
"300",2443.01703042495,2448.64539365699,2449.26327927514,2699.99922991171,3086.14038573022,2387.16126135757,2386.56419683322,2670.12316564727,3226.87514419703
"301",NA,NA,NA,NA,NA,NA,NA,NA,NA
"302",2351.27163780259,2319.43294786968,2289.85336295037,2980.69110412372,5266.29318688623,2285.68708659548,2243.03101345176,3128.65862040058,7451.08754562333
"303",2241.32083213,2280.81490510203,2252.88643662917,2866.46406146118,4256.36288001452,2185.92971655829,2161.48970640681,2769.49363249454,4135.23928559352
"304",2439.83761253669,2479.86295810723,2462.35975612022,2970.97422548328,5250.28765608237,2375.87150123605,2362.7262887332,2842.03545229071,4870.83440008806
"305",2383.40388494759,2399.79979286073,2362.42085533171,2985.50975801342,5345.18594894006,2324.3859975543,2285.98585654269,2927.84347614692,5558.71810593213
"306",2374.01747133832,2340.78779295218,2271.46989167054,3182.78292502094,7903.30204707048,2311.51241483231,2227.65678048584,3237.73721070849,8974.05749561256
"307",2407.03639444703,2478.05719053008,2422.76591532872,3209.78406460489,5597.35783423965,2354.09224932434,2316.97757169367,3029.35909730761,5033.9612606405
"308",2393.44689354197,2405.67110481619,2400.38594053066,2847.54444343585,3744.07159563989,2339.46659312462,2336.50057164802,2794.50995319748,3724.42448541312
"309",2304.88194449171,2295.67701792536,2251.199825348,2953.65788068742,4254.92419604291,2261.76454011525,2204.02514627178,3015.74407366819,4851.832008624
"310",2342.52291388396,2332.48534653753,2314.05002223668,3057.66090405825,4792.02109240056,2279.21199399544,2245.75773670819,3185.01564210694,6452.29267488384
"311",2234.75729809763,2319.22171058773,2238.61294287773,3080.38504020002,6820.13792237669,2181.60823520969,2119.73243994275,2900.26748185636,5864.26215051021
"312",2276.21144006636,2332.24877779456,2289.51124578685,3071.25508260842,7009.32223939716,2218.27893793074,2190.31644051315,2917.93188992132,6197.87589201101
"313",2643.66251555605,2668.69706087641,2626.6378219494,3222.63500862021,8018.09643571171,2552.50918767672,2506.13577926094,3115.06149827312,7723.31820960147
"314",2416.00151286161,2399.43170482545,2382.2299842337,2721.99415128393,3939.27132999467,2336.26981424762,2311.08521565158,2689.02134263973,3850.5402162684
"315",2397.29881016692,2330.32662856496,2313.02386522587,2871.63868717315,4838.43960970918,2325.53236144383,2287.68696853045,2985.29770763353,6636.02624117962
"316",2406.36139156273,2438.23124960436,2416.39153261291,2963.9071902992,4989.71007323496,2344.42584109834,2325.06735800153,2885.57795329518,4997.65620241329
"317",2429.52644648915,2466.78797099325,2477.48155651512,2694.86121428096,3160.58286037269,2367.24698239218,2377.62994919237,2585.6983552159,3020.71378895975
"318",2311.87788294226,2363.00156606712,2336.97552763698,3013.24424482399,5869.80372596668,2245.16736878829,2226.66919669022,2868.10789058643,5248.67734925928
"319",2308.46017038271,2363.76267264943,2315.89298234447,3114.67162548218,4677.84258901647,2247.83676766529,2216.60601905993,2915.20317588529,4121.18240281772
"320",2416.66506713769,2428.8306605415,2392.12360534411,3128.19109822812,6049.68727129013,2356.48402398688,2319.2536208437,3077.0406536932,6087.23517930128
"321",2294.5781927466,2270.29250161368,2240.96387131041,2930.53201164566,6012.19970326857,2230.73565390441,2198.50887606535,2950.83953397665,7100.18854561621
"322",2454.23178319568,2486.4871500737,2476.65538926567,2888.59290216555,3740.68195391155,2397.69246585677,2388.93599272495,2789.65295412143,3489.19690797219
"323",2371.3588975983,2380.4365013816,2352.92481916036,2951.58734934895,4941.38287322657,2317.14324567536,2285.24771816542,2922.15031251382,5278.04895093753
"324",2490.96355523068,2488.04768304579,2474.97245690261,2982.71656185279,4282.11770927654,2418.34952668864,2396.74305774265,2945.40786793781,4509.59688134272
"325",2488.54256356738,2588.44844724102,2484.02801161716,3712.36617618961,9148.67496248559,2449.24897149299,2369.75206939336,3544.35121642019,9115.91132526379
"326",2328.3353287504,2345.09467538009,2331.31395708747,2670.57407538356,3167.12693710424,2268.70614227593,2253.45690428096,2597.01076617485,3106.86892509921
"327",2404.41843683335,2454.15460701632,2424.95912377831,3133.45962238803,6917.96540575847,2348.47801882042,2326.90219838804,2978.95457165073,6101.0274687605
"328",2468.17000550706,2538.36317484298,2528.30130086001,3094.09945492004,5496.18048197675,2410.45435063017,2404.77309600299,2925.24355899166,4875.00506495698
"329",2446.27437678253,2438.52170703972,2429.7264843269,2759.40822977847,3449.85474236399,2375.79002067098,2363.36012960851,2727.00367147683,3602.70595789436
"330",2378.29240759786,2405.96055284996,2397.63393352109,2805.90456958693,4562.71813797641,2314.60041632718,2313.16439492995,2695.35251761669,4324.40106328081
"331",2379.09579552969,2398.51223370802,2358.00655451825,3015.6483056934,5630.12314165935,2320.56932789798,2281.18386024856,2935.69914735361,5753.91074903798
"332",2351.45934982033,2370.68886476571,2368.10794771917,2591.83335495773,3063.34761935018,2292.13625203049,2292.29107867589,2510.52083433674,2979.77951720965
"333",2473.43877610994,2504.91672794491,2459.8953342046,3506.99422025723,9087.92879734618,2407.30680379163,2359.50830578945,3468.20388849312,10308.2805645694
"334",2433.85324141131,2431.98548136079,2425.59884357982,2818.52213750047,3957.02508696007,2371.4276204834,2364.20994742949,2790.33410854909,4167.78967726558
"335",2420.33447776282,2438.09475124272,2429.38743115379,2809.02478273919,4110.57387920602,2364.70181315512,2356.06355887173,2731.16765731823,4097.77016067091
"336",2215.27644780521,2342.48422272456,2258.89691834448,3519.60017798894,8577.12664728647,2168.94717963391,2120.74012118549,3162.10171678205,6707.63803439577
"337",2475.14368277476,2462.54981193124,2387.55719361956,3413.37459898663,6903.57926853997,2438.91492647986,2340.4026290239,3593.04638124069,9496.69796201665
"338",2389.89436985247,2428.65908684363,2423.16467527766,2684.48606054529,3148.34180223288,2334.80718088887,2332.07356541079,2582.08937919007,2994.02308424246
"339",2448.29719302547,2477.18853115655,2447.04347600567,3172.3510772152,4906.21774154825,2394.02900527678,2365.82669791831,3101.35808386147,5061.9238961182
"340",2468.47829152664,2492.24672763536,2495.56602030468,2775.24754091815,3435.00286061365,2404.48064972305,2401.52092046895,2689.37385667823,3300.99052114258
"341",2280.69394945304,2343.1614873632,2296.90017485172,2982.62751548042,4786.36338441786,2258.13209323268,2209.85183008408,2895.16878554472,4609.57763684736
"342",2381.8356718841,2421.40118159677,2383.39360563596,3079.22844516134,5395.99824951127,2327.195396344,2288.52513967236,3000.137786237,5288.17366161103
"343",2368.55779941562,2374.67945261251,2367.75405025767,2636.80284697099,2850.41110198723,2322.2979661679,2313.7186329524,2582.49659411319,2831.7089828594
"344",2308.84783914181,2335.49810653083,2296.88475011948,3257.20829359929,5808.37786695669,2260.51067449564,2218.97166468655,3333.36914938571,6925.14594223269
"345",2349.97251043146,2381.8615173713,2336.76401637868,2924.64180104632,4396.01729240046,2282.03583239072,2242.2757112696,2835.73810358368,4632.55999637367
"346",2327.24886317231,2352.98744505712,2355.90861390024,2618.2357530855,3044.46341261876,2271.98782656648,2274.57501318344,2530.6879035579,2984.00577048184
"347",2251.77128929013,2293.63463623397,2217.64069740424,3579.21047003697,12889.8842973926,2192.03663209927,2125.89322855586,3544.60833540931,13092.8277376162
"348",2450.20843390091,2446.95363302221,2425.05116888634,2895.77396877028,3622.94931967334,2390.71009535871,2362.87498372222,2882.77359941731,3803.95032550715
"349",2410.93021326737,2453.10625903546,2444.52009396396,2874.1324914993,4887.2840439537,2350.94079840358,2345.49536582829,2753.77360040318,4574.95604579391
"350",2692.84975672416,2620.19199940833,2519.43631835961,3737.41992558813,13863.1784230597,2658.99057796318,2504.13281284854,4043.71105590908,26870.3464125747
"351",2452.47724397643,2526.36298175547,2477.74634039544,3221.51591301823,5809.92672446844,2399.76232970744,2356.46790071912,3080.38745704062,5500.95018314262
"352",2459.65884934207,2473.60499175919,2465.27393886099,2977.86678331191,4046.45965137022,2404.30988480617,2395.33588219063,2927.39498013999,4069.68567603597
"353",2462.91671437577,2488.46715549307,2467.13365172509,3154.81630836613,6849.66989287454,2392.37591478795,2374.23680253789,3039.76265882519,6782.33887281338
"354",2292.09797300114,2292.32379405825,2274.68867632116,2890.47420945016,5270.42973563955,2250.83576414427,2225.0234649652,2942.43759876624,6315.79302898498
"355",2496.88996842065,2512.20054768853,2486.99189493223,3332.34374221538,8626.83460466788,2442.98128568791,2416.3232508454,3302.03942665189,9015.56999560287
"356",2417.78123487232,2417.03420770125,2415.43842213423,2751.24720185518,3469.42609987825,2358.67358788445,2355.56337504842,2717.24030193465,3607.44312964571
"357",2462.33748886088,2484.78397574345,2469.20687583482,2831.5416515174,3510.6030778926,2393.49042459638,2378.55514462429,2734.33405291164,3369.2102337918
"358",2456.49375734329,2530.32163193816,2405.25737061381,3508.81077653189,9370.4648669828,2393.34843553977,2297.42509886902,3278.08031402972,7505.82587173875
"359",2431.01976800786,2450.88192924822,2425.13054613388,2832.87340411076,3630.7254480658,2372.36801091855,2348.23917340441,2760.38175378917,3624.89041994283
"360",2517.21425418655,2466.27694070782,2464.48772907665,2851.38521104926,4538.70346809359,2454.76048935403,2448.31394184684,2911.59949359698,5782.37908749138
"361",2363.89397711163,2366.70041673734,2344.56265689084,2732.38786811797,3588.95081289841,2298.21131803154,2269.38506345441,2695.26919962509,3735.61880274025
"362",2500.32039811577,2533.83316665301,2525.3898151852,3040.02633015833,3951.55964917095,2443.48106922398,2437.2962174486,2944.96348026362,3755.93793134597
"363",2433.85096514398,2463.06971739681,2437.09105909449,3052.89508534894,6164.48768474985,2365.27434272011,2345.34460621921,2933.06347020323,5887.53117743876
"364",2388.28522911558,2453.50574664891,2422.01485161464,3033.02347725508,5353.67295190274,2340.08561589456,2317.8432574601,2872.72637011215,4837.73256859141
"365",2356.07710885639,2371.76312357792,2355.6431453594,2886.9700472811,4696.96230147327,2297.70515525628,2280.57450773516,2819.07268446587,4754.4063762576
"366",2303.03495121962,2322.34800873103,2291.92235513059,3007.07877784358,8093.22209459883,2235.26401085298,2208.82097067894,2905.03440534143,7698.55408673579
"367",2404.04318039055,2426.95520249641,2417.35237264223,3078.23847536861,7076.1375541169,2347.16071458168,2336.62736538733,3025.76214717431,7534.3054261042
"368",2421.2656793469,2445.71848058956,2460.49837365602,2664.95685613337,3184.08106998393,2359.53196866616,2373.32510331801,2575.39555468071,3077.35437905481
"369",2339.83129188947,2363.86538801871,2362.20432899759,2660.73706727306,3034.58844269951,2280.03299015514,2278.54286880371,2564.93420802111,2878.14260987883
"370",2248.96697926979,2301.28029721757,2263.17497286464,3114.67225388917,7425.2356817529,2176.77993514329,2149.59097501866,2931.83474984014,6371.23884302804
"371",2350.57702646859,2386.16822189876,2379.97754953535,2905.89503617461,3517.01213939372,2298.19616922064,2291.25842086871,2776.68184632273,3326.17497567371
"372",2395.6041689082,2410.31146539056,2412.1890833006,2802.34474797477,3867.10897607473,2333.9052411526,2335.852816287,2728.91873186692,3863.54655135722
"373",2344.92638410446,2437.62959701761,2391.78241051766,3567.63401138023,9680.71258807803,2290.19855701169,2266.00678649714,3284.11706258516,7780.13899277022
"374",2289.64551538647,2320.70706415386,2286.05614612645,2936.74933961665,4548.1694707551,2233.1466705781,2200.30753961003,2870.40980097104,4593.98504560516
"375",2496.24102171016,2614.79575988035,2523.2688624218,3318.53330326913,5346.00112195764,2424.77247072961,2373.39458930864,3054.25751864604,4836.51136858741
"376",2384.4529210878,2421.78453781024,2416.8193947988,2698.27898071631,3202.93791885671,2323.85252569624,2322.71897235286,2587.64136793793,3063.07821453867
"377",2409.44163736884,2463.71411353795,2382.41251475608,3459.26402436198,8047.28194743381,2340.02598182453,2280.44383433296,3302.68978542795,7433.02845322251
"378",2471.7451491726,2487.06200160568,2510.15323107637,2762.00252576428,3444.86943963212,2409.33473724946,2433.93357833145,2691.14147551464,3433.25040680821
"379",2430.01390860627,2486.32788908738,2454.84953591253,3432.49695338184,8101.98573185762,2377.99508955728,2352.97435047827,3324.00569875209,7846.20634758507
"380",2445.01554064245,2465.84970003374,2472.92816651653,2850.1339806052,3254.93445742762,2378.43659798824,2390.68864984339,2737.3879644683,3149.54625982693
"381",2310.87014093739,2369.27622488377,2346.0420778112,3283.64968033161,6665.41700144341,2253.38776545049,2241.53927095518,3088.29493655036,5782.75620322953
"382",2299.06818729773,2365.77903032521,2320.34246529722,3056.38314561715,5059.67150900807,2238.6280349132,2209.03532236506,2853.23085789014,4377.10602301036
"383",2377.3054416018,2453.5000410683,2393.64501553107,3416.19485844002,5944.72613412441,2295.39676895513,2260.33900493073,3156.12264622523,5174.91985595612
"384",2421.85274003124,2443.83315995945,2438.81139350914,2750.40143076828,3360.79735979089,2360.31012833449,2356.30911781013,2657.45042679445,3256.59954338381
"385",2354.30177158617,2393.76319115778,2384.3542480227,2937.56112290117,4858.70597028178,2298.63367857132,2292.71943609757,2832.68901038089,4607.76032255512
"386",2449.20268422859,2458.97433765294,2460.16703192063,2741.91837407432,3114.53128872782,2399.2311229029,2399.07650472779,2688.72519099182,3146.12589962335
"387",2350.38981646693,2438.32831671407,2373.55190058138,3377.67692312372,9732.99614311507,2283.28486233875,2238.9172454653,3170.52225676818,8574.64428992223
"388",2329.84654919193,2336.11506408992,2294.78641144133,3515.71181354546,11527.6735311408,2280.80288062779,2241.74769994009,3562.16169339031,13301.5258386923
"389",2452.58119068595,2490.84655777341,2461.6482065254,3107.6638437548,6549.2858004305,2386.18668498472,2362.4539512691,2994.41770613096,6068.52710041258
"390",2416.60686565915,2428.14343406219,2425.20827292644,2829.87091364786,4551.37834413247,2360.18990193277,2356.35220078282,2771.28658396348,4716.43006374024
"391",2434.24953813703,2466.36559421827,2434.80881806711,3322.25959076021,7545.63133358795,2370.05127710426,2344.12531046732,3234.99343442175,7641.97706852395
"392",2325.68627312789,2354.78893454103,2304.69442023106,3032.39541418328,6340.61882046255,2264.81976454351,2223.99290387992,2926.73990078101,6249.51239067175
"393",2409.26829233074,2431.12388516147,2441.91585797746,2756.92145820727,4081.54923426289,2347.5609012636,2360.32184739671,2676.1816676038,4082.0851733403
"394",2438.51776556075,2455.18191352452,2452.67542576665,2837.89438001327,3559.17553570072,2381.63477369319,2377.14224266063,2800.75119554088,3692.32155639596
"395",2288.63883425771,2294.99119896499,2288.35207806789,2810.43340068526,3554.92345717715,2240.91010745651,2229.95322012306,2800.116528933,3863.57335676819
"396",2432.37156673475,2462.02531047164,2413.74506632428,2843.0827641634,3387.18149373382,2359.3748399935,2322.74704118892,2710.79927258253,3223.77144855731
"397",2412.85959419145,2433.7555671952,2438.07288390983,2632.47207541813,2839.52131832213,2350.14431004611,2352.92680601919,2547.61194036949,2746.50469240736
"398",2414.43752920848,2464.17778365396,2437.35717430881,3048.49957006784,5496.89473214255,2345.50025366603,2319.77470865331,2918.49758060487,5093.51225253571
"399",2387.36707721893,2364.42918608475,2359.1141585442,2742.51940450139,3278.7574856033,2326.25216655023,2311.0648688811,2757.92387825242,3564.38086891477
"400",2412.12906832508,2446.62508327045,2439.22631633953,2833.62201644288,3925.63137771556,2358.70097773282,2355.87034390347,2720.92626632595,3775.20583846158
"401",2273.31367550062,2309.62595960227,2249.1821853048,3160.6917327895,8157.01070249858,2231.62876711547,2170.69172590032,3119.45222425584,8671.95906115607
"402",2377.24132809634,2446.72754427872,2418.77743400597,2834.62165026171,3837.14931800188,2313.06731532476,2291.80817036399,2656.77312875963,3407.13476647975
"403",2432.22560230061,2427.20028259363,2422.08333884811,2753.65306033444,3403.26475222063,2383.92561648649,2378.35287551203,2745.24564734122,3593.68378383349
"404",2236.09037587244,2283.06462196757,2235.65632706711,2916.63593520611,6397.91169877456,2186.14478429602,2147.01058670664,2802.14076137325,5897.84989818092
"405",2461.29204016719,2480.00806464893,2455.61044823228,3014.66395322976,4188.45550517404,2393.50743032831,2370.37857150415,2933.389960834,4095.19253312294
"406",2428.14919201,2374.6966423752,2335.58462085985,2975.48864377228,7328.90012849087,2348.04101747413,2294.16213673803,3056.45736968532,8838.30286324434
"407",2374.46884529381,2398.13416549138,2391.80215273689,2736.07741971253,3734.10000642114,2312.54070307653,2308.01358826424,2651.90009553334,3706.33993281441
"408",2375.3637014373,2294.26933907787,2290.76817106392,2576.82263973901,3207.99039631313,2322.42421416665,2303.98246443827,2697.39361186879,4190.4635170726
"409",2374.00409812634,2379.57617442663,2329.56159803653,3076.23258641111,5946.3214587617,2307.27544056533,2260.23031525701,3029.22547627839,6212.85552252714
"410",2368.72981961835,2399.9781838196,2373.40252064264,2988.24700240784,4114.89404949159,2331.68698372614,2306.99079414263,2949.93247188562,4328.14127462795
"411",2415.67055609418,2426.33441314802,2418.80589129671,2844.12672211917,3459.03110346579,2347.20165012368,2338.16577637718,2795.89955311884,3552.0473763689
"412",2444.24525616648,2469.11437490089,2412.40181579509,3088.23068975106,5331.46317103582,2374.5770464217,2326.42486685587,3000.31888955307,5364.76963960075
"413",2418.53499998096,2457.79916179961,2469.74763070836,2772.97417653366,3141.99497295572,2370.52236778135,2384.21704856152,2674.21919244577,3087.92071976743
"414",2429.28414694838,2477.19312983356,2474.43040125769,3018.08772366449,5827.05835284125,2380.09231340321,2378.14655072996,2908.55720889548,5632.80376597372
"415",2408.49753418616,2445.13750118465,2428.28318562706,3042.12947569965,4389.52767001875,2349.88443046928,2332.67240337287,2969.41489019118,4498.74371836305
"416",2444.38700921734,2480.21422394971,2492.30814980556,2735.69668196885,3227.61451951497,2379.24173675955,2390.85542428375,2612.73370272614,3041.41091993061
"417",2483.20938514312,2519.62623915167,2474.30384902722,3302.18919958863,11655.1204498882,2429.29570701849,2390.89512807333,3191.94550738602,11427.0620535234
"418",2259.10799242127,2308.85029161456,2286.0396917191,3255.29668382806,5448.03855772414,2206.50786015279,2193.37711435681,3087.3173637833,4980.74345656147
"419",2288.70938575314,2396.20610248599,2318.96676359246,3132.43146344689,4178.46959299841,2254.32124488705,2198.11358488194,2919.77498596258,3829.28701194968
"420",2311.69204762234,2290.21424297721,2294.22316830914,2604.4297231915,2999.67936259642,2255.95171907273,2257.13146010414,2703.06270553066,3627.85231792247
"421",2409.19241376907,2434.15369467501,2333.24205659142,3411.19844392905,9155.7316396649,2351.30119097978,2246.88877692663,3384.08659703311,9559.44602789808
"422",2382.65115722387,2392.53325808682,2366.20273237705,2989.29038416738,4627.08803970232,2321.24368051106,2294.60596457032,2924.0842511991,4673.29728821168
"423",2341.56215249934,2359.88572845515,2299.67255920787,3444.70761255682,10859.4901584631,2260.1821141916,2208.2219165007,3321.00532079984,9731.52386421137
"424",2183.70121579221,2228.75895244865,2195.89019723217,2798.3533930345,3770.52168386526,2132.16970058655,2102.60228232113,2673.76854941808,3608.3124061019
"425",2389.84060169304,2408.77858345507,2366.26505333132,2778.01996384686,3349.79635152264,2339.77288392202,2295.4059907843,2729.67642022742,3381.44972480292
"426",2380.72963066011,2412.22796357906,2355.26782550541,3116.27058300995,7527.05006814949,2317.75356252009,2264.74361642653,3039.71605284248,7597.07490555947
"427",2351.00194053013,2377.83311113263,2368.42678782362,2870.16483665264,4683.80920875117,2298.03858643496,2294.15425970344,2790.45181245031,4800.38322741303
"428",2412.52132854455,2433.40675071711,2357.73866211338,4007.88677207781,20740.5711528894,2347.12614170815,2276.56431220838,4085.12491027367,24035.5712590726
"429",2305.25685052782,2346.94928429825,2327.9674112175,2711.08513420291,3156.7474614431,2245.52327733103,2234.2733759342,2564.28951306556,2923.51567083943
"430",2350.40021918899,2356.54235152433,2329.85031528294,3099.32808470163,4653.64827745468,2302.67626303841,2268.36760768468,3175.8597154128,5518.859794585
"431",2334.49105347811,2354.95385847909,2302.45131439003,3194.83641087831,6983.49972279944,2276.57440390974,2221.68095556099,3159.55471527648,7357.0658532672
"432",2480.23021831724,2485.49909186172,2409.81795109209,3141.42578267271,5340.55593821858,2414.89017819386,2346.52960303663,3060.67459996484,5243.54516204026
"433",2220.24722473843,2326.41719174517,2268.78824627724,3672.71756596125,13823.6652169064,2167.80503748693,2139.84067602754,3284.49850664037,9761.69682888858
"434",2392.86400069568,2432.10640200811,2394.64743169763,3266.82888996152,8203.73554347317,2343.08426110626,2307.97074465418,3182.26883180296,8152.27029431542
"435",2340.75157987988,2322.79141256623,2307.09378735582,2945.51476657858,3762.45032681683,2318.46570471366,2280.8778511771,3054.57322009603,4279.28104979853
"436",2331.71279065704,2402.34097373593,2349.01916089235,2851.93705620704,5071.49856362112,2265.96520591605,2228.03947232686,2690.88680553239,4489.74897190472
"437",2446.7412575302,2453.79004564091,2437.90136703178,2997.66181874715,4356.38857415643,2380.13499446468,2365.0629168923,2929.71992646138,4434.6417846922
"438",2374.77196728151,2412.44795930305,2402.61068170387,3071.68218870089,5031.84799598273,2311.06460868197,2306.78638658445,2949.0895793587,5076.14025360047
"439",2403.21600319138,2461.54931901509,2436.28598063293,2948.69265380816,4611.5877108327,2337.93700377994,2318.74382528689,2773.65593664097,4030.14629948817
"440",2196.33577692895,2194.45398304546,2131.6641525638,2823.27215039049,5331.65427178557,2153.33609867285,2078.1079464841,2832.67834435664,5555.91850205745
"441",2209.13685032417,2281.2306376077,2226.41891963783,2923.81147016656,4239.22149712495,2158.91635056888,2118.40821255243,2748.69137301954,3844.8242628453
"442",2430.93708877515,2441.76151317092,2406.46850694349,3036.98447926331,5154.80576358672,2376.70720370878,2338.89643478492,2997.96636281352,5484.22098184354
"443",2331.92615966143,2358.680046792,2317.00045238993,3518.38704665827,16345.261729644,2278.05363980153,2239.31014642684,3491.32282320333,NA
"444",2531.45385852923,2626.17533055888,2503.54942545961,3564.99178561627,5775.85340294891,2482.64768819198,2384.71560116732,3395.35248231362,5438.94855085592
"445",2374.67835498962,2439.03186568834,2415.46984597723,3064.73641817064,5513.16328937285,2324.24518121929,2308.12908022546,2920.15962747025,5028.50784174202
"446",2433.37651091792,2449.45068021045,2448.50983100536,2692.56435291732,3015.18914248894,2378.04691564983,2375.2731974115,2637.69480756978,3024.53698789931
"447",2358.42088996857,2391.48985799869,2343.59710606887,3024.41354701595,5060.27361811477,2312.60069399635,2271.94984821931,2916.00510759423,4790.45569816172
"448",2461.40046287293,2496.34297615896,2535.53360199737,2722.16003494376,3097.63880398897,2398.613168226,2438.05564020315,2614.11257232596,2954.5288314375
"449",2249.12653836596,2275.82568574723,2253.79465450297,2746.53355283102,3681.88948125947,2180.57323126973,2163.66823280752,2627.29012618034,3345.67894266692
"450",2406.8070895537,2430.75923905834,2422.03436049448,2809.01515142116,5130.05373496203,2363.99923174711,2351.79357077692,2754.52963315734,5392.91807622868
"451",2452.20080818214,2487.09446126136,2482.28303097714,2874.4346027683,3518.96108599185,2392.59360984579,2397.34184043015,2759.25402365164,3364.17142926921
"452",2417.6146401172,2429.63259101688,2411.53184376619,2857.70388287678,4376.16565819502,2358.71469515252,2338.81351440771,2802.54944848368,4439.446475134
"453",2407.02210861176,2376.36889388943,2348.52420021354,2924.74673565283,4293.96220084005,2356.55907424283,2313.88523606383,3011.39585749394,5241.64689248177
"454",2440.31455071279,2459.74508188412,2454.60056075548,2761.24508840779,3113.58463942936,2386.39464740813,2382.24562738854,2682.48472004559,3057.36140106242
"455",2443.95391345937,2449.39725513048,2456.58412760847,2724.24896358937,3703.80521146714,2379.90915085822,2382.97901555972,2654.77203393996,3646.56111978351
"456",2402.06335397352,2419.48695703884,2406.14670034157,2921.83055604423,4550.14102900409,2350.3106707011,2330.65884952011,2895.28991857141,4831.51000893701
"457",2379.10046095413,2418.08102416588,2395.84988084548,3298.72168425253,7395.86711121783,2324.84949559632,2309.5002411244,3133.91739336504,6768.69585273658
"458",2351.00896362083,2393.47234090852,2361.02694253312,2689.66615816485,3095.66574856686,2288.71288527049,2266.44956732659,2564.30548137529,2926.57300973237
"459",2265.88428419056,2319.68761534252,2265.20667924161,3383.79910039886,7849.81672054398,2208.1170170384,2170.97217766795,3172.23629678563,6596.28518374875
"460",2349.99279438449,2403.86094171904,2401.40270779865,2822.3445421587,4739.39237896561,2282.40954318148,2282.64505949697,2672.80016252597,4335.48089003061
"461",2391.01579793178,2422.88575696142,2389.3959689136,2990.88133622979,4631.1566504821,2313.82024708832,2287.67650334322,2876.12461575204,4476.11604178852
"462",2392.91178617925,2409.70261085389,2399.72974382068,2972.75733680153,5235.1131285726,2334.8724837992,2324.94145993188,2886.02767898691,5138.0020814343
"463",2440.92212596065,2607.28830181985,2498.46336398797,3550.1306182034,10052.4154291802,2392.61000528794,2314.20791001143,3242.78165436606,7950.21500884693
"464",2600.83427178947,2695.65851096305,2569.12547182065,3570.14083602523,6835.30735148267,2548.91109960244,2424.89060047394,3496.45593903097,7138.9590313057
"465",2226.00964031187,2268.54092793114,2218.03818450849,3044.12996913413,6264.30306954702,2158.69229152325,2108.08790836005,2958.83347564224,6174.72467541382
"466",2532.67742383553,2536.30510700553,2487.08774070328,3290.00821166929,9181.96860169642,2472.98846181601,2420.36928369911,3261.4748935333,9885.62703806078
"467",2453.9599153639,2528.40103074452,2503.88152673473,3189.91835891502,4388.39856140141,2390.19609464385,2375.76767811055,2964.46709854081,3885.3651920265
"468",2376.64100003111,2401.71214256289,2406.36102976397,2630.7183252889,2825.04652393066,2318.14048976632,2322.58646513743,2541.94743819265,2731.44735055165
"469",2459.49379528253,2544.64898759483,2522.18104204193,3083.02337966434,5729.18548756366,2404.80212617126,2391.08900198982,2909.7398986244,5067.91357251356
"470",2407.39050602897,2438.88032585338,2411.36581527842,3039.86187487514,4691.89787316031,2355.26351412573,2327.4272403634,2958.30338238945,4561.08057920877
"471",2389.40185775085,2402.51953330284,2326.80741113053,3567.99583752666,6463.89456869808,2307.85218707603,2239.43013324643,3485.93647888965,6961.5942812838
"472",2383.16731171097,2434.96091520741,2434.82743561833,2839.0516784977,4712.62128255373,2324.8557850882,2324.26195857269,2699.57545849152,4271.6781547473
"473",2403.41365206716,2426.35158197461,2403.85053294398,3012.53796693579,5207.94079879192,2351.2318119967,2327.82741588843,2975.14899878525,5442.41474804938
"474",2338.7665625353,2399.60104940998,2363.87110124619,3145.0262822845,4753.62861419931,2277.49101458487,2251.24768160537,2989.42760505977,4349.23720770502
"475",2492.23669054405,2503.54608990287,2486.29079166098,2853.35255909367,3568.34041353354,2432.33375067103,2412.72129049044,2792.50454757641,3571.53649282887
"476",2368.32070885844,2369.69050958562,2322.18903354143,3323.93888332815,8400.28402318214,2291.79330777382,2242.25039578764,3362.54379069975,10009.6202422437
"477",2379.5418197232,2399.11948138418,2348.4135718656,3078.65043575198,6045.23873856308,2318.04848932714,2267.20785968865,3031.03860791261,6533.20744258252
"478",2351.80715568377,2345.50996356602,2293.25894879008,3188.86629354141,6027.76757661895,2308.1601568428,2243.0961904636,3226.11371689367,6806.06360249299
"479",2418.44227788529,2438.73452035832,2435.43205950936,2778.24836310471,3998.06139879805,2366.26125445978,2360.75583712535,2725.62995918785,4204.30497379877
"480",2219.76012091818,2248.78633868192,2222.33230110458,2720.69016197051,3757.6181559561,2168.55492481824,2146.80918586455,2618.7801666752,3559.56048067948
"481",2397.30531255671,2406.40871202417,2395.58947278125,2894.82366887223,4846.12877444081,2339.8444231859,2324.86332091201,2859.65294134928,5126.15395628584
"482",2504.56634832148,2507.94623170379,2505.45305435891,2806.27601563348,3428.86156892315,2448.06752672908,2444.11926094504,2763.4690474434,3533.13467512497
"483",2414.48774082629,2441.0789948683,2429.08981476875,2888.18513799095,3872.48736257173,2343.05532723525,2334.9899862623,2781.9876154,3740.29383834386
"484",2304.5585625267,2279.22418953243,2162.81568194211,3066.82417198277,4315.22358321852,2294.67043910519,2140.84224096496,3179.79339057398,5453.473785347
"485",2274.1516131285,2289.74775164907,2228.153735847,3025.48089463233,5094.53602792185,2229.9437452487,2171.78092334312,3020.65112973389,5766.93218914017
"486",2284.00762641203,2326.71283689574,2323.64805227055,2733.06111934582,3598.0534270454,2224.94293930021,2224.94405859364,2601.31067094791,3358.54966947962
"487",2340.44183553232,2366.89580516641,2339.26485754001,2880.49873318639,4354.02011713883,2285.28670054366,2258.06518084637,2789.8753961864,4187.33852224633
"488",2331.74567246466,2332.1394214682,2336.66657666874,2602.06179751383,3595.75054233102,2284.18348160141,2285.13966510678,2570.91245276969,3813.50760930855
"489",2426.52744332487,2451.84465824153,2442.15649038675,2768.95616091924,3706.14598062344,2377.77478160821,2372.51256803031,2681.32285397558,3597.80033766654
"490",2339.02695417274,2344.73454207485,2335.17682627257,2705.60109945859,4022.38844867355,2280.18914737128,2269.15243544782,2658.01864092575,4207.38513540482
"491",2352.05763264727,2343.46762962147,2336.51964417131,2694.82167620002,3668.70172103001,2293.38584146527,2281.69813012614,2698.40478263288,4154.85292201328
"492",2507.04856060608,2533.6247353721,2491.00408015288,3140.16764716984,4696.82294484254,2479.63001711144,2422.90440982015,3147.98869303757,5027.05940201332
"493",2427.00460068712,2459.34810292504,2442.09073191238,2925.25461801892,4728.60971419279,2369.27235868392,2354.54980050638,2829.54267138312,4595.51866540095
"494",2350.52355238027,2373.80597222024,2327.22450625664,3764.77456862366,13685.8056755468,2283.43188675,2243.36351594261,3820.8201841367,16658.322416517
"495",2453.227406889,2455.73435575981,2456.64521010464,2824.84101278517,3957.06506090781,2398.16781790236,2393.25158366651,2810.14793349721,4407.60191187716
"496",2393.63581958617,2409.95628481979,2419.01305515153,2677.4241774799,3339.43290221867,2333.3706990712,2345.59297612476,2588.79279796316,3215.62232089719
"497",2342.1392225104,2379.25338466748,2339.33983081338,3035.9918768673,3786.71825825428,2285.05771702723,2246.7443933998,2964.6009981019,3906.43985602215
"498",2289.95298059713,2332.90000821245,2298.44153862068,3168.24866602214,6674.89894138697,2242.60877015295,2205.20404771476,3101.74938107432,7109.3744712384
"499",2377.59300075475,2375.24579406344,2376.21331513808,2661.18284948412,3406.60434765655,2330.47791485568,2326.34904952117,2657.80204702013,3767.42834771141
"500",2471.89840369446,2510.71224723765,2419.99582559037,3705.95998869548,9765.48478185695,2406.80505293037,2315.12756053189,3684.53480876107,11433.3167851852
