"","correct_data","oiztnegbin_split","Hurdleztnegbin_split","ztoinegbin_split","ztHurdlenegbin_split","oiztnegbin_combined","Hurdleztnegbin_combined","ztoinegbin_combined","ztHurdlenegbin_combined"
"1",2702.61700826615,2979.29216770277,2916.57226715403,115663578852.491,12414397195.8472,2653.03894794575,2620.66671329018,65873131.5403448,14045360500.1079
"2",2569.64785417367,3118.92577089872,2896.68196719027,6559.05070774808,16509.9673838723,2485.53187464718,79481671.8824248,4023.99225519389,8611.54004540719
"3",3398.03192188463,5828.27180670342,5021.4526394745,19567.5069929329,56016.9061558875,3400.52647915627,3184.27414356425,8325.9084245767,22262.232599093
"4",3593.05722544721,4312.64651057216,4676.94251718089,7197.75827150692,34587.3273285503,3677.73205035542,3869.67074490228,5942.66066660624,29886.8254710355
"5",2745.21571400178,3106.81006766955,2934.93297350714,6186.39336146555,26814.7646082844,2673.58388250372,2611.18627729718,4813.47159023453,14430.3580636101
"6",2725.8522479329,2891.0873737385,2786.80861235666,4512.4619571689,1634105065249.63,2668.98667705832,2588.75914342436,4085.31066345124,11067.9164225833
"7",3416.64250234357,4587.10857196445,67703562857.4444,10557.7927546748,24280.9061825424,3234.61347896856,27383062952599.1,6641.02279028276,14581.282122379
"8",2767.34300484206,3033.53101448651,2994.61238889659,4688.47208505561,614304571.521501,2707.33385025063,2691.84061973908,3910.3777991899,7449.96511971243
"9",2672.16602280642,2859.3349638594,2813.93224118196,4508.94563064042,8356.35330025856,2588.88004013081,2552.72912641058,3926.76664505604,8144.65723230601
"10",2720.47426641548,2939.60535134203,2929.83492910926,4494.37827582891,7842.0459089874,2652.52145090226,2642.95966359482,3833.77940898285,5941.44310688912
"11",2846.86290592298,3151.30631058728,3122.26578526555,913915020.587897,10871.5086196431,2786.7060963269,2761.65251265106,4432281.18370822,8098.02461921908
"12",2589.12816689189,2812.65098239284,2739.3528550177,5522.25415840608,26993.249942262,2531.76485824585,2478.10445970077,4672.66187737976,14802.6583088696
"13",2921.07987386387,3099.10154131639,3213.92580401444,4161.50198115533,12345.8206833566,2896.80638250574,2964.25513265112,2180293419.77867,13736.5553334022
"14",2779.69774449497,3200.27955369764,3171.53457796134,5243.13098378213,9162.79576095978,2708.40593857893,2702.82396144849,4028.72213138843,6192.49790100766
"15",2668.89838714543,2857.72806825407,2827.81531865338,4178.59110654156,NA,2606.16720867718,2579.11559436805,3723.11549508654,865197792322.376
"16",2586.36794582724,3028.16835601499,2870.52018278721,5014.90764231784,8585.74250929165,2524.56351636029,2481.89096760802,3710.20443730775,5493.24353419601
"17",2609.50191863538,2871.59460391063,2817.54982279941,5972.95976434985,27426.515689809,2565.88529006951,2530.92696097184,4878.03685903159,18556.9736418304
"18",2655.90826051006,2734.58736692334,2675.68510597918,4145.35363821602,6739.77427397754,2565.52916332223,2536.47657566491,3861.98154028246,6230.81126265714
"19",2784.19462270655,3058.96480860188,3009.28878783985,4850281964.63576,9163.97943250214,2705.70036437566,2672.55818106946,3920.9022986228,7160.20730946072
"20",3416.56348077781,4950.66732097631,62427400.7664977,9258.44573633057,76425.5379177814,3399.79730037547,3645.99173306046,6241.04019741771,65665540528.2207
"21",2548.58030708567,2834.68341857544,2875.28898049885,3928.84317427454,5735.22543705137,2495.14695920051,2519.32134160689,3160.86141227375,4090.3492889162
"22",2595.9202733309,2763.34364828206,2750.45187793014,3991.40957595698,1048665094.82874,2528.05629119275,2526.02428286555,3444.44714449703,5172.89486642254
"23",2490.82343625392,2632.93979198754,2548.88298857016,4290.16611033653,8231.32110380748,2463.93680827018,2386.62826492532,4074.32204665571,8705.03386680828
"24",2875.04046266492,3016.69951638161,3076.59941918805,4867.25999684384,64809151118.6604,2787.49610944438,479112380737.44,8250845.77912994,10590.6918266579
"25",2610.0757933742,2794.91137034246,2657.129170357,203775682.882449,64025.6025703089,2537.16394569952,2465.20987515461,291777229.578489,41247.7184605993
"26",2972.43873806959,3488.09665477002,28729983763625432,6228.6784618314,26127551.713997,2813.76616561516,2852.94266129128,4293.41239317204,7763.18739210549
"27",2759.94839653981,3127.13960034658,2898066105867.24,146004286.394253,17061.421924577,2657.87540053839,18102646743037.1,137909397.567835,9745.7597945041
"28",2576.12103443866,2758.78068869527,NA,3936.68581040841,6180.6228362971,2516.37748737303,2502.26798843522,3357.38302469025,4962.25086097721
"29",3065.50957012581,3211.14689776421,3100.1325790231,4611.46047323776,6691.47835537861,2875.96624667609,2849.0086171486,3992.52649697224,5809.32621503921
"30",2516.20003110622,2572.831236492,2558.13238554394,3220.05677683198,4396.30855442885,2448.32384278602,2436.50764133176,3014.90497927995,3968.30173023216
"31",2626.16262792347,2683.0437521787,2664.24068037195,3322.85083781118,4489.770888135,2554.54269697799,2535.69322340843,3193.58823858028,4388.22360218754
"32",3024.93874695169,3183.14715009508,3173.48563075184,5167.50755024047,13232.0591952199,2946.09967400804,2881.52318319114,4922.3043814357,11845.613060274
"33",2781.53677394156,3435.83082111628,3365.10802555842,7371.69360824328,NA,2691.24864609901,1165504336.37845,5145.66786598022,17363.211134573
"34",2745.66420646338,3033.35876395023,2923.26030116467,5311.07600778014,13289.743847705,2679.13160474231,2624.3627924111,4413.18507450136,9575.19839151951
"35",2674.49498127311,3231.3677443413,132683069.920929,5689.17166971765,10357.2500455933,2569.53597406877,2563.07432229419,3686.05234482493,5202.77241461883
"36",2537.24851436403,2744.37593706062,2681.07289313959,4191.8024575753,6989.14799565345,2488.68381386022,2485.72178866291,3599.50987151197,5576.9982729282
"37",2757.49753546087,3843.40322115595,3417.57611399957,4719196307830.38,17315.9216938524,2727.46142945922,2652.68884554797,4361.39259106577,8369.92201665695
"38",2775.93343861782,3087.87188380608,3063.83491244054,4197.44711989985,8767.08419069498,2720.84987962028,2689.39931115141,3587.24388912204,100135289.347811
"39",2573.93384094546,2896.36755448761,2934.04322635147,4522.82387475456,9595.18378126589,2496.41269224651,2508.08991042363,3581.7874833731,6148.2989760996
"40",2602.83554681694,2716.28450773399,1387552858.05777,4208.33429916243,10099.9382539426,2556.92714916534,2504.03413823638,4002.92402733552,10223.4356378935
"41",2479.84982735323,2754.40104472643,156754600529.852,4825.54734899275,17243.1164653223,2438.05831986657,NA,3866.17668256495,9495.28902409138
"42",2688.26196856831,2891.65767013289,36314357.4700056,4714.78690069375,19657.6912430381,2619.10197610886,45972452433.0873,4061.59771382299,16079.3904087954
"43",2622.51526011682,3489.82961609896,3046.40308133131,138693568.103208,112845964147.118,2531.62916335219,2463.73466054272,5156.53411730345,3877412091.21138
"44",2620.60004292114,2767.64124970818,2744.23718151933,3805.00131094351,5993.97424321725,2545.36665474664,2534.63678278541,3351.93600128909,4896.24565154847
"45",3904.29130807552,5098.2615173144,4707.5823709938,12943.5361940032,54006.5260451064,3776.54419107862,3465.59692867498,9331.39939990417,36407.9195443676
"46",2658.95590295045,2794.6023089022,2757.72839721248,41384245.6327517,382885006.636258,2610.04010498468,2590.66283171801,135202061.687041,16179264248.971
"47",2507.83639016884,2662.96023707583,737756318.641531,3563.73970205979,5657.365196025,2454.96574309348,2448.87524601118,3189.1082277665,4734.51140586302
"48",2675.62998899136,3009.36889062443,3034.39278751111,85432987465.1987,6266.02726390817,2588.5908622891,2608.67215035251,3159.60918433788,4434.66222238724
"49",2469.45779056191,2542.82813681638,2544.16962810154,3207.55727765075,4104.83366645103,2400.25749636254,2401.52326532652,2936.76066370571,3645.51042139605
"50",2424.72505187398,2767.36892284457,2738.30937046922,4167.6327262253,7506.3102894785,2375.18279205704,2356.91565439575,3120.45525163256,4518.61239270534
"51",2822.23663895422,3041.55521197497,3006.80435061599,3890.87129427107,5299.53260791983,2732.115215013,2737.47596118681,3379.20356556049,4485.07835788313
"52",2739.04475043703,3054.25976857845,2924.68776895097,5807.07492637553,16083.8712432592,2685.98469012841,2639.68126410022,4688.64481525809,10553.2936722629
"53",2523.17594447375,2659.2167661647,2653.54942464154,3477.38084040198,4762.71654958698,2450.64975919307,2461.39015710955,3058.41086521399,4063.3863986894
"54",4835.1424433332,16186.8290745826,8915155.1549662,29705830.8809739,192640.585646317,5494.03037130161,70613988.0928472,NA,51819.1377836507
"55",2596.47216143533,2804.34879603669,332329509684978,4078.30406251788,7284.42592847525,2528.99010921652,16328535755.8628,3475.2421844674,5715.50693411321
"56",2675.02140367702,2927.06367130184,2893.42828642585,28561703.1088155,6785.75231694456,2600.11153273291,3111966390892.18,3405.24693092137,5566.46080713586
"57",2577.94585659657,2860.62860307807,2737.41632065621,4358.14009270962,6570.43045819299,2484.38256053794,2465.95324861853,3381.21254917326,4766.2457535455
"58",3087.34257547827,4566.99550801953,5622.40334607994,8895.28364607402,43795.6106646213,2915.59101183288,3218.29438190735,4862.03968872455,12860.6717202291
"59",2728.62976163776,3381.02758188117,3345.71101757286,5184.60871805572,9843.46015899213,2600.66629147033,2580.96909299861,3475.92257284419,5243.80032015612
"60",2641.70787551811,2838.59011586744,2812.17630917017,4075.61572854025,6891.98666047382,2571.88710322856,2564.96893779482,3517.47480632586,5222.17093874806
"61",2653.96863793394,2754.90959541148,2736.60342063042,4189.30015893665,9603.77894018071,2616.18452251084,2596.64151395889,4023.95501724918,10907.8512229506
"62",2621.95211510944,3040.80614421953,2882.79887719188,5348.06033853072,9093.0323214493,2568.01744483969,2527.63327652298,4060.00635842184,6705.03026971326
"63",2748.84525953616,3512.89755235736,5309461946.64276,6356.86950695891,12606.4676204248,2591.43405879971,2584.77672467779,3753.92767480452,6166.3792916724
"64",3184.68165456219,3475.6653172973,3248.1119092733,5411.55189791475,15002.0777039227,3066.39256934133,2924.80688391972,4723.24137182641,10054892841.6129
"65",2633.5001173181,2811.04656786794,2791.41745020295,4038.56710781175,6409.83541335039,2560.3983841057,2563.26252199756,3495.50419856134,4963.82457478517
"66",2699.40638315792,2850.80647484196,11789340.7545389,4209.83142455068,6484.22914008729,2639.33517757627,5794459040.58754,3770.5489648072,5534.62780045094
"67",2487.20724599992,2684.24071031111,2704.84992797974,25772265.6371222,1133779698.40178,2418.8336357624,2423.18382868704,3288.206631272,4899.0396060542
"68",2627.59527169975,2838.32924875868,2761.90559392271,4038.9036485641,9144.98804578348,2520.0394276141,2484.08499925193,3414.34876440238,6350.33305140316
"69",2825.58643836006,3229.18489586292,3206.4497797967,4434.05389098457,6687.96121385792,2754.38151661732,2754.66929023904,3567.42939181177,4850.76523588532
"70",2598.45038859136,2798.88378490831,2790.03112132653,3670.24573976047,6427.95236015513,2536.26247752997,2531.71255714343,3213.51530615676,5202.36372309342
"71",3803.31329513364,4714.5573137033,3859.41696840731,8195.06114118983,26971.6060065911,3571.28387175715,3092.10546295633,6511.78274434507,18417.0951635186
"72",2620.17423092778,2768.11741585459,2749.48764552411,3904.98035618405,6664.79254699646,2571.88691915151,2549.86057283648,3502.74813453839,6387.54553662911
"73",2508.28043996271,2715.05884436728,2621.48357643672,5350.62933621015,16041.8183667153,2506.06217496957,119811173.752944,5020.32239969315,23616795796.2519
"74",2561.18615432752,2933.01807576674,2889.26398803576,4535.99939351259,9050.54460063978,2483.86679366759,2465.74096397358,3244.60373490142,5055.55420066406
"75",2669.40608674097,2819.67472384998,2773.722081991,3700.77491541179,5175.75411264208,2617.29246813398,2588.93581775963,3356.61518633693,4624.14579987082
"76",2607.93528386541,3461.27732430782,3338.48471890116,158066933.802583,84956.6273384308,2554.26600182295,2457.37711673725,105654900.223947,27024665296.0969
"77",2673.17147412289,2842.27900894565,2803.34653799563,4029.02073467842,6945.98768029302,2591.09138827847,2568.11786317182,3554.26991441988,5844.23102376759
"78",2543.80073340245,3348.52454315395,3507.93710543776,5504.93004172772,11283.6730079813,2480.44847918648,2523.94219997977,3249.15798396534,4775.52389495824
"79",2960.88178807388,3878.71283392481,4625740447.6115,7440.65633253611,42552.9144516038,2852.84770588966,NA,4937.67710006094,19787.3070489815
"80",2430.17758068502,2536.40704856155,2512.23411139699,3275.74510336581,4397.01344633207,2369.03689120188,2361.00890240869,2882.92405497123,3481.58758434669
"81",3103.89908092022,4075.57924210088,3250942.25620716,7226.32209419288,11967.7776041666,3060.87902522174,3015.16408089376,4685.90320179227,7412.8813893122
"82",2751.84893107568,3208.0961815669,2945.27891444096,NA,54774.3488800003,2676.26265778389,2557.830271191,7116664768.08219,28558.3856934271
"83",2569.75248513185,2623.97521167419,2620.28089375902,3425.4125511351,4663.58998753846,2510.81996386229,2510.09853126431,3293.58681818336,NA
"84",2580.34261202498,2686.60917793417,282447638.954353,3631.75995945514,5424.59225024513,2528.83589271749,2505.20337779459,2076586163.36523,5023.84823962131
"85",2680.03819116003,2913.61370291141,2798.30488743877,6136.13048654175,89306218496634.6,2593.09223268209,2536.2281044123,4883.81277238185,17679.6727254189
"86",3285.1746072304,3606.6995617409,3750.14123203707,7147.28963853898,62728.7874695901,3193.44087299215,3524.32030013495,6464.86130257082,54175.0751427524
"87",2828.82361932173,3155.5418509006,3167.17980053803,5024.281433707,13671.9050855723,2770.52423425763,2747.09926763739,4290.67426228969,11199.3529848352
"88",2791.26039839816,3144.43785068474,3013.52866512976,6058.17029238209,565496831.645705,2741.51682913976,2684.94273089046,4654.63021124219,15809.4876935211
"89",3253.23851051573,3801.94400695551,673404645.380046,7768.41755601861,16734.0027761081,3267.37247458597,3161.49598104247,29640430838.8726,15605.0211306643
"90",2557.97043257507,2717.34011412527,2665.47874857003,4099.13172807385,9419.28879482764,2505.08533209543,2466.83370453285,3669.50809382575,8927.54421516902
"91",2848.31050042443,3237.84020457665,3099.016840925,6534.181436897,19661.304630235,2867.92904427295,4367745086691.28,5623.65506787347,277755176484659
"92",2868.49809779783,3191.83780496759,75916415613418784,7295.11954380688,44117.4811386267,2855.32151498918,37159252919.6036,NA,37085.1854862569
"93",2662.47257410397,2870.90385132691,2810.32458891432,4176.07951447507,6106.90130347525,2595.22948965893,2571.56008752039,3565.74215414691,4861.60633950648
"94",2868.93158618703,3081.38280143767,3008.00697686654,4267.7831285303,7517.11880652881,2817.16599413006,2766.0535724012,3832.95716118652,6942.40552943312
"95",2583.83001265444,2860.90472683412,2774.24803886324,4549.04377841698,8664.25259048591,2546.93873973632,2512.40734672721,3771.99331229477,7196.02722687117
"96",2604.47810980337,2867.64811272556,2806.57498040184,131065400.387726,17275.0368991656,2537.37194978469,2508.26812667297,88336882.6578854,264524423.146199
"97",2604.78761612301,2661.70267901538,2603.2749268192,3537.89739096295,5765.4560090413,2545.97047336735,2500.09732305288,3373.94046745934,5318.80191725147
"98",2818.50450486581,4198.56389144649,3618.29116846563,16508.909182942,144203.471737477,2654.02008896864,2546.37702254978,6250.16090080557,34060.4924801263
"99",2586.51367518367,2868.65102679066,2813.97218993631,4603.14406914853,10517.2043404277,2525.46657607963,2500.26276923909,138775534347.63,6496.48898416839
"100",2926.80290111512,3310.75876327367,3325.74567372562,122639312.56819,8513.26407759639,2813.74820435872,2882.51741683074,3979.30590759908,6205.68126049074
"101",2870.89522954462,3073.79305305726,2972.02603082981,5120.0008064792,13836.576083818,2810.39847401356,2755.2945731317,4486.68846383085,10813.9305871698
"102",2739.88137013191,3027.52721532813,2960.98984528834,4591.232391731,7855.97507427265,2689.10190667719,2679.48617784212,3852.97287662984,6381.05347089206
"103",2627.72097685566,2981.01856165307,2853.74285267366,30461952913.0305,659105650.853093,2546.63039314007,2492.70700157216,36600000.6352312,39901085175.067
"104",2592.1898827236,2700.46038837584,2670.30079651371,3787.2983979745,6577.24475131296,2519.95717489765,2503.20965700953,3454.80312144695,5808.00281773329
"105",2840.01707672469,3069.19533451691,3040.93979875177,4321.79917224805,7529.90035024984,2720.5034815645,2704.12631129585,3688.26383075961,5937.32339472608
"106",2668.47765427068,2940.68787717935,2877.07022485023,4208.59034355162,7392.30291175313,2610.36007211843,2588.20614332424,125995665.177242,5463.267653544
"107",2713.80219692351,2786.92455990788,2691.1143803315,3833.14181581977,4833.25918233363,2635.00808837021,2526.45896096032,3692.91797156765,4619.89695951371
"108",2581.34751085007,2685.14285489147,1408820896.07886,3295.09907741456,3906.61367220984,2530.84528626603,129929480.208398,3036.09288791721,3529.02989945007
"109",2496.61998798067,2694.31914126066,2694.14431181206,3852.91716847366,6113.63454046307,2427.07697150104,2422.79494170193,3171.41836953765,4232.67437813214
"110",3121.1843239162,4760.43093914559,5289729392.55605,12370.372742987,28858.8532183519,3207.20455359174,3117.08671248683,6558.15409252871,16557.7488344976
"111",2662.29715618435,2736.06547247494,2751.4137810955,3347.50472750496,4455.0646519296,2609.8461763611,236494305.918669,3201.22098146644,4391.91782288962
"112",2793.49513501588,3273.68439762648,2944286565993538,6267.45459527145,27934.8456526575,2721.54431126781,5490043736.13674,4543.76590280603,14609.4243242373
"113",2850.88842019375,3583.50285951448,3541.52103236851,6725.62411775121,13026.2404269965,2825.24510187672,29768354.7478853,4654.61050960255,7897.44634922366
"114",2988.85416985577,3442.37492892463,3266.78732048383,5840.21115419739,8515.36193064177,2900.52851282554,2875.9527677002,4444.51730583651,6419.48748204493
"115",2647.19256723958,2814.99979125945,2710.80294437767,4463.02601386497,9290.42491645872,2590.01441504772,2522.89316349162,4035.82363983183,8076.09938638471
"116",2801.85692357893,3108.18166419976,3006.84595884479,5475.90634569595,15207.7680028159,2678.64201969275,2648.7198044838,4122.09706268919,9691.92827162782
"117",2914.25187556609,3186.73197420901,3076.63011773432,4948.34052943623,19443.4773287095,2836.46554247984,2767.20566748457,4317.2617914536,15981.4570307349
"118",2603.90704108714,2973.96263734698,2900.17938973986,5565.35072281371,15878.4222365027,2525.75397520051,11865586.4628195,3857.94050543421,7113.39877902317
"119",2576.93898580203,2766.96604701714,12658732616478.5,3901.0063653957,6175.68434258603,2502.75191093306,2503.11335497375,3299.34472353884,4721.76846861169
"120",2740.43230521768,2966.64682669184,3017.84182678403,4125.12354124273,7646.85714760737,2684.04132270907,2716.15012015545,3576.08898535747,6221.38324924308
"121",2954.47579246178,3523.40689107392,3403.1035889641,7701.88143951692,14232996819534.5,2928.24198304024,2649825932.07801,6055.17906618736,28337.3433353359
"122",2633.00329282096,2879.15259280467,2821.020767115,4314.09324424637,NA,2544.29312813812,2494.9554715655,3604.73767248429,2014059547.02811
"123",2911.66754624374,6464.48184884795,3962.46779577281,27797.8896315334,23536.4998756904,2828.75550366633,2696.06964347862,4847.24899490141,6998.48926293188
"124",2586.21218162429,2769.97707723983,2670.94944822393,3882.51771628869,5764.91286623465,2530.46478085792,2481.61980726253,3409.23969121553,4854.93253282152
"125",2622.54132681405,2815.11578741981,2747.98962382432,4140.34535791502,8726.40745899667,2619.51187935208,2556.32257276588,3741.75190445691,8207.59289646689
"126",2851.15433675371,3113.4261268881,3039.24147330184,45144768.0041833,15582.780445598,2785.46295611182,2727.67026441092,36158684.3457092,11301.8483286004
"127",2625.43164306408,2825.80939467731,2768.05920514009,206165422092.43,8440.17422983172,2555.35249172328,2526.85110660423,3616.00235526812,6257.37143970748
"128",2800.31173215784,2979.55034174834,2968.45283612983,4047.90942077167,6324.80428036987,2733.78963747026,2731.12941708031,3600.64064684937,5027.62368591157
"129",2611.90812367965,2890.69199224562,5890646.20520458,4259.37605573633,7072.4852045642,2570.01688521981,3376823092606.94,3558.95388167607,5080.1503443322
"130",2625.38462883508,2738.68397663678,2719.98307327879,3661.58936482806,5854.30603613664,2574.93597341658,2556.87842530951,3401.37870894734,5264.36846142344
"131",2825.49930862746,3337.97868798853,3100.59073004138,6405.71998389122,550526521148.816,2752.58162267345,2670.26961348662,4548.70651705345,10334.5025395589
"132",2751.48000531461,2988.1214650028,2850.27523015982,4816.98944126979,12189.4123529849,2696.79534401175,2600.36720171861,4216.12599902687,10402.1595344572
"133",2525.35624138797,2633.32051935669,10136409757.288,3361.52871823442,5340.39531991442,2460.61933205318,2451.4207882211,3028.84460242436,4355.79562622802
"134",2836.72459000494,3309.77858716739,3087.56911092956,6310.45507406703,17630.9700102395,2803.85983458029,2693.26761048969,5046.79098735194,13778.7219551859
"135",2942.11154031407,3208.40848638549,245384474124594,NA,8923.49629575943,2817.15876913002,2822.99896714537,3981.77473933849,7178.52561286941
"136",2881.29772037906,3273.63253753532,3203.34481721954,5913.50973973809,11862.9483397905,2924.70049654456,3115.03067996701,5010.97207426688,11662.3004019782
"137",2590.86826893398,2745.15027038116,2728.24952378692,3971.12551274086,9117.84602398871,2522.77809876038,2521.71317408019,3453.9134190684,7038.89465820255
"138",2766.53218572173,3124.79201349462,2860.92719287618,6068.15893744583,35440.5961422924,2709.23594543814,2571.65270775834,5048.25677870727,23605.2853318817
"139",2945.01471371371,3215.88121719263,3143.94597526676,4514.62657528881,7241.56697739481,2847.63725818298,2808.60324268442,3844.35142460697,5865.93751591625
"140",2701.25734620796,3404.39208248638,3090.13994406349,NA,25310.9478228084,2601.08934492131,2487.95244791094,385909901122.702,NA
"141",2675.28685549644,2921.44550953905,61755267851.3739,4725.59609907035,895328392741.931,2608.52913719444,17681387.8255237,3928.20964686578,7130.43981161114
"142",2611.13599439646,2968.39492756981,2846.81222595898,5791.02839565234,18249.7871074003,2586.27207353173,2524.22065173199,4646.12516253067,12029.2225031721
"143",3010.04886435491,5123.96025562214,3331.7887277122,3217378.17337861,686857323.498897,2890.38292891427,2765.38678355482,5322.25631290685,7684.67916440222
"144",2774.62762346475,3070.01124903058,12885824.6583335,4725.17379663067,9685.59393601523,2683.72190943341,663818225.53661,3928.36410982732,7092.05356462435
"145",2768.08702993618,3151.6240213332,3125.13934064662,5642.70159645058,12579.4739402154,2726.12745769119,2724.50729640601,4632.73300545159,11656.8148359372
"146",2847.50510851985,3009.72639176579,2955.03786779817,4449.21211032117,10681.3329721723,2739.41180474363,2720.55996333642,4009.20811118379,10236.5328589436
"147",2479.1607928749,2515.5066118935,2462.1273705207,3376.97017517747,6161.15341845907,2392.22907939256,2351.69006381504,3189.31071495319,5700.01398432911
"148",2515.24849799031,2677.94949000969,7488644241759943,3462.98528698245,5165.9352456996,2465.94750583836,90045543034.2923,2998.48189799465,3978.76942577808
"149",2724.67560662804,3592.96124720967,3342.32341423735,9533.78624240821,NA,2633.59560178512,2560.37580729592,4860.08843658134,9956.36188571431
"150",2573.31120492682,2978.75073578954,2941.2642583717,4992.97104788914,13254.5693659623,2447.84694645993,2426.24531829631,3529.20944004299,6278.33530793765
"151",2541.2310420844,2682.36977628895,2637.28235757773,3913.34708361354,7758.13042578183,2469.27259833505,2438.70005429332,3486.85545430306,6720.41536502032
"152",2555.57665876343,2713.76580944059,2719.67864223895,3499.92861613434,5385.09921482128,2489.90833121162,47582951.8253641,3124.1969075805,4305.97445229707
"153",2574.48411308787,2670.05145155629,2625.32647546031,128491425914.033,7396.01987813744,2522.64590273808,2496.05179834978,3766.72973631572,6428.84909791036
"154",2716.39649027946,2834.50417698675,2742.91635269701,4316.99742817434,13501.2995439629,2660.66145306223,NA,4161.57226670432,12757.0605679467
"155",2574.9130282023,2787.85783560002,2801.05747542412,355652719798.687,4797.09727786963,2520.82759873202,2533.83844818748,3123.66780609172,3727.99146967855
"156",2685.54669116967,2787.19121739087,1176739369625412,4020.07240391108,6758.49559721487,2620.24674605424,2589.26970328943,3823.74442009396,7281.21014810207
"157",2726.30396902485,2976.8688602439,2938.73148251561,4526.50070028992,7013.58652387095,2675.67469885538,2651.56511262816,3806.46031558319,5465.66598805499
"158",2583.34147590872,2668.27711989272,2691.34098293629,3456.96426244556,4240.64631214199,2544.48850134818,2572.15634077305,3225.59377937291,3918.69037250102
"159",2798.67532287497,3106.31643535897,2993.49009370897,4514.51326913314,6420.30399100968,2829.35712451872,15416612776553.7,3964.34606261116,6097.43321657659
"160",2657.10538733909,2731.82768838368,1459837432729.81,4036.63282568258,1002768722.52422,2556.66470409327,2551.15741647163,3682.96620493116,6926.02627286645
"161",3137.20796743212,3684.86094219151,3732.47890753163,7399.16472301292,10405568612.2252,2959.66548654626,11368939.7576719,219034981.342579,NA
"162",2625.55951186728,3014.42968394669,3080.86932985493,5079.9916278045,8603.78008416412,2541.5494874087,2576.02900758131,3687.95613579569,5290.67680366758
"163",2581.57143349115,2785.23363570188,2761.95402462276,3940.45966501031,6390.72351401077,2527.32324676414,182471292285.226,3418.21286747895,5277.6485355044
"164",2627.95709103372,2750.87069490456,2756.38900858863,3451.5193142837,4174.54049895564,2580.94030807081,2598.66824140202,3150.8644504829,3721.73879059032
"165",2623.41326102289,2775.76488263515,2766.74563533107,3911.2226009876,6407.48739260843,2592.48610176136,2578.4535447572,3633.16131220712,5918.63536916274
"166",2709.19195504393,3015.87312993117,2908.44644492055,5103.1894967269,15362.6249176587,2647.37295824845,2559.01313271447,4433.68841200613,12243.5374280982
"167",2648.72882905056,2729.23915496529,2719.32638932158,3479.57548391115,4880.92562424853,2570.72119350705,16441139868.9673,3201.59599314554,4241.65135862929
"168",2570.88149840749,2768.04909881717,2774.58507544841,3634.03998589334,6852.28216263129,2535.70386841009,2536.1350993136,3201.22502140333,5759.67404169632
"169",2503.64062357065,2555.8986673322,2561.51328159671,3248.01157291291,5318.22753439358,2398.23347042721,2393.50223646333,3017.18986776772,4712.2025177747
"170",3057.63055725432,3687.39007957417,3570.3786193852,7352.27960497517,610705841.279116,2837.39998193467,2835.97521984644,5062.34947766504,65740437167.9332
"171",2958.4292853641,3630.35316686576,3562.77770016673,6061.56438802677,16604.9156724368,2870.36820002832,2837.2680086976,4486.43774335597,11232.3178933224
"172",2662.8864243295,3161.15515852054,3023.633194219,370453351.250857,17456.5480860853,2611.34527255821,2569.41150330236,4053.84891242091,8468.25832090517
"173",2783.05583973747,3141.41984539501,3062.50524012007,5854.99375071537,23128.4490041431,2698.15785273327,2653.68813755735,4543.01537527338,14007.1063260536
"174",2855.15691204176,3162.08584383839,3182.05168105521,4131.79284210765,6425.02660026472,2800.37200001263,2826.82933891187,3515.32448989731,5144.13362216147
"175",2773.81027055355,3206.73353210492,3081.42162386024,5214.96859894529,9855.22755997733,2757.31004362281,2757.38189111638,4188.50574265486,7662.47273970879
"176",2717.95165149133,3309.12706753621,3123.0964622536,7531.81847937673,48669.6294098748,2658.87481322028,2577.81494236934,5102.81773604633,23168.8447299929
"177",2508.79630088078,2601.286599735,2699.71092154201,3200.02126218912,4922.6930032402,2458.05563101903,2511.64271865562,3004.72356364935,4436.85308356473
"178",2768.8701149651,3245.76796710246,3105.82364414853,5834.14163690835,17553.4712298181,2650.21166773634,2587.94088697613,4234.35233525101,1221012064.14997
"179",2838.61766593544,3728.28457182631,3498.19871558926,9075.34129476242,30047.116192121,2615.37136292534,2554.65184809811,4585.27051451883,11374.8647833291
"180",2504.8362508039,2701.99362960873,2624.51270003402,4459.9193196223,11371.4030382121,2434.03474911814,85947055102111312,3712.78633750273,4201366266.58905
"181",2729.68414963767,2977.99174462781,2865.47877327801,4783.90412090259,12164.2180587369,2653.45044434754,2590.25253322729,4103.91593614007,9407.24194942828
"182",2646.23227718372,2848.5338851237,198678372777505,354870481.961184,16866.6987048564,2623.19857133304,151093044061.194,4424.26997654142,12174.2973790992
"183",2490.95448450531,2626.61158925839,2637.79389556147,NA,3986.50007029338,2431.01838819201,2444.66024741989,2878.35769002864,3317.73446687652
"184",2703.04677787895,3039.97532110842,2902.16045706881,6539.95306478179,34399015859.0943,2622.81947075384,2581.48336673914,4752.82982902456,14389.1538702298
"185",2542.57801447412,2802.06216862545,2665.16062680255,4837.98293678217,10550.9313661695,2491.56189873544,16798414.2801691,3964.15704392321,8116.49815895199
"186",3089.86386343727,3743.22497488876,3197.61289833867,10708.4467485036,13169.0364868011,3143.09930965392,2847.13975407978,6573.95098895127,10997.9839098423
"187",3286.66402415847,5116.38275234063,4400.21876473465,11771.2612689721,24803.5292036795,3028.36945498147,2922.3234657179,5383.87507613432,12949.7929548535
"188",2827.82511067152,3185.61809092975,3118.55241978032,4707.5074073219,10591.2640177594,2775.70102112366,2739.53975610808,3907.51830057869,7955.93925099726
"189",2753.71600469162,3222.17631574297,3063.58241639308,6122.66218608545,18793.5111250592,2763.87119687814,1073064955184546432,5054.64826144858,15500.0795028965
"190",2615.09361451337,2812.04744784223,2769.91317988625,4196.33829551051,7800.67767325558,2557.6918519677,2540.82521442157,3638.74038931695,5853.61304156736
"191",2699.05960620413,3079.37924468077,2882.2678644715,4922.40821131192,12560.3902533493,2604.74128803807,2523.13467634515,3791.59080008912,8429.28518894028
"192",2836.67294643953,3204.51973140153,3054.58469438377,159482610300.754,16446.8278997294,2769.78414400237,2699.93368585601,125489798.458877,602931226.302372
"193",2657.62714190041,2814.71365074842,2832.28822250102,4362.48509203361,8667.43820285104,2628.32811912243,2666.96000622853,4089.53689561311,8758.78634414332
"194",2364.84765232734,2536.90086370455,2460.85162938334,3703.42780913464,7954.24780407258,2324.00225582026,NA,3238.1999717947,5940.30455185144
"195",2788.62757223238,3288.40568584714,3237.29148980609,4837.720585827,8314.56125042689,2685.52737239581,2669.42650249448,3582.020518218,5319.34891850176
"196",2713.9269377437,3019.25231375888,2847.36191047432,6021.55275102949,31365.6893716398,2695.48020811912,2592.32483839618,5152.26349647843,25058.7162048361
"197",2880.04369288814,3648.04178641187,4933.96594926248,5927.71886064714,18406.4737285463,2800.60040805895,3121.81554079223,3901.34710099474,8351.29797846488
"198",2478.67955365648,2521.78048474412,2529.58261928735,2754.42290730221,2906.89384741882,2420.39127131568,2428.72243841391,2618.30347537545,2754.17941724519
"199",2514.17819248917,2692.69041077722,2630.09572131741,3909.96314580614,10588.5239297081,2455.17825337126,2412.09855253313,3470.78684832534,8101.44806155557
"200",2654.24646222795,2972.25260572512,2895.10770512044,4958.04339863609,14864.0141967387,2612.74822761926,18697521285784.4,326688274.078617,11770.8966611381
"201",2679.34296161405,2863.93334764682,161163707.709071,4378.081534957,10880.0486660819,2621.34280135222,2523.24446277219,3833.83637502448,8914.80952282971
"202",2473.55016136129,2638.82916768786,2611.55037068232,3608.24485130817,5664.7691800886,2405.11451025679,2395.81321832294,3098.8344470441,4345.48942803536
"203",2533.95682800631,2675.28828461522,2661.95067732616,3433.07265300789,5238.08968789208,2498.11370273124,2491.07271516437,3111.75641064509,4387.79154862363
"204",2564.07240274231,2570.80026266971,2569.82828711321,3213.35579345101,3841.54297338833,2497.83328917906,2496.32578346894,3165.74726229587,3877.77054971882
"205",2840.58358043816,3205.41929849536,3074.98347994659,5275.14029241099,295690835.097644,2716.44303648239,2666.65346965018,4046.45894451421,7501.39743345182
"206",2788.11781763155,3121.70545305571,3014.31590409501,6356.98534532593,64898819908.2888,2709.24780072914,2630.43793517656,5129.95829844789,18124.6338693063
"207",2659.82514202155,2900.69687159096,785490481.720639,3897.38522634135,5378.56862481435,2594.86308703854,2574.53733935021,3303.48164111725,4217.35063136293
"208",2768.92263306392,3489.70343942264,3494.77275717701,6753.5719146529,18945.2860015306,2736.64172445559,2711.36789395183,4744.03234392555,11175.9090944149
"209",2656.84045845829,3030.93667107686,3081.36517769687,4657.57943417515,9228.58317359253,2563.55756613195,2039634360385793,3580.32459110453,511758396.033049
"210",2757.14041271246,3075.51716747326,3042.20672093256,109680296.162629,8264.46036217382,2690.03792190469,2681.41554290804,3606.79589185282,5826.87896602728
"211",2374.46755374963,2610.93274937811,2577.2557217005,3821.93134587974,5161.72926708027,2323.08365561078,2323.9764756859,2951.21104291123,3670.79202983976
"212",2684.5307608476,2835.75956178164,2815.09063038064,3928.56506347567,5530.79998294066,2638.06612089536,2627.35587820342,3530.78526630844,4820.27666980925
"213",2615.22556982739,2666.58858092567,2668.53521649063,3276.25112269068,3936.55162272683,2542.52304909601,2547.48304050983,3095.83148063601,3720.4996729405
"214",2683.29820001457,2927.87776045392,2918.3656808607,4644.64461862451,12434.0733052171,2631.4215178725,2604.088620805,4055.28812655513,NA
"215",2576.0310761263,3111.03190276017,2928.94313970157,5290.51344342903,7835.0374984709,2496.47270661517,19174605.3293973,3374.42780872927,4388.44491751893
"216",3064.67071011105,4070.34854012573,3813.32643081813,10039.0889239285,45127.2754132205,2991.69606700383,2942.59864073372,6457.60300959776,20608.5348296941
"217",2997.79869833903,3346.54678606556,3187.26123340561,6100.88675022962,22278.642450748,2947.62269179299,8085855161501397,5078.40809770029,6392557314.11772
"218",2823.59900935045,2953.24412224139,11291146550468.3,4696.45716309073,15676.6785526133,2762.52481355521,15496802.3606289,4442.33494140238,18640.6110529338
"219",2554.43186922083,2686.08353901134,2667.13200052039,3663.45931397535,6324.0917267046,2480.57438934752,2471.56809770632,3229.33342779542,5362.72487113889
"220",2705.85730181315,2938.58799390876,2962.55176765841,4096.89588993956,7104.76968112141,2641.85325329456,2655.69897417089,3505.83020324877,444322594.933317
"221",2529.42776804306,2581.78882796577,2577.23138464879,3197.82255355598,3793.23339004233,2464.53459402843,2456.30258124112,3009.72506563583,3532.19330087379
"222",2707.54412601028,2968.39543316166,7272406.3640324,5251.05108159842,12347.4834923607,2626.26302790853,2601.6594207996,4249.36579869504,9387.77687282828
"223",2452.17173007852,2673.53531859856,2777.89323060576,3628.28407060358,5445.90117616814,2397.51031714526,2444.84897515118,3036.94402275256,4232.76041511198
"224",3236.07805743208,4513.44699827677,1614155066720.86,NA,25238075506.3915,3170.58806064354,88240037654210496,170435317184.799,74418.2077836383
"225",2709.41370585407,3032.89235672599,3041.97199618669,196934996.127234,6449.72616287496,2668.18092929112,2671.20916107953,3529.16271048129,4851.87879475711
"226",2703.47887793458,2817.26574070034,2725.61495363251,3875.6386330634,6278.0864251612,2599.68936372083,2537.07135348996,3466.60857014814,5623.12858280733
"227",2745.74846130529,3107.84067504197,2991.97102037912,5105.77944157209,9560.26193606499,2735.97957537505,789918808.043303,4234.36255519684,7978.75078710919
"228",2848.55668794796,4273.40704649554,11408959.0383335,11275.2536015966,40957.2708985368,2795.33710796337,2639.13587228306,5397.79560397341,137032716639.401
"229",2662.79664634328,3763.20754085486,3417.78437968488,8077.02917563721,15935.8345229157,2589.29159347051,2574.34982947269,3818.10102929637,6060.72661762185
"230",2663.24771237971,3031.74918364306,3149.92670118186,4523.50690763715,7899.84570427625,2589.57928909461,8189788588.79389,3621.07740687158,5506.9864524956
"231",4130.7496469528,6301.76159473536,5778.56421385015,10784.0598231859,29531.0749130733,3966.70441777034,4739.73540371511,7257.01372996488,22205.1551805766
"232",2517.53713095322,2662.98333887138,2609.84813651806,3768.27059258833,7093.76445046734,2475.84594141317,2442.2676075032,3391.26101536144,6054.5656554836
"233",2527.70502413588,2575.2480331427,2577.86481782852,3021.38179306629,3301.82846744959,2470.65412747462,2474.86022936725,2881.40751604609,3136.0777379232
"234",2580.2279194926,3155.40250850646,2922.51518604226,5595.60887470126,10177.1854453331,2522.60680096719,2446.34497134283,3855.8648726917,7286.06635996067
"235",2605.13568726987,2750.14916169764,2751.55028038776,3899.85380431968,2860878013.57163,2545.46016779153,2545.72229221347,3487.6154060658,47720978158.1914
"236",2572.29604523571,4050.92922714442,3532.43018060877,9432.43943135164,16194.846341739,2515.04935716771,2509.81216155193,3861.18894901834,6044.68218548401
"237",2476.31046104383,2593.12159720717,2602.32833721539,3136.68776096797,3776.17300731221,2409.18879154054,2415.87892380506,2768.42056867806,3161.61184344224
"238",2575.6363779729,2759.73161804776,2720.94415137872,4098.20452933951,7473.34028723464,2509.70077955164,2489.48838275196,3405.13391895433,5135.08599472864
"239",2589.27245472586,2729.85306671502,2721.91014338664,3540.74749925959,5224.67127508647,2525.71827144971,2520.24052740672,3217.67422406726,4638.9786271222
"240",2698.2671516426,2923.10639295294,2917.67478290411,3956.62640421549,5675.17008181058,2619.80234380389,2621.81392839452,3395.19929731844,4552.09377783711
"241",2874.34246333227,3126.57547900316,2994.56376858078,5151.75005041643,18081.4488543964,2819.7053625704,2730.24331759754,4540.82738680268,15949.8888156716
"242",2618.69504758712,2896.46189681344,2814.94544905899,4708.42260681122,13408.2647849019,2571.16705914132,2514.3891419579,3885.22911153544,9963.02404287346
"243",2837.1700290234,3900.05253757081,193303582.29135,7190.15743890411,10789.9568217408,2751.77382092188,772715256651.99,4021.79536278178,5990.49850502662
"244",2451.68493543869,2635.28065971918,2634.93176135237,3604.93417125188,4997.79424304612,2420.27881847589,2424.35995600139,3162.82642674048,4158.35096930182
"245",2549.44673253363,2797.25064694849,113643671.760236,1767181889040.6,5374.70109983305,2494.99103217117,552838927107020,3166.85438564759,3658.63128682782
"246",48026.0393546026,3069.62712490967,2947.48952338499,20917055.7384366,16380.0627194746,54303.6240486459,2657.56003638394,4840.41955879823,15724729437.9745
"247",2810.82220977727,3188.43386542224,3105.39192599941,5985.12774924344,10047.8802387648,2836.0656128409,2802.29190043295,4749.53080063525,7694.04988094174
"248",2821.53979679339,3234.07330458361,102045046989.038,5703.42086275972,17749.3889843657,2716.16544185243,2612.42125834242,13638473.9935261,12618.7672943926
"249",2556.63843624331,2781.30076369012,2699.25594423807,4202.90090401353,NA,2494.37807246758,393656850541.245,3554.54924706008,5663.02415874229
"250",2416.18752712778,2611.68168831581,2543.39104280045,3919.85492289075,9150.38153241,2346.0445078351,2323.39322781801,3298.23538169682,6439.43105780158
"251",2851.65171536403,3343.45552320845,3133.87164953557,6332.59096049776,16050.7009155959,2756.86417324013,20705934589071544,115058257.959406,13660.6398405581
"252",3794.99063236008,4598.46883825696,4225.87897985701,8763.65551856603,913819008.88746,3780.47129150016,3650.41899866638,6768.34485370209,3223913494.80227
"253",2509.51645554698,2675.6705752067,2638.97237785173,3208.7382128844,3498.24878794279,2441.77674006331,2434.01738896879,2803.60461473987,3005.71609935017
"254",2676.02910430401,3236.13654709566,704373671175.357,6743.55124375351,14309.3355929442,2627.85113936796,180469621548.438,4592.17952364488,476950642.636953
"255",2882.36222672452,3110.76018669688,3057.66859783073,4136.14629150321,7191.75218222965,2831.41734290436,NA,3674.78044553698,62368906.7983615
"256",2852.40521917048,3140.16709028814,2951.9107425359,5041.49440118716,8546.52323442453,2830.76058742944,2719.4671636205,4324.3512553812,904372585476.544
"257",2728.56263005625,2891.16893124508,2791.76918285417,4262.73200752372,7390.31931633681,2648.6966608438,2592.24602800969,3711.09807073706,5869.47764039176
"258",2422.12675327206,2584.73732058298,2615.15993779784,3532.06983048128,5272.43967714994,2366.60776613154,2379.18223630691,3067.25185391354,4155.37300784433
"259",2684.90216757244,2829.0947184606,2807.10080082046,196471260.088096,7512.42739229777,2645.78864711429,2630.36198890784,3609.1593763521,7096.86335828967
"260",3352.24733967011,5414.58631685885,4635.93091578054,11110.7353969735,1466375863.35097,3151.18063908177,3015.12425573034,5530.95564732935,13104.3045117747
"261",2502.86344639742,2704.52866258565,2729.0774897381,3726.21655706315,5080.37756293755,2437.27475035264,2459.42556377026,3126.95254720451,3949.20104967343
"262",3260.03962739288,4252.20779352147,5062.48909914695,7160.59500432018,51622.5265490477,3187.32315295838,3251.04627534975,5223.95515370131,26869.6906870522
"263",2532.14280362594,2754.89517811578,1106954481425.32,1673902344599.58,7760.11696641126,2469.37740396354,121397328592.59,897556222.386545,5430.26530747588
"264",4454.6550189314,7093.92108081006,300629404.768046,11361.7253520558,116769.990189699,4321.67610401113,4021.57561329952,6769.48220462956,85511.7363277055
"265",2609.38981547468,2743.94074939801,95693720227.4602,4458.18411264878,12987.2273199022,2547.65473470061,300733387953286,4001.47495899969,11359.4068936278
"266",2747.13210374602,3204.99765688342,2970.26313999847,5432.51608809802,44313472153.6035,2625.47963801004,22579221604.0399,4066.10965779395,9785.9211711877
"267",3053.83913208583,3475.13876633764,3193.69134317831,28169264558.3976,243356.274341397,3045.69966367602,2834.8229470126,6927.73194670703,11326095366236
"268",2594.00521140214,2696.3307056966,2667.82434317772,3614.27480946525,5879.25338659805,2521.00372549582,2507.06701434224,3263.62448465387,5000.80733022802
"269",2787.95287680318,3030.34908685839,2992.46655759879,44702687067.7657,12239.0358688807,2709.41246613607,2678.59896083292,71556997.1537817,49477262.5624803
"270",2994.31939373295,3272.12286680611,8868263041.38834,6215.31676888986,33500.8341620078,2890.12864595991,13329627537061.8,5325.13334811751,24616.6638556572
"271",2538.41144381609,2876.09800381045,2760.71389297935,4240.62416564385,6277.51261423261,2428.07402000436,2412.72680753106,3245.97973407185,4460.74359374857
"272",2875.53082509,4261.73202187843,3471.734095359,8583.47103350234,10990.1264145667,2848.21423075926,2805.63830803105,4487.47044095862,6117.32813150817
"273",2877.82603101644,3377.46143152687,3248.42888071698,5554.56788196455,18211.605126956,2775.22491341585,2710.06614363822,4192.63061553586,10601.8916469688
"274",3004.02422634376,3169.33677255509,208316921.374047,4682.47978178461,9591.20156040292,2998.84466111816,2668057523.95321,4445.62185558236,9148.18765845848
"275",2724.9246538694,3126.09662808915,3013.86013589834,6039324.23904214,14413.5413469855,2668.82036724032,2637.35745990047,146502530.341248,207395036.870606
"276",2817.76056560498,3289.51054570565,10040157751.5289,22603535.1119339,19016.7178158858,2750.2971581363,42333619928.1251,126226046.352218,939433393651.905
"277",3232.92975508974,4202.44291348625,63710457586.3153,7017.02753639192,23274.2727334548,3143.92597126896,16236737.2021088,4700.08053594838,8434722589550.4
"278",2705.34461504393,2950.90217695145,239049325363185,4645.62184380108,9414.50925632412,2625.43005184963,694020855121.363,3929.01650950097,7488.70773781106
"279",2671.17013375175,3112.37951129742,15467065366.3864,4938.62654110389,8281.16238748572,2608.82438531747,2578.32884072575,3619.57549547789,5171.12856854201
"280",2742.67665596709,2922.14667479892,2908.6043744517,4537.81485974109,10325.748658504,2650.50342752029,47426577195.2203,3987.06686843605,7657.25328911049
"281",2688.60426915274,3066.79987935066,2952.14372450216,5152.36186645916,11885.940136718,2575.29272670291,2551.19047668742,3690.88243484084,6280.16536651537
"282",2665.86515253123,2748.1609430537,2731.02015934329,3501.83454352014,5620.76383881675,2596.18181284695,2578.7804753156,3304.9908264472,5393.71018548372
"283",2898.35189542687,5341.17437017622,4357.07444860701,19453.0888456663,33394.3220788381,2798.91371305594,2782.39340482581,5071.44240406381,11114.1968138724
"284",3252.11076049496,5938.66603986685,3788.32888300407,18515.5666922701,17261.1219338032,3192.74260457813,2980.08249339638,5705.7127948236,9214.0512929297
"285",2546.75727143977,2660.07400043111,2627.95941110456,173656456.072879,7528.96328169714,2489.37666835789,2471.91408833932,5423246794.08814,6454.05032632224
"286",2833.12373108287,3284.63581060766,3128.98347596559,6592.02472661502,51865.4321995975,2764.71884317762,2647.73874804767,5265.41622883842,34029.11250797
"287",2532.84896631304,2642.93803440539,2647.19398657608,3308.96473448928,4376.71435460584,2468.14375457401,2470.83417862204,2971.86467770675,3710.85716622423
"288",2587.13467131222,2762.40509762773,2714.74946451282,4052.4614063934,8834.16401297015,2519.32847060737,2492.5267760363,3510.9592388951,6932.43982382757
"289",2955.56528287893,3281.27573074473,343270962.636377,6184.3919144944,23388.5958743874,2853.40311623516,2902.50357490679,5332.14238758064,16721.1050763363
"290",2644.03342402055,3004.96528530235,2874.30065560465,6010.46779838544,17406.6526541102,2603.57073429754,2559.90038668458,4442.00508483783,10769.4921042688
"291",2812.64293538698,3040.24922006897,3085.37955437959,4500.23440805152,10700.6034145384,2717.15038017341,2759.06336204556,3881.20906634177,8237.72222404646
"292",3007.56017294698,8493.8042570375,631999763540.616,323070.711331881,79535.7137109394,2874.58370888192,1386440308029812,7363.0576990288,19053.9745043345
"293",2682.46727972756,2991.22155923008,2816.68494172161,5030.47984260714,8148.18042588377,2706.1641745452,2620.95769569046,4393.96094891101,7184.86161780894
"294",2646.65527052829,2790.16019072479,2775.09492955416,3731.14938186443,6791.47996538449,2583.48290765981,2561.33663706316,3426.99843832128,5991.1312605381
"295",2564.09496489982,2869.43704412243,2813.36126778885,4468.43977833341,7031.79698043193,2511.30439048389,2500.67462489665,14518581.2420553,5391.93134736505
"296",2698.75590991022,3426.46762633201,3258.6855850435,5896.08285899138,9341.2055534754,2520.30430473625,2522.25653706849,3363.11503058694,4461.44463255602
"297",2765.34316136089,3220.92944733042,3140.00924936285,100616188142.377,17383.4956842166,2703.06332006658,2660.75372345822,233574860186.397,10734.2073389029
"298",2752.37344521295,2963.11496386137,2788.65075736131,7828.86966867719,63386.1327276701,2676.45957934021,2584.27150731833,6682.50452330323,93180444842.5084
"299",2656.80487566114,2908.36359495135,2857.01512695795,4238.18227618364,10594.4350447954,2625.46796954987,2605.6579030659,3613.41327239286,407139736.067475
"300",2661.60718212459,3127.31021457437,2861.49099378467,6333.90720156463,83253192759624.1,2576.72450462339,2489.15531880309,4344.75617158212,10713.9203928663
"301",2922.24264530149,3239.68019777669,3076.87034806933,6623.13531600505,33008.2728843393,2817.94286256209,2694.45163599182,159814834.672226,23640.2353572772
"302",2801.93814966487,3250.23661836021,15600778.8030361,5200.33235283173,9993.50261590614,2728.11251203681,797283190.748335,3897.29702765987,765336186.873686
"303",3319.45994335682,4179.60097639212,4317.21505121182,746268040.075038,396070074857.463,3270.90469821938,3245.80529848847,89450935.6882484,43096.8812558539
"304",2533.6187824547,2598.30206928485,2599.9285086952,NA,4405.08885199553,2474.71892554659,7197752.44605908,253137427774.387,4083.99049987997
"305",2828.93388972831,2905.1899647258,2841.24598608669,4136.75335842197,994151384.902229,2798.72244742148,2734.61129895067,4063.02064477167,7568.47015654346
"306",2548.56030748416,2772.18705736203,NA,5193.96260143709,3789554951.11043,2500.67713293828,NA,4309.55955717124,10759.4897282591
"307",2817.48238904683,3636.75443548042,3645.86866266409,5969.14771460253,28191.815635699,2666.1398225996,2649.82562061937,75284607847.1758,7738.78785732852
"308",2682.17350188206,3278.15031540407,3428.94261078431,6833.02849065411,241471629034.49,2594.05025663504,1630237.20538219,4530.04524178924,10946.8398861392
"309",2461.71633514292,2739.00094515615,2654.76041788019,4949.44123333259,20994.1271830963,2392.80213509501,2358.57512485294,3854.86823517812,10032.5803694826
"310",2707.0436982177,3087.38835937623,2858.95859553608,6755.12247487376,39601.0692425836,2684.34347393817,2538.1409483259,5303.77337911461,31076.7283210519
"311",2827.18559258694,3080.93586992781,2982.15896716349,5552.47745174089,17509.7709301115,2743.90674443087,2681.88096273316,4670.29499218841,13066.5866181674
"312",2467.64238001835,2587.09678587356,2606.39521858916,3292.18519694879,4208.45387080719,2403.71091354792,2412.54230502881,2875.35805559588,3429.15006049199
"313",2896.88855660627,3464.19357289488,3164.27795455532,6865.7623452404,82396032729980.5,2797.8165585938,2693.19368360568,4826.56341194599,14558.7999108658
"314",2700.05174957645,2847.17476114114,2807.7593710572,3518.91833649207,4414.45499109844,2624.57037111559,2623.9070328885,3174.33864158768,3915.19973721999
"315",2455.45206445768,2669.05199058616,1176717911893.06,4490.24726002564,12789.1910539382,2390.02345429135,2359.33910691971,3472.18117859979,6583.31249223264
"316",2901.10684666281,3515.27392062834,4573.87052060661,5658.44332661581,17528.3709841874,2859.51971822065,3100.86176804327,4563.9199465762,11119.820641658
"317",2617.1492101762,2736.17427007912,98532918307.8995,3630.07119922559,5184.23547628882,2552.66632026725,318633646796.33,3270.55161288425,4378.11880882562
"318",2512.33652515794,2610.63622953106,2595.43611516373,3303.79556853484,5022.01112403579,2473.1931626415,2459.42567371299,3100.47895737501,4943.15726626414
"319",3348.16317030454,4540.95480640191,4064.78678346752,9418.56073574948,19176.6629387509,3217.59012902531,3249.92479477464,5730.49110704238,10611.9547170337
"320",2749.93107322962,3070.75583498962,2902.71873817385,116304526183.388,35318.2281038528,2676.66421634157,2571.15191228291,4670.02915927972,24887.3335598385
"321",3194.20587554746,3902.7614242026,3670.06701187159,6731.78391908395,18893.070855473,3058.31891068756,2958.84385789612,4837.05313293004,11941.8156145885
"322",2625.70037536421,2754.22459003892,2748.87460817854,3873.16513043449,6105.1431699907,2568.06135139609,5165853826.5181,3485.33355420964,5012.39964730911
"323",2606.85996723421,2763.5910340337,2725.0557997175,3636.91658207502,7146.95257093916,2535.60284267284,2508.38264056793,3238.77978888053,5718.61126931708
"324",2568.62400937586,2852.42797442339,2850.41521324616,4236.90628648905,8437.35036754278,2529.56412945024,2531.77301990546,3433.17707970384,1022078140.22415
"325",2813.13606374882,3528.14851018185,3125.40967893716,9458.62106942698,33805.7374215397,2699.93986161905,2570.17670239279,5687.63661451893,14444.3428310794
"326",2727.12179039774,2846.53926994983,2788.44799590501,4035.97002938698,5890.17709241152,2695.04810307692,2650.71987462197,3749.11212010036,5291.35366348718
"327",2897.1361134088,3509.65745712329,3339.69096741931,6277.58984995876,14182.6800703585,2857.42479714868,2802.6037099852,4434.40693424971,9232.94707915416
"328",2790.65461673283,3014.62812794754,2882.8983769091,5095.71134563633,14333.0287230848,2724.67026326516,2653.47486128899,4386.01357943716,12645.4536469945
"329",2671.85630997207,2742.17868436224,2712.56261868702,3677.86512137392,4607.02291649167,2621.50989860656,2608.03915823839,3462.65134754437,4334.86508684928
"330",2798.63417221597,3509.64814725547,3239.97894995072,70280909.5610469,53828.0263848473,2758.11364068497,2641.351353381,100428602.816291,29108.7201271105
"331",2750.51063892116,2950.52151018804,2918.45447952368,4039.41286591003,7638.02665246242,2648.42318189421,2627.03939497662,3525.13745465454,6409.87424547856
"332",2546.30743851994,2682.12455629295,2656.59606771903,3644.75656583743,6236.99388970019,2472.02527186953,2460.90099881948,3166.10287053646,4624.45996385077
"333",2578.85154249818,2742.10671067366,2731.77049226936,3715.27852989048,5555.44462801328,2524.97422005818,181914455280.501,3273.67076623365,4685.48866562661
"334",2695.0444109078,2802.47310326182,132808967.085774,4054.84082224869,9857.77486317047,2628.10619184988,2584.75003779983,3802.16414276273,9235.88858493157
"335",2576.86782068788,2667.28271535036,2609.98360896684,3790.25729483307,7911.38388663661,2523.645715388,2476.80845292688,3589.20239464058,7592.95754646211
"336",2520.73333569879,2671.82235034405,2649.09836760084,3851.96175287957,6617.96166949936,2475.04223340125,2467.92065021375,3378.94415804984,5411.99295914444
"337",2595.55893250766,2825.48096077715,2777.90535296831,92423294.3991471,7960.96123694332,2521.98228362317,2513.63667837882,3667.80203335183,5825.61740093191
"338",2523.54059005579,2586.88245793964,2583.24328420451,228404956.342716,4845.77333884593,2467.89356465452,2469.47633785067,3068.60450671477,4368.11606123862
"339",2814.69428803388,3197.29252911378,NA,100061888.582864,28306.9012647369,2765.45388343719,NA,95243199.2321928,18443.309999584
"340",2799.83879661969,3399.17763420405,66311639880865768,16849631.3675791,32701.5716675429,2723.28152965006,140440905930873,122062878290.007,18531.9520766834
"341",3005.05057090035,3376.62701597983,3319.92723916419,5731.33012236536,NA,2889.20846349431,2857.88849017556,4512.31168275765,9798.33585031052
"342",2977.47150165485,3731.17268471937,3589.15381874032,6872.02187826561,208310409.672588,2962.02071421466,2918.86513053016,4765.72451774362,9251.0862032533
"343",2735.43322248352,3113.34200463657,3205.89966596491,4488.25810425242,8119.13945926696,2586.54549568429,2602.87924104854,3420.79473458604,5057.81488275339
"344",2493.25992326353,2573.60269503614,2562.70180568391,3310.81605723628,4270.51978514213,2428.21072912709,2422.22632942668,3028.49428074419,3795.56405520219
"345",2686.03605986366,2903.53213585818,2984.82696829867,3802.8315097938,7402.85146914273,2615.47433910653,2655.71593866522,3315.82424607126,5783.71972853252
"346",2555.80338538548,2796.27101841596,2709.63859620274,4271.54512524919,12750.4771299283,2526.11268997299,2466.72819192939,3742.57078458369,9748.01210118945
"347",2797.43046956695,3126.48789063962,3023.70381916421,4920.63507029327,13344.3355939694,2747.25569642389,2692.84786505896,285196111196.211,8513.31275406343
"348",3082.50633673853,3526.12131408014,3350.28278780271,9167.06869999515,15670372255.0584,3032.78715853128,2948.8339347987,7279.74274813649,40523.8235591505
"349",2885.22371130891,2971.87684497137,2819.47112052598,5461.92351275431,13214.9851439089,2893.51396741883,2755.84411736588,6098.17998553407,16507.700780499
"350",2922.92041834921,3503.57585644602,5178550102054827,210130750.75563,10458.9672595387,2898.08088766813,NA,4439.66025014775,254855297.443017
"351",2680.31422283228,2858.06168039473,2763.33020244357,4774.94153219782,13684.1238830115,2598.96794882112,284719069.081484,4151.7581291753,10029.8544980624
"352",2813.95965023989,3436.36665004771,3401.18974527915,4835.9160231046,72607920.2671504,2661.9300754969,2665.39622307651,3335.81879459203,4750.91276493932
"353",2775.86993247969,3121.52365912418,212679787449.225,116410118.572271,14933384250.0231,2721.98903245463,2670.57637642802,5438.39673195986,52494760.2992856
"354",2929.40632998222,3520.9968751548,3214.68549693862,7875.12176511081,86738.1270291153,2838.81066345668,2692.05523560081,5745.22541582692,47765.9188475733
"355",3364.49798222143,6460.21731340897,7442552.27825246,15145.177264717,37984.9144195546,3182.75042946235,3109.09064874284,5856.35551155074,39029987.2089875
"356",2902.76153951027,3491.10112743807,3884.60643589109,6824.97905650781,32216.2857839637,2749.21510909168,2770.63156655839,4897.32536923691,16217.5301137754
"357",2619.68256906698,2840.63835468563,2831.89533955974,4189.02878490501,7218.14898517033,2580.34484662288,2568.99892098176,3552.32228845133,6039.5384555664
"358",2576.92216702179,2878.72624067753,2998.13575401299,4002.98161702948,6478.33809347591,2471.29770377736,2496.09103487264,3013.61073436968,3799.56295760349
"359",2850.04870987222,3232.71558593626,8263207565713665,5296.80889847762,11907.6736588964,2800.51025617965,12951066396503530,4397.00459494621,8294.79015318341
"360",2472.36381838225,2781.9984410111,2704.4203180351,1272599593172.05,8389.49278185891,2417.11352096995,9186427.40469559,3636.9571724748,6333.26433743748
"361",2527.78367738853,2824.91985235501,20759874.9453886,5599.63934775576,12248.0412570567,2510.90157316506,2490.38442449298,4321.27852215154,8530.16230713675
"362",2904.55843815316,3159.98968853584,3010.00978998289,4996.95961390704,9864.52886612234,2876.47664650921,2814.42243892917,4401.43795648989,9033.71787905605
"363",2655.38292860203,3208.17062278143,3189.58343909637,4655.33310613848,8494.14403924015,2583.22303932476,2572.27925710239,3308.22177753436,4763.91084317062
"364",2745.00280038883,2951.92866256802,2869.61897783308,51483892.3535227,16143.5429924935,2713.55056625585,2655.68694092938,5141.63147888875,15391.8346447035
"365",2576.31972100281,2639.25909596368,2645.08240240435,3109.69923301515,3553.88925168179,2517.52978008412,2521.65776443397,2929.87656046728,3289.73554982849
"366",2488.86827040801,2690.81504137332,2646.29732252905,3459.12928701927,4099.77014405942,2432.7520602225,2427.45618175709,2897.97015069171,3232.48702791275
"367",3318.08367196067,3853.56119685585,30476435464.71,99923640.5731263,14627.7401981409,3200.64737148775,2949.94824752004,6403.88614487505,11116.1997715228
"368",2922.9270017739,4753.32776466964,1230529384.52211,7526412.3541585,NA,2742.57504728671,17796654087.6865,446505811.306698,16644.197988702
"369",2572.15270028321,2816.10131749425,2672.143151691,5263.24022103054,12546.5492321134,2478.59063503143,2430.1994745591,4018.02574516149,7992.89484808605
"370",2592.18439949324,2700.35385158288,2684.92916177619,3582.66840414027,5489.49596728642,2506.26278881493,2495.8575685256,19475085.3699066,4748.31744753295
"371",2673.57748525138,3364.79420932519,3099.19643731934,7287.24121941061,56757.5985916918,2641.53447309612,449697340715048,4419.41181358036,16810.8486779303
"372",2641.84317144033,2769.94018944562,2743.98051055244,3889.3524424915,6573.61624408644,2580.13469481337,2567.57362575268,3562.89345174982,6086.37247826168
"373",2671.60773386497,2947.00468767061,594786784473.373,4392.5859069167,14496.8111130172,2597.13869870632,2562.03483262513,3717.59513472324,11019.2919552028
"374",2693.54838691595,3073.60858215838,2997.97733453434,13221826.3469513,12734.8781196735,2633.69087447686,2608.04478098214,24248455.8650571,8247.79344794512
"375",2639.91675934742,2942.18819992563,2861.58100509535,475749872.974115,8176.01735547389,2550.69196317034,2537.79949840985,149531469.594984,6107.3465347374
"376",2763.69073482373,3066.1730287727,3067.50353495813,4411.31064562875,6766.20910069229,2634.61084401711,2642.18661483161,3477.51456252283,4681.38916176738
"377",2649.96962175869,2905.07388522921,2782.57222138671,4633.76025997081,6525.2337481987,2528.43910791094,2495.30636639282,3694.38487985291,5435.13487346835
"378",2556.4441629447,2773.81794402527,2709.47759496795,5090.86669752513,16007.6318524524,2488.61861728671,2466.7411373588,3873.51452299349,8685.85815469956
"379",2691.90422787951,2939.66953475336,2971.83104397886,3139633710859.12,4761.74958720973,2516.0625600482,2542.29900483491,2926.84430867476,3285.90031368684
"380",2773.31200043567,3129.1656433877,2925.42895088465,5690.72546778459,13459.8010872285,2716.71879558947,2626.39842172591,4655.02935370565,9947.30468527098
"381",2780.86710963513,3005.66403095378,2938.05393663793,5176.23830809624,19406.036443374,2731.78264761769,2672.41905100539,4591.36030732102,18665.7644335367
"382",2541.55696792274,2687.62272729427,2628.06899893113,3846.75655666241,7308.29027718518,2492.17689418474,2469.17231780225,3437.38290175603,5981.07600518191
"383",2525.71442284738,2848.15148328732,203351724.252021,4286.82066191835,7110.90725327952,2444.75595140069,41885259193.569,3188.43082472979,4351.42080241049
"384",2494.82439140355,2639.07559554019,2578.21202328507,223610117.006512,10211.5414438969,2435.63414603545,2401.22103350884,3511.5465003444,7305.53889496192
"385",2864.61142927828,3344.63344633544,3294.70741105692,5605.14602017498,142348532.154045,2903.01402029995,2900.37985632997,4484.56880357879,184979192.005872
"386",2510.40905687014,2604.86482289727,5328082.70284384,3395.52530666449,21608414.9566441,2450.39536568273,2472.58418617842,3095.90425108877,4301.96571485718
"387",2853.70945031923,3196.27063074616,3023.9721542739,4812.73465544102,8391.63058677898,2814.99713266474,2772.73918564528,4135.37936686628,7346.10307764354
"388",2948.12656482634,3277.18595576736,3248.53053655749,5167.80588727253,14678.7398130537,2883.45415261953,2867.8059828373,4552.4280448347,10656.491235537
"389",2900.69619571835,3380.81667974413,2998.96412121583,7615.06413092238,66447.5965164187,2799.26859283338,2596.2801980774,224069906.49476,38163.3297380987
"390",3059.14768837104,4015.32082356809,3501.44032111215,6894.54142337776,12671.343422122,3052.69380926963,14310902.9208722,4859.91939894071,8422.88546949899
"391",4431.24408802212,7522.70097095092,253848326.712433,19465423.1328738,150799.843126858,4540.03332186015,230395410359753,138457503.735441,54019.0004400063
"392",2816.64204211142,3091.19964461381,2986.8660261824,3586367081389.27,12758.221656801,2764.44369198707,2692.12194797021,1447475354302.68,9780.30661178904
"393",2876.67647534519,3079.75959895788,3095.53757905981,4558.91896783094,9126.75754204947,2875.61572504491,2880.21126684163,4217.03473144177,8081.71141511892
"394",2769.33758201473,2910.93896966462,2876.51910877844,296920779.694749,7370.03091883345,2759.02557880855,2730.98702512042,4011.44608188463,6995.94953256264
"395",2728.02515930827,2948.2753336298,2862.02798886411,4787.79547337493,8808.68745511305,2693.52911316357,2679.36322268325,4224.05843417513,8110.33326207203
"396",2864.5521007616,3005.86610817961,3027.2725410638,95124500934.6977,6460.25367408548,2787.26489936811,2802.25034628205,3637.02836495925,5881.50427953749
"397",2512.77677005777,2688.27135627949,2637.49027574072,4023.76548167094,7210.010666634,2459.96911394678,2440.3586644104,366581310.944173,5450.2757897764
"398",2609.21817236646,2790.7698564044,2723.1833888757,4438.56792397287,10135.2588502547,2545.56404862229,2521.6148571121,3757.36904214345,6920.35555993396
"399",2849.02619917468,3242.3913765584,3293.21760336964,4559.10970728879,7255.44845925185,2733.27925502272,2786.54142409756,3515.66568237264,5463.35844580283
"400",2489.60544643082,2760.7616375398,2756.78472976419,4355.7127659515,8595.8849191882,2405.08072379746,2401.24288492237,3313.06821375816,5133.72489981173
"401",2917.20316283731,3254.03073384274,3181.80232945683,12601177.0045531,14537.7834860913,2794.00475050191,7752592.54784954,19586280.3322987,9001.3339644899
"402",2623.79239862935,2743.98306410076,2727.30915670342,NA,4828.1524069533,2557.56211475323,2546.92762374488,85381283101.6851,4051.42699229853
"403",2562.83460290364,2838.12856970135,2824.74921271041,4311.16634761172,7175.31774209809,2494.72240898967,658580212139.45,3351.4770816556,4963.967437307
"404",2863.8693516229,2993.83004545836,3066.28779381876,3748.38878367998,5004.73325557197,2798.74958757264,2864.55676318032,3440.08882413981,4447.50297844166
"405",2592.47090703456,2758.47467029307,2754.17259967296,3583.82929444899,4858.06532491098,2537.19055767724,2538.69529936129,3207.06487681691,4298.31049270062
"406",2725.61144599901,3151.99627756518,1961879688.65002,5314.43730381057,9577.47989108278,2698.26441793731,2685.05692205276,4189.87015882585,7469.82537688437
"407",2813.5661589572,3256.94374316777,3153.35676934086,5164.38609296965,13656.9955601253,2722.38234440087,2663.43776682867,3999.0346345968,9139.93558216083
"408",2575.28423472177,2733.85260944013,2653.78125296051,3961.71421136931,5500.17928318498,2516.08929509913,2478.08058764977,3452.40324657658,4623.44565847977
"409",2553.76420570099,2661.25726019775,28700810390.2538,3505.07304100973,123464597612.519,2487.10440087749,2472.88006300088,5844818.28197743,4334.85906206968
"410",2644.78422814174,3071.9162327697,3031.56026723972,4684.72453265977,7678.1691872773,2590.19963631003,2565.86342450023,3449.75091706779,4644.40018478278
"411",2593.10319267915,2803.43082620428,2678.83840564445,4822.6422749908,14314.206897573,2504.83079144855,2448.86455254942,4026.32620097111,9269.39414045655
"412",2657.67500248725,2869.74545549404,129931535616442,4475.61126195885,6714.0430338486,2591.49214759057,2573.68355528435,3814.09582906556,5694.36595961005
"413",2871.23276927855,3015.71558115633,2900.21537566718,5002.03449888391,11370.8755851972,2721.4048911272,2650.6349317249,4340.00278842084,9985.79103844543
"414",2740.81717623779,2912.88989772822,2847.69031717185,3926.74331624305,6468.4737221445,2668.86771851845,2623.04584345993,3520.45272087516,5520.38684966145
"415",2496.21387262977,2731.68785251009,2710.02379340025,3992.26220502639,5784.76339120711,2432.57369263817,2439.84031333112,3200.65268312476,4063.81700481192
"416",2887.15477998104,3580.37502144261,3385.8517130254,6483.82782457707,21513.7759878254,2862.39938528238,2764.81656821661,4712.31211096815,596431582.147612
"417",2800.43040407044,3360.00722208007,3144.15855554005,57971100667.5856,34529.1174544779,2740.41779814887,2659.50125371355,166622353672.785,17700.9750570499
"418",2394.69983571843,2598.35722909058,2600.80359133949,3753.83572715823,5844.55772716004,2341.52541750383,2369.91496748937,3086.27486346113,4193.74522206656
"419",2707.8731305961,3624.72931612739,3442.89944397752,9081.86803966191,26332976849.5228,2648.51273126241,2561.41701399846,4910.67489666571,1136619696.63569
"420",2995.68907821026,6096.98529896271,NA,27988.3130466007,121014087939.18,2956.76180384153,210212822580.3,5178.14702196793,9424.30806580336
"421",2536.8092251244,2659.18376322228,118688934.588513,3663.22166720396,5608.96689801639,2470.89700612613,2468.42302197001,3271.91832480627,4552.262137111
"422",2557.69907423674,2656.5561288031,2625.29491115606,4151.9085751594,8276.02843226081,2489.36321023868,2475.9537388435,3718.2527286427,6658.27565559368
"423",2850.27699354352,3561.15281321613,3285.94683449117,8806.00656701254,45640.98121427,2763.89550622073,2622.14462176695,5870.35255305414,24845.1969830955
"424",2586.15579783654,2826.56624626008,11132854.1073422,4302.2654322073,7723.22378669913,2507.52864719622,2492.05188715523,3595.93848928941,5987.72180167843
"425",3542.43350161317,3922.27168394855,618197567058.417,7846.37192831197,22860.7632271309,3523.79185546978,36099075195.5941,7424.7778409048,21419.8080252465
"426",2844.16027234283,3144.75315931156,3122.14884202625,4397.36572136233,6783.01155217473,2720.45489909807,21281919961116,3508.21253129111,4863.80709434573
"427",2681.01683576981,3045.24701629672,2994.63737967765,4287.39433667815,6597.40796643733,2605.40032889704,2606.53350018525,3361.17454633419,4751.60019535084
"428",2538.18280371545,2705.31414602789,2720.26739526555,3511.01179325162,4602.65297078807,2481.02059832288,2490.60658666143,3028.67717838062,3671.15781780695
"429",2601.91597911796,2770.30392697439,326120263.150965,4426.9699577451,9398.98205834436,2538.74814230339,2521.94319349632,3823.37114227737,8679.14334423603
"430",3305.12494606403,3988.0948560856,3531.40358483949,26747383.459685,24996.776608209,3122.62655170345,2896.11375466066,137248409.119087,18722.8047545261
"431",2760.40257096364,3117.47574592096,3065.79259092244,5107.85791272128,9183.1580182893,2734.36933399347,2696.98818182325,4189.992632373,6954.36460691059
"432",2886.07480774509,3136.2509152129,149202884.02266,28944976.5978853,1225266786.89278,2919.92401945962,2799.49809338015,6548.79974145041,42289.5214577041
"433",2684.6854252355,2841.06482943476,2827.42124357169,3538.28839953197,4987.34241488826,2613.37883046329,2606.5167555459,3202.55123825986,4277.64338200263
"434",2497.41924057633,2809.52846507077,10471262156.0589,4259.15836488796,8744.15332567474,2453.99267491488,2415.15472043888,3577.76024207916,6369.86275267161
"435",2641.67363686396,2816.47162588149,103598926.517357,61275164068.9442,9565.40276075224,2575.94844422256,3492375069.84365,3581.94855914797,7108.32865748727
"436",2774.04148269305,3314.05334459564,2973.76930038197,975940463.311054,16409.4303490573,2786.75767871592,4538532522102.86,5658.33240778298,14745.8877171319
"437",3548.10313886602,4273.30899939926,433055270.258869,9601048808.10894,24224.1915001655,3474.46799532778,5152161855.54143,6590.95675305335,17247.8778744243
"438",2974.50749977138,3531.20459381568,3328.26673675767,6712.43342965958,25318.3102982913,2878.81798953403,2856.71548376076,5299.25368325658,17031.711065805
"439",2531.47504606742,2761.77448164938,2743.08687701491,3980920.3904709,8620.25042380312,2453.07420594012,281369125523164032,3242.78578535599,88556355.5871263
"440",2509.94606676258,2791.44241326514,2729.27243367544,4622.58318444848,17232.1866911114,2458.28211873451,2430.31678328348,3757.12785380345,11377.2777305604
"441",2762.94088640365,2979.28348944565,2860.80477519404,5099.02679567244,20891.3112753366,2671.78942994648,2606.17534976937,4335.35370283157,15017.0593291056
"442",2911.27316631102,3751.33999751881,3391.89481020346,8840.03403427067,23511.6997567038,2801.91563592855,18037232037.9413,4942.95910231545,9895.97688973578
"443",2749.49892821679,3203.87569735306,3486.18427166321,4976.16891912919,14698.4371976164,2671.89466769449,2712.45538600016,3953.61295603453,9696.52041209891
"444",2661.94795028035,3036.30030805976,3083.13772979271,686709844.26543,45364010466.8587,2606.26772545936,2570.54854417997,172216176.12775,1194102231852.88
"445",2501.9779821201,2593.87712850912,2581.88935115862,3250.38699271331,4289.3152758719,2453.63087033456,2443.9630404757,3016.98450146864,3953.04422871106
"446",2623.24327414471,2738.2881323584,8895357.10182698,3629.35867190512,5596.15289138356,2559.27577074826,2552.65996567415,3294.95126144563,4824.12612028446
"447",3017.386558662,3611.86738375778,3506.95150381013,7121.52198876809,50513.5351161969,3003.51400815515,2930.87921732022,5571.91282436664,NA
"448",2590.09106367567,2839.18369649352,2821.26612213786,4050.78153941371,6175.0407247981,2541.2834001579,533095436778.629,3312.22769271755,4636.73180972076
"449",3886.60453590685,4492.19945525001,4220.46679712059,9171.30075253965,39949.6091792334,3585.22898780082,3390.65198046939,7379.44367400474,29609.5417291248
"450",2792.69172250464,2902.96857574787,2842.45234881161,3833.47414738817,7160.20087829462,2729.43795290003,2683.85760748561,3579.02828658914,6556.39977296302
"451",2640.1360284128,2807.76323088254,2759.31410178917,4015.48733281329,6211.14571853968,2578.20662405248,23554357906.1103,3513.23901834188,5158.88874785554
"452",2833.73412630192,3305.58325384686,3397552401536.32,89474405.0371857,34212.3328356154,2785.39258816974,2685.00265925359,4740.02015801555,22373.0182224573
"453",2897.58511163759,3272.16428008069,3283.59301856801,5149.59518757248,10693.1019394595,2817.39433126976,2857.13750657048,4190.08979920112,7574.14503215571
"454",3104.41953813134,10281.0267907213,913625149.233253,3091936457.5743,67953855.9834959,2843.41746687272,3152.88848464415,5133.89550925103,13090.9705229312
"455",2536.11559480584,2671.22609927121,2611.03775484173,3763.26003087424,5949.32675658268,2471.91760637352,20121071.5884782,3394.76131206703,5447.51841958775
"456",2712.35737695194,2951.48041285756,2833.78143576957,4522.1490528057,14142.3650157022,2688.58287082606,2646.76042526863,3966.61566863438,11438.4664224267
"457",2511.10727108067,2634.90530765952,2610.75030801834,3440.91579865536,4915.54791707574,2464.11320617759,2451.28517740506,3148.22955214021,4240.50630117155
"458",2896.60905278829,5252.4310985248,4821.61714432135,231761294.602521,NA,2805.1195882314,2833.36512984154,4672.78166103345,11025.8087130913
"459",2539.10335954925,2764.67095850314,161106519.537197,3717.40022984017,5212.7903671128,2490.36819173561,2535.98182533493,3055.37158115019,4117.30500874616
"460",2554.72913940526,2646.07444350328,2633.84527534647,3692.61236107818,5686.99368489652,2511.87678437786,2496.94348787789,3508.42674763898,5628.2241886054
"461",2805.70908909031,3506.9894540316,3325.00059241599,6943.74063136814,22229.4473992007,2743.15342590035,2679.51986487366,4540.51833103102,14760613934.6854
"462",3134.91093612752,3462.11987276038,3446.83267110375,73952431.1054603,15556.2587474491,3076.2928605204,5458421628346.62,4381.86631140742,654229658.245702
"463",2545.11006705451,2641.36790518729,2601.45082231373,3612.37120066429,5427.62189264575,2480.1114493302,2450.33149039727,3346.48328226739,4910.22949658206
"464",2704.4124057513,2938.36222648714,902293516696044,125825805493.356,10276.7426446396,2649.19340667052,73457269709.1858,84438522517.4951,7465.63652673372
"465",2577.15122096028,2692.44450148698,2645.82283264692,94646247.5478992,9391.71621517833,2490.41454857645,2468.78058487679,35585568.2561549,7197.5113323449
"466",2482.74783128179,2775.98766275168,86462771307.2626,4134.96735767152,5475.13720147889,2436.043505644,24288202.864539,3246.57813931546,4099.34406493301
"467",2648.39615798895,2806.18956448231,2732.93872753607,3631.09263803385,5843.0973411663,2581.55823133484,2517.80161123061,3286.56568637285,4995.63590661493
"468",2550.31406765733,2721.81562637741,2744.79869271691,3431.14429815925,5004.32247288026,2485.15016077758,255194020935.073,3022.18439903726,4165.014523143
"469",2861.97806918657,3091.59305779953,2998.65812806653,5740.76161092799,18593.7879485261,2835.77695030263,2769.4882963159,599655972768.851,17080.6441749172
"470",2750.60972466863,2991.94064199084,41096230799111.4,4998.88282691115,10707.3111703059,2662.74877624832,2623.21072271206,4177.34086690892,7764.5763932686
"471",3008.07575996261,3516.3564905087,994838681165.262,5483.87045031375,7657.48471740951,2926.47630321114,3587769437874.46,4178.55998726237,6284.01674360539
"472",2733.52157420715,3184.85811144966,3248.82822473068,4432.50028740012,7488.38319706511,2690.85428787188,2742.8840413213,3465.97916081711,5316.74057541791
"473",2670.47216055337,3156.34473834737,3127.16680201938,5421.02910131718,14002.1742992682,2653.58806477755,127467502094.491,417314059786.25,60517327617.7163
"474",2816.8689037816,3323.56973169111,3135.73457907383,6389.76979951401,14856.4133690039,2709.13436952452,2686.881534115,4787.33072965039,1622994702160.47
"475",2681.56765056997,2960.68786084754,2997.90236753712,4156.81018434452,6260.87243687724,2620.11742627325,4485894884246023,3424.53048823848,4770.77055853705
"476",2493.70138599656,2598.26707461724,2583.70149512403,3499.77038397149,5015.01291016327,2445.55293750066,2434.8023936733,3140.290127823,4145.68629865205
"477",2695.56299615836,2879.00652627707,2830.35611351275,4579.27917536727,14156.6989110965,2648.14692729172,2622.43405859719,4006.61121377582,10502.2690687881
"478",2572.77872035566,2901.15132533884,75709513245.7752,4571.33852164903,6501.83830402485,2525.81942974676,2533.85877642909,3411.83657574795,4389.37317755339
"479",2814.38932824486,3057.40261822667,555032137317.05,4539.12834368583,138743979014.809,2717.83855425627,1486956326.50996,3815.30081789297,7187.43147028501
"480",2907.05203551589,3566.84800979543,3358.6803233845,6731.23003013432,9545.99838676662,2846.07284889064,911031213600.613,4405.0447198552,6048.3923745201
"481",3650.48983743207,4621.75414543185,5320.64879909524,10711.9089094546,41957.0312181574,3864.33275734351,4396.79399729157,8968.13183088867,36834.5792139785
"482",2588.95531379995,2713.18326017761,2689.82492049077,3603.41659193976,5807.17772886218,2545.13862351322,2524.88785916633,3302.18941199189,5195.26314928025
"483",2570.76832090472,2705.17467326227,2661.4249112301,4169.6702302046,11265.4537575928,2502.83487572622,2481.28487396041,3620.1588375237,8364.69110960055
"484",2567.03624381448,2697.56579229794,2692.03104845404,3607.46946391474,4783.65307857152,2523.90779888669,2516.13794855873,3284.49886591191,4183.21519708888
"485",2817.06342762023,2947.75833497075,2872.90915940952,4630.7809612136,11450.4395194184,2755.87769707128,2703.59658326757,4328.5474181847,10118.1461042771
"486",2727.12556904589,2844.6922504139,2952.06092633324,3867.21733520792,6677.9293919436,2625.01672367599,2725.47386738832,3558.27315025676,6272.94106952803
"487",2640.63651656447,2817.58441439031,2815.78968849629,3871.60077770758,6235.74081602357,2560.14574683046,2566.97642585891,3335.75426231165,4972.65618329774
"488",2759.95295033655,3053.00183198785,2938.01452960233,4433.77912028822,6838.32478596002,2680.72533082664,2646.88360571322,3655.72333976552,5385.64176665399
"489",2612.03018290685,2774.8985623359,2773.36587572775,3800.67801283813,5466.05785224647,2548.58737936812,2557.81113474095,3332.81460642278,4308.30473070347
"490",2444.70175767605,2657.70640549817,2613.77397853204,3470.36574390655,4512.26749055076,2382.45439375695,2377.9499452568,2935.74607898157,3662.40442256445
"491",2768.86787187121,3590.32133917647,3156.0106624942,7916.45682009244,16339.0431638026,2706.50076957291,2639.24948097898,4522.37524992927,8722.1052443482
"492",2573.809461991,2715.85828906294,2631.2487294561,4020.62289076598,8130.93433006303,2511.75926157163,2451.7992683998,3523.89954780087,7835.91451790961
"493",3513.80172352115,4210.25468885718,5454.97597098481,10688.875672687,53425.3350928047,3168.24008195363,2104807192471.89,7479.37348910516,24137.2949675149
"494",2599.16567367844,2783.17893762311,2776.20770066643,3958.66920322307,5314.4104170178,2546.5900256239,2563.10868992084,3333.70894753216,4093.41730575389
"495",2676.73827597641,2972.18401294992,2800.19164895,85035576.7153297,19301.0936669167,2613.27998322611,541144583.147336,4665.4220376981,11240.3952296337
"496",2544.93197267023,2702.39561534893,2669.30048617302,3633.71795417203,6529.40724150996,2482.06045097961,2473.31331152812,3192.36992867324,5058.39749575073
"497",2842.25118935969,3455.21961304831,3168.53328629641,6141.13445194276,10219.9280444918,2851.2423182763,2717.74443582143,4739.86318435793,6571.67370617864
"498",3054.02369500276,3433.57742225517,3374.7660006333,4989.13921283501,9348.33518092695,2943.64697619264,528567070.974019,4020.9835389882,7045.85094506997
"499",2813.76329871176,2994.78950429859,4842795731.81334,5066.12585967777,13209.2668266307,2748.72695738618,27444602082.3885,4662.40684383872,12325.6831715725
"500",2726.81658343105,3101.32022683698,3055.63484383099,4570.98019041361,7046.42814743059,2607.286375177,2600.10984102502,3515.2268308128,4720.00855752814
