"","correct","wrong_link","geometric","ztHurdle","Hurdlezt","ztoi"
"1",1020.63588747757,1023.38627782733,1782.04033906471,1351.88965694043,1017.58440721046,1071.90068832184
"2",1044.09056889913,1044.16636356164,1574.13700806752,1267.66093894548,1032.54045908105,1050.88412773583
"3",1043.16361561557,1043.58862545275,1591.19999697185,1268.9864465481,999.058324258165,1049.98671299737
"4",983.492858230613,982.566721638492,1502.10908996828,1142.37126519521,965.892667110251,1000.79710293819
"5",1054.66753889533,1054.79598390453,1649.29399670284,1357.82106976576,1043.89392223943,1069.08789728536
"6",1071.49116757454,1070.72523469455,1571.46915875213,1322.52568294768,1023.76796042865,1067.71953367487
"7",1055.58886817572,1056.24533104276,1665.50230386752,1341.76156557367,1011.72918833402,1072.80331343465
"8",1047.10792587661,1048.15177158339,1616.9429678629,1339.11804097809,1028.97568897206,1082.91676074617
"9",1003.72573504468,1003.8580225812,1642.95099516596,1250.40775329491,989.686695435591,1037.40733999263
"10",1064.58564169017,1061.80893038912,1586.028379798,1294.75090630982,1042.04991456955,1063.72126789261
"11",1011.38645450627,1007.870210026,1606.65995481379,1224.78304955728,986.992787693779,1032.41390067577
"12",1028.93642071103,1028.84951287148,1584.78663858818,1244.79064495022,1015.54338444756,1044.59044116564
"13",1042.41472440293,1042.48327241947,1707.50515892744,1291.91193041048,1015.66667157939,1066.53509344602
"14",1035.95983652844,1036.39138164528,1583.28450874338,1278.88626224558,1011.48364513798,1043.96950344922
"15",997.69128802764,998.702434259578,1605.35339379904,1230.40184744537,977.063013214829,1029.99675197554
"16",1041.77174324212,1041.91453241531,1628.62323181036,1296.99292899431,1017.04870973106,1060.50407103843
"17",1100.45038160072,1102.38617806152,1609.69838164926,1335.77918265644,1019.36478020027,1072.00403406896
"18",1069.73614027605,1070.06641175849,1691.61598427172,1348.73512978882,1035.58280111148,1094.80110343359
"19",1076.224744853,1074.21475872994,1696.73329777466,1369.29559924789,1042.19945525892,1083.50442004738
"20",1051.46204494426,1052.57073177877,1566.36345565683,1248.22790069569,1022.05780455792,1055.47394747531
"21",1028.72657196774,1029.48996755851,1573.74629894026,1310.20172354374,1016.98768173678,1054.17029883766
"22",1075.17479934973,1076.12841720914,1678.88211452009,1334.80781106298,1029.10354330579,1080.50821912628
"23",1033.17675002945,1033.12752928081,1598.4513944276,1266.95392935287,1009.00000379236,1044.12630781908
"24",1025.67646922322,1026.65947629992,1653.17615685906,1294.83192700599,1015.80027897354,1046.6799750105
"25",1060.39237887388,1060.1845119126,1594.27048816798,1256.73946167851,1038.5852992655,1067.55119597999
"26",1007.67194188888,1007.50224856773,1600.33897469345,1202.03771080241,986.949395170426,1035.05935334796
"27",1023.02503560363,1023.73476938172,1570.35309149741,1199.31530577185,989.722867875634,1034.81286751902
"28",1022.75602882043,1021.72296625584,1599.2927425307,1240.04520880248,1005.29961260703,1042.1395843504
"29",1012.7218731364,1013.93169159697,1563.66022043918,1194.62772554818,993.533965845352,1033.04503874145
"30",1031.58335991773,1029.13435720495,1634.5117795273,1227.03479917505,1007.26564195074,1058.33255300534
"31",1037.70516972256,1035.41196495826,1580.26242406365,1266.5295822886,1016.65351324141,1049.26263766282
"32",1070.97781143424,1069.81033377538,1650.58634354626,1315.1142195518,1036.00364367324,1080.2537311372
"33",1017.62196004823,1017.98010837417,1603.69123333726,1295.2761840055,985.871186327508,1026.62819873286
"34",1065.13920111089,1063.35559982747,1654.92027135503,1303.05798613681,1024.94453414052,1078.23371566886
"35",1064.03850897082,NA,1579.2867758703,1310.46462462832,1036.61371513131,1061.08196941942
"36",1058.93528077975,1058.35177251097,1653.98385424375,1334.85587939933,1028.48168021261,1074.84208895187
"37",1023.29664410726,1025.15813881475,1598.54449357408,1289.35437981343,998.380652917526,1036.35777769139
"38",1025.67477515432,1026.6996122669,1646.7558158191,1261.09450939895,1012.5740726672,1055.87709158784
"39",1010.73716695729,1010.75532531041,1556.0329797219,1220.43049935736,999.053167270514,1039.78673146769
"40",1084.82591621121,1088.4964702635,1667.03929361038,1319.14469145227,1021.60313351611,1076.95701498149
"41",1048.62161770557,1046.82140298318,1522.41154533916,1247.48422611245,1023.91174121123,1043.42391290682
"42",1041.25533725649,1043.16050737953,1700.60413475631,1352.68105994053,1015.80228744966,1073.82201864954
"43",1021.95178709377,1041.86768928648,1526.92393364621,1224.15823207509,981.0538623295,1029.72239004858
"44",1063.99035846407,1063.96663764023,1617.53898967475,1338.95117277345,1061.02850656323,1068.30011707015
"45",1019.07969036318,1020.33242220196,1601.69082343809,1215.9010590898,1000.71085477751,1041.35152342087
"46",1103.5550729334,1100.88747879469,1668.63602323173,1360.24030783535,1061.67503987592,1090.02169431516
"47",1055.0487396199,NA,1610.71019253999,1326.54098677173,1021.01266796514,1060.70702245512
"48",1089.8344161503,1090.5230638178,1670.8347933495,1400.46777303461,1062.33867628791,1100.2943284988
"49",994.744361974116,996.821634905477,1475.74045569344,1199.09712860047,975.434855814728,1013.39698842713
"50",1074.38112761215,1067.90524384758,1590.7599941442,1267.7087905115,1035.63310742979,1071.27208834427
"51",1024.28031023852,1025.268313914,1599.72044828512,1268.13456120997,999.690762872084,1051.01813610302
"52",1064.19647432838,1064.09706920377,1584.20503845724,1296.07884998328,1037.23572175628,1067.65314211839
"53",1043.38292471534,1044.27443959636,1756.14943795331,1335.9961497779,1028.46965622136,1080.70869562475
"54",1063.81636919662,1066.70008776662,1673.55548937787,1396.5761319945,1036.35100143853,1098.18405584201
"55",1075.9646621889,1076.53661693992,1727.05862996323,1392.97357918261,1038.23314016431,1093.96384188238
"56",1000.91740633766,998.258767636399,1580.20565059674,1175.12991721582,975.6770742261,1021.74486118578
"57",1052.97332990608,1053.06180663848,1719.0239596107,1375.85945317202,1014.52545810535,1082.48905931714
"58",1060.79536720421,1061.30273971352,1585.0185751836,1271.36490413075,1032.70954270626,1060.11949491189
"59",1059.64849596928,1060.2848597894,1647.85694283437,1310.94512111728,1031.23016998199,1072.75780648775
"60",1027.10710217503,1026.81698839525,1562.15621278877,1249.42651423625,1026.93604106621,1038.7083654023
"61",1102.96552748557,1103.73912471397,1722.42401927993,1492.68961136346,1058.94693147269,1108.3599759466
"62",1065.27692562646,1067.06159367364,1650.61410884049,1325.2820631463,1028.73290940121,1078.73279000362
"63",1035.36057334457,1036.48699390056,1567.95409903398,1244.14497969186,1013.04226281554,1048.32904551228
"64",1053.8323426365,1054.63903659228,1648.55294510424,1328.88410075728,1035.10185165905,1070.70892567143
"65",1023.23698326398,1023.94580908093,1608.32587943555,1243.03125000542,996.95420318709,1039.82170437119
"66",1090.80643230661,1090.95261213279,1631.66105763452,1412.00556569858,1056.75143404249,1085.49702576916
"67",1046.52230582483,1046.75500810827,1651.07298064698,1256.29642137063,1019.48314023429,1064.89154278436
"68",1036.6293189977,1036.65081990027,1534.21549639367,1264.33060914584,1021.85433655108,1036.01239103401
"69",1042.20387998509,1042.12528900678,1616.95653358382,1283.58066963714,1011.91996600466,1052.6969972464
"70",1010.91648150621,1012.56923875523,1601.1488587705,1271.23548841687,991.264980768084,1035.75045486146
"71",1022.16679373562,1023.96901287487,1552.55135704371,1266.54554505729,1011.03917139214,1036.99095800817
"72",1054.72607933903,1055.51151797211,1671.35773332871,1357.31534442665,1018.64515469473,1072.07231274835
"73",1061.57920146464,1062.55027510272,1600.19733288944,1380.29558237937,1034.27225439206,1071.99045707996
"74",1019.22888256203,1019.52796090376,1610.27529917945,1261.18952355931,985.516134777054,1039.86660086613
"75",1027.46224655288,1029.16725975979,1628.58959105083,1301.52467904089,1013.81840440377,1048.85788914478
"76",1036.54875701428,1039.02166198277,1666.84327217095,1329.38049525248,1027.36245062701,1061.80590194618
"77",1082.62931472472,1083.07129622748,1655.76978353637,1357.01932447661,1045.24389267915,1082.26270725428
"78",1060.35438055192,1060.10402848707,1719.8429100402,1361.69213587018,1031.59738547942,1086.78747616758
"79",1024.34113889952,1023.91821107813,1563.18950885059,1251.4143046109,1005.71889283422,1046.43087841261
"80",1089.37453535382,1087.54178647298,1668.03412260523,1400.58520120593,1059.51732820007,1088.74795101022
"81",1078.21905011166,1074.84854789097,1728.5745702516,1387.62171709042,1036.37598305714,1091.26303534195
"82",1058.12907538769,1058.30286854325,1620.16548125843,1303.79723846834,1018.37052270589,1061.32320228733
"83",1095.57531652462,1097.17659518752,1642.60719675456,1345.02207203806,1039.36906374596,1088.54432434272
"84",1086.82564297864,NA,1634.22738955087,1394.36412534957,1056.62529835223,1086.1703620413
"85",1011.72567627715,1014.2288257272,1549.94858166027,1277.12626390334,1006.61203829368,1037.86791713851
"86",1079.4960484882,1080.02209635659,1669.28671784958,1357.94892287488,1040.42246647692,1088.25028740418
"87",1098.29618867738,1098.57672896952,1635.24552270367,1364.07239354754,1075.61536399743,1100.50836558088
"88",1043.28409926525,1042.69992965305,1659.33501748613,1283.86650048118,1017.26963544253,1064.39208437226
"89",1067.08486945538,1066.55186527897,1636.08876269572,1306.39201310069,1025.76358416273,1077.0785602711
"90",1057.41599622528,1057.63071213354,1663.08736548687,1320.92191856642,1015.45555946059,1064.50370565626
"91",1048.19721834959,1049.12568599283,1555.05255083437,1343.47035198335,1028.05992625007,1065.3434235151
"92",1053.64786436752,1053.9624110249,1582.10798914573,1292.45275876729,1030.18565386905,1058.82091999075
"93",1094.01929231449,1093.62671610424,1638.20700419244,1388.06643523236,1063.78227822519,1098.25224116125
"94",986.738370354975,986.085436221315,1551.65204424077,1211.89168005776,973.520003401719,1021.49655291984
"95",1044.4348925358,1044.74965203398,1585.5406542228,1283.08139091242,1014.17047824548,1048.0656331313
"96",1014.47932527914,1015.78367112027,1523.55491364926,1219.12406790437,985.500377505982,1019.26628067576
"97",1036.11635199985,1035.81601956871,1659.33355401045,1287.04774194987,1023.77015282302,1060.31608243723
"98",1041.72407306692,1042.00788264179,1604.09837234094,1294.0537902573,1016.45910428682,1061.02851636404
"99",1044.15917467379,1040.93044084873,1633.4554248459,1262.56154697589,998.209046210429,1059.04135386337
"100",1035.41772595417,1034.80048665064,1575.19781638272,1250.26838899394,1011.19519840922,1043.24271083975
"101",1014.93104082577,1015.38801936226,1556.84774003523,1245.7094039109,996.761838829373,1025.95887310807
"102",1023.3966145694,1023.75256021571,1601.99987396379,1246.05041292721,1010.87886453251,1046.37816991086
"103",1106.21620973589,1106.66619562717,1720.14376439798,1452.14680472916,1061.12427898971,1108.06424198738
"104",1089.83111497013,1090.57514217924,1662.12667025602,1329.90180199697,1044.94761787243,1093.22603056346
"105",1038.34655045596,1039.77049563724,1622.01037898523,1303.42206458369,1034.18042240285,1062.19475583941
"106",1070.89925278136,1070.77909384086,1703.88559556598,1304.45661797616,1025.25025748282,1086.91555506491
"107",1008.51164844228,1010.70762366935,1677.26940736527,1276.83007575748,997.95895510778,1047.97125358932
"108",1052.08534525123,1051.7466819182,1692.22403454641,1363.79666898662,1008.72187109674,1072.58981128068
"109",1101.86859185748,1101.66713276116,1658.84506061644,1371.18512261251,1053.01979808879,1098.72053126121
"110",1049.13183407165,1048.54318724485,1605.07670903728,1306.94792278794,1034.60946960296,1064.76728040126
"111",1018.67606732898,1020.23400378942,1609.16434993739,1243.20199740241,1004.20504236995,1044.12585508522
"112",1028.83458782471,1028.48268388425,1608.41960961676,1228.22474604899,1008.55708139077,1049.12928773891
"113",1083.52760647183,1083.25582014838,1626.60228696063,1372.77221133469,1069.88328628478,1083.06367308321
"114",1029.16136496083,1029.36386172906,1560.04446004759,1253.93906903487,1003.3959984869,1040.24932454006
"115",1048.43140312842,1047.96161381433,1607.32774338235,1300.71810301713,1021.51507996422,1060.00818967456
"116",1068.93602108743,1069.98526380536,1677.99134919811,1337.52432545801,1031.58479423131,1082.70879185268
"117",1039.00296325854,1039.10643301824,1604.53101693127,1281.72245957586,1014.62904973739,1052.19721276105
"118",1032.56930776121,1032.13523203407,1570.74259794404,1239.68831811444,1004.8083891795,1050.07279012338
"119",1049.63024853684,1048.90106215681,1635.12794439273,1299.687491898,1032.69229498003,1069.38959530092
"120",1089.33301688803,1088.03958160991,1743.92042258905,1398.46433188847,1056.8252553763,1108.28158393201
"121",1046.30613224339,1047.20290080985,1591.25491527939,1260.70426257573,1035.69676685824,1057.94097783437
"122",1057.13251126075,1058.12429892803,1712.7707154761,1360.81084943949,1007.66673699106,1075.62843831029
"123",1049.88902406764,1050.18918134246,1600.28444504549,1303.6659002481,1029.97033773734,1064.58785154556
"124",1061.95309952155,1061.93215839249,1584.350940545,1302.994706978,1021.97759345152,1069.32041117622
"125",1047.45312046907,1048.14919543438,1575.38254215281,1292.4923444041,1041.02723077335,1056.38994499314
"126",1039.57435559625,1036.9383895728,1611.03617244761,1255.84426289077,1005.87427689296,1060.66682662896
"127",1024.79934247311,1024.66227298974,1538.98355100481,1211.96227250346,989.305198097853,1026.80861077283
"128",1034.55749715382,1035.69795570224,1645.90266540347,1285.10188956252,1005.39836853845,1052.45525473871
"129",1056.20012399846,1054.53860261232,1652.46964031767,1296.31067860037,1019.89388652568,1068.96233288081
"130",1050.80323975419,1050.00571748205,1598.9391937071,1295.13671997488,998.148099426533,1047.68563129391
"131",1039.44418514418,1036.12445823164,1640.33331288802,1311.59664431126,1006.91724225821,1052.2384884395
"132",1016.03210338648,1012.9230384852,1736.5753391251,1308.95806588154,990.643255735282,1060.17764780751
"133",1009.43446995078,1006.80263247899,1681.6399123418,1273.82011595547,984.107102297055,1047.98317194382
"134",1080.49534775892,1076.34659499888,1638.01350829625,1394.34687377212,1023.49936808207,1066.25439995243
"135",1061.60479801821,1062.17401068638,1626.16683744382,1321.16746587366,1043.65543786456,1077.20208781505
"136",1058.72705542529,1056.39829924589,1583.67101216011,1291.62304455822,1021.21855401206,1055.84359017353
"137",1026.53433749783,1026.60471319002,1621.81491644262,1272.37385218461,1013.91581493783,1050.60704687366
"138",1058.59500144313,1058.36585130971,1660.25415987569,1297.03025106587,1031.14151319807,1075.78132483739
"139",1063.06748298323,1063.26002984411,1570.22420066943,1287.07441979199,1031.38366773643,1068.90062394265
"140",1052.72817386723,1051.43910799128,1635.69234016916,1312.17363463705,1024.58033673739,1076.27620798036
"141",1050.30345623132,1050.53352723159,1603.86236937292,1269.20918581053,1028.22949796786,1058.50193519227
"142",1008.50076040947,1009.1135036855,1577.47673856008,1213.68120668272,999.405221135184,1027.66114813079
"143",1063.09146757122,1062.87455039248,1619.8357896269,1276.00336199142,1038.50724731483,1067.03769595821
"144",1042.1593783891,1042.14926407904,1637.49780977042,1291.37259460342,1015.32585194527,1059.30216597369
"145",1052.0694136208,1051.6936284407,1659.98484110134,1350.39259705283,1037.59339907059,1068.77713915081
"146",1055.06685560547,1056.11377800719,1604.9590248511,1385.50969096088,1037.49152701702,1062.90742780691
"147",1018.51659930175,1019.65426977647,1679.75160621601,1338.09915353834,1002.19709883426,1056.95807115386
"148",1039.18261950439,1038.71071752013,1632.60923719958,1255.67880718501,1010.78417911425,1059.55272101836
"149",1021.88533480333,1022.50323524981,1550.77180390633,1204.53645868954,978.077211135551,1034.40215593427
"150",1016.76072444408,1013.72352652145,1635.57905623782,1249.90757726508,992.056998168952,1043.57540038724
"151",1055.44988934974,1056.1934395928,1590.51060919131,1300.62014092788,1032.66567926073,1062.21371030871
"152",1076.43525223338,1075.91189866027,1685.38389693967,1444.96182133526,1052.31324705408,1084.88307949267
"153",1061.58172660105,1061.96659759427,1676.11754665278,1285.85966363613,1043.78395353343,1077.16791886343
"154",1082.10418760937,1086.05336905118,1638.59700406159,1291.65844622327,1032.72670271007,1081.59301538952
"155",1091.39226515664,1089.183284977,1707.19154834856,1390.76138484514,1058.29740367927,1093.54039352854
"156",1102.48676856369,1101.46594855387,1705.02784773085,1390.60213268206,1056.38042927489,1106.67657216185
"157",1047.73053815782,1047.6181530345,1633.38392232335,1338.4833165617,1008.02510904292,1064.86585827356
"158",1042.47886429575,1043.82267359076,1555.68226905568,1253.82495159937,998.510027580844,1049.08543975422
"159",1016.14221030045,1017.28692804101,1584.23948415346,1234.01436943708,1001.01312041855,1034.76700906107
"160",994.713083776854,993.092996625457,1580.23787303225,1194.47772840944,977.504282441478,1028.91675537581
"161",1091.67239123452,1092.39755918483,1672.91422280113,1461.34756802333,1044.23728072304,1095.13704856076
"162",1105.27418055431,1105.96985449873,1691.17807581079,1455.36110390541,1058.52712665557,1107.09839679436
"163",1035.29144348617,1036.6917021267,1615.15496460544,1279.81518734716,1018.69044866694,1059.51999473446
"164",1037.54501706146,1040.11080221455,1637.50753967183,1316.33484536643,1024.21212215101,1063.38532763228
"165",1050.45094686833,1052.36430853922,1580.27699884323,1301.74079215618,1018.31835893565,1056.93091691364
"166",1075.04400466703,1074.56260974689,1618.7332117235,1302.17005905775,1034.11244734743,1067.89588918239
"167",1031.64617099147,1030.75664417184,1617.84719673123,1260.01729492259,1018.24995088658,1050.0864788516
"168",1044.9597472328,1045.47350906001,1611.65567561537,1286.40352680915,1022.94078771639,1058.4691978475
"169",994.056703821625,993.704367369665,1543.49175415594,1155.42402547237,983.756537634096,1015.48562603828
"170",1091.80724059769,1091.67592351782,1663.79421409918,1420.06468480814,1049.56746709556,1095.0007030287
"171",1039.48348452505,1041.62675672895,1656.97999334869,1315.7954810493,1026.57561607731,1059.87123497261
"172",1080.80761970684,1078.7988931655,1608.21983335812,1300.66323866773,1026.97368300796,1076.11036623201
"173",1055.41528401036,1054.64002787361,1565.6917238321,1299.83899240408,1024.18752325094,1056.74005479967
"174",1050.81434863787,1052.15147721787,1634.25670619713,1298.69429042307,1016.52853838845,1062.43407467391
"175",1013.45559854282,1012.8673884263,1665.70987489579,1241.55880994589,988.252279832078,1046.26157805703
"176",1048.44403156965,1048.52048632232,1597.58394841437,1320.09603518865,1028.91221164584,1057.70711506297
"177",1060.86099784385,1060.47590101108,1645.04730195182,1314.64996121154,1031.99237533767,1074.4161670062
"178",1053.32095085274,1050.54266578983,1598.58436108999,1320.38324944298,1036.87433433793,1070.24526776287
"179",1057.56727592664,1058.11089478687,1600.41115721574,1265.90221021422,1021.93644883688,1066.80915606461
"180",1071.84351608309,1071.53919000494,1655.04465338449,1312.7889744951,1032.06689931469,1078.95232323418
"181",1084.98235544299,1084.68838567731,1720.19767824163,1417.60402959056,1050.38093178917,1103.58958599611
"182",1023.72655249016,1020.00094065432,1623.45417009624,1261.61176222054,998.863996827925,1056.13421416552
"183",1068.88779500835,1070.68980943537,1628.36761187157,1405.40270997369,1058.15633159115,1098.58251807019
"184",1029.13966901615,1028.231424518,1629.96533112091,1243.14553282457,1002.83578826147,1051.49252185968
"185",1064.0348930595,1064.06553127552,1611.68742321887,1362.36944120273,1039.56962248462,1065.58547117218
"186",1008.36506987429,1007.90683189824,1533.5138997741,1190.50868359178,984.452522915574,1025.62514392534
"187",1045.78780634157,1045.68655634423,1627.20452804539,1288.87930765581,1024.04640441648,1067.8499741742
"188",1068.6221473919,1069.55632289993,1641.82887240554,1389.14992922368,1051.11067633288,1079.22701162019
"189",1018.48866360614,1018.76528297265,1633.62642276711,1282.30569104711,1003.89835722584,1048.90805218301
"190",1050.70806442111,1053.12809448196,1658.83281192553,1374.42281457563,1036.57465133435,1078.39693410832
"191",1021.84880965469,1022.32814638327,1537.0112740712,1220.67275314578,1006.2323451929,1042.01271008409
"192",1024.02794555744,1024.63999374615,1608.36610206903,1293.23230981587,1023.44098278308,1050.75205614462
"193",1025.12065559072,1024.09509350165,1633.62293056184,1260.229879818,1004.72758614039,NA
"194",1041.72435815865,1042.91489010661,1622.85518531083,1304.4468963822,1025.32192486024,1062.98172941435
"195",1044.16402516486,1043.81707785228,1556.65293093354,1246.24990510176,1014.5026565172,1047.31912042999
"196",1031.98593814482,1032.55935825293,1644.36329474671,1279.04871472697,1009.14367622256,1052.83420452131
"197",NA,1053.01868384447,1670.97114593311,1334.14708066908,1018.51030226694,1071.99467733107
"198",1028.06490460215,1027.35979309537,1555.18597971052,1210.8821115432,997.012769541531,1037.84698714118
"199",1095.03662597923,1095.56751174635,1672.17491141332,1489.31540782879,1075.31380225328,1098.63101064921
"200",1056.34877311321,1057.64392303722,1704.98185647479,1329.3484813027,1032.78082730536,1082.31455021631
"201",1025.83262151647,1025.89005715728,1545.42225905497,1208.78537350202,988.06272132937,1032.38057405493
"202",1102.27680913515,1098.97994955525,1694.50675379807,1412.06945929976,1047.86293903384,1087.41265598998
"203",1034.81538986715,1035.62796225375,1632.74003134044,1254.1774303942,1013.74254529324,1052.5466558456
"204",1077.05173349061,1078.08559578662,1757.1431130517,1408.83751954354,1029.50937330376,1099.63214176332
"205",1030.39165744553,1031.19774127096,1571.97702744984,1288.2329798059,1001.85020271416,1043.41355340316
"206",1039.83252689325,1039.16510393065,1583.24288771216,1272.25905282289,1018.87734834344,1057.64951907685
"207",1118.94094928732,1132.35091821111,1630.68906868052,1385.93798005924,1059.69217806132,1092.30332710857
"208",1076.59374575764,1076.01016313035,1675.47094153966,1377.09608416292,1038.55234898435,1088.13808270585
"209",999.351134186883,999.421165681208,1543.9048413818,1197.64899355632,997.118451769371,1017.94273990288
"210",1014.16421239802,1015.69255006861,1613.30849689355,1242.55423375613,1003.58416972105,1037.7820948984
"211",1080.48530948261,1079.76065850103,1647.73055570092,1360.13315674028,1043.69790479225,1086.04748402946
"212",1082.57752766736,1082.37812841378,1655.96978033105,1353.07779572472,1027.63955676983,1082.7664238528
"213",1054.77589942576,1054.83307255511,1605.21556673714,1301.1681946624,1027.50001907788,1068.91969248543
"214",1037.08339986378,1038.76937886603,1600.28531288477,1233.40824804854,1000.90716408616,1052.51250265793
"215",1071.00444110522,1069.7001587999,1664.47535211929,1305.45431875859,1026.20130584369,1072.22185211926
"216",1042.34447310982,1042.3952998791,1578.3789325391,1242.09106054488,1011.97332061448,1048.51224796265
"217",1042.38990524637,1044.1010723053,1680.51066985622,1332.27138239001,1026.32439747516,1070.06882260145
"218",1035.68938175696,1037.28314103634,1627.43093262425,1258.22661239026,994.075497306457,1045.90188969966
"219",1046.29565301682,1045.63376366872,1680.59087331452,1284.0214475126,1030.9956794718,1071.50741655767
"220",1019.76059142811,1018.93893374594,1645.59357993493,1271.46103222221,1009.95175982363,1049.29314060769
"221",1037.88314450291,1038.5157958143,1633.65527662901,1259.16268864638,1029.13397334693,1061.273473342
"222",1033.58144506517,1034.38643376147,1598.90056616976,1262.15259125906,1008.39767515888,1046.31488110334
"223",1045.78709765506,1045.48686053124,1690.12200495052,1367.70770345544,1029.64630078078,1065.61663070742
"224",1057.27355866287,1054.64875931609,1622.88603594604,1318.70979505017,1034.49285966311,1063.81615663247
"225",994.922599191064,996.29877022985,1602.72735066608,1173.61850405161,984.119531509068,1027.05540925932
"226",1052.56852442759,1051.07191996289,1631.17907424599,1330.23833846725,1017.6557535634,1069.1470105567
"227",1004.41815730014,1004.72168257505,1501.47384305209,1219.46322689634,1000.39975668256,1024.90923856129
"228",1048.08152112521,1046.94435365206,1614.88104641542,1322.04338492397,1017.39075316033,1058.31161967636
"229",1024.05586488472,1024.60961619441,1555.78952023652,1199.51537460411,1003.15812416871,1036.76578467825
"230",1082.62739352919,1082.25467410028,1670.03679291159,1305.39140617378,1046.43494913425,1084.44427481937
"231",1033.31644099685,1036.20174765621,1610.39088140795,1340.14627053115,1029.32009167351,1055.77934218306
"232",1040.22609108675,1037.70482773342,1627.95835465249,1255.51298422245,1012.89050106485,1051.25544460557
"233",1032.14794219238,1032.33584487811,1565.04512144127,1200.70115067791,1008.53218229509,1037.3185730126
"234",1057.61462857465,1057.85199001219,1658.73104913087,1370.68351166994,1024.41092528808,1065.97081171527
"235",1034.83531587702,1034.15671994718,1578.59094682166,1247.31098551556,1022.8420252457,1046.10182126385
"236",1043.27565074796,1042.85201847563,1609.1684876658,1316.18756675847,1027.22189926328,1061.11482751836
"237",1033.57252290522,1034.94705891875,1645.53172194294,1253.72863825362,1017.11846891537,1055.84508282212
"238",1043.45981591909,1044.44918185347,1637.00674065561,1274.33956912966,1021.07706235254,1057.97837462231
"239",1032.54689788286,1032.42889986755,1611.59070138399,1255.41868585265,1018.13021691421,1051.64590940526
"240",1007.47745154168,1006.85420915163,1639.42553223727,1281.23345419768,980.691430505298,1041.95066080177
"241",1072.26245413751,1073.66248498053,1700.94317240683,1371.86515804137,1035.21608410096,1085.53961184216
"242",1010.51814670347,1010.93732908657,1538.67036151276,1168.48459848955,984.151022775226,1025.75269342003
"243",1026.63524179371,1028.92224436206,1560.41196330487,1256.05398780607,1004.28386505039,1048.7754229966
"244",1044.63436144415,1044.61753490565,1561.80079686012,1252.96961591671,1007.52249019947,1046.55136446514
"245",1018.6648395011,1018.87657412293,1530.95955319902,1242.15471334851,997.271037250144,1037.9816520754
"246",1082.34898252957,1082.1904351289,1650.23420044711,1452.84757035886,1085.48745984198,1094.56028309015
"247",1051.23057567598,1051.0077650016,1682.65529603276,1328.43986984664,1024.8178094696,1077.02830523123
"248",1031.92638444935,1029.56237460906,1568.47819438637,1241.78690934716,1014.3982566086,1042.8988218799
"249",1097.6604243387,1098.45355496192,1638.24534564722,1397.44793718082,1066.84824172994,1098.87028024795
"250",1006.72450116136,1008.61062949723,1667.76146716948,1227.03929687592,993.29460111573,1038.20661433632
"251",1038.62236737267,1038.98285381836,1628.26629966697,1288.82031890305,1018.4035453338,1051.05340714023
"252",1076.00350909178,1074.69034074584,1619.66696053912,1313.4379043762,1034.76297515727,1068.51961748523
"253",1060.54801091636,1059.73144084109,1680.83657636752,1391.36082323929,1027.89694389294,1075.78544882508
"254",1068.89758057401,1068.94490821017,1672.66289957578,1385.65707941544,1038.63808901606,1078.15950021193
"255",1056.75075827014,1056.05285918446,1645.608628564,1279.31329114713,1032.58441436059,1071.26125547141
"256",1058.09792809258,1056.04305229279,1697.9889566729,1316.11612670643,1021.56880534604,1075.33577673147
"257",1063.09768604642,1066.88576573178,1592.08979866053,1310.66208083709,1024.12984653667,1062.61394409941
"258",1057.28319446758,1055.90327216389,1521.88726066544,1242.2079360535,1022.46942037596,1052.29977855595
"259",1081.95110478484,1081.85938974664,1672.79017441795,1434.83040887957,1052.57799472671,1092.20572644677
"260",1051.75411579731,1050.37259658318,1666.46739260847,1358.16462416094,1013.52861180536,1068.84668731652
"261",1042.14579871797,1042.59744451173,1600.50963630434,1314.51942785862,1010.81235553965,1058.51706527875
"262",994.019968398454,993.363005177023,1562.95353477334,1222.19956621484,972.235094623543,1027.93306693054
"263",1010.21766697679,1009.85576341622,1566.60913765553,1222.83962636977,993.724857050395,1039.91784953293
"264",1088.25277107961,1085.31595630721,1721.61502031853,1446.87551186033,1052.16878438831,1100.5587975876
"265",1003.03098707655,1004.10700213762,1582.90944440693,1188.26513799884,980.097471459131,1033.49472431847
"266",1009.65387611522,1006.40343899336,1582.68641871798,1177.83939883759,978.270935028542,1029.74745941891
"267",1048.59412405937,1048.58377797746,1588.0263885019,1296.73732005677,1030.53934768856,1058.17684280183
"268",1038.322588359,1038.39840613119,1563.47110200818,1251.48095721235,1025.78748397546,1043.15849460107
"269",1118.93890912941,1124.15014367333,1723.52791392578,1400.15516550743,1036.06368165614,1098.29067364926
"270",1013.21588898169,1011.37940001034,1583.38615541788,1205.29998522004,991.743091941253,1038.17038024724
"271",1015.38106772601,1013.66434440122,1579.6137616258,1269.39038804181,993.417692536157,1035.36329898586
"272",1089.0937113801,1089.20799635118,1589.39281268259,1313.5940423914,1029.77749016563,1071.08188353131
"273",1027.60567820764,1028.63777202609,1672.96285660891,1310.02752684719,1013.94187296897,1062.32394431917
"274",1025.28425678689,1024.95611598777,1576.01842073244,1264.00073228882,1023.90081854299,1059.43527659176
"275",1072.67644444327,1071.60235038265,1660.84906798727,1428.00937261967,1040.847345186,1074.68811842181
"276",1047.96958143631,1048.02087562879,1589.33656030447,1321.79560786459,1061.26464856733,1053.81474295999
"277",NA,1056.12101943243,1577.29444371941,1267.71476277973,1032.60190326812,1064.44318122231
"278",1047.72240952598,1047.13010906263,1574.08798733338,1239.96211643105,1028.56570110693,1058.55054522409
"279",1007.04792446727,1007.71119410938,1645.14557887076,1254.91563372564,1000.04425876853,1044.01842718661
"280",1024.9882183835,1024.7721550476,1528.19373315063,1224.21158659203,1009.08797161063,1034.50421296588
"281",1044.71661536437,1044.26297308916,1583.73547784597,1253.78279661943,1018.08689329215,1052.2154386689
"282",1042.01069808006,1042.56766022859,1624.33139448724,1290.64563826135,1030.52551330492,1059.74405316674
"283",1013.35024034459,1012.006777288,1668.78611036504,1233.07458225285,986.946480147535,1042.66670452497
"284",1007.04717312258,1006.74496705811,1604.61825825029,1248.56763041145,990.482729608154,1044.47423486455
"285",1050.9520362117,1049.65542226191,1588.42707988332,1266.28257064646,1019.04529168673,1054.51406197071
"286",1026.69197612731,1028.40014484901,1610.80627224916,1286.91688731946,1004.72652982387,1047.56672790936
"287",1036.18636315663,1039.13154800774,1580.69886050554,1234.69146046214,1007.07530297535,1041.40966514908
"288",1059.38792023522,1059.7305848556,1615.69934474885,1254.49952853751,1034.09873951562,1067.53359958525
"289",1061.28025186804,1058.63421578433,1616.01041478323,1306.66214674948,1027.74993439012,1065.50224724089
"290",1071.17390615325,1071.02846094334,1622.67471975067,1335.91343505463,1040.73287720335,1068.75463623721
"291",1013.48446885377,1014.49791664685,1539.69916322759,1216.58611709974,1007.65870475038,1034.12457794241
"292",1061.71891585582,1062.75064088298,1594.97565994065,1356.04861672241,1046.01887748335,1068.11479715023
"293",1052.93179035842,1051.51622063209,1623.68391077276,1283.70571986325,1031.06795766359,1064.39773450771
"294",1023.59714804622,1023.55769915919,1545.04205100721,1248.12259289721,1003.54404744458,1046.87667585525
"295",1064.32366748039,1064.76590811584,1604.08414424056,1316.41256406283,1030.45749579334,1069.81721552874
"296",1058.63621424475,1057.22486391043,1566.41467582694,1318.24567222045,1019.37513521727,1050.71701603587
"297",1046.80310600066,1045.5278623261,1554.98689438008,1240.55749742724,1021.93954974198,1045.44458128337
"298",1032.37362856953,1032.73027406695,1656.64118629492,1240.42806778779,1009.76534680135,1055.42976527049
"299",1016.86640086359,1017.93904918187,1622.08189017623,1253.04506183406,1004.34980961569,1042.21587568948
"300",1013.72352295725,1014.9141454981,1540.25907187231,1257.81022677384,983.886316216034,1030.64312171193
"301",1047.44025925434,1047.5416353369,1626.23914085941,1302.34289215951,1029.20757550893,1063.22062303104
"302",1024.33366132463,1025.34619604319,1609.86063572817,1247.5333843016,1012.63536353416,1052.68651383274
"303",1043.43155374666,1044.64286845114,1551.94286948959,1231.53088008278,1010.35702390504,1044.44638160151
"304",1077.84566127161,1077.78959687015,1693.70087744952,1376.19993645462,1033.25757906492,1074.74009371915
"305",1068.95726543561,1068.19909037049,1630.50943961442,1302.43219217589,1025.90936387952,1066.68770925533
"306",1058.76492095139,1057.16712426701,1521.39144161033,1256.90343386312,1026.77911364196,1060.16012481221
"307",1025.14514182349,1026.16110091252,1578.88833151819,1295.82885702515,1004.30806733584,1047.06906308079
"308",1067.44289627898,1065.86399294742,1699.3210605589,1370.35248437249,1033.03637695861,1085.55611082704
"309",1009.20164341079,1010.05231527646,1645.08540371958,1241.89927064256,1006.22732898931,1046.41188766355
"310",1075.31199190031,1076.19102565556,1631.23818655134,1311.69768025549,1035.55389724809,1075.40409362402
"311",1019.74938358019,1021.7767416364,1592.99429208228,1203.98685542126,981.131252179831,1031.57572759888
"312",1043.46749644936,1042.64488840227,1644.71665463041,1319.85287983815,1028.81860882805,1065.65402411632
"313",1026.64630659925,1025.40983587407,1600.8519075026,1233.46112191779,1009.58778345081,1045.56204068988
"314",1020.50637210035,1021.29097608234,1566.38769931603,1224.9263372827,1003.60929611646,1039.41421368237
"315",1003.67475370541,1003.67278671331,1634.20214045678,1236.40135859891,988.091905445944,1042.88874885221
"316",1013.52412952975,1012.2008139725,1556.55195442673,1301.64859665022,1005.96733912186,1026.97118792474
"317",1073.85746642307,1074.72926015794,1681.61362709233,1334.57555374721,1032.13831308606,1080.91373098893
"318",1066.83303754377,1067.27665408353,1711.3459170938,1365.06643252169,1035.53344775883,1089.012721508
"319",1062.60580991848,1063.92201886298,1622.16985473966,1345.7684744441,1046.89206885815,1072.84057876861
"320",1069.2164197486,1069.19796948029,1598.44769842172,1406.28415382821,1064.48778886246,1077.41558026503
"321",1031.0857810168,1030.73985100796,1566.88421272463,1223.90293015524,1005.59853317471,1041.56816074149
"322",1013.03789376989,1013.63289885384,1555.86346733443,1222.20676330435,994.950557921601,1036.35118993173
"323",1054.41794078276,1053.36301677979,1652.42099852883,1335.63162246692,1039.62622314753,1071.34961575496
"324",1053.93521161682,1053.8562806332,1595.15522815763,1355.56164421657,1045.66748296647,1060.85547356299
"325",1009.63911721524,1008.69713999186,1619.74514695077,1223.14988993983,980.946475886284,1031.62519870759
"326",1009.10631881897,1008.33088447238,1578.73460719538,1209.4499621294,989.949325900221,1044.50312628413
"327",1043.13775677171,1041.81576738112,1693.72583853723,1315.73394109166,1017.0755537286,1075.03782639874
"328",1075.83503035887,1075.78730889491,1634.55521757197,1306.21327809096,1021.59752331119,1077.96696533812
"329",1046.52806539362,1047.50012908514,1618.09963234295,1283.87139557249,1022.59653151847,1063.61290162075
"330",1034.89962993057,1036.22027177193,1584.10796333648,1286.94338462624,1020.37867090742,1050.61926284938
"331",1024.12081673957,1024.07529263967,1567.56256040612,1182.36079188355,998.333757564209,1036.02909431426
"332",1048.40060287631,1049.96534647081,1622.90059833276,1293.58215130213,1018.57768534406,1061.42098804034
"333",1031.03988690601,1031.86027156421,1670.55985083534,1306.41352062976,1009.92568979638,1059.23486142697
"334",1045.60820724261,1044.61008912278,1654.76665554169,1283.14554219797,1020.59102981959,1062.86069283675
"335",1063.12688295993,1062.55512378541,1646.41424118516,1327.45318818823,1040.68553086538,1073.49178296225
"336",1090.71752698712,1087.77533266589,1657.94265829817,1390.70150634051,1019.43535220318,1073.91050957405
"337",1096.4637427794,1095.70660603399,1675.70787334715,1382.38333505465,1058.09836158984,1095.87426541405
"338",1068.29443212989,1068.87196992852,1581.09043598417,1258.98147997014,1051.17217260969,1067.30477149142
"339",1063.61865630335,1061.45189116056,1693.16389379549,1385.81582286706,1025.46003545016,1079.52987977561
"340",1021.84959158065,1023.71573410343,1641.78424871397,1313.36336973949,1010.52304611595,1050.3166625928
"341",1059.45425196607,1058.64927235999,1657.10964610978,1305.1259048476,1023.10420009368,1081.70727472156
"342",1065.16757120575,1064.64159574822,1648.46507647853,1283.30832723927,1030.50408706266,1077.72280584423
"343",1020.86447636597,1020.6004130555,1542.16964932516,1252.16499438394,994.446108762422,1036.35274669109
"344",1040.19123691496,1040.06840921887,1564.21713972908,1256.76633937217,1015.22447528293,1046.55037805646
"345",1067.30525493221,1067.49146919563,1735.8916754314,1373.44612110104,1040.49063628482,1097.08762686518
"346",1047.19667436659,1046.56847043024,1701.75129428701,1328.19472406687,1032.04275137252,1066.79126332061
"347",1021.5863071957,1021.00052743553,1563.39805977641,1253.05455200902,1013.54508852857,1037.24074714847
"348",1011.52200270787,1011.84218608153,1532.2979859229,1196.35002307531,1003.36892663788,1027.95048196926
"349",1061.52047893638,1057.65766291279,1647.84232970644,1243.09474000692,1008.01323556848,1063.9065307373
"350",1056.28723317108,1055.74462637842,1693.060845736,1334.0496852272,1032.96649483923,1083.17818634776
"351",1025.90345952895,1025.12054568463,1549.94556949888,1211.37791738652,999.456221492245,1036.55423021905
"352",1075.25790652872,1077.0768622125,1622.78337140577,1352.73012345656,1052.61356733287,1072.93239530199
"353",1073.11762745756,1074.38951999042,1659.8070187163,1418.01720503606,1036.39904045813,1086.94177999395
"354",1041.816915946,1041.18303194706,1674.71836422481,1345.55779406754,1015.58358060808,1074.59258785113
"355",1008.10332742155,1007.37583216734,1574.57485692778,1215.61916998688,996.174861154809,1034.61693031568
"356",1063.41505804651,1067.87594715738,1683.28823384922,1350.41295049802,1037.55346082749,1082.65169637051
"357",998.421697624473,1000.88334498483,1606.14681574754,1208.1661039936,990.166056160398,1028.52826082878
"358",1052.39712161337,1054.21935149203,1708.13514653178,1326.49274666277,1037.76342869437,1081.16622371141
"359",1017.34581938679,1016.50253815197,1585.56230663614,1225.99526514236,987.864839005827,1037.37499305466
"360",1030.36046021681,1029.69137888043,1605.66652297726,1238.55659207942,1007.85695285098,1052.55645007321
"361",1041.27237602099,1042.3280299608,1622.91338010596,1296.89926198413,1026.82242836017,1057.83668193974
"362",1013.98511488102,1015.2539383235,1577.46741187991,1229.81954822937,1005.32002991808,1038.79073901287
"363",1071.88532156093,1071.25540033525,1709.47698099129,1355.9779365236,1035.00995320898,1086.28680990237
"364",1096.28680546725,1096.46677843957,1656.46753249415,1394.10048544874,1070.93150367203,1099.90788151775
"365",1096.64378349259,1093.65725751561,1676.61255509982,1338.43693103095,1053.37523690273,1095.47521265409
"366",1046.82245603581,1045.4437683196,1547.55593690856,1224.40812712813,1033.60660596794,1049.58120750089
"367",1062.09517004711,1061.61770795257,1604.39321173342,1334.16867495797,1022.2537380838,1071.89506982689
"368",1077.72046467129,1077.43268217324,1600.74153321397,1362.25363934764,1054.71610053819,1077.77137853455
"369",1044.3429780387,1044.02863813016,1565.18742211,1330.06550388992,1037.55258294737,1052.18849421061
"370",1013.58693489544,1016.1509578184,1661.33150106235,1270.64775982028,1002.47681072738,1047.3820754255
"371",1039.5385726127,1037.96687589617,1651.16514855568,1306.73887076161,1001.46274560139,1061.78157700801
"372",1026.61902545693,1029.67664272586,1701.61484149324,1312.71399141173,1021.67237675838,1068.89708235575
"373",1054.30236448113,1054.30652350475,1601.23392550071,1326.29282183661,1028.12461548805,1058.82475780779
"374",1059.11632613387,1058.64959196916,1565.49582912585,1306.85675394764,1034.09572860291,1061.75745993026
"375",1071.7194527238,1071.96553854066,1677.52312017519,1312.27648407228,1030.54150619066,1081.01785886795
"376",1090.21015712624,1092.50244508932,1634.28007452128,1323.15531495898,1034.20609425539,1076.81718916754
"377",1020.36235695708,1021.73907646248,1594.03969956357,1278.1816740455,1016.18941587968,1040.38258183446
"378",1048.14765958689,1048.54711687132,1542.86699247072,1229.00825302527,1023.75226707842,1049.28936232086
"379",1018.20164594692,1019.51893711977,1736.25370273464,1323.89916955059,1011.47695775982,1058.74133565906
"380",1041.38908347674,1042.58947650226,1633.55379697032,1388.24284482715,1032.22249420125,1058.84494093545
"381",1012.42724946518,NA,1642.09907529918,1284.15135189149,997.13305918222,1046.28590057516
"382",1030.47051858559,1031.17390937823,1555.48186972177,1224.54556738205,1003.06145976387,1036.94134854652
"383",1043.52103828329,1044.19583519728,1689.51906059166,1396.75808415096,1035.66173544252,1074.99010689355
"384",1066.00057707796,1068.147615446,1629.87754408718,1297.3054776932,1022.97616046263,1064.16939724628
"385",1054.88179760711,1056.28855587542,1563.97130720972,1253.60176313845,1019.09315383592,1057.11389160179
"386",1047.498978937,1047.8190841112,1596.69299927303,1258.35152343078,1009.93344168199,1054.58036513215
"387",1083.30868410118,1083.49208049012,1648.25817693326,1302.10532400994,1045.11964737103,1080.31762695574
"388",1001.73908310644,1002.08935884926,1624.04170610226,1225.90003886745,984.723980433567,1036.03880677538
"389",1061.29951412816,1059.82165459811,1676.76462113931,1289.64091846173,1031.02906080911,1078.36993423606
"390",1074.65448146565,1074.67715962696,1622.1143262627,1349.52408191579,1045.13272133111,1080.87517596994
"391",1054.5745063086,1059.38115717074,1531.21679137182,1249.64090358795,1031.03369204795,1050.12548358799
"392",1014.52252024955,1015.20967624464,1568.13930276712,1288.08261572843,1002.09109731378,1038.71227679394
"393",1088.13357690596,1088.25709506433,1649.76064342834,1352.88953139637,1041.71484925293,1084.15409878847
"394",999.996211210584,1001.19587864732,1542.71550870776,1233.02227842183,986.959452045771,1036.68573484637
"395",1026.61125644958,1026.34972150284,1701.35217877665,1264.36171800842,1005.14097703545,1062.74309505208
"396",1027.776096254,1028.1324238586,1567.51721746201,1229.08359515622,1014.70492894608,1044.19961247478
"397",1050.48974564193,1048.03479163784,1639.63679030976,1345.66392343417,1027.0302873998,1074.80898668359
"398",1055.90044136759,1053.35810277292,1586.74440153899,1245.35100281773,1033.73637768617,1058.77737093155
"399",1053.08311071022,1053.77487487235,1712.31950087554,1331.2946473607,1031.32115008074,1077.55080947607
"400",1052.36498025367,1050.82812482908,1722.18797995298,1387.72732361104,1025.8088728072,1082.11626921814
"401",1001.49546919562,999.972903227379,1590.92480095278,1187.96978695674,978.375122597278,1026.21238741413
"402",1071.15372835851,1071.81052686975,1587.15204885469,1313.10120448307,1036.61189065557,1073.32914117639
"403",1053.01128401003,1053.00107138167,1669.6132745706,1278.65703707616,1021.15161991007,1067.02710669322
"404",1059.31868543179,1058.98465575212,1597.9966336794,1349.46786786062,1041.63903464742,1070.64217555402
"405",1011.69137897815,1010.22932156326,1592.0362044938,1197.71692383061,988.853076891909,1038.36068728896
"406",1009.42548801194,1010.36393367601,1569.05452918163,1206.36015889273,991.642443419369,1028.07779497008
"407",1026.59735151437,1026.78382166834,1637.3407372174,1226.60139009522,1000.87329445596,1052.32607725052
"408",1066.16817395424,1065.21786814603,1641.75259909795,1346.30851065911,1038.41219176018,1093.14655374255
"409",1039.15305890148,1039.3237779129,1607.93348292637,1234.16794926675,999.937218773369,1048.28396575711
"410",1059.96241162581,1060.14761908543,1615.63547674147,1287.26698977824,1029.83444151094,1073.29728695676
"411",1003.24717391717,1003.9794524004,1602.68851144789,1253.41465019603,991.3805882521,1033.0345309287
"412",1044.40801065212,1044.98767442324,1612.76203678641,1315.54401462629,1003.47392911617,1050.40966174115
"413",1086.52957163775,1087.31127344699,1633.54944311812,1331.09810333698,1034.36260192158,1086.32378200767
"414",1049.14953022114,1047.43271427819,1624.48526268905,1386.77353543324,1037.69542743715,1077.69171059575
"415",1036.95991875311,1037.17617837792,1660.63024413947,1294.20036317235,1015.21895422847,1058.0940987539
"416",1029.97302030194,1029.70157496457,1622.37254231593,1238.57937694948,1014.30524825217,1049.377451563
"417",1079.61560932293,1080.64814993682,1633.34905293954,1344.14499596996,1050.10282169287,1084.44991230759
"418",1022.7423225157,1023.0133110001,1614.54153011286,1249.70735126266,1007.08688808724,1044.94238324707
"419",1046.46517366474,1045.5662224443,1631.27776613113,1277.78966419341,1017.30620443245,1054.89928441584
"420",1021.00086184639,1021.05742696,1584.21145905214,1248.55765014835,997.933143637433,1033.21040537787
"421",1058.01123529403,1057.90530037273,1603.78349232949,1314.12654360216,1032.10886257262,1066.62328639946
"422",1021.49138036441,NA,1528.15995250306,1173.82235629548,998.370374978731,1024.64980417677
"423",1050.46479083721,1049.99518636405,1677.23452358928,1373.9417580622,1036.11946879491,1074.85151468621
"424",NA,NA,1595.2654220121,NA,NA,NA
"425",1026.82796076676,1025.89873938679,1633.32421756288,1266.74413053754,1006.5518621506,1053.32573994756
"426",1024.02716495524,1024.68773273187,1591.19789390924,1252.86688990864,999.321160041186,1040.75912813201
"427",1042.83253934201,1044.74638510104,1560.45522046943,1239.10402312199,1027.38057811305,1054.306486494
"428",1025.76118112432,1024.30470297026,1561.52477603035,1248.79601008207,1011.39684565032,1048.94211007344
"429",1053.08235512554,1052.51058616164,1661.36188609134,1336.44946021315,1033.65586097912,1071.81938168262
"430",1020.14251478543,1021.08169643978,1608.96713239764,1237.65635371686,1003.14376837434,1049.62424981956
"431",1042.10954863966,1041.22643095481,1562.55869350604,1239.90149602775,1019.92827288958,1051.18628277489
"432",1073.0594431904,1073.04906384501,1685.58304828857,1375.75415464794,1041.09366942388,1085.90728662742
"433",1060.33591442367,1060.30540721438,1588.86890151407,1309.99288640951,1033.8707905057,1074.32210724752
"434",1049.34444362726,1049.37510103735,1654.81329571545,1270.73852125197,1026.48255258366,1068.75159350277
"435",1036.7198430495,1038.15749876822,1624.58728497695,1346.95029419555,1027.30535348268,1060.07783564667
"436",1035.54731833796,1035.58625147404,1641.295115494,1347.42194691679,1019.82403828985,1058.20813812271
"437",1091.28131354789,1091.3992332035,1649.19663145273,1407.00058946105,1063.57016697431,1095.21387948932
"438",1002.89057918383,1002.7258529078,1512.46714486613,1182.67096975619,989.149897875018,1016.36673052494
"439",1041.78266731283,1041.85116048335,1619.93148900957,1300.04948458034,1016.54904391549,1059.77518981467
"440",1022.35644739953,1024.38130097822,1523.36901200765,1213.32376881343,986.73422546557,1030.79728472522
"441",1083.26686681089,1071.38850834482,1675.75505801816,1383.79103563724,1016.60154819347,1085.58510542957
"442",1017.84983623259,1018.89807075845,1586.90911654328,1245.68265981408,1009.32918084053,1041.03422102279
"443",1073.66948617062,1073.78874620948,1592.61545478195,1346.48246303099,1057.40151012593,1073.87800259986
"444",1058.19703878476,NA,1548.8437173515,1308.3569912779,1039.7061441034,1063.80241325728
"445",1077.22005798941,1078.24155896918,1650.22499137159,1289.63155475757,1037.64778718754,1080.02226567718
"446",1099.5663197665,1099.0482511136,1714.82550649011,1520.84507797383,1055.63813872126,1113.15538243588
"447",1061.40533025189,1061.76577790805,1621.84633807447,1307.74853181347,1038.15890648829,1071.96378959545
"448",1028.15317805762,1028.87817145178,1656.03833470414,1280.58682428778,1000.6660466731,1051.25611161116
"449",1072.6524884945,1071.00329928758,1774.2666326118,1375.93383610676,1034.28593177697,1095.17010716321
"450",1028.90402853137,1028.68152198779,1634.25403132819,1305.63027699364,1013.82987250001,1065.98995135999
"451",1021.98403717998,1020.95643649745,1640.1582835851,1214.86826012286,991.045188427205,1041.38647078057
"452",1045.29371084168,1043.58872973695,1640.2598113072,1287.86381252948,1020.24922749135,1062.98185171286
"453",1040.45226199274,1043.89528486384,1591.91787471275,1275.24601211362,1000.74583691328,1061.99535552593
"454",1009.43619368799,1010.62853896858,1533.23323569013,1190.36133502522,1003.8737465351,1035.84836463263
"455",1049.48603710002,1068.30892871898,1566.37269147808,1296.33916810295,1031.35334339246,1054.99468453143
"456",1027.01128893181,1026.87925130725,1541.78486687513,1261.1593442422,1014.36747557495,1037.53256930017
"457",1025.24544863754,1025.65761259466,1565.04850874579,1320.20993673345,1006.9299575023,1041.79459298337
"458",1002.31898269591,1005.68669999553,1616.41682676288,1262.82422661754,999.283244525849,1041.79040789177
"459",1078.22643626654,1078.79796173757,1664.99511635131,1348.9461642749,1063.40194638544,1087.52795751719
"460",1064.04705280706,1062.28991653031,1633.73797388375,1307.85765607738,1035.62974324404,1079.48222368924
"461",1034.54555144229,1035.05257048776,1559.58452409189,1290.09851658809,1025.07591576788,1048.485559747
"462",1004.86384877256,1003.74817799956,1585.5219397168,1198.12097402236,981.998407934548,1025.95480052606
"463",1029.86833262929,1030.25032654859,1655.74795635017,1276.32978291845,1018.38669778383,1058.33218258577
"464",1022.81906710935,1023.2954720922,1602.13551327647,1273.02987083925,1015.22593284173,1050.54703002522
"465",1068.83091451137,1070.07076205665,1652.09410691038,1327.85917617924,1027.55634767286,1070.69765429198
"466",1078.85969778258,1078.74789152304,1663.10369295488,1344.43308818575,1057.65077897284,1083.80427440777
"467",1058.16087626358,1058.8089628257,1572.33929941781,1274.28670383191,1023.18183040907,1054.49020416953
"468",1028.24660928307,1028.623960354,1626.04451361336,1277.47304023519,1004.74307692544,1055.97049308636
"469",1071.31586453237,1070.90567777909,1618.96275995165,1330.48011351069,1051.6415147871,1082.4585819611
"470",1050.67635513231,1048.5363465919,1561.5412029554,1280.82106376851,1031.47961493787,1053.35255667321
"471",1077.18400292936,1075.93477848971,1608.04431015779,1354.12455313011,1047.63728243035,1080.86183151996
"472",1040.910223387,1038.90567543082,1600.23753256482,1293.97025428409,1004.31385937321,1047.78258365804
"473",1023.15574520722,1022.72223389012,1561.29726432787,1222.77140605828,1009.45590891367,1038.93263144517
"474",1056.47361207297,1057.67940696451,1626.93428983366,1341.56085843141,1030.02181096484,1069.63726227538
"475",1028.10241747817,1028.41244229339,1650.8165953793,1266.74882520341,1011.23342787685,1053.46926926876
"476",1013.4066813449,1010.10666004773,1612.67849098893,1247.91248784472,987.344998988428,1034.71822192984
"477",NA,1059.05531370611,1665.67993720014,1373.23956237083,1019.93320757094,1079.91251036714
"478",1048.06312606995,1050.13342297244,1642.23073750519,1288.13204302448,1022.07799709829,1066.20092904692
"479",1021.84901528662,1021.06856922945,1707.79243426677,1309.16569017945,1004.10870701446,1064.18764937367
"480",1053.40852827374,1053.75615128048,1649.21366300879,1336.66908061323,1020.3317956936,1068.8806225168
"481",NA,1040.44864637475,1591.39931350373,1348.60716113368,1021.87756985488,1056.88351069576
"482",1060.32750626883,1060.61644611467,1614.67522979906,1287.85685178545,1029.55210355141,1068.67056989058
"483",1071.69526199088,1071.16317744816,1616.52544490843,1403.23203151319,1043.79839721545,1077.55650716651
"484",1069.52454000918,1070.25474735213,1630.41489979511,1293.32655359284,1031.88677734851,1071.94504417939
"485",1064.97767767613,1064.43875898716,1589.94728990783,1312.99702097638,1037.55678667308,1063.67637820196
"486",1062.59360035029,1064.50388782505,1643.96285894339,1302.46155556758,1029.02072319006,1073.17069747296
"487",1059.03379289957,1056.89739847669,1590.88784698256,1285.50448641186,1032.63563884399,1064.15985563233
"488",1045.78953465265,1045.66800327592,1631.10743427924,1261.63032504579,1021.35520535284,1059.16523627536
"489",1036.91715902315,1036.96752682168,1568.71442628285,1266.0278572229,1019.18829023779,1045.34363608949
"490",1032.96568583976,1032.96060941081,1656.2657619119,1290.919216976,1019.37614346943,1063.9316732352
"491",1041.58406324614,1038.8494548352,1685.49621318495,1304.0879082422,1003.45431968019,1062.56458535239
"492",1083.79338076001,1084.13521029012,1633.46462519043,1358.5587955077,1054.81481480722,1089.51947719404
"493",1022.60017104463,1023.25741568449,1627.580674316,1250.27223691136,1012.22571292352,1046.1697036163
"494",1046.63068260463,1046.70710669875,1633.63418130857,1264.89416395932,1020.24506037096,1066.19373577488
"495",1076.3700768201,1076.5316296403,1639.49103314497,1375.52625776246,1064.79542084046,1079.7917170838
"496",1039.05791321008,1037.93717905792,1643.64396271161,1293.8432741586,1014.23215773774,1057.11174847005
"497",1041.99772891237,1041.76818481451,1614.10663488259,1323.25241514374,1027.77138508312,1063.02315704364
"498",1039.70226734781,1039.24709027455,1537.93376398491,1261.56736580351,1036.90205532033,1042.52729410069
"499",1043.25008015812,1043.19198115008,1546.27715930069,1287.4610843825,1045.64552018403,1048.53680675935
"500",1027.82069879209,1027.94452543925,1581.09689774179,1255.94101528794,1003.85474780757,1037.33656509848
