"","correct_data","oiztnegbin_split","Hurdleztnegbin_split","ztoinegbin_split","ztHurdlenegbin_split","oiztnegbin_combined","Hurdleztnegbin_combined","ztoinegbin_combined","ztHurdlenegbin_combined"
"1",3007.85483867707,3558.89008420761,3428.78249846012,126833407509.225,30118413744.8076,2970.30679040357,2902.73054800021,202767321.647379,20253465616.9344
"2",2903.87479298845,4208.17475754065,3646.67516518773,11549.8273315157,37260.4468787651,2786.78477439293,148817580.419128,5445.89927056443,16292.0963304019
"3",5210.8691615612,14259.600886308,11264.777511703,69743.7847036019,196652.751332324,5361.76818302,4863.07128450994,17711.5435831863,59186.8313482278
"4",5033.4922507282,6776.83258442395,8286.3957089479,12308.503356737,89104.0672656594,5388.66362034821,6382.02365233279,9296.38584128276,74001.4635990982
"5",3026.3639921021,3673.54777254807,3348.07697495876,8437.94770699157,52742.6854023968,2945.53949646845,2823.37903030375,6139.88506898085,25727.6212873428
"6",3077.73417670465,3351.22708223635,3156.12645429239,5731.95533775148,2062722155320.94,3022.76259124008,2873.75519729817,5072.18232694258,18674.8399945682
"7",4873.11459316861,8071.60603841035,117850563249499,22493.7742246879,56045.8257186304,4519.74270754082,45559766986034.8,11392.8308262901,30529.6877488041
"8",3084.16414336667,3559.10805730432,3486.0299862757,6153.79804659792,1193260480.48651,3026.03675704963,2991.7942181628,4815.73035605365,11845.762014366
"9",2902.86039086291,3234.30689801808,3147.18902884088,5688.39395378583,12885.9268264836,2804.91907908534,2737.97033723726,4691.41912831126,12528.3388523851
"10",3127.85107356879,3639.21246631474,3650.74017078699,6583.56963573682,14459.6769978714,3050.72014878424,3039.12909845978,5194.12265265795,9972.04023966179
"11",3160.34190099676,3681.83752124564,3649.20337684685,992499280.187554,18503.510406677,3101.1732350594,3060.18509497931,7134576.4489803,12844.9425622699
"12",2883.48251934959,3313.35860943878,3199.9592085471,7837.949373832,65676.8650093355,2829.19098013147,2729.98524008387,6347.73591251074,29900.7563926432
"13",3326.76427297823,3647.07675161449,3957.89970103556,5126.59343845826,21729.2237288755,3325.56133885407,3521.14410562388,2357140635.18367,25198.7358448422
"14",3154.0520575718,4075.25458263938,4016.46376288463,7772.78813854464,16020.3402776712,3074.3847317078,3068.88861330763,5228.55197393209,9486.5412371878
"15",3032.89817053119,3394.0074348999,3348.4185669866,5427.47414011197,NA,2969.69229669985,2925.72033514835,4630.57985061476,1341929673879.33
"16",3014.35882670254,4157.44409540047,3720.22383296737,8420.56269898647,17010.3069763784,2944.67212336231,2844.76580048836,5209.00720945937,9298.34066896312
"17",2863.30722570118,3388.26727049059,3300.5160182105,8733.18148849475,65315.2310239354,2835.2982631497,2771.15139535135,6665.04283295258,41717.8700311335
"18",3003.12702121649,3151.91782757584,3011.80507999197,5544.69537291277,11042.060917529,2883.09912274533,2816.8762007834,5076.90774869054,10186.4387011669
"19",3172.12985783359,3683.27238255169,3594.4077240591,5258900413.47672,15398.5760534913,3085.08180073206,3025.48105838276,4909.73972366043,11331.2139843147
"20",4740.46608862183,8980.85116013985,104547203.649834,17744.8007878225,230857.135402805,4788.39832178786,5761.94961321977,9871.72301431485,80682708862.6547
"21",2774.7054687928,3378.57875040606,3483.38367139781,5336.73928284261,9285.1131083983,2727.64524303345,2785.3154834336,3814.39372103267,5671.18626395115
"22",2776.23915273712,3065.83402841048,3034.72313110193,4973.10943863904,1900265363.81967,2702.46210464718,2691.40655813961,4080.98031257516,7422.06624544114
"23",2860.73895062475,3190.3268322024,3008.8550938038,6121.52213868938,14699.7870743485,2873.29691060064,2707.85565633716,5644.41214567582,15934.2114927416
"24",3436.34262299245,3718.68901883738,3873.59705760765,6912.41100754365,79149208355.8489,3313.99698542097,229093446236774,14677650.1630254,20164.4660475928
"25",2852.92011540188,3160.72666690296,2904.10007130343,247368138.89997,150640.498873241,2769.67009109209,2634.79494251348,347977852.870865,94380.7339699059
"26",3651.53125193623,4973.95466508014,45008801378759624,10838.0402720664,48560932.8719904,3373.98203510203,3497.67988828158,6037.31543959266,13891.4127207165
"27",3125.31104848647,3810.54065937641,4434510406702.18,220786851.836054,33772.8196143675,2985.41347813872,27407325676069.2,168469363.496225,17216.0625915631
"28",2750.63279964936,3092.50271943636,NA,4984.9112663536,9481.50394034801,2692.64406923183,2663.99778320174,3974.29770915024,7106.32148583147
"29",3959.51559899248,4261.56717404654,3993.45116773572,6846.85743136697,11298.3044840131,3599.43243779973,3545.38926552268,5547.81177142305,9378.72235741472
"30",2623.46490645587,2704.5867746658,2672.85834855176,3603.29953993245,5612.88823733982,2551.47668370565,2526.19926947758,3339.7089438661,4970.83784711012
"31",2781.68550501493,2854.68334680291,2822.84808674862,3699.48286150406,5576.39265240219,2705.04686616773,2673.44663398967,3551.31923006198,5489.78643461398
"32",3753.66342908657,4069.48867978842,4145.28856199216,7443.11024380104,25968.1026405165,3660.25248856121,3543.09838700243,7089.64300701405,22991.2544503436
"33",3353.20727461787,4866.93165042323,4898.02791331193,12178.2673043347,NA,3225.98499276468,2055064408.28368,7510.92263571386,37162.223097394
"34",3160.8424271059,3700.76641618324,3460.42679334159,7417.57929025361,24589.0714836125,3091.36149172611,2977.85653555256,5848.74278625651,16831.6317499083
"35",3154.17088482882,5213.67477454721,356102050.233302,12041.6326067347,27543.9185977646,2960.18376310782,2947.12431912231,5350.17673673768,9436.54305685218
"36",2833.05803253347,3263.06667354731,3101.60749198416,5838.12175906793,11952.9483372691,2794.68792725054,2790.12379186293,4702.58392953173,9027.79073549532
"37",3190.59315342283,5881.88460661628,4843.80061535955,5129168825247.4,37896.4065841699,3190.41353602948,3029.02344937233,5936.52595261132,14571.0379925887
"38",3045.12472865565,3546.62611158607,3535.74811779415,5071.39362426412,13412.5484249739,2991.09318724695,2947.69535848818,4149.75059547097,4290051265.58555
"39",3020.0733984435,3910.89464187781,4055.67937512961,7185.12684696383,20061.4086556756,2904.33977205363,3000.54682776893,4927.23841186171,11105.5172361929
"40",2870.53780565321,3045.97899806801,2245940966.07257,5266.50800567704,17377.2455071692,2833.33108489681,2728.57210029393,4983.55051919596,18075.8511415251
"41",2687.66868140983,3177.46006209529,266494313902.884,6389.96879843047,34470.6589510127,2658.26954537056,NA,4836.26104837269,16864.7894259896
"42",2910.32726142966,3245.4891803716,55039934.6222864,5994.98873266564,42442.2979582148,2835.53933912696,70508757537.988,4957.2748382322,33852.0586574614
"43",2980.5809593067,4907.0877214651,3886.81430139866,175383273.517162,567055032978.232,2852.86406823179,2698.88745125341,7401.85249517401,169808486637.132
"44",2878.16673445496,3142.51743300664,3093.46077367324,4780.93167840956,9094.86459375784,2786.97667917479,2759.80953659842,4025.21962423041,7013.73487524391
"45",5857.12453776413,9298.53672491814,8532.93844446512,28445.0200684502,140775.024174982,5651.36755547763,4987.84769033422,17202.25721084,86760.3466232049
"46",2905.00470613504,3130.12517088949,3062.1072249795,281882035.232094,628521739.881362,2864.62177094843,2828.37768316531,196398107.148693,21531993327.1751
"47",2750.16443425827,3018.44394521548,1174856153.6052,4357.32607929497,8382.96707862959,2702.40835840433,2692.47178774335,3782.14685133564,6727.39549235668
"48",2941.05439224492,3522.0189787881,3587.4250802938,92319596059.6129,9488.19037562825,2833.12536567841,2868.1553453196,3633.85334512444,5995.73194711262
"49",2539.73818430845,2642.3139308843,2640.13608238918,3563.65388403657,5085.47017302564,2465.38944506914,2464.29297195325,3202.4082075046,4404.23126630115
"50",2602.6726571576,3459.49300785979,3427.8115534702,6205.19069497004,14562.4387350025,2560.57928803922,2524.99478767263,3839.51565859225,6997.92032330697
"51",3164.73107202181,3557.14266610512,3470.62240256646,4877.15427612382,7361.28938171232,3049.78891440922,3050.91229303957,4005.71360868669,5936.67196167175
"52",3143.68572133614,3766.87634767754,3499.7853496958,8545.48003782447,32317.3441929356,3100.91062016253,3005.34679214144,6433.5395397709,19584.249170993
"53",2687.75460724878,2908.46248007401,2888.33259489063,4104.60111499404,6527.02996392857,2603.70895332505,2615.0932156904,3464.66558969017,5328.23063361065
"54",9391.42368092318,77621.6055422061,18622844.3810431,47274273.7930386,1058813.29907579,12085.9579279904,126758513.992867,NA,157460.360140898
"55",2816.11178999613,3198.9441270295,5567583503924488,5187.40853906176,11340.8704149098,2742.82343117675,24998195938.9432,4131.5427761793,8302.19595834858
"56",2932.74305445352,3357.62494066176,3288.31482927116,37278991.9393007,10167.6011998108,2848.31953239096,4361380177023.57,3980.78542525478,8023.43532804382
"57",2998.64832587691,3744.29519195754,3328.51820507861,7001.73699342696,12134.1250934476,2846.75292565923,2782.86563929601,4510.39864565114,7619.3905752108
"58",4311.79539003188,10346.1361354402,15025.3865321006,22945.8232651875,183196.899642449,3921.29544812284,4969.81429229033,7967.48629014043,31412.5679768745
"59",3094.78780741134,4344.00407894121,4333.57032423165,7297.13965637095,16891.2950903455,2916.16713340494,2881.11147001597,4183.45966361831,7513.92617087857
"60",2896.32406138652,3254.09657067944,3208.39895704966,5156.85914702009,10629.5372249868,2820.85195585546,2807.59242450489,4249.33133266069,7499.00120428772
"61",2889.23263123597,3050.11622093593,3018.48297183864,5107.75490875051,15589.4293710693,2865.67162444213,2831.56202970292,4874.38355168849,18629.6240409385
"62",3100.67085522611,4219.50068256131,3756.44825247523,9407.42988177058,18563.4420428604,3068.42412994971,2976.31678504457,6014.11379669392,12520.8873640757
"63",3176.11943718971,5198.79412989421,8556946624.53637,11345.7107700604,26242.8581970239,2919.60426847627,2908.30050615643,4806.11040339054,9914.38421603689
"64",3744.60437371463,4252.69525200601,3854.66298714002,7086.49560441694,25942.7532873089,3590.90610801075,3349.40855378606,5976.83272584398,21536437768.9565
"65",2862.64546675242,3161.13622223388,3116.82156823385,5045.53712921784,9590.92149558449,2779.59766926803,2776.63543344798,4195.97406486894,6980.11043761177
"66",3111.64350563112,3430.64447868305,20975289.535038,5957.8891474664,11007.3562543782,3053.97368185945,10367127344.0712,5130.16888410627,9059.56016596015
"67",2712.59187278691,3094.20345671524,3148.66769681098,304349781.887075,13881490891.1201,2631.17799272558,2649.98577985863,3986.41104076219,7205.68504109727
"68",2884.21441397127,3223.76187867056,3086.20268790378,4952.85877854496,15641.9689795196,2743.92332586984,2675.19318214906,4013.88052553695,9924.19743762414
"69",3277.806668232,4113.57678524494,4057.52919988241,6221.39024105926,10791.9024122042,3199.49098828197,3199.62751153543,4498.53024581812,6962.79795711291
"70",2817.73438257031,3146.8604973868,3140.19813978129,4379.13900379504,9410.20644752591,2752.37993683337,2744.67831549908,3685.81097943079,7244.78472727304
"71",5887.5438899734,8195.64563079524,6191.7939910267,15309.7285178091,67596.7033317886,5331.83349146041,4232.63459520528,11068.936913736,42780.2470038915
"72",2853.94120045665,3117.53825272694,3082.68338616426,4826.84595013673,10125.3557378028,2809.9866165818,2768.93044267393,4151.98972984116,9907.26709954248
"73",2821.85060612037,3190.51747416366,2995.20827287177,7465.14158034047,31235.5471482654,2866.33085132998,191186809.864405,6937.3813160951,35237998936.2122
"74",2762.6193599411,3608.85864638852,3530.06295982668,6518.89192221057,17260.85683618,2666.5481410337,2631.23394555468,3871.23457751086,7753.08868621111
"75",2881.23471125186,3134.86436602216,3056.29740614637,4389.20914665688,6956.41117224815,2835.24126544805,2787.14699988364,3858.65391856269,6020.85016364135
"76",2967.54422427932,4973.74532192164,4973.33860237769,195717890.910017,229317.333118298,2915.98918060553,2723.4765375223,135898234.126941,61481773645.2946
"77",3005.66261575993,3312.74033153951,3248.63476003289,5150.18940077899,10895.9711666645,2899.0859039301,2865.26469874456,4341.47453698533,8825.5008394124
"78",2869.54458594475,5465.92052337519,5975.25874935568,11002.4800706773,29679.3323908514,2802.66139256355,2946.32826832155,4191.82169393883,7899.73616367556
"79",3627.22489042538,5879.23336901565,7906499724.33905,12843.2134402637,116666.955881847,3449.17971789166,NA,6809.55405583562,42671.2644114296
"80",2534.43421841419,2725.2151744906,2672.92618276243,3877.80824403475,6088.01423255853,2470.36166283183,2451.9088028991,3256.50360927765,4416.2410260624
"81",4071.75425848012,7057.80473389477,6501020.73184308,15385.0680625509,27457.2117011174,4056.04596784812,3947.70964217748,7321.64699983676,13568.9590938751
"82",3191.53606813778,4252.21974590251,3740.29807975888,NA,151535.093737962,3096.20297291459,2863.64110715816,7933641566.65525,68589.6884362076
"83",2727.38147224215,2810.65307720583,2794.49782555736,4001.73492561596,6263.06060956873,2670.77455291975,2662.75580039934,3836.14904848744,NA
"84",2745.93876628393,2904.87393677003,375450677.505451,4227.56425431277,7373.04113105901,2699.38516269447,2657.27032176032,2230881337.13773,6773.62596132793
"85",2955.11250809004,3382.87509029071,3158.27814339476,8713.19242835555,95455502630508.1,2844.8819647355,2733.53412642037,6509.5573483436,37093.0255007548
"86",4629.31816376714,5353.11717504414,6703.56483434188,11754.2666201988,190042.831119725,4499.33259539474,6279.15495079997,10384.6143547233,161254.815126898
"87",3250.24241524524,3866.51778760979,3984.74729527508,6806.65783072611,26750.2804675477,3193.51904812403,3180.46939917973,5519.25850203072,21101.7314984368
"88",3075.25711158638,3699.14288417964,3440.37429125573,8375.13992650258,1529260596.10908,3038.04016775189,2924.27763562982,5934.77189339463,30072.1711920765
"89",4461.50687338187,5823.94922108368,1125891627.64391,14242.1578644667,37432.3694156208,4624.75132537,4496.99171694639,32732781213.6357,35431.7448866281
"90",2798.14756098604,3072.79763556625,2974.03226889884,5078.76490987427,15036.4897497907,2747.31513900411,2677.2580628253,4373.16022024446,14102.0741211876
"91",3388.35509678648,4273.80715312227,4033.31764550825,10610.2931304944,44714.361876487,3536.18782841528,718592924878410,8684.79518743186,305817187516190
"92",3403.07477586757,4053.40134249169,195690942045417376,11059.3304581177,100662.855868727,3440.85656331608,60069415105.6616,NA,86133.3891229443
"93",2970.08370121833,3382.98986835164,3254.93421712298,5592.46078676882,9503.02952524689,2895.19388427817,2849.4784698029,4463.2817227897,7028.66925581056
"94",3224.24492663956,3583.06773572631,3460.52337272458,5278.08353314404,11215.3013841573,3184.41893007432,3097.03315043084,4602.35305981514,10247.2137011483
"95",2875.61427739426,3557.45963221806,3312.53924579643,6783.32164273768,16411.9046931604,2866.07788075212,2790.12113257836,4951.50837790265,12879.7359441554
"96",2846.91084372142,3344.4420726473,3232.29088488243,212892284.444502,35553.5284109908,2771.15685347619,2710.60121889371,111602354.738953,650443814.514907
"97",2793.64795938447,2870.40450350948,2770.0179279081,4058.15158426986,8032.66796486215,2735.82838985117,2657.32154350142,3866.00377229224,7385.2981895781
"98",3404.93110054654,6833.69298358244,5497.37022456329,36346.3858996739,469620.490792513,3135.82991900226,2895.82421569664,9650.78479583173,86279.114098817
"99",2868.25170773176,3432.6927098979,3347.17475504321,6340.58910842509,19431.5259610947,2807.60742743895,2762.2326198293,151919908088.037,10761.5993829071
"100",3524.85626486264,4423.69656706888,4458.85317778819,173006149.620808,15761.1547125995,3369.48201366434,3538.39724998038,5410.03598041029,10312.3498616229
"101",3228.25224488019,3587.23850567803,3391.1553538562,6801.04156103714,25656.2534634339,3168.44748450873,3061.16822778775,5743.25730103565,19147.95482325
"102",3072.1452783944,3656.61949786891,3496.91007441869,6280.9570233967,12726.3933745418,3034.12243265282,3012.93493258063,4848.54737470741,9705.76260410535
"103",2935.82785558951,3596.6352565594,3346.54119085343,33297597861.7218,1322083930.27027,2830.00687909116,2728.43868574051,53867642.8925893,52909409550.8364
"104",2759.93546593322,2925.56773583346,2862.1825456549,4444.52145531654,9387.00103960861,2679.73672967848,2642.15189877948,3964.68538019837,8118.1796738332
"105",3232.56940852484,3633.16953305349,3596.6896822857,5531.86218700428,11611.630687098,3061.9174853511,3042.99380692817,4478.86262146644,8644.01442285081
"106",2875.29536932269,3329.82848504067,3206.33397064658,5198.83836443102,11240.1123949136,2817.17297153216,2770.8965516495,227665620.200858,7700.87060878389
"107",3214.49099443515,3366.62944031111,3133.22638505647,5195.23733248154,7230.01543582975,3135.30484394163,2877.01769668575,5004.60843510197,6950.59177275566
"108",2723.4041339213,2890.09647690061,1916924841.59515,3802.96670817543,4867.29432566022,2680.99775451714,177739934.452208,3426.52163354094,4285.3093321106
"109",2726.13855767405,3167.8894114182,3196.77701561025,5329.05832527794,10707.1415275515,2640.9234781385,2636.8982885373,3975.10039665549,6372.57562878232
"110",4287.07487315483,10305.4543786919,9522792612.79598,35641.234815227,84633.6926683807,4730.19107831922,4613.77919017388,12498.890488516,40705.3711156248
"111",2925.63271035159,3037.28261537069,3058.6440045977,3931.86829865649,5906.11027662798,2883.88299985974,341529882.646199,3754.18415640625,5915.18968622664
"112",3060.88783197432,3827.07095360457,4157170341856750,8239.0711807835,52924.1490845611,2986.42739030554,7781794051.35425,5550.33397903751,25048.0523986744
"113",3542.17527075102,5707.23688394842,5653.70567592693,13458.6753991568,31093.6688691564,3586.07207499307,48466696.8561165,7379.73222710129,15751.6050442582
"114",3690.86660736729,4907.94880197114,4367.28936488317,10260.9109716469,16597.9843843358,3578.42364433812,3521.8935896644,6578.43691308851,11066.3511678963
"115",2921.78226227088,3233.94047672021,3027.96186677381,5833.04566959899,15656.5704330712,2870.09594300984,2736.41710592649,5117.45622892178,13338.8023825885
"116",3126.41389806126,3678.82164975434,3473.81044483458,7508.54139195842,28787.2568049198,2959.17168280604,2887.40840229397,5113.27510404441,16282.4812648855
"117",3373.4035711955,3832.32527052741,3641.6569239722,6465.73483182677,39858.2236109144,3279.5268525854,3157.56597157398,5457.19040644846,32237.1142126928
"118",2808.95026633574,3464.77564029475,3335.52530434512,7573.90435947107,29220.5735450057,2732.70802356775,17041579.03286,4769.99903120517,11289.8260651969
"119",2730.73410553024,3046.78498503425,17823867908000.4,4722.49838481139,8904.02965222474,2646.38332414884,2642.16829241518,3776.73070217664,6332.82665393826
"120",3051.64005986103,3458.06582814474,3566.57678205448,5205.43466384639,11970.8013684567,3002.40244875044,3061.54984472413,4293.47703449063,9220.14013586087
"121",3622.38774351897,4925.99853849879,4798.18580279105,13056.5754581845,15054712584609.2,3668.27307263297,4869994778.72718,9454.28424660962,71170.8374825205
"122",2984.93451644308,3457.85118948219,3368.05165281038,5760.66885798165,NA,2862.04466029049,2766.44543948584,4499.91020857775,3530383703.34183
"123",4187.57740916338,26558.7333510811,8203.2603242111,266884.565275308,87969.0455610839,4033.06160948599,3510.81820456853,9087.00077559164,14462.9572884354
"124",2792.99662253636,3105.97812576432,2910.19297498701,4765.68692020013,8136.97011019357,2739.1165056182,2644.24072888644,4004.64146216001,6551.57867007251
"125",2863.90640511388,3225.92490918052,3128.8677119069,5221.87951603126,14557.3357954368,2903.74433592803,2806.44416452056,4534.69490612347,13612.5671183023
"126",3181.46056091495,3655.210181755,3562.26459136436,231405256.178445,28107.9438120984,3111.83737004532,3022.1580211154,52653120.3027567,19156.8086415278
"127",2867.67532597863,3224.80182213296,3113.52866136404,224902472748.042,13576.7766383739,2793.2563699516,2734.99787859507,4379.4935839456,9418.20492212702
"128",3145.63002558855,3449.80685819474,3428.73130211096,5096.04611279572,9397.41569035008,3085.28449961591,3073.40640141946,4423.1267449093,7117.92783684006
"129",2965.60214755204,3624.34395722949,10071732.0767637,6245.48766977204,12924.1727654354,2948.29127487838,696383927988662,4753.3716068131,8170.00279048633
"130",2807.71836760013,2985.98553978661,2964.20364347808,4283.94980574899,8123.69538380359,2764.78504406539,2737.96219382171,3915.83912182986,7160.83113285721
"131",3394.97311137719,4505.54399425978,3947.40003842321,10452.1560453455,NA,3307.01181791913,3125.57995006225,6326.02232654038,19314.9935700531
"132",3198.6885020472,3654.57408464775,3392.88135809954,6581.00251246122,21961.3654695818,3148.29848987389,2962.88258433642,5488.61501549273,18164.7247677189
"133",2638.58555968391,2808.77859961794,15354252724.1648,3824.61198798426,7494.35278748924,2570.35798481797,2550.70987069042,3356.69191511841,5771.95957895462
"134",3296.22599146758,4304.97556663479,3834.64109016188,9485.87086705498,34198.0939451921,3293.87448211854,3077.75611088633,6862.98462239135,25532.6253626225
"135",3558.21340212397,4053.10596967457,10865587863087208,NA,15046.0979580084,3382.09770879905,3415.8357765945,5225.86716577809,11632.3079080734
"136",3821.66462665086,5113.29005887451,4843.31487149356,11645.8003125952,29002.7948278289,4097.20301431563,4804.62883541994,8627.89430473779,27846.9968717121
"137",2750.43885684284,2982.27118416627,2941.24126102753,4700.75456739388,15786.7416940827,2677.85374307897,2666.16710122726,3953.13199862761,11415.436230127
"138",3231.80780329081,3908.66344803083,3409.22571563231,8528.54619397695,77013.9319840246,3175.00846348998,2913.94555201549,6766.95469628481,48474.9218389272
"139",3500.84370091893,4091.39357317142,3934.62482539012,6338.02194966096,12028.1309456744,3378.81998025135,3295.06971314681,4988.47249832872,9016.22260286784
"140",3360.57706313098,5622.15007710535,4711.01875009565,NA,72187.2743558354,3181.2491937842,2861.89307448284,428533221576.569,NA
"141",2905.20474027709,3357.70678850426,89785063369.5488,6244.34957737634,970105611221.969,2835.5984938453,25756060.2834815,4860.91928285113,11237.8629278227
"142",2935.85082803926,3602.54619703786,3365.53919535029,8178.5040685189,35088.8015072482,2941.75551407835,2818.8962915015,6135.89061211242,21573.2123893919
"143",4276.85793881545,14209.6254919345,5011.16197075138,386744819.529778,1324619215.96518,4039.59890108957,3553.98379356514,10111.3600396211,15964.7503670359
"144",3206.850379459,3802.64269453598,19653417.5363553,6576.34923024385,17116.3395031762,3089.70256974605,1009114467.26284,5078.250472413,11595.3362522604
"145",3419.81794744994,4542.06291495625,4549.06589616363,10011.5166400554,28055.3354777096,3406.0700142241,3526.26373590414,7037.95375958317,25162.7428506838
"146",3310.56269958292,3604.75920099741,3502.56251974799,5797.16162528956,18730.3254709037,3166.68952842198,3145.23079890457,5044.45014264797,18126.9956396849
"147",2673.00425532427,2719.18749928771,2616.96683005281,3949.59656378427,9226.04923702092,2563.53542492232,2485.17279303878,3704.73274953156,8504.33102341064
"148",2666.13724840004,2947.26492989319,11647451454602768,4133.47974137676,7418.60004601868,2621.35405123273,140234613889.179,3394.61371753636,5234.10276482093
"149",3318.3653278969,5957.41894028248,5257.94117930622,23857.61815631,NA,3184.9859363589,3006.28132495117,7832.69158260663,21571.8201813989
"150",2889.4389119979,3759.56544330485,3740.56235320361,7343.72996853591,27709.6648659741,2693.90905569847,2643.7773437953,4465.76289846765,10599.8141195683
"151",2684.22847586924,2902.05610123594,2823.81596514646,4593.29027903571,11330.9159247567,2604.97995977891,2551.82262110812,3965.10071538272,9519.4265351129
"152",2772.6040680769,3042.01028543954,3071.62941216155,4206.38473427603,7840.89256644457,2700.80281994345,72651865.9769262,3633.15464609793,5873.96646267252
"153",2801.65211235594,2965.3734038169,2869.88818912661,140446893567.708,12269.4361101974,2762.4496308997,2700.45318364009,4807.88021040523,10581.7054165766
"154",3044.98057948823,3243.67095498354,3093.70088855401,5417.70425958924,24592.5078236492,2995.01716208777,NA,5243.90937159874,23440.0651618583
"155",2775.9010221461,3186.86881233257,3205.50472991128,385900159335.779,6909.71398436185,2724.92643939042,2747.76541569601,3680.37057576161,4835.91762816203
"156",2984.7724463635,3178.33111050971,10565641273570984,5148.94329760848,10740.7499179573,2914.97805983377,2856.94490892243,4785.32540776971,12136.6410285644
"157",3009.5646825182,3515.08831828341,3441.97758971026,6139.13635743463,11130.5043423339,2969.19438863088,2923.12059750096,4782.61000206137,8001.28172680121
"158",2772.00034870024,2930.8937135301,2985.93430948402,4303.68906604127,6020.99641348736,2758.57862605001,2827.26108452401,3945.09187197557,5480.28584861521
"159",3189.50905596111,3785.50036544291,3536.74946981034,6132.76069596171,9710.97171455001,3298.09387861034,22352873202638.9,5069.86540829395,9127.40032700494
"160",2959.03327683116,3107.14599209025,2422584470512.93,5204.25078253667,1975880975.37084,2812.42526822098,2814.52101510522,4545.64677509864,11447.5330025289
"161",4118.19043701855,5293.65127338826,5798.3866763839,11992.0693480329,21791536514.4675,3809.28312105406,20919515.12264,269582215.223735,NA
"162",2954.14090685529,3916.82459763727,4119.15087982342,8185.72369555608,17219.6639638243,2835.12121331531,2925.68339873806,4886.1184402959,8457.4140822665
"163",2783.56944028698,3138.84554287864,3084.33058571415,4915.88636142737,9708.92320856963,2734.49837151904,326142498121772,4058.23373214453,7685.42430640858
"164",2917.77532115298,3164.84818383436,3167.11610728151,4362.1249078677,5837.35388075663,2879.49715127354,2912.39282274208,3826.02648480544,4965.57172471477
"165",2914.86020624129,3198.61784766722,3204.53225084504,4987.16474439009,10037.1869418479,2907.71756956181,2898.60723401888,4510.80368536407,9116.23120550709
"166",3212.47322673638,3816.44412053421,3647.69095419466,7288.68755632343,30750.4774850934,3159.54961705105,2994.87712787009,6107.25255162134,23898.4890708433
"167",2844.15291065459,2972.70825467413,2955.6107495851,4096.07957124732,6710.9735107551,2754.58086154718,24725195299.7216,3696.68251362314,5626.45157140616
"168",2789.05480536776,3123.64614249393,3151.32039708086,4389.60314423196,10766.2562731793,2769.78865570975,2775.12261776082,3707.31657655084,8670.814383076
"169",2763.79272683497,2845.06556515374,2876.27154276117,3851.1121367088,7789.25395570126,2614.7310484102,2615.03641519615,3511.73957010255,6727.40280409439
"170",4085.32845270385,5800.34275842263,5454.05868488005,14233.6253276492,29474444152.3283,3620.75914967539,3642.08975621682,7964.0966406418,118242022828.384
"171",3718.37830435835,5269.63171306734,5249.55360596001,9715.22416156939,34557.125186557,3597.43463208806,3609.65405518794,6224.17229802028,21096.8280551826
"172",2909.73874261129,3894.45432312428,3633.17410660514,424654745.892959,35504.0956764442,2867.43799025711,2780.76841526853,5088.50578354311,14428.4190737153
"173",3184.99127992795,3860.17728021992,3750.26228537174,8298.66505995472,49045.7549021609,3079.70138299583,3011.074977944,5921.07236855216,26739.6388490389
"174",3258.0615831063,3861.86168143996,3918.42306023161,5401.55662118812,9727.83103330127,3211.45078141751,3277.42412974009,4290.06512823888,7279.94589350079
"175",3472.86477380214,4610.7733493845,4193.5223013014,9018.79997838603,20692.7748894125,3527.17047108803,3521.72931592334,6315.8936385442,14827.6572879638
"176",3152.52059095435,4540.44344576735,4219.74316187972,12783.897270514,132862.204391676,3094.72380874721,2935.73778135334,7206.35275637841,52981.2385531502
"177",2745.80904579982,2906.4981853118,3156.16240346538,3815.3284682468,7231.06566830231,2702.98441989494,2847.45918547423,3532.23630372956,6350.4145033837
"178",3196.07604389082,4114.78048534023,3857.40310459375,8509.70445007077,36036.5442888276,3021.01806321965,2906.31158280446,5472.80331897572,2722655898.77214
"179",3383.97968136913,5503.76504688563,5078.03028367205,16140.9324541395,65783.1691331416,2985.00707257291,2864.82055681195,6135.89783049353,20195.0637735235
"180",2694.2971550627,3063.76992459958,2906.05360319232,5854.02785730717,20672.0028111078,2614.02869363605,258590664661603072,4526.97149242848,27799369332.8109
"181",3021.2213322291,3438.67446255323,3225.78293221758,6083.0127850716,20290.6492674543,2932.28518172216,2811.32680085519,5004.19585782486,15034.3626068501
"182",2889.4441513997,3230.74631392722,6330551337232233,405001184.452868,31429.5622956413,2899.6326737662,244014458642.962,5640.54292955826,21872.1459392506
"183",2606.77322608957,2826.38940964447,2852.35028569934,NA,5093.73365092253,2544.52061390392,2570.49491908847,3199.52318188331,3978.16317703892
"184",2954.51397155346,3566.58588385979,3283.91526633525,9363.58083620996,58772544279.4835,2862.98048309481,2771.52936552438,6182.05487788505,27755.4443580869
"185",2841.18530601992,3374.97859911885,3058.92585815761,7059.3094081353,20227.2523967985,2797.31265354503,30126083.0422672,5347.15657846496,14902.3339728913
"186",4169.48987735101,5939.300198537,4346.04773486803,27501.4417406142,29091.0582724403,4423.30038057564,3628.37753923621,12587.165569657,24062.1670207647
"187",4863.91311790227,12072.8773657452,9113.4281951239,35929.1219488186,70360.7012293786,4195.54077153447,4033.65234528907,8877.2278277648,27756.6094479119
"188",3202.30169014846,3863.99627489197,3757.19136497862,6242.27725459963,18633.5896266788,3159.86472019785,3097.43753479974,4842.5694538533,13075.7978996907
"189",3285.67982014377,4364.4680763733,4068.56227907561,9660.90337430059,41136.7253765129,3375.67088061855,1455513024813058816,7310.21309792889,32853.467433522
"190",2877.44519529189,3225.01342762325,3152.91687924125,5412.39902083713,12791.9442754193,2827.4854373804,2799.91716817172,4521.0835087161,8990.8384336383
"191",3025.88319679896,3803.97275055133,3416.06087026345,6828.13318157737,23855.5520636488,2899.09549760791,2736.64119057371,4717.4226068717,14584.7176025664
"192",3226.74991458955,3908.19379723707,3604.13836427466,174093645605.266,31149.8803345964,3154.06895797342,3009.6761217659,155622017.66332,1344896744.26592
"193",3168.09626168082,3515.20780120666,3541.13819070688,6371.79966572973,16500.8906880127,3185.18642800782,3269.74005279666,5827.75852915246,16982.8977583604
"194",2555.37705974256,2856.93484398114,2718.11713125324,4596.73922034438,13179.1555928034,2522.95512905107,NA,3865.4512198574,9164.37617183273
"195",3126.95167556976,4089.78632850645,3979.61867906219,6643.85501088984,13405.3281450304,2995.20289105437,2953.60174362211,4323.66287257292,7490.87859937926
"196",3031.14052526426,3570.134471157,3248.25051244769,8305.62395578187,67407.3543789519,3049.16083630196,2855.38110882062,6837.6340496704,52863.8399477639
"197",3445.166097624,5674.35846239574,10949.8450468538,10822.0882347689,52199.1831087513,3331.84709440634,4324.9374000158,5299.52270729652,15578.8876689231
"198",2553.90670543549,2616.68572651293,2630.32681401141,2948.74414247921,3206.69166753806,2496.45277161126,2511.04799069531,2775.64391939808,3003.38828541375
"199",2740.51148956322,3031.37963972166,2921.19962744799,4750.1239184865,18876.9511466215,2682.8841076214,2604.49990789413,4100.29819451474,13648.7915845789
"200",3033.76962616384,3641.5654575435,3520.80336921476,6759.41130090599,28216.130368356,3010.81171775384,2408741509739015,372728630.146256,21510.9563900697
"201",2974.43158837338,3298.91495536024,262958777.141599,5514.19937189758,17785.8102050751,2912.44439578786,2736.36473395057,4632.84423831017,14082.7914829008
"202",2619.19916978046,2898.77738784937,2842.31900261895,4345.21290007612,8209.0152394136,2542.87408282192,2522.47140620712,3548.38883608152,5844.3880546851
"203",2694.97447546506,2931.79271035003,2906.88492410981,4047.59459876529,7360.37013044824,2677.22260238342,2662.08882218747,3571.39798475561,5885.54084989255
"204",2872.34871833503,2862.88240519749,2839.49298837054,3907.70237914217,5132.50848609624,2796.29944201496,2773.23104543459,3902.61286133123,5318.19592765568
"205",3381.92419251926,4111.40554248055,3832.72346439114,7647.43806637716,526111310.734664,3202.93893000397,3103.67080703834,5337.70685830098,12311.531197231
"206",3207.89014492882,3905.94718571855,3730.46520301807,9564.7750282694,81858095926.7173,3110.25660431415,2953.70030583513,7121.04003487043,37877.3606433965
"207",2890.18326567747,3323.80283471482,1199291060.12116,4895.33876435044,7659.39038749378,2824.30888252694,2779.10151975994,3890.55351081387,5555.0827674613
"208",3412.99985540243,5356.59520494999,5640.9138977871,12323.1109720259,43301.9636880729,3440.27713049073,3429.8025860988,7185.9903853988,22579.8189911226
"209",3006.43754610258,3788.16495830969,3938.80573412774,6607.06720005372,16503.8997650843,2880.04622750812,16824877921110868,4476.23453294937,10059831489.8552
"210",2980.36879212053,3526.92418630633,3461.21781936739,188856187.534196,12903.143811304,2912.1618205831,2889.95759491151,4198.18078502428,8336.55018664551
"211",2514.90138785186,3062.17721944389,2947.17565733341,5488.53235850729,8500.30132433562,2471.21618781753,2457.40030132581,3577.4146404847,5195.83697966947
"212",2887.40681610645,3168.5840742768,3120.82617932317,4897.90071155321,7929.32610382444,2855.97919058688,2832.10727297812,4228.10892371576,6636.90313957837
"213",2792.10512836709,2871.9944697687,2870.47451954064,3795.1869082953,4990.47152447467,2709.8632520102,2713.79739451883,3541.33624125005,4680.77198597401
"214",3096.49876406809,3590.250495826,3663.48354356791,6424.78471708076,23972.3048961639,3052.04216964696,3046.89327260073,5322.53362530846,NA
"215",2856.59842811528,4445.69683806784,3755.22736087688,9790.51363813982,15997.0346726892,2744.57729521649,33735085.0386162,4341.55355842872,6595.3097467477
"216",3993.38589135473,6633.9889704511,6243.10749422177,19304.5324087876,119313.859232653,3962.57680612592,3952.80958180929,10716.9093020149,48806.6727667588
"217",3486.72523162931,4132.08997084736,3870.26799298745,8433.32686694659,44371.9556950132,3454.91266937424,13471590917387620,6709.23204190412,10999238137.5681
"218",3168.46877142849,3409.66474214813,1766446099228845,5936.11412496603,27741.8610459327,3107.48625111409,22901012.3993711,5474.62983722696,34165.5629756096
"219",2699.17326183471,2909.92778904504,2866.33625067525,4303.64404721671,9681.4212629787,2617.12947559266,2593.85225272916,3656.05085178318,8051.79872811792
"220",2926.20233221663,3312.30909057023,3367.2498509514,5005.19631281911,10512.6503004377,2860.03292577555,2885.22044718381,4084.07551865949,689553052.949706
"221",2695.23876026159,2789.7990176552,2777.63225010049,3772.75152923859,4933.20173488617,2621.07661473548,2604.83546775312,3477.72740707336,4480.80000047987
"222",2934.54853664432,3410.71799320387,10132564.0786943,7025.81375981956,21811.8570677339,2839.8992585687,2798.61184210426,5271.15448948096,15686.3141096276
"223",2672.64429468931,3112.80497001199,3384.75771969693,4736.06044501178,8879.3319292563,2621.90292803031,2740.99278959467,3643.27460160608,6301.78925770364
"224",4469.18525205823,7719.08672802933,2873020825343.51,NA,65411000711.9783,4384.73040228944,143303657282247888,190705453510.517,259386.740488694
"225",3094.1259741615,3818.25113837596,3852.23334572254,268559681.652153,10996.3104164663,3074.28105517019,3089.61944198907,4537.30089372087,7298.31343639497
"226",3021.71058644944,3222.12715139535,3045.44368754352,4803.69717097383,9562.86547014267,2878.87728818796,2760.72932008496,4125.18096372291,8344.58140318429
"227",3325.02166821523,4213.63547235005,3914.72393733976,7937.92117262542,17531.1419639818,3392.0219070071,1273693555.2185,5946.75754718545,13852.1701375242
"228",3540.65094750649,8223.69158657602,19715358.2385922,27148.0933696412,116748.79868984,3490.7869957818,3135.77395502125,8355.81149027922,158967571297.005
"229",3020.64040858762,6318.54077143676,5027.29962830672,18492.7099062688,39446.0828198114,2926.61044406527,2884.71505581064,5104.79828939682,9948.05272024716
"230",3078.57288175708,3894.30777697999,4230.43198253627,6642.86982951397,14355.9598134912,2990.62758248736,12645681888.4542,4768.19459452429,8812.40514726186
"231",8310.88497663344,19621.185017509,15876.5479540866,31614.9945408915,86966.477610151,8072.56564878986,12013.234523273,15784.7751960412,62666.331358103
"232",2709.76679856871,2945.68975243515,2838.77318304105,4528.76738491342,10724.3553297355,2676.7480649496,2606.91403492391,3958.98759342812,8811.25825694241
"233",2645.53607423234,2716.3720785427,2722.37604773153,3434.90187558694,3985.01669002678,2590.9052682555,2600.19847476684,3252.79072729453,3753.58988644031
"234",2989.49705206791,4427.73335392277,3823.12766603737,9535.35235931008,19709.2521709279,2926.59123470309,2761.20969415397,5154.4691701185,12563.2966168004
"235",2881.90321752681,3155.59300375953,3163.02763357559,5000.49786755546,4661813618.404,2820.66795441136,2822.23171406159,4282.66302829044,60913831353.3903
"236",3074.63782923161,9234.63571358081,6567.14886868614,31125.2703382385,51141.8861404355,3017.11625749686,3025.30105543215,5844.27933732185,11488.4741270353
"237",2584.04184464875,2785.05729225864,2800.82793566626,3634.44614904725,4825.84321675632,2509.86155174167,2519.16000500668,3042.12863806012,3744.47458433074
"238",2728.80028891998,3042.95864162562,2983.63437269276,5079.46384597084,11691.6269880945,2659.08183058154,2624.01799052386,3987.31882931001,7269.02789858446
"239",2746.03458905971,2951.65913077344,2933.81670834937,4047.19846643268,6952.92657870853,2680.14669461259,2665.32502315547,3611.09740303019,6071.64734372833
"240",2955.63692363523,3336.25217671766,3322.28253106242,4870.83829931188,7961.29277193033,2864.53720015825,2865.07166354144,3980.33198742628,6022.5960287656
"241",3278.56014368656,3710.30089246321,3481.86181449155,6706.85985105946,34954.54642577,3228.85908396578,3073.37420823826,5718.21318316968,30732.3340393323
"242",2878.7715137418,3372.09887075153,3240.88130742365,6128.69942436775,24078.6334505395,2835.91143971333,2735.91853976873,4743.05993980667,16797.8159040314
"243",3472.21693382094,7159.04985281398,335509187.115172,16942.0185804454,24214.9530934109,3334.70465665064,321680916044830,5779.65924988602,10149.5209184278
"244",2707.40850452388,3129.32922753785,3129.24691348643,4948.2585978399,8170.32656384113,2713.07645179499,2731.00401997965,4043.34974648072,6278.23219312408
"245",2709.96638057248,3311.80881751977,180247730.954406,1936799798819.39,9025.86889090544,2660.85372631064,870889168127001,3865.32432869798,4941.45742652328
"246",75455.5690524722,3877.874284841,3571.64989726162,32942656.6292192,37465.1128798031,86203.3678035236,3052.00444363453,7118.8167195365,21052201614.5612
"247",3370.65530090628,4390.91660021812,4169.36244813071,10010.3341266967,20325.8948507724,3565.76103246281,3505.28532694555,7492.01387069451,14536.32607065
"248",3219.88722367537,4009.52507592592,111863166059843,7910.85246708283,33146.1394637138,3080.78378000073,2883.08330328245,189274645.898066,22359.7662770588
"249",2803.02375668885,3235.86664613838,3071.67668633857,5496.87116779543,NA,2731.71270306764,601675395751.332,4306.69868188338,8254.32347191689
"250",2581.30518886661,2920.937821443,2789.22755745964,4806.28245785227,14779.1720178747,2502.08616838711,2453.73010888349,3810.36166309757,9498.55188883474
"251",3296.65803817722,4299.12289761776,3873.99023109807,9340.1731186801,30342.7534815642,3171.32777604487,33947397457095120,212466761.456068,24266.1576404382
"252",5352.94683522092,7382.17682705126,6606.54061341587,15822.4568182148,84116608507.0575,5406.51744139701,5297.65262647902,10630.8478588178,35466634648.6288
"253",2688.15783365767,2991.05780699878,2912.30090030164,3872.26928785022,4429.23541092117,2611.3089526047,2596.97520355669,3186.65606513422,3571.13615943502
"254",3135.93585199996,4502.42137635829,1508965520825211,12112.9536936911,31801.2608216988,3109.23611291684,174646258357341,6637.68071038781,1095990261.31436
"255",3207.3033520897,3581.62372965456,3504.71316744397,5026.90453110228,10588.6098796219,3162.06397978277,NA,4321.60218913267,109005206.371963
"256",3400.23034733608,3981.17433976344,3537.68127419732,7433.95202812629,14187.6401643358,3428.37214138575,3163.90528875325,6037.62754453688,955261567594.328
"257",3015.95950434952,3317.66514161208,3117.97498477261,5463.22444669793,11492.0040686261,2916.99730858704,2803.25665884451,4543.02482161182,8675.91553086975
"258",2657.96348302504,3002.73744961366,3121.35399169226,4682.06745999768,8583.69941096033,2609.15755765159,2658.3712539639,3810.80540516161,6162.17403633601
"259",2881.20838995547,3101.16245369817,3059.08561966199,233058455.062826,11332.8858335188,2855.28735533227,2822.98041739701,4205.39266849543,10751.2214520621
"260",4856.33619043401,10810.1206535678,8597.53807311447,25851.4838901903,4003498205.84347,4465.844098283,4276.87092408163,8958.79337345526,29445.5907678036
"261",2754.12208913174,3165.05658932155,3216.60875109174,4915.04132257587,7779.03796053882,2679.80901944167,2729.51917880014,3790.81146111196,5453.02600449603
"262",4122.94570969177,6360.1181542677,9416.0485103706,11323.2980631747,138165.495762007,4039.21866230904,4449.17550280106,7297.54430805982,63322.5713735145
"263",2709.78828198597,3138.92899188461,1703266662231.19,1840800635825.99,13221.5086933567,2645.5978104478,186150287451.497,982037808.776177,8289.78922361982
"264",6407.23855988217,13049.8129765436,551371354.160377,21025.2170497514,360385.81640361,6212.98842984988,6091.62950909287,9852.09606814121,239538.519009488
"265",2813.86472515838,3038.78291501317,143940603253.816,5515.47973302642,22171.2992039317,2753.75820146687,461023976344964,4790.64874961242,18763.9937156867
"266",3153.02303342592,4031.31011533977,3565.68172683878,7579.03796358737,70691568537.5491,2973.71065476576,35355994344.9327,5091.50164387447,16560.9957365472
"267",3701.57652212579,4475.72954465347,3997.39857474488,30542808099.98,813783.958056382,3750.16944085266,3373.4280815479,9976.97497398905,13895289668089.6
"268",2728.23096536931,2884.81742846699,2833.68628186514,4169.38786571258,8252.29442541465,2645.86593214387,2618.70963171075,3665.24201009857,6735.82935612531
"269",3109.62040411176,3546.41137389812,3493.33382544795,48915257489.1921,21586.0851060931,3017.16323644974,2966.13748010923,95643540.5827164,99737461.4964373
"270",3452.39894768575,3965.65913177938,13362989071.125,8646.13351744094,72408.0997109915,3317.84415263835,1863125554790699,7119.27968325423,51277.4755518768
"271",3014.68025902743,3945.40185966313,3547.16162051198,6944.60154877051,11612.9362933266,2820.59511709035,2775.63191725521,4344.66808886786,7022.0633327927
"272",3680.33065911728,9569.57679334763,5563.58302124307,25139.7209938938,29107.7225511502,3725.60796496542,3547.63832451184,7447.14031425781,11775.2025109382
"273",3233.11487673292,4068.44005414817,3853.89523365109,7232.5309744013,32861.3039446019,3107.52989981104,2991.88183325239,5075.8128114781,17317.5797407476
"274",3611.26006783602,3918.16408389377,324673697.696055,6341.25094229542,16347.3388072421,3665.62460415881,4202007896.59639,5986.77433624438,15682.602176514
"275",3086.34154550558,3841.19214489316,3614.30047367305,10511333.4211684,26506.0160258358,3036.18440228926,2970.43643033997,176618545.41292,406728501.935957
"276",3241.77114172121,4197.82103475183,16201686956.8892,33744792.9244433,40849.0243285962,3168.82000811739,85295503962225,157729839.714113,1000735566833.95
"277",3910.71898667911,5987.15846660772,100553945720.634,11098.5933602733,51524.5287003426,3798.35886655276,25919852.548364,6229.53640027881,9112519338965.93
"278",3081.06542193549,3561.81337844749,363834285381080,6378.29807869833,16640.6360274624,2983.13208595941,428000580334211,5048.88500962948,12572.3696720044
"279",2983.91147680911,3986.99576960622,26904391837.4566,7461.92408946223,14651.6902080392,2918.60517123954,2845.65203308518,4600.53231126385,7775.31797180831
"280",3108.50364737389,3424.4293041821,3435.14779659639,5992.47008213923,18227.1514384272,2991.26420202513,71296265603.5273,5117.26058026389,12785.6608258141
"281",2957.50974356455,3678.96260756671,3460.77774820196,7113.84581269446,21952.9712045588,2804.0084240488,2748.88878515979,4504.85849219336,9814.0428510328
"282",2854.40726265776,2976.65384994971,2947.610677439,3981.66390437466,7602.48153572341,2780.94202683864,2750.27196593569,3721.20543629878,7295.18296355364
"283",3721.46114206226,13220.8346002691,8460.25860547513,85828.4360966949,106960.893829575,3563.62517914163,3543.87940591214,8091.02182212035,23595.3492839279
"284",4978.2590303293,18893.23176861,6633.39436080766,108531.072359148,51926.7432339042,4963.32356568962,4136.33735405099,11399.4621803639,20806.4511442135
"285",2714.24090104113,2896.1274446689,2831.2788232059,210995192.341475,11933.1406443739,2658.44166467796,2621.6654988556,5952977880.73712,10017.0414962471
"286",3221.64172666908,4051.34997018317,3832.87981060773,9174.23610290889,116660.013681854,3149.47552202763,2941.74764529462,6904.08571291666,72423.5057950716
"287",2668.4721712297,2852.53261925359,2858.01707553409,3853.97830339731,5860.44447498551,2599.89770907039,2602.11569772862,3340.77188671303,4702.26343676079
"288",2788.06756854549,3087.03873877807,2995.7562876777,5023.92218248075,14968.6904848557,2712.26390592307,2658.13379485718,4152.47596660325,11059.7852802027
"289",3776.21940963134,4539.48837810328,602180734.430572,10016.7928273438,56689.7384604255,3628.6676655053,3822.86371868999,8248.28914370862,38527.9939495318
"290",2873.79364567175,3588.77005630576,3294.63036165011,8854.88853675125,34564.276452296,2853.44821131665,2757.21681919453,5748.2092473504,19006.9366813499
"291",3149.47068859403,3514.35511603875,3595.26758854082,5634.67991457343,17957.1933036919,3032.03495515011,3096.04786256774,4700.94088949478,13234.9594932299
"292",4070.16273790498,30990.5743472523,1195491298185.77,9834786.04739299,312459.628937659,3822.34718201388,21897344041087948,14613.5982986875,50527.0987008536
"293",3251.42826665912,4098.8488262655,3560.74272980109,8658.0825235721,16141.3141643195,3429.06700517569,3184.26997551571,6993.98757550436,13926.3400083347
"294",2920.01573850801,3155.30725779239,3146.27404450847,4480.56373131075,10126.9888273688,2854.11453140923,2823.63099396535,4027.33844590979,8716.47193120711
"295",2791.38959360068,3437.27731351009,3282.5139760645,6324.05890682272,11687.1736352766,2746.13328842331,2719.4018027385,21458666.942436,8048.01907033533
"296",3243.25642974317,5574.95823678494,4804.9669085271,12272.3110625879,21698.8772246215,2860.06611461496,2866.8746140953,4439.83649003949,6977.71403294168
"297",3071.5402484573,3920.52518467704,3790.68451849123,111126342621.225,33654.2917764382,3005.98455463439,2928.8516215614,256743558904.758,19005.2567785932
"298",3055.6169767074,3432.56629716419,3076.96432938407,11441.6330426658,142295.198001757,2964.3749133532,2772.58996194575,9465.30865926674,139408350945.379
"299",2886.39484994865,3282.49507460096,3191.1326087699,5174.2112681646,17359.0098764724,2873.5160999212,2833.47732348067,4257.60035384171,55408975130.3605
"300",3006.23523264441,4090.48958016216,3482.70034737239,10234.4694615185,87515645605257.9,2889.88464171022,2699.29246118104,5810.36635110531,19629.7239661895
"301",3496.01958240057,4108.86567789926,3845.31196400552,9582.90883479087,68526.8649256796,3350.19154757031,3123.13764465213,192452974.878836,46646.1032462455
"302",3113.36664541885,3969.57996723419,21407912.9075837,7063.44515232006,16623.7274711322,3040.29355398875,1109023150.38607,4758.899977175,1222770323.00651
"303",4563.99564688979,6976.63555168608,7929.816862126,820000974.134382,422015174886.86,4555.18111042004,4676.15093817752,199126290.757445,113856.177212869
"304",2698.52202150653,2790.7506070713,2801.92451437514,NA,5739.5568363096,2639.37424576831,10946844.6710663,275078927505.15,5277.94160309545
"305",3149.82817725666,3262.6864744693,3154.58951557841,5001.41930038986,68059638989.2971,3144.06260222222,3039.88222671538,4929.74941833088,11208.4915617998
"306",2733.21291974528,3115.84484982903,NA,6905.29632077296,48150012176.9505,2693.35754531842,NA,5483.79095126774,19177.8433551524
"307",3082.28902985784,4559.21194319775,4655.1558032869,8236.31357981591,68608.457618188,2881.40487764716,2853.85224695903,82170819399.5997,13065.6726549052
"308",3159.67766365498,4786.84011963684,5402.81051083864,12601.6389343888,NA,3037.62560008812,3956202.05164295,6661.0094146482,23382.3272700146
"309",2691.73929857731,3218.16404479961,3069.16406791451,6827.49229939219,47621.2156482872,2611.91658683138,2544.20654868683,4928.51696261227,19271.1057154664
"310",3122.53143665663,3929.79607874448,3472.93324179659,10407.6177402894,97874.3389077692,3133.00528710029,2844.67383141574,7287.67433708734,68640.2321423294
"311",3150.64075091596,3610.51037638253,3422.0913066311,7493.59546140605,33605.4077241014,3051.789911697,2931.93872402712,5962.1929272447,23781.4167500307
"312",2579.721768296,2786.96734615084,2829.91888419953,3895.60593392391,5649.77787744752,2510.46625902063,2527.96796557841,3222.63883684569,4244.42007568109
"313",3366.87671719769,4414.0916200097,3805.2952989832,10109.2881382829,87058372901030.1,3237.65674263767,3026.6830130901,6394.0799203492,27786.429097369
"314",2969.184599695,3231.5601188589,3168.56190116152,4253.90264950216,5867.70292503562,2883.98672450018,2890.45802715711,3702.96391753142,5039.59825573228
"315",2595.81216267627,2997.16178386659,660104284722193,5995.24277185751,25745.066356484,2521.82020906602,2456.06898907223,4258.62945523387,11226.0374409118
"316",3732.37901104669,5413.50380708113,9612.02236761682,9411.99259621818,39437.2681332907,3735.47714855263,4733.75287968423,6810.77619829519,22080.0353224323
"317",2776.89482472786,2973.3466471329,144386984743.646,4295.55199750553,7152.59083202698,2707.9533922305,132259819465957,3751.34493442383,5769.13455054302
"318",2691.46018391436,2852.47874633453,2824.08790163097,3833.05074931248,6888.71799545608,2665.33788607751,2639.52315154159,3530.50511083069,6811.76512239108
"319",5287.15279699297,10423.7103772316,7785.44991606513,27901.221869546,63773.800250455,4979.12798545014,5023.05239968218,11343.8267493941,26433.6133825303
"320",3157.4886116596,3758.40560262723,3463.32058087794,126250591151.807,77763.1988354689,3079.67982542591,2887.7386171065,6060.60441834004,52081.4178206599
"321",4018.08047085763,5536.98131156612,5124.21111972469,10699.4504088627,38402.238159154,3809.80923829832,3639.70500190162,6713.52317470692,21902.3083623932
"322",2826.32659213631,3057.37693237727,3064.75627341255,4852.53841387443,9380.05556959583,2772.52749783466,8228282973.58661,4243.28165587937,7312.27387109797
"323",2780.70352220408,3026.98580017862,2968.43447754974,4208.24387614484,10552.4612127372,2702.0958582131,2655.94903065642,3645.32899067725,8049.0162995099
"324",2747.73974629511,3258.71601822666,3267.89757438459,5416.90906250098,13677.1629034311,2721.56495550542,2726.90195673706,4051.52213392953,1758417774.0366
"325",3478.53112093123,5141.86801117953,4160.64991324665,18121.5613173818,83014.7048256495,3299.11404962672,2978.2961841945,8950.42103418455,30229.5707890133
"326",3072.51452747851,3318.45632429501,3174.41510798072,5393.98320856736,9197.65369031117,3077.86603343938,2977.60250333993,4907.55770938025,8077.38511874711
"327",3299.35025000655,4511.70336286094,4161.29168530836,9407.78806197692,25721.4279728466,3281.77879025951,3176.61205863232,5719.20438846358,15094.6323041391
"328",3079.29693892807,3472.06132762165,3219.90249540371,6592.11985704255,24795.8897794244,3008.49500415907,2873.05561924037,5395.20343987774,21415.6322351926
"329",2958.78038541347,3095.69360996825,3035.07964531696,4714.80407597768,6655.76095134448,2921.51524588157,2905.05523314112,4376.30109602186,6237.53615311653
"330",3376.83751598726,5007.44242456729,4440.89794783166,148081455.785081,144791.325139845,3361.83142685001,3115.84413020631,133440812.319043,71610.2390886456
"331",3040.47663901828,3362.51329860715,3312.45545603783,4897.0724886481,11667.2299682076,2911.22936878931,2870.5482866958,4126.84160626102,9513.99128445796
"332",2701.23373004368,2932.60331554755,2885.07063517517,4378.11944919501,9502.67909124744,2614.25552533031,2589.0069190947,3638.20482586091,6449.68973293848
"333",2720.13589382089,2992.48463796367,2968.08598851822,4415.9359356352,7752.55555041042,2670.80372484683,259786525909.82,3724.75428860377,6238.66420500732
"334",2910.38813159448,3065.32430718222,178785605.978073,4733.82533273491,14835.8609257729,2840.69595438241,2764.21171853688,4402.75216643009,13899.7255839946
"335",2766.41729498383,2904.83680835593,2799.83687280363,4483.34927706738,12302.5931297846,2720.07791162738,2633.12873612843,4223.41029151436,11926.6417511741
"336",2640.33531086793,2874.27756755739,2822.3998118467,4565.39424406732,9582.75026505966,2604.22865402284,2583.42204426812,3865.2001441728,7487.19801906487
"337",2804.99800140377,3261.10024120035,3142.0558712738,121963318.97213,13437.2898868919,2720.24878105283,2694.65071577345,4517.89331910675,8916.61309074365
"338",2668.62315232376,2757.42004294365,2757.58019210104,268296906.786118,6352.76646101377,2614.11018369358,2621.06046585093,3427.3569160755,5636.7609867348
"339",3308.88140302248,4105.79006717515,NA,133238154.229825,69052.0936047522,3274.54628916629,NA,193037417.620657,41969.5829711476
"340",3306.39226209023,4855.81839991914,218912933583397760,246377007.229269,86133.4299065016,3211.02961689434,251685613581961,134732183451.842,42443.8415193098
"341",3731.63474823861,4603.05914085571,4553.14611411213,9095.32375048345,NA,3522.44131231226,3488.04001376949,6310.82861494138,17989.612807116
"342",3498.43224917005,5089.63946123661,4779.12511817261,10878.6312612718,345767421.435291,3534.52848461755,3446.24772770917,6430.88286613065,15245.2720229876
"343",3238.38637392191,4110.63391212529,4433.56077262443,6594.04428837352,14883.4202011994,2982.43303240228,3043.04602633704,4361.27095275605,7764.60149885393
"344",2654.09066910596,2793.55004663557,2764.16550347851,3950.4994020819,5809.44401566785,2585.68490794722,2569.23875614931,3514.21201314125,4996.99005271201
"345",2938.18853896217,3296.44740037481,3471.91917285703,4586.43155393886,11859.8361569693,2859.91935906426,2941.91401810865,3839.91385902653,8668.7205186023
"346",2799.48151352228,3185.96599544757,3042.19787467179,5228.92091071679,21273.9947284026,2790.84390135232,2687.41520180412,4465.74848132849,15653.6069240934
"347",3068.46615050655,3626.93350723601,3445.26775562981,6290.76179312638,23753.4959926571,3033.53699738297,2928.66507237133,313411437677.517,13879.4144931108
"348",3784.14291650524,4707.69196141419,4430.08505794613,15085.2471674248,66913618039.7163,3755.17596415886,3623.42644872637,11368.783099028,103392.751125364
"349",3580.28716331302,3692.91561279872,3353.0258773399,8213.26410124901,25606.0923275154,3725.98683506041,3418.25815207756,10136.7044010506,35942.3280012741
"350",3431.94104893718,4712.12287848013,42333047793354992,260412669.509612,19521.3518010513,3454.54690802289,NA,6200.48088180481,8710569648.26956
"351",2953.58063399285,3239.71794916762,3065.36149971983,6039.18923791599,23601.6243984534,2857.4651485735,421481614.079242,5100.94313174731,16476.6789804632
"352",3151.49836859206,4315.36648834928,4255.98835189478,6584.14598206584,111400302.156787,2935.26707411224,2937.86715025253,3899.14427382443,6383.19317703934
"353",3158.63201656739,3818.30006792774,248135824744553,143775194.12466,65030650460.9003,3123.66805132388,3017.69655246388,7565.69581961718,135556557.420258
"354",3363.80512580738,4461.0896814452,3899.11089313889,11338.6431129358,203181.863585537,3251.32898948659,2972.9048792495,7591.01245211659,101879.411401344
"355",4891.8925284106,17905.4876328081,15792895.8033185,50205.8895768527,118966.072127929,4519.06576514845,4472.60547193069,10098.8253861155,89929819.7264407
"356",3569.40783151776,4983.48806216312,6581.94160012627,11173.8376127471,81518.3962100134,3276.03342251719,3487.62409966435,7002.40116097334,35920.0652213116
"357",2834.43074651227,3262.88381205946,3241.4692804245,5429.43280053049,11641.5180538501,2806.76174147065,2785.63810896238,4250.95743824332,9161.74872180407
"358",2829.56535788475,3586.21354312107,3978.89717266682,5849.63051546338,12517.205583256,2664.68227862402,2739.30147082964,3633.48114012616,5451.84469370346
"359",3432.8661753733,4265.93661475592,12779294856048760,7949.19816204266,23226.1268708016,3412.91438073523,57151053922097224,6175.75476069565,14828.5604199252
"360",2739.4645674202,3444.58046072991,3268.46287470965,1411653913035.72,15418.1570972069,2684.08230147392,15320744.5571871,4721.50610425455,10559.9466783371
"361",2828.99801671059,3525.51111976539,37450542.2022596,9206.10514103683,26133.4997649573,2877.47735919634,2834.21278960758,6351.6464319525,17209.8495497498
"362",3577.32851128937,4149.95332667986,3836.46054099817,7471.23460669982,18207.50785282,3606.23993938328,3509.62993038966,6217.07663592327,16309.4759218941
"363",2871.06576587948,3887.25769468945,3899.48873357617,6137.6859719452,13429.1676582871,2797.23307637132,2781.96188332171,3826.31095771677,6362.79396255181
"364",3011.3053389697,3359.37565539591,3193.06788979911,73469172.6885715,29543.083624871,3003.71727244769,2884.60639039026,6697.81720742603,28236.3318157798
"365",2701.37595521516,2795.84878982977,2812.1495286378,3511.17653075574,4338.78846172531,2642.98382245728,2653.9869885432,3268.81293901214,3933.31174079461
"366",2665.230795461,3097.78191894409,2968.6849553489,4490.39682754387,5776.36090586938,2610.26361081264,2594.00797795875,3386.33739970457,4034.11937520671
"367",4775.72242015513,6156.47973389738,52016582371.7092,136891050.823948,32043.1026599617,4581.87853106611,3875.99203675447,11852.8045567654,22857.9442347166
"368",3643.23510337112,9350.96408270427,2243080391.91293,631334005.652879,NA,3296.37335632977,33399547916.8899,504172143.653419,38227.1795549885
"369",2862.23812838164,3358.7559628817,3030.70491402616,7757.56060441186,24286.9448305429,2727.74170740496,2616.76374794245,5277.06854108778,13933.2443553503
"370",2788.70347778296,2956.94219461743,2927.9603644983,4238.97623769135,7737.1153909953,2683.54791764333,2663.59411675136,26106586.7316632,6501.2971865097
"371",2954.85888794656,4350.60990981809,3812.11138239465,11148.3649413277,148578.334410157,2951.4487172909,9648844041056508,5706.11204817203,34314.9449179367
"372",2840.12861398307,3046.28007363828,2990.33870805379,4648.47639582399,9345.56360861758,2776.07607646719,2747.28861274263,4147.72852506139,8556.95445474625
"373",2982.56717442885,3444.36223022918,236635644306401,5562.619413744,28098.6057268665,2896.54727304798,2839.78069445418,4497.79719045348,20256.427942191
"374",2971.58408025174,3723.06598882751,3562.07280045291,21990852.6993176,24092.0468288923,2912.75906586495,2854.79970979755,35247678.5902084,14040.9558491995
"375",2966.60309768878,3550.52203747877,3364.47448361204,NA,13699.954940758,2847.25850367977,2813.64571171931,188195102.568892,9534.59002443042
"376",3026.17684967964,3588.30830389333,3611.13508662818,5714.63787462036,10226.8785985749,2850.88794275853,2870.95856097733,4100.51986257156,6278.79808578642
"377",3237.38487963435,3797.29643014169,3479.62019499349,7263.70825896988,11559.1771582693,3046.66988127845,2956.05422799524,5198.92191816712,9214.84359658541
"378",2696.80138878985,3060.19268474966,2937.28155953308,6649.01688995141,30111.2106046158,2625.44656609364,2579.25574457215,4675.18146604024,14360.2446805253
"379",2984.77073622488,3494.81363498648,3573.85350879359,3387465758584,7137.03538433849,2701.6276033089,2756.78626605056,3361.34583398592,4074.01019151259
"380",3335.75528210461,4141.79206841406,3632.61262247145,9092.0989500419,27114.7921266898,3284.34427883878,3058.50965271371,6813.64505511624,18873.5583756562
"381",3092.34040302879,3487.65223911537,3374.54244727657,6859.57344887478,40171.7855487284,3054.4108351732,2951.07016502483,5851.40926172105,38810.4612449089
"382",2756.12449275683,3010.49853893611,2894.6486727694,4788.31945136047,11799.2547771555,2712.56149423906,2671.25502592881,4144.74122369588,9237.01298942285
"383",2750.22201547234,3477.91305370556,348686239.208969,6175.85048237423,12787.3618215876,2642.74914624275,228373573338939,3839.18550616161,6229.32561734825
"384",2667.05260541764,2890.08116553101,2783.65688947242,270828509.425711,16435.7055215417,2604.75224929752,2542.90805125447,4110.77579593953,11019.3832859105
"385",3324.64145818321,4284.55417884808,4213.76745397126,8211.65741098996,5781663358.87783,3453.97968783836,3471.0347111456,6041.90927685712,347995497.481529
"386",2711.96125709297,2886.34237369552,10252853.6297166,4158.94406259008,41260308.6537236,2649.31175426403,2696.47636356348,3661.74267358692,6040.75953966813
"387",3602.82977924804,4516.71842828609,4049.15361594223,7711.99724438851,15863.8112854606,3625.03161495912,3567.30263763512,6056.18100835277,13348.4571465544
"388",3646.87644553998,4304.95861695727,4427.78809705578,7376.00376804412,28095.6248149786,3584.38940520017,3654.64203947992,6312.57165124042,19237.0977811834
"389",3519.87273811658,4525.81657336111,3727.44027618645,11955.1769176158,175819.920077855,3362.92223215924,2931.9857648547,340380808.165135,95353.877152219
"390",4024.29975800575,6923.69827453594,5301.5405549013,13526.938589407,27073.7026692869,4090.07204719455,25553804.1227283,7562.54938945662,15713.0823625793
"391",7227.28783281122,15749.6450337783,509482083.020629,36065592.4295658,521817.519238827,7650.82940929873,9782590728792046,187399254.292665,161002.046534312
"392",3150.50596565692,3660.68642558675,3460.91080353457,3902346713489.2,22824.6493321911,3106.30318716284,2965.3360009872,1579352345144.6,16480.1370339357
"393",3377.83626158889,3759.16328059942,3829.94016026574,6131.99841573485,15439.7797055549,3434.28226135237,3472.27210832791,5568.58047013793,13387.9877809636
"394",3146.00134211513,3388.42535487087,3314.63016601638,348807815.46175,11581.3478175491,3184.62830854585,3125.34559252198,5126.09528413316,11082.3026490735
"395",3114.11259014091,3526.60234153316,3350.68637056097,6514.32745439526,14586.8344511625,3109.97025627409,3088.83317409012,5515.24840746985,13413.2170541484
"396",3216.73672072006,3443.17620977512,3496.41538688542,101945477693.854,9220.0154914345,3130.87698596461,3171.59197708397,4328.71517590278,8279.55529220378
"397",2671.70997062672,2977.91506328024,2870.40529621598,5071.12168445597,11313.2419164452,2624.33858572627,2579.26359161101,420155310.368782,7914.17846192687
"398",2765.905238818,3067.4619808143,2933.0402659711,5524.39723537221,17223.5013741181,2699.83066511376,2648.80675151262,4486.07077923289,10852.3980586192
"399",3279.60219624455,4135.34164390233,4259.63056176499,6482.05760522917,12150.7525079248,3107.08466518295,3231.69502425981,4312.26090653237,8102.32960632082
"400",2677.06824421294,3207.18818599623,3218.485474698,5831.56521409996,14994.8355873959,2568.31195816237,2560.50998139039,3951.41506027406,7630.02602281884
"401",3413.16620753475,4036.17689695592,3939.79210528692,20396748.8886966,29150.4187010156,3235.06839755587,13607151.3616127,27899462.3377032,16174.1662676818
"402",2810.83814507699,3024.60415980262,2992.47051601528,NA,6762.20924507958,2736.57601675237,2716.58112176199,92862724700.6776,5345.23166678313
"403",2698.36839005114,3215.86592522531,3178.33131686389,5625.52893725117,11458.1937080162,2624.00855588338,394786516295931,3879.37005504242,6880.30536918176
"404",3256.9615745925,3479.44893764243,3651.62330318803,4668.37628933811,7150.82467231802,3191.90234131295,3345.82392632356,4198.41361270554,6192.38501875
"405",2789.57294976864,3052.96427042554,3031.8050739938,4230.7196533047,6528.14777675936,2739.54756018881,2731.88636836189,3674.68834450411,5650.47610626378
"406",3180.31868992083,4295.8392159376,3141550924.27662,8717.73556317233,19084.9478470609,3198.64601782494,3193.59986904793,5858.9859755776,13288.1490194355
"407",3204.0250731363,3987.36112244071,3824.71474811265,6878.57037282361,23887.2472045782,3085.8817262662,2983.24583518205,4913.93312963964,14816.3166543128
"408",2771.01248198105,3080.73531325267,2895.97327790444,5142.47850932825,8087.94378909958,2716.89896117247,2632.65089529246,4211.17967943991,6455.02863198087
"409",2693.65716581495,2869.63812292294,39680326738.9044,4075.98243361198,157693452201.068,2622.40997858905,2596.52392340087,8970794.46142887,5619.27814634879
"410",2918.48771821386,3890.60768798323,3835.41631689462,6967.40636928309,13850.8453141464,2872.67055551616,2825.00055956671,4337.3446476028,6821.39624079195
"411",2867.36374344066,3228.63632444415,3004.64422632385,6262.11341785605,25550.4208560007,2751.95249288589,2649.49198006184,4998.69563005497,15306.8460658862
"412",2950.45485962748,3387.36863104456,208171139488654,6153.06435379415,10806.1799272316,2879.75122131227,2826.18113007402,4842.29321156859,8762.25845947185
"413",3309.23831694111,3573.14967539764,3349.46361229678,6665.47472699481,19418.5187300745,3077.81881181674,2945.19806823549,5492.21777508907,16745.0032490365
"414",2997.01538297973,3276.78500118217,3168.21604168042,4707.57552389467,9217.49929952657,2916.44853364615,2838.38696486287,4100.56469824163,7624.9691264554
"415",2775.11426512002,3383.21557912809,3294.51478419116,5985.46583508642,10598.6939576995,2700.73148660851,2718.07336889838,4160.18920454245,6270.15051210952
"416",3458.53828359065,4909.40950452352,4574.54580246876,9956.05160458219,43713.5881212021,3469.21307388048,3294.05186825216,6374.98251494128,1211373854.89582
"417",3204.12584943913,4222.75371448603,3799.73054513635,63472083074.9294,77784.0504859735,3141.72383844458,2977.28187937022,185219030374.03,35436.4506372557
"418",2592.14356621402,2996.19525921707,2977.47102441435,4974.74586420824,9498.45502202704,2540.04509821463,2589.06269872466,3739.14559875285,6064.85848730316
"419",3090.61206865081,5139.20655188204,4869.13050825976,16193.5460445578,50047698496.6174,3045.9547639127,2861.0040508623,6874.52775728131,3136943857.46987
"420",4131.93003419599,16950.5813793748,NA,202164.533213426,149070509677.953,4134.97860819606,198983814213171,9034.64021759588,19373.6417679885
"421",2786.21916709927,3014.19222410192,204230992.997486,4704.15623557541,8904.09946311205,2711.68701008668,2710.69003810048,4062.64331781602,6782.5090508049
"422",2681.92880330134,2830.56969914179,2770.3565168659,5002.23741912646,12743.3094281801,2608.82424295803,2580.55980589099,4384.86916303892,9882.05934075499
"423",3399.42545871774,5036.51380988125,4526.35305474458,15641.8855242961,115969.38645045,3276.46463925726,2967.51162429952,8743.52997433875,55367.0679387903
"424",2863.60936137855,3318.94392025615,16777765.1356768,5634.31402601619,12326.0639412251,2770.13877461405,2736.54067237845,4393.24420616613,8944.19753943979
"425",5131.68548611502,6066.284050267,301272521701060,14170.2158074015,50564.7883635927,5226.98504323853,101119011259305,13301.4657619195,47620.2024586566
"426",3202.9641848256,3767.99881283185,3748.14224785794,5794.42445320237,10544.6692900674,3023.30074145508,1504807315669667,4204.03154451455,6747.63932137627
"427",2997.69354200377,3734.96570162546,3627.74385823946,5813.72905220381,10430.7340833261,2908.54599464102,2914.49121470188,4050.27093252751,6672.77742139127
"428",2697.88916859607,3009.42709908314,3042.92940636031,4301.06854140535,6431.83184688499,2640.84402609777,2660.9739425306,3482.21197213757,4696.62014731007
"429",2773.84138623907,3071.55485189057,482271190.354952,5677.60756768382,16851.8735608082,2709.05183119922,2668.76033976047,4629.07003609014,15587.5917152315
"430",4405.02037786205,6022.58213879351,5031.11825291123,39787524.229852,54110.570966663,4104.91685679045,3671.1747908587,179621192.209821,38373.4504831537
"431",3190.34660099975,4007.68091641986,3927.23392071414,7819.8402930222,16967.3616461914,3212.86302275012,3144.93241192798,5839.20482731826,11921.1808662056
"432",3245.41967752609,3667.74321513108,231096209.225848,114961349.556159,3443297587.28116,3378.56907148903,3140.84523655712,9321.36415713475,99764.5256406808
"433",2954.47561822803,3198.99841717277,3179.30280521953,4186.83601650584,6743.28571684615,2871.09668606356,2860.03005703407,3698.5166656854,5582.35872932624
"434",2876.04842709773,3552.37638618303,18219089427.9826,6038.6532803292,15555.865586841,2845.84190461732,2776.61974685103,4695.47706100618,10432.5331771632
"435",2848.93758475014,3142.40878915664,165673195.618505,66021951061.3421,15925.8170160587,2775.84668419794,5562446410.03235,4226.60935633823,11093.7614253016
"436",3408.41140559626,4730.91287237917,3813.48180524876,1067192148.59326,35986.1548100347,3498.58453930965,8053130541459.59,8811.95572568277,31310.0712694057
"437",5296.85407870852,7430.66027628129,700577229.029423,10404041819.9288,60505.1890815906,5233.54258743985,8332290128.03874,11861.9884696573,39388.9284677615
"438",3828.93693157741,5171.37576185675,4724.8068411035,11047.3514856438,58081.9628569823,3669.91006052842,3708.25136272932,7919.78953708899,37149.4115884443
"439",2673.53249176469,3067.08270042311,3031.77716880878,8029660.62638725,14411.2359298172,2579.27564071702,408038315159906432,3731.6239277693,170472327.700524
"440",2801.72579856872,3341.58607706321,3254.53843798257,6169.97121023389,34476.4518941242,2751.41432129212,2705.80558289559,4654.7641950939,20847.8074070791
"441",3093.76285964521,3452.88526838891,3235.7647819407,6575.74312775471,39807.2862909538,2982.83055700291,2858.80960190847,5396.92617908213,27418.0645425243
"442",3531.10096538621,5495.89082350314,4611.21112278959,16892.1229431237,58155.1781874297,3354.04679386047,30657165416.668,7399.21298872714,20070.129485907
"443",3382.59177338168,4470.61948459472,5615.17746095112,7669.89036717913,31686.2036003033,3286.47843210846,3493.70984185124,5409.36203582206,18290.8170732691
"444",3011.74411575884,3812.11011235193,4118.48070107437,755834214.586723,60914882804.6575,2962.55056565523,2944.46397269638,216732814.352291,1744058366825.38
"445",2642.96353036249,2788.09182345562,2769.02221377249,3723.10345334888,5539.92921348658,2602.26770125918,2587.60113039742,3392.80254520559,5036.65471110392
"446",2812.21147810594,3001.52889864104,13038136.4480421,4306.61096722936,7899.27600953738,2744.85360124643,2728.23038684789,3802.966421851,6570.78394470714
"447",3855.68506427427,5239.80268099269,5206.15131787625,11594.3856688371,140679.062311083,3908.24390598734,3871.4845530821,8227.01665087514,NA
"448",2776.3530225862,3245.05953021707,3197.37327755354,5243.2268426122,9605.39244862714,2735.19035675922,814081357411.929,3906.71546178865,6519.87202457446
"449",5653.46162104388,6982.1597227101,6578.08690631505,15977.2830855166,93119.0350110985,5066.82043160158,4739.35711348267,12027.8650474107,66840.4807531027
"450",3041.9772860107,3201.99129523751,3104.02713142963,4423.59842105654,10078.4552548093,2976.48466280821,2900.97197589207,4085.84232163591,9115.8988763291
"451",2854.06503913102,3155.31709345421,3064.47093222556,5024.33581377639,9181.97287328074,2790.2396323902,87193449145368.4,4183.85000595857,7238.46460354607
"452",3274.03689341113,4130.74518430458,1854129242660614,148718195.899931,81034.7217530493,3233.47263614853,3041.66955711896,6249.77041067114,49524.1741942547
"453",3475.86861534797,4323.52057509897,4421.68793289334,7697.17953555873,20768.9820522916,3379.17920441818,3519.12951857827,5701.36768825912,13224.5071760313
"454",5037.12925671602,58334.711571916,2327375045533.11,3362996290.80307,14259298774.8515,4052.71374386177,5373.12991533199,9573.47760396506,36657.7435902636
"455",2726.56249115897,2954.37385276818,2847.62171333871,4565.62413159689,8722.17943927929,2658.59729973554,29537665.6717505,3983.23731122083,7825.98147176579
"456",3191.81357009536,3657.45907597513,3454.89909005633,6151.29890605567,27658.1955174847,3205.43761843407,3149.48535070327,5184.31565972736,21769.2958549188
"457",2681.17287940382,2884.49499888822,2834.80397318719,4054.3594951499,6675.25654721444,2642.90779269958,2616.76443203602,3626.87426686361,5559.0599272635
"458",3484.000702212,11167.0540153407,9345.16254670702,282514209.849686,NA,3368.60796870385,3492.39194538827,6502.58776154646,20590.1832580181
"459",2742.68012952043,3234.52286955891,252217042.451377,4931.18203756722,8149.08972433452,2698.7145007968,2800.77143013557,3578.56286645637,5682.99768293214
"460",2736.87447521704,2878.76854813433,2848.35914206893,4380.91669022135,7976.75778578171,2705.11683385659,2672.52780424802,4121.00799733199,7980.03003557307
"461",3231.20142401674,4850.74678834321,4468.85174463127,11419.7240772489,46852.7323525137,3169.60516058823,3055.34774309176,6064.3732646807,47842799884.8298
"462",3673.00860668487,4245.98063250157,4322.30162350596,94586294.0989808,29956.4904048992,3622.46252113266,7647331544894.08,5502.8458121343,1485580031.08298
"463",2687.53678739387,2834.50646070427,2761.63074643581,4222.78742637092,7433.15233097633,2618.75654714069,2564.77897690688,3853.6865047159,6620.71308426321
"464",3041.23162716151,3471.16850737201,1365912091295368,139311811635.176,18256.9547357614,2984.98593320155,111106760919.947,92794717279.0777,12171.2410186709
"465",2770.75597256236,2958.81776222342,2872.45629252126,156816634.182443,16005.8105886108,2658.78780681924,2614.09028965859,95922514.0232515,11681.1399416598
"466",2752.77380077813,3448.78677163277,139699543968.634,6216.32964116977,9219.66816994122,2720.90294406952,39406946.4102626,4188.08237565743,6042.57565219036
"467",2970.16058491238,3250.14374205061,3148.54955634991,4472.32962351435,8672.84903069728,2892.9939443241,2792.51668200414,3926.32577909517,7155.66663318001
"468",2750.46299047406,3020.6481184994,3064.07481150953,4026.75488900844,6826.38502320439,2677.42285996877,175203697159880,3419.98529039258,5419.09594461071
"469",3476.45975764538,3945.58186141414,3818.45278879626,8340.27231000561,36912.3635262642,3487.50622021765,3406.65000713013,655549887482.013,33677.2873458933
"470",3119.09175553025,3572.05699318457,65425509276644.9,6911.75598094337,18925.2362516415,3007.68034742548,2915.39368943884,5427.49497019735,12800.9351114003
"471",3681.45682480259,4906.8242322643,1528417187709.11,8927.44880670956,13177.4007224065,3574.15410807491,5547790887508.98,5723.52657369514,10090.9356144138
"472",3063.01156084956,3959.19253979759,4126.81652218711,6069.98498444688,12505.7493059807,3039.24782206462,3155.53799150681,4218.40917047312,7915.30122156202
"473",2970.29646583954,3974.27394204875,3961.41091687453,7957.79124826539,27411.8452082215,2992.38868970665,201591549293.323,460040381591.399,121363440026.386
"474",3513.50151340655,4693.97557650662,4297.24816023601,10742.8882498261,31434.667716701,3351.02362708245,3364.26773771493,7028.93508611332,1716499467405.09
"475",3000.06059594132,3558.29343473582,3636.82186204972,5648.94592901096,10022.433791258,2936.64861062062,6978200614040675,4237.87933308015,6894.01892975807
"476",2625.47661929605,2812.93162087587,2784.27356963316,4262.86831351739,7321.16137706762,2589.18797254513,2565.17579510384,3699.65277062864,5720.76562061274
"477",2899.93932832976,3172.10553410236,3082.16514084829,5530.26080162814,23823.7223898617,2859.44085793281,2807.97337807775,4718.60766066578,16816.3170419274
"478",2807.87331182516,3586.00101030276,94344229304927.4,6983.3642499226,11515.8462494755,2772.56193309526,2789.18234413729,4312.3757600499,6431.79603883755
"479",3274.38340330768,3744.59380492328,284899170206243,6134.19472375142,202591903076.566,3140.41973241908,2338403498.9096,4809.00819603568,11816.7131763595
"480",3413.06517576903,4873.51000835735,4317.58138528643,11503.7824627817,17367.1536492136,3363.0976534498,1411124337030.53,6111.86973690193,9515.3286405094
"481",6061.84732471497,9237.98592603758,14075.94127191,26496.7660750589,129214.092669763,7049.3031782297,10391.4508060051,20567.4730243363,115232.46128744
"482",2757.17208461949,2945.50677296939,2902.78235836422,4173.90251619444,7980.23045472116,2724.0867871683,2687.98144834806,3755.39051592204,6986.17820824097
"483",2687.51223681088,2883.56952920038,2807.81055998755,4873.70924917321,17807.9538746417,2614.75552963805,2575.66117071936,4109.15509295479,12529.5233163568
"484",2772.42552265726,3009.64041300463,2999.69604410983,4463.22204874056,6718.64019983889,2741.76316174036,2726.25327347361,3938.56496562331,5647.81930250264
"485",3094.63492037998,3288.87364581098,3152.38611443618,5731.36839406484,18988.6551040715,3033.33437169549,2932.98294840016,5347.7567487228,16825.5242365376
"486",3125.50075258545,3329.81863176586,3569.01121707764,4912.9703422526,10518.5125252352,2989.20593437115,3225.36522870291,4419.93920431203,9893.68192218609
"487",2851.18407399923,3138.82031690855,3123.06002915379,4652.43465957287,8898.50167881766,2759.79417848862,2762.41944408114,3838.0740335924,6725.79344861266
"488",3192.16448392268,3806.53014137631,3534.3830928488,6248.16045774823,10956.3314170203,3093.78870014486,3018.4751690408,4673.89411283527,8006.39191815917
"489",2889.24423519742,3225.97055695075,3224.03198595724,5006.24091116265,8572.24698301231,2829.9741994923,2846.45495435062,4179.48803831084,6253.00850601884
"490",2671.34214870548,3065.98679027856,2959.78131282321,4364.37137317564,6377.3047901439,2599.67423782491,2586.41649329247,3433.44137247574,4827.11561337168
"491",3309.10109810965,5456.3924665843,4168.17325613329,16200.4587330217,36396.0184808879,3248.99825834787,3070.19909450219,6579.57924366313,16338.9489205612
"492",2762.89452607407,3003.62239645087,2845.75637476897,4895.85397614782,12759.4983094602,2697.14755922277,2589.74519084992,4076.8464738087,12118.2075858554
"493",5526.62793272474,7574.24755531829,13916.5930009057,22911.1228717303,159588.862155776,4479.8386345268,426386300674973,13862.8520120799,60382.7494054576
"494",2756.91474574229,3098.08036002676,3050.6233604888,5069.95134562847,7760.86187472057,2711.93372581598,2729.11570347129,3967.64802867098,5460.10023580409
"495",3022.10130714639,3636.03599180633,3230.36182022619,122289449.898802,39260.877670684,2973.58457599684,968958733.487659,6615.57981744006,21662.0737470476
"496",2685.26870114567,2924.01619899773,2862.31185026223,4209.17322257465,9423.14450796989,2620.08010723246,2601.38998184537,3585.2360214767,6865.48637130192
"497",3653.64533050498,5185.25528525471,4386.20953770929,11381.6193714197,21309.3636733736,3816.48653651396,3447.23709419772,7955.22645404202,12370.2122054239
"498",3546.4935093597,4287.2256838782,4218.50203221423,6775.68853434664,15562.2573846946,3397.15282568767,752938175.373544,4981.64942063087,10654.1569043533
"499",3214.48054862222,3544.71382025169,7492807648.11432,6745.32485709146,23371.1420785561,3151.55945933336,42563806313.2521,6051.79127972122,21733.1954720622
"500",3152.11316876896,4035.53416355455,3900.32427983849,6768.08945584457,12293.6491035138,2968.0549880054,2949.42899252153,4489.61948550867,6961.38695022795
