"","correct","wrong_link","poisson","negbin","ztHurdle","Hurdlezt","ztoi"
"1",990.52960680971,992.840907576718,775.785069377805,973.172764472443,1231.43204210249,NA,NA
"2",1016.08246360385,1012.35632309509,756.850841403522,955.614194673649,1190.38833426902,1015.62800863821,1015.62800863821
"3",1001.14937605299,1000.56348797796,750.472496489917,926.886275714382,1093.09653655512,990.11143041418,990.11143041418
"4",1009.07346833334,1008.20418764262,756.444881304177,1007.57849262207,1173.6635539398,NA,NA
"5",958.288215637329,957.741152871564,762.967452352367,908.31419115697,1204.62095419615,NA,NA
"6",976.724000966203,979.002948636444,756.421892454891,958.171599608718,1150.58293373546,NA,NA
"7",987.568805945314,987.445600815851,753.792924865652,882.076385331213,1311.14190524498,980.674873233133,980.674873233133
"8",957.253206034277,957.327617111745,744.244799764057,1036.44557253742,1176.3895946442,NA,NA
"9",999.80108419747,1000.95391009666,784.86638969382,983.326656147544,1311.26037118674,NA,NA
"10",997.84587852838,998.034281901372,748.963823307256,1099.36812932938,1209.26698997072,NA,NA
"11",1082.91117786739,1088.72876879552,805.741577325955,1086.4061822801,1458.7061842797,NA,NA
"12",977.539047977486,980.313616530191,765.380349655237,977.014701012414,1113.94120538758,NA,NA
"13",994.203977288191,987.498935597351,767.279950123569,948.351200659067,1223.07747989151,NA,NA
"14",1015.16142505162,1017.3071150587,777.889713073283,1054.88337274848,1297.3982051432,1012.3412137376,1012.3412137376
"15",1072.87285851391,1072.81866915091,791.782076905818,968.902349883948,1330.38212329603,NA,NA
"16",1034.45347781148,1044.27295700902,766.429463299038,927.909946066789,1321.52588427639,NA,NA
"17",983.999422939747,984.472865483723,735.396513458601,875.773160460738,1140.67565187959,974.86464093931,974.86464093931
"18",1005.82417937146,997.975160000893,749.27301395607,1133.85719941154,1269.92372206436,NA,NA
"19",967.695257179968,966.533195040439,757.616970387937,936.450590930362,1222.95161980087,NA,NA
"20",1006.8813765029,1009.01061109837,757.414802102034,918.963340907326,1230.69961394583,978.448383516248,978.448383516248
"21",1087.66816246294,1088.26618483628,780.824081022243,971.167626258298,1244.82734441795,1042.58086728196,1042.58086728196
"22",1013.63565082027,1012.94360933881,758.067334944766,974.631053866617,1234.55201909855,NA,NA
"23",989.029215929619,991.737284078238,763.527336749917,998.560304933159,1331.19966046871,NA,NA
"24",1024.59732373997,1024.90127291976,761.612203382632,1028.90817203325,1186.21316689151,NA,NA
"25",1039.68729984514,1039.60226314047,778.99096364921,961.711290151675,1254.92103935982,NA,NA
"26",1121.8215257977,1121.80531794958,775.760166445917,1105.45882738675,1463.94050998501,NA,NA
"27",945.495873513414,946.974790701883,746.559309113827,925.710542700741,1110.72564533714,NA,NA
"28",1059.97108448793,1058.18539921632,773.01069861972,1071.61559345093,1255.63102175558,NA,NA
"29",940.229486056596,939.790354989936,728.781441776239,976.115597306321,1113.43782125263,NA,NA
"30",1069.46020684851,1064.55201297915,755.135208858882,1064.56608203248,1281.43792121148,NA,NA
"31",1012.42653825163,1013.11991319131,769.424007744222,998.149380697353,1176.81907355049,NA,NA
"32",1029.15280916171,1028.88735258119,778.739112558926,1219.10590471812,1313.06941870127,NA,NA
"33",974.901649461245,974.323568902186,746.532534194576,1026.56202255348,1097.88810790685,955.876226111656,955.876226111656
"34",998.653508147804,997.277252614501,753.695994328599,902.929848688953,1211.30533454342,NA,NA
"35",1023.22589273077,1028.19981487706,745.006372896594,1059.10551581261,1126.72574271791,990.661317305974,990.661317305974
"36",971.429768340606,982.075197575802,734.802321259854,1035.30555130767,1260.20709685494,NA,NA
"37",1028.41255218086,1028.7867966917,781.522302608844,1038.01465305401,1353.25457291813,NA,NA
"38",1018.58408463562,1013.84146662266,758.782974070955,966.157182225406,1190.44719149837,NA,NA
"39",1076.38449263756,1076.814309052,766.794654295044,1035.94763567486,1323.90974494527,NA,NA
"40",1019.27029939161,1014.73520319751,793.976838469052,960.630794658993,1497.13279849723,NA,NA
"41",1007.31494359714,1010.19712549256,782.743718900268,1116.42581952614,1243.57068564588,NA,NA
"42",1026.68082643029,1028.89652214503,765.843106997578,1024.31724941442,1193.25812342177,NA,NA
"43",956.309444354067,957.446164796299,751.422584325358,971.374324401256,1142.54873715213,NA,NA
"44",986.346116405085,988.12103663742,754.331287382838,965.444197086973,1133.9572465816,NA,NA
"45",1009.74953663343,1005.76272403129,766.241665496941,1011.55066190884,1324.22411587535,NA,NA
"46",976.112835632093,980.120970761033,763.037496170228,1005.99120287276,1129.06446184419,NA,NA
"47",1007.34416434415,1008.53023800294,756.754749539465,924.332517757987,1129.96361295441,NA,NA
"48",1038.94051580839,1040.45037456843,770.061075748943,1095.43407134318,1299.65158967028,NA,NA
"49",958.069603797235,960.349245182457,751.649438955973,1162.69003114639,1047.52213019593,NA,NA
"50",1100.36420109259,1099.63746324478,794.782610278728,1121.9178879927,1478.13024229129,NA,NA
"51",977.07275007678,975.816111850524,751.248303390506,1190.85000694319,1216.91797613593,NA,NA
"52",1013.41872521644,1016.0662713158,764.619284124309,1089.55456631608,1222.9788658641,NA,NA
"53",970.420932869996,970.99399597501,754.912597516254,1035.13332189671,1133.2223042545,NA,NA
"54",1027.42462430757,1027.87101412506,744.518339957144,1117.91231714025,1350.47956884449,NA,NA
"55",963.213543824719,963.789899940704,744.467408640503,923.66385399417,1158.93376643314,NA,NA
"56",1042.20081600913,1040.35131738714,754.029011798788,1031.62017817127,1237.01399659434,NA,NA
"57",1061.71780599229,1061.19729643411,782.657090158019,984.791815955097,1258.21820667951,NA,NA
"58",984.816579409307,986.049472879092,758.054571732902,1020.01799506522,1248.86037521204,NA,NA
"59",1023.56386825766,1025.1032345915,766.517220242161,987.805159400368,1233.35038825647,NA,NA
"60",1040.78431363934,1041.57028019767,768.342808271997,1066.27027463491,1307.34850954521,NA,NA
"61",1068.62736096726,1068.25167751513,778.315725141697,1074.81795714157,1250.4735349612,1030.14198896978,1030.14198896978
"62",1081.10522203417,1080.793117941,777.961084127534,1254.22527223682,1201.88350361274,1062.75834275787,1062.75834275787
"63",1098.2083956128,1099.36030706772,779.992481120463,1084.53253251409,1472.85424796515,NA,NA
"64",997.134453877655,998.89640309781,746.032683852902,1100.45279424278,1163.91984145763,NA,NA
"65",942.566366947119,945.812082669563,746.258390864531,966.026370995324,1253.06959674692,NA,NA
"66",991.047464059073,989.853940893599,762.954372879397,877.362772413095,1201.4400979088,NA,NA
"67",1070.68866030213,1071.06678885541,789.891764771263,994.15046395581,1351.48546560589,1055.93088308423,1055.93088308423
"68",1022.17280843542,1021.64849663019,772.931907525199,932.075414710031,1283.93537126672,NA,NA
"69",1012.93704447618,1011.77135469163,772.308103931158,1011.7818770876,1202.39543997138,NA,NA
"70",982.608968275157,982.229487443001,747.646226674445,957.483471399868,1177.87922906266,NA,NA
"71",1014.22350771705,1012.36382965997,784.039204866446,1029.77342327258,1300.19795096153,NA,NA
"72",958.274273574186,957.539849490015,746.968580320144,974.836208350105,1156.8961425947,945.017883909214,945.017883909214
"73",982.863319770367,983.055331695104,757.00255851984,1033.86108790903,1170.986906436,NA,NA
"74",1052.17614971228,1052.41622292165,770.444488988517,1045.42092470844,1427.92006516206,NA,NA
"75",938.672451492206,941.616714615974,743.881338025673,922.398082487364,1061.65768605077,946.526000883072,946.526000883072
"76",980.811149498584,981.815038875249,750.661217070476,972.016410302303,1108.54058324491,980.554691170143,980.554691170143
"77",977.900380463762,977.999139275535,739.434992366605,965.365503940411,1166.99897296024,975.646621643327,975.646621643327
"78",983.920515262618,984.995711540875,763.394244495028,929.149659826196,1328.56868622688,NA,NA
"79",1048.83031509575,1048.79935811519,787.577220110577,973.944914381271,1268.24193493021,1029.91948870021,1029.91948870021
"80",972.009214900553,972.368434162404,742.291150846275,1037.50358215116,1111.26911168861,NA,NA
"81",983.189353583909,985.664851001466,741.796085087534,1118.54268521081,1325.49264516395,NA,NA
"82",1041.66079262389,1040.40119548082,780.519622998501,893.395809723362,1306.27673534991,NA,NA
"83",1073.28784295285,1070.84489350078,776.739446592639,1071.08010879955,1399.55212310041,1065.77390134131,1065.77390134131
"84",1002.8144060255,1002.85445570804,757.563238668094,988.596019557431,1196.08435040815,NA,NA
"85",977.8488946426,974.670778290522,764.118686170378,1047.91598100068,1270.93370477889,NA,NA
"86",975.916812652929,978.061942554257,761.790928480726,959.92509906824,1228.93479858601,972.147100025043,972.147100025043
"87",972.047991293631,973.249646809905,769.710946406372,933.205048555543,1098.86096948579,NA,NA
"88",942.40113789779,941.781584134248,745.95960427917,934.774826812343,1074.92978747917,939.067142062257,939.067142062257
"89",1036.53697435434,1037.76996970514,785.03020886473,937.60339471115,1507.76487710299,NA,NA
"90",962.47224187538,963.129987582684,737.022736705416,948.641192160994,1101.92129858946,952.885613137921,952.885613137921
"91",1009.06973189113,1008.75613570712,785.19255124538,1035.01452259092,1295.60597619987,1016.89450304752,1016.89450304752
"92",1052.85654247553,1055.14115711385,783.703398988285,1052.68789763011,1382.3391425604,NA,NA
"93",1065.10309391832,1067.30629633741,780.89127659345,1147.65412534126,1273.61584252489,NA,NA
"94",1003.02922146171,1003.48014843187,775.984393421605,1006.59792773358,1205.81403670488,NA,NA
"95",947.897483522066,946.405248585302,743.507817284519,903.054950123343,1110.64517856162,NA,NA
"96",978.063154992126,976.465921421381,742.600773896891,1009.61333388115,1209.89469152883,980.24029888658,980.24029888658
"97",1032.67065986799,1051.28064245494,763.375556965756,1094.66319911909,1210.63491756795,NA,NA
"98",928.722901677981,929.768884253356,732.887365221437,868.899372992983,1042.81447867908,924.250057196182,924.250057196182
"99",1089.29171328004,1092.50988490011,761.436635556943,1152.45825430764,1195.16613718629,NA,NA
"100",1000.72489386759,1002.57099552121,765.569634243894,1097.37841496931,1132.46673967879,NA,NA
"101",1022.38924167497,1023.94263211842,737.681372859009,1004.60543163608,1179.11592958095,986.414591426308,986.414591426308
"102",975.636106175828,976.499356078352,763.13485010902,1044.98429068443,1278.62619295736,NA,NA
"103",982.733867591129,984.86070577911,765.173372873711,1004.81790248135,1102.32466389772,975.877417065585,975.877417065585
"104",1019.6367651984,1018.98840776494,765.794562324452,1061.34764725413,1300.27441981408,1017.13739091104,1017.13739091104
"105",987.785408799546,988.916669931471,770.61181553894,979.877808358209,1123.10403983931,NA,NA
"106",1034.62724958835,1031.49715659316,775.976600461204,984.583644498681,1229.20944055818,NA,NA
"107",936.397052906565,936.508284454132,742.729948584284,958.394683277257,1114.09723401512,NA,NA
"108",1055.40590867466,1054.31806001574,767.695326523853,1010.62784997785,1282.78316292833,1037.57333321044,1037.57333321044
"109",1022.97947356527,1022.16803815495,770.598837191625,975.90589958392,1202.74181380258,1004.5576761425,1004.5576761425
"110",999.586351472025,1002.30821455401,760.813113529637,1107.28905968045,1146.7819962995,NA,NA
"111",948.779080458831,948.931854901365,759.770427851019,965.760756029681,1088.54739226449,NA,NA
"112",977.534682705227,976.133982517825,774.257715033718,948.150261829504,1229.37857719481,NA,NA
"113",1056.33032059287,1068.20869761882,767.483637983777,999.648795030195,1257.46500411922,NA,NA
"114",1063.29557407476,1063.31299541714,778.772822970063,1066.51334980037,1419.06084725841,NA,NA
"115",913.768387009042,913.904023513281,729.073697945138,895.891193256641,1085.64717489427,NA,NA
"116",1010.31399736455,1007.27609879326,773.009821343321,952.908636980914,1303.62579998035,NA,NA
"117",988.248084436406,988.802000133842,765.382777873946,882.865665993904,1241.10415839107,NA,NA
"118",1005.38463612539,1005.79001439386,755.233082471771,1005.73141732726,1167.20209448392,NA,NA
"119",1059.99718678862,1060.71782605475,753.874464704227,1240.89672163034,1200.08674018066,NA,NA
"120",998.330025739774,1002.2520810006,755.877758847372,1072.77381466521,1161.64424623744,NA,NA
"121",1029.8522280461,1028.42472783857,763.053757037483,923.458955217807,1260.60439852519,NA,NA
"122",986.679461874707,986.438813046272,765.031610192038,1011.27918570796,1209.13407180618,NA,NA
"123",961.433827895863,961.748857317635,742.10547261157,916.034210327738,1215.74983411992,962.056086576672,962.056086576672
"124",1010.4850236625,1010.82307855563,780.903527389928,1033.8545890511,1155.37573078793,NA,NA
"125",1026.06674323222,1030.15400456608,781.179981841409,1129.4388864647,1179.56603924763,1047.0828307934,1047.0828307934
"126",1104.94082722588,1110.54452594935,779.799516740817,1033.97374398993,1283.04096054013,NA,NA
"127",1046.66239724134,1045.71790959595,754.490367451933,1031.28149734697,1172.40534237777,NA,NA
"128",940.317220118279,942.552185598297,735.90484128405,937.951726194564,1061.5272004355,940.723572621124,940.723572621124
"129",1035.62268722666,1043.10666587629,781.831967508237,1042.44287333975,1225.44556335058,NA,NA
"130",994.552285682672,996.086814092091,756.347224668409,981.395974766017,1264.67652839039,NA,NA
"131",1005.01544232858,1005.48945066182,775.374849753316,991.954430489768,1185.71708991515,NA,NA
"132",1014.82764964051,1015.01962253046,766.281577740882,1032.96985179538,1145.112548695,NA,NA
"133",1028.489298548,1028.7402733871,781.197248039056,1161.68760090498,1312.02336698932,NA,NA
"134",1012.98158277074,1013.75311995882,770.813520972059,1016.6597174606,1331.96053017643,1032.7564964016,1032.7564964016
"135",989.058495879976,988.833783300103,758.464562911616,962.498327358519,1237.05296332113,NA,NA
"136",1000.9003443614,997.597987985211,749.95274991709,1222.13783500206,1440.29994091947,NA,NA
"137",959.213011532021,956.933131802524,759.489210523502,937.681811785241,1136.52160229299,NA,NA
"138",981.663909971122,982.927952010715,751.233576974233,981.913213735614,1334.25072951256,NA,NA
"139",1013.34731776865,1010.45181528359,762.27577541356,1065.60844508616,1288.73743384872,NA,NA
"140",1022.39142148403,1024.00706581096,760.356075511223,970.644161750137,1220.46923365994,NA,NA
"141",1010.42517138156,1010.80633302967,758.372668830814,928.01895646359,1313.33815278147,980.435062922417,980.435062922417
"142",997.240478845064,997.147350500197,759.660064465686,898.471978542568,1288.0757904761,NA,NA
"143",980.323112537208,977.922960430447,760.50666470409,911.298414723223,1294.06398895563,974.578372344831,974.578372344831
"144",1041.0480000378,1039.14917664786,761.935134663736,1017.85924903366,1174.61873458207,NA,NA
"145",997.879389789924,998.370927262498,749.122658461337,981.042426415908,1217.01778352724,NA,NA
"146",977.286097086756,977.780294398848,766.348785584453,943.375254812978,1137.28894803679,NA,NA
"147",1008.19866078869,1007.21047508031,768.214666086031,931.434414783915,1161.92775385586,NA,NA
"148",997.268400043211,996.154236194106,768.01852086066,905.983764809453,1275.22999374128,NA,NA
"149",1016.49501178653,1016.26165337261,740.105505327574,1033.03090861927,1168.65477005259,NA,NA
"150",940.442566264937,937.879458924381,747.389416169156,857.776093003637,1079.84626488076,937.865659570329,937.865659570329
"151",1038.28303667634,1038.4856655022,770.687937462336,1142.09635436074,1174.64248978482,NA,NA
"152",1010.54024512014,1011.04877522124,787.033066700081,1041.37730124719,1307.55350840733,NA,NA
"153",1017.21689665612,1019.73935439652,758.465638573202,1081.0865726832,1104.49754294067,1008.30370313392,1008.30370313392
"154",965.832056937635,967.019248098202,761.084325379532,922.31750187841,1153.07704370432,NA,NA
"155",983.525787250248,982.315508053532,752.745739385458,890.602478507158,1143.57481471034,969.18163572799,969.18163572799
"156",989.96090997403,990.685612151343,770.085425058331,989.40913928475,1230.12843249123,NA,NA
"157",1004.38975932018,1005.96113336068,762.251314743072,963.602700560935,1302.46302244102,NA,NA
"158",990.796843256193,991.868609776922,769.598502831631,934.705269215856,1166.04334193608,NA,NA
"159",1080.822720571,1030.5674606124,780.00499888822,1117.57966535715,1300.97599432509,NA,NA
"160",1024.54613715254,1027.71435106881,761.52109070331,1248.095340849,1258.71944910782,996.104608288566,996.104608288566
"161",1011.24154626961,1010.80035673846,757.750562464805,1066.37842763791,1206.40810315143,NA,NA
"162",1048.50416081008,1048.40131103215,769.932128800537,1004.46194840123,1255.8261743595,NA,NA
"163",998.314603582367,997.339508306512,765.706791810581,1003.06168943143,1172.49174692806,NA,NA
"164",981.615415804856,981.776355673342,751.051247580364,930.030341154397,1283.02055442731,975.130175029238,975.130175029238
"165",932.409116424051,932.13640051338,723.239856365113,980.906622168293,1055.51886523851,NA,NA
"166",1022.35939568026,1024.88557512777,760.435981219681,1115.86157682862,1167.94373864256,NA,NA
"167",1028.33986456074,1030.58193421731,757.640358926053,1140.46293432816,1276.71539790099,NA,NA
"168",1046.83291706594,1049.99421105776,779.523701550632,1215.57944478913,1189.66196854738,NA,NA
"169",934.861465440166,935.379987633389,728.856338277032,856.287447703955,1029.15076447632,NA,NA
"170",1042.47440213923,1047.06816111045,777.711618974169,1069.08692042467,1216.64150785289,NA,NA
"171",969.075534024897,969.474012999092,751.37312159639,899.316483412845,1088.43179309472,NA,NA
"172",963.48157405479,961.620088466242,748.464943043444,897.606540554585,1177.93150630045,948.198745676367,948.198745676367
"173",1040.6662050449,1041.64615004315,775.814741865888,1127.19352278227,1246.41373062639,NA,NA
"174",1040.2702766211,1040.03302492564,770.67117685627,935.941941039049,1328.27972664769,NA,NA
"175",1005.69463415205,1004.70529880361,769.184266141359,1000.67265233427,1172.80741592875,NA,NA
"176",1027.5192082235,1027.42313794743,771.741410233838,983.935500243841,1343.66230020825,1047.912971906,1047.912971906
"177",1027.26023732109,1028.96306390435,771.96834732542,1048.38954874568,1163.20931020798,NA,NA
"178",954.696879020127,952.644195368768,743.964874969864,903.69645227314,1118.17484079608,NA,NA
"179",1030.4138377322,1032.22467417534,775.457761193117,968.45259920474,1294.88883678954,NA,NA
"180",1005.70876007695,1004.76562487326,749.566893899448,1010.64072920022,1246.928092505,999.18428743153,999.18428743153
"181",952.251391914044,950.723095939808,763.98152343218,900.091042214733,1181.02258863585,NA,NA
"182",971.432621842034,969.803317466474,757.921110454469,950.490151118135,1075.10567078035,NA,NA
"183",950.305955704891,954.14980078261,767.404123946163,1204.66813986562,1110.62266191375,NA,NA
"184",982.481629838288,980.254161450822,NA,1034.41565105868,1178.40139465726,NA,NA
"185",1019.52591289494,1027.45112895476,758.061268657922,1117.43945992258,1197.84860737966,NA,NA
"186",1019.28409514537,1022.29682968618,754.285864943289,1059.40783233454,1292.92457930092,NA,NA
"187",1054.45163083634,1052.695713073,764.952566942215,978.430792999299,1335.28775823792,1054.96803072076,1054.96803072076
"188",1091.70450754878,1093.25300275479,786.964595397822,1211.31691612674,1468.01038192681,NA,NA
"189",1038.37827436205,1039.72692902396,764.911426224186,933.858535511635,1131.4060088843,1009.96911959419,1009.96911959419
"190",962.472867271612,963.678174139176,745.97539502305,884.791254922034,1140.5056679277,956.028639767791,956.028639767791
"191",979.950577049643,981.662590300129,756.38751568631,1079.33099743356,1206.94222452893,NA,NA
"192",965.585424070198,967.145504927412,752.215887031779,940.511803442461,1122.96919968217,NA,NA
"193",1031.72338018177,1030.38027486285,789.138931017364,1008.13613889623,1344.66899161968,NA,NA
"194",1162.01372265845,1152.17960303527,794.805146747639,1038.95395083911,1444.70119265548,NA,NA
"195",979.400086720624,978.032213512396,754.686634879674,1009.39805661432,1187.1761771079,962.571798813201,962.571798813201
"196",990.033762180727,988.812865717852,755.784079553542,949.203092230212,1157.82272891115,973.942943644392,973.942943644392
"197",1003.10672184554,1009.37703599304,750.665941628665,1112.13734537565,1134.47513604364,NA,NA
"198",945.525314064661,944.721700797276,736.316487267891,839.105415546899,1137.4353950198,947.015953872868,947.015953872868
"199",1029.09849474959,1029.03703652799,748.924758307755,1036.19648939519,1225.70150511978,NA,NA
"200",1047.26992533135,1050.68134879516,770.171280782278,954.097469238447,1360.85193099595,NA,NA
"201",974.435531706356,984.624655704446,757.044958910257,1031.78892454722,1150.3595147739,NA,NA
"202",958.938163099372,958.241565497269,751.945812913899,1015.54616847733,1124.60498526659,NA,NA
"203",1012.57837196419,1018.01135174186,746.923390615462,1111.41498847923,1350.80448982865,NA,NA
"204",1039.93167367083,1041.04886352063,787.228273249587,1020.9690333489,1309.11841181405,NA,NA
"205",1037.35438938511,1035.74044595963,786.370871295487,1126.65151962179,1282.62213759203,NA,NA
"206",1030.51209569028,1032.37815505718,777.697849617811,1050.69934529961,1361.20834059168,NA,NA
"207",1038.55485048545,1041.67327213056,762.750825976228,941.808568926535,1127.46381924554,NA,NA
"208",1057.24342407112,1057.16384143713,779.621867133338,1029.47702077677,1368.89601932882,NA,NA
"209",977.170002323185,975.560526278877,760.631719727264,961.22753358725,1192.20596558943,NA,NA
"210",1022.57107928394,1027.04650813612,780.88326966344,1026.82960320169,1146.96402108349,1040.53312164153,1040.53312164153
"211",1018.65707835372,1019.46625379521,772.723738810649,955.558339998611,1183.52836628414,1030.65529515865,1030.65529515865
"212",1028.81399754141,1028.51879349261,779.957269736707,1039.94567048969,1237.63863976621,1014.18407205964,1014.18407205964
"213",961.996636672935,963.392849446644,749.77583608382,959.246607502173,1199.43667914168,NA,NA
"214",919.102859806799,917.054440082256,714.334196146511,859.224639115774,1110.90864539973,904.014696352253,904.014696352253
"215",964.720635978537,964.781077599715,740.146858309834,1017.91975727531,1073.36823912022,956.578987488914,956.578987488914
"216",956.799493991876,958.3964211971,747.772143359099,916.952935601692,1094.53726639588,NA,NA
"217",1054.022969878,1053.67348833656,773.437255051399,1030.13706044544,1326.62940161796,NA,NA
"218",1021.98352960194,1023.17828044129,750.315175841527,1051.4758140892,1298.66335377191,NA,NA
"219",1035.46015697279,1037.95087642731,746.771844478416,1071.37067446324,1184.04894177998,NA,NA
"220",1018.52889480787,1019.44329312876,762.275825167184,1064.47657743709,1228.21079310396,NA,NA
"221",1003.03428943249,1001.45115466088,757.983971832362,981.32991374284,1204.93097256773,NA,NA
"222",1027.90415999367,1026.85060048938,788.787367930413,1006.18429407956,1186.3894828155,NA,NA
"223",958.062124460886,958.509357675401,740.723733174097,1192.74464240127,1065.07476858309,NA,NA
"224",982.127090301205,982.475324134569,748.888230911011,1209.86457514629,1138.57143692173,NA,NA
"225",1046.90768435916,1046.87048787949,796.017658294821,962.432360273161,1243.86535145005,NA,NA
"226",994.626669874453,991.932948153477,786.313557681866,931.314618625221,1157.52770795959,987.701320239936,987.701320239936
"227",1018.38866789028,1017.4674122111,762.50763379921,978.357009096842,1174.05173817221,NA,NA
"228",947.087584631143,944.360884382026,745.932810985274,895.232293729987,1135.97747689499,NA,NA
"229",1025.95465351894,1023.64140075191,763.69071886497,1009.32292451928,1196.01781834199,NA,NA
"230",916.38293577293,914.768922214405,731.228626833589,875.481129347373,1089.64401445854,NA,NA
"231",1057.6186996779,1050.77182623152,767.528145146134,1060.64134342815,1285.42576367186,NA,NA
"232",1037.89407802282,1036.88606167571,790.008382601406,1032.16056460868,1338.63067046361,NA,NA
"233",966.680390700267,966.186878350675,753.622852460164,897.513622391248,1149.57174341127,NA,NA
"234",1024.65938531877,1031.73559425764,754.982667324425,942.184220908273,1226.55755080837,NA,NA
"235",1017.85808350352,1016.20956723918,752.751813691245,956.017859728128,1240.69651755195,NA,NA
"236",973.543196409396,971.994654401196,716.921428276579,947.302763326923,1205.18585795801,NA,NA
"237",985.970677436182,985.221921671076,773.449911917336,994.339954609748,1278.29761068079,NA,NA
"238",987.744004116288,987.90542038361,767.313996969824,1025.99105437175,1276.70791708385,NA,NA
"239",1017.77866251607,1018.06759953076,759.058629236084,998.428687815896,1242.79565985404,NA,NA
"240",1059.21634464833,1055.74819574893,776.153377544905,1008.26919262278,1287.89465925409,NA,NA
"241",960.522941957658,961.024944970007,741.871552257344,934.785965509599,1121.66757696496,956.945408498503,956.945408498503
"242",996.681797317804,999.570564392914,766.677346684468,1014.07295285547,1117.08490947179,NA,NA
"243",1012.42647363391,1012.20211365509,746.692201610281,933.460055737298,1292.04706817804,NA,NA
"244",1032.34744971702,1032.57242818717,764.771222256606,1131.42130306241,1166.71201680461,NA,NA
"245",992.379137174236,990.10318799932,760.026043874694,879.173636931945,1202.11264202464,NA,NA
"246",1054.26306151549,1052.97035182241,746.442261620232,919.644603179748,1266.32745216394,NA,NA
"247",984.77488422461,982.46306244634,751.731214573673,910.663256855042,1180.88826664348,969.473040894249,969.473040894249
"248",1001.43519196001,998.143437436094,756.568673984333,997.562251220455,1193.9163829697,965.271833120048,965.271833120048
"249",1004.82454894571,1006.68217824354,770.534015029601,1000.4219228687,1145.54536098487,993.1017504555,993.1017504555
"250",979.72503256072,981.823292465359,768.105715463624,933.460865675424,1127.64743555461,NA,NA
"251",948.213014476391,949.414849475169,748.701949555732,995.615581545775,1139.5295991008,NA,NA
"252",1039.68362646185,1039.37696245886,789.25919206275,980.907887790709,1255.48566239117,NA,NA
"253",1033.01395669829,1036.51260034191,756.837347200709,938.454626467728,1148.10137989478,1001.64343809381,1001.64343809381
"254",1022.46647323877,1021.45206798718,765.384367678654,1021.35132865396,1215.16884197318,1010.96999637663,1010.96999637663
"255",953.888963868626,951.153511745892,743.149416109345,915.208814781697,1106.54757596603,943.998189097674,943.998189097674
"256",981.15206595039,977.015753255749,734.825033009157,1032.42976945148,1124.39011124081,956.145630340445,956.145630340445
"257",1002.38438708361,1001.81298149965,763.295946638967,1020.02764426893,1201.68738577254,NA,NA
"258",1072.83272355731,1074.64793561938,807.514488337751,1020.03321748444,1527.81439565477,NA,NA
"259",1003.06451275424,1006.40594063082,770.197715965303,1182.01081612003,1166.31088201348,NA,NA
"260",985.124712322715,983.895258958143,749.522540729279,884.606806230809,1143.62322098382,959.33698557521,959.33698557521
"261",978.893127053448,977.653439430066,749.868132095223,912.53941983305,1147.42956347392,NA,NA
"262",997.344755982683,997.424986553105,765.998454135904,1049.61828211115,1171.94713653447,NA,NA
"263",1021.97083501343,1023.45620004485,777.027815030013,1109.74059425177,1292.97583076762,NA,NA
"264",970.183677928962,970.003544587583,748.614997780508,954.678860825952,1123.54031991209,NA,NA
"265",1050.46542922007,1050.27061280699,766.195839593207,1010.80645511215,1169.98253032902,NA,NA
"266",1041.60033668523,1043.03719898172,807.400513534782,1067.2373922964,1420.32153420451,NA,NA
"267",993.244682453785,993.214643096738,759.551750955155,909.506001626816,1237.58619623655,NA,NA
"268",999.529124666615,998.21591531466,745.386879357246,992.148358739814,1189.25005589701,NA,NA
"269",992.468258992356,994.189991003805,757.590105312181,951.305285246193,1152.83610592235,NA,NA
"270",983.227547964258,987.100011940275,754.804864715523,1042.45886498213,1100.24033428092,NA,NA
"271",1001.84917646866,1000.50466628426,783.124841426264,901.630123072388,1277.41184389039,NA,NA
"272",1061.88351088379,1063.87445128619,779.32768499499,1067.59493801598,1412.27775378888,NA,NA
"273",1009.7330622067,1009.08266439281,758.730589083086,966.654721647288,1233.40503169032,NA,NA
"274",1115.75445266431,1103.14079533806,788.351056936172,1282.23228269493,1545.33565722797,NA,NA
"275",968.212838652917,966.648288383613,758.762179986623,1023.49760636998,1173.36261759117,978.74691882092,978.74691882092
"276",1005.74009846322,1007.57344590337,788.431613355143,981.999954016195,1217.54589897021,NA,NA
"277",1017.30009439789,1016.25104152638,766.651967235205,983.123948614835,1260.07777839064,1012.83019594367,1012.83019594367
"278",956.039398780114,952.53538043093,745.677256548613,950.475302158072,1107.22433416166,NA,NA
"279",996.742127709867,998.515096453537,768.313423206403,948.908182812386,1188.45803110709,NA,NA
"280",1000.39366579433,1001.80568852686,768.025622890628,1018.33819408255,1239.36305568983,NA,NA
"281",1070.04842677672,1069.51910272942,763.710147582833,1183.06564401834,1517.87370412388,NA,NA
"282",999.445675116688,1000.44285220997,758.300941234721,989.700599758023,1082.32748547276,NA,NA
"283",967.991764602583,967.212741868103,751.478804765255,947.409551725323,1145.11226081417,NA,NA
"284",1128.65998590293,1074.77080036051,783.92430974246,1014.89777438081,1467.29606578578,NA,NA
"285",971.668017090754,975.492730799421,752.637395188252,1223.0866691468,1273.92727150318,NA,NA
"286",998.653063790627,999.062547058216,754.065217847172,1065.57941244622,1190.46478994909,989.289601088721,989.289601088721
"287",1064.50004843809,1057.66283411535,778.792623763145,1066.72303004052,1291.71121729544,NA,NA
"288",1022.2585198028,1022.34009165211,763.644376231997,1005.61080192977,1172.64063026854,NA,NA
"289",1043.53078512228,1016.95986689426,763.537272826185,950.694318465262,1244.75463357035,NA,NA
"290",973.308812192594,971.637396069932,747.663523269506,990.389780705398,1162.75037252077,NA,NA
"291",1014.66638730788,1014.31074019852,768.725030797986,1086.30576040036,1355.14577857007,NA,NA
"292",981.89324779916,981.422280320763,757.204968360287,979.117409579902,1186.77336889559,NA,NA
"293",1031.28653902382,1033.14534992111,761.041501717197,1006.27857689725,1276.22935005323,NA,NA
"294",1020.10036722868,1019.34020820832,769.725938758053,1009.00610161845,1322.86091665717,NA,NA
"295",1088.14621007618,1091.9590024829,756.393766105674,1091.13536441935,1241.199643965,NA,NA
"296",1013.32823579041,1012.4285416875,778.760565519278,1059.55628767038,1203.78362640816,NA,NA
"297",941.779935284352,943.933976980143,745.611703725614,1052.59954326893,1042.49672594451,NA,NA
"298",982.536782984311,981.58481211836,769.649819092463,991.123412018031,1150.56376197317,NA,NA
"299",971.853714644061,971.408570162107,763.435211644623,943.991437299997,1141.15970097757,970.9949952265,970.9949952265
"300",980.461384836763,975.71201941788,748.388882974013,969.26150832544,1252.42156921657,NA,NA
"301",1020.88877585608,1021.26079409541,759.061625803243,913.26148766374,1340.19937608547,NA,NA
"302",1070.63886137435,1076.24576198161,798.479085726065,1216.59575296196,1324.57892908545,NA,NA
"303",1019.90375852488,1020.4591812298,771.371014876574,1012.28322606888,1218.35194958836,NA,NA
"304",942.756657304803,940.604253469011,748.819195913602,873.028040252978,1100.34411463648,955.965816669117,955.965816669117
"305",989.972707622914,991.162339221179,751.067360786342,1128.46995509706,1186.78550573746,996.99888520985,996.99888520985
"306",1001.40343319497,1000.6824377394,773.922138905274,1042.53270423719,1149.98179526306,NA,NA
"307",955.183126590662,958.26609595623,755.777023580046,990.114829085142,1095.61757725065,NA,NA
"308",981.12755347745,981.968582675031,759.36551755544,957.861827948505,1307.39470483191,NA,NA
"309",1060.32609670107,1061.00103565273,761.177176580824,1009.49081345547,1357.36037898158,NA,NA
"310",979.74986916748,977.770106472252,746.164351586606,994.441207990354,1180.53965896348,969.877804722735,969.877804722735
"311",1006.42916196772,1005.10148338958,769.039865029933,1013.01542015195,1303.44786831393,NA,NA
"312",990.967892891019,992.412997303926,747.745156238218,1004.07361275613,1176.73033121267,983.450805120038,983.450805120038
"313",1017.59631076422,1023.66456637991,783.538728961939,1025.2027467386,1243.25901696949,NA,NA
"314",993.175539878149,993.580543370771,790.029251898032,970.42688167235,1151.5532188094,NA,NA
"315",1056.19361598845,1057.32283044445,762.283675309387,1019.32329579923,1368.46991620053,NA,NA
"316",989.141379628049,988.82499888039,751.386395687177,900.415759293412,1135.77589662751,981.456498164276,981.456498164276
"317",1043.89756163812,1044.78697535771,789.789014124939,969.775534163319,1205.81344160455,NA,NA
"318",996.891468192646,997.490965607692,748.61821638284,1067.62023529376,1171.06886984495,NA,NA
"319",961.113920376672,962.965524429197,743.242167647774,997.429207865498,1135.72243925015,955.363485712688,955.363485712688
"320",1032.90536810623,1033.83882416075,766.922245132173,1104.84074864406,1118.57680289295,NA,NA
"321",1007.56179099002,1008.73575585308,758.803009164104,993.696982936552,1213.44625273621,997.94856736182,997.94856736182
"322",1053.6524103888,1052.43929561418,784.34665886773,1039.0705737272,1283.77719774817,NA,NA
"323",966.062092802265,967.207770844749,754.71305957744,873.766679292044,1160.51859814543,NA,NA
"324",996.313901067529,995.623968172725,745.912939904283,923.741391302743,1124.78148854592,971.124207173612,971.124207173612
"325",1025.41172217074,1026.25297834262,766.314721681213,985.089714020569,1257.21878340904,NA,NA
"326",985.564336463904,985.025801009516,743.296451084865,1000.92606276081,1165.30577005917,NA,NA
"327",938.826182416278,936.56170713863,733.205199165408,984.022521885592,1099.03242285386,NA,NA
"328",968.334549579173,966.187174830601,757.36343894543,981.373673508514,1162.77905342564,956.511774957427,956.511774957427
"329",1025.49351062829,1036.75204412368,741.546782501855,1127.4288024931,1122.58541422446,NA,NA
"330",1038.29172408734,1040.97941152959,760.003432863887,1066.16207468689,1274.38026556368,NA,NA
"331",996.801554962931,996.592682257708,756.088575319183,931.561569157001,1146.14640134297,NA,NA
"332",1018.0750616749,1017.18663372175,759.311347586675,1098.71403161019,1266.10827385384,NA,NA
"333",974.16979458349,973.732014472616,765.627982782202,898.037918030842,1199.02141293632,NA,NA
"334",1004.78965098652,1004.56580056207,770.235451023863,976.23507953046,1229.91310540324,NA,NA
"335",963.778500349366,964.651657679204,753.897326492993,929.590369457277,1166.70433732602,NA,NA
"336",1027.18077998984,1028.93918685542,774.478025490643,1047.81426605145,1327.53358400309,NA,NA
"337",1005.64776864788,1005.59016249334,762.958131501243,1022.3023110332,1256.5366144573,NA,NA
"338",979.635950513974,982.378614105235,742.424909776741,1042.96059607936,1101.30154074287,NA,NA
"339",951.653363981857,953.784673754375,737.723514031393,916.522297492413,1069.31933390773,NA,NA
"340",994.950269101729,996.2531582324,752.050270507088,1005.34411178213,1245.04095610611,982.363515676747,982.363515676747
"341",960.873181933715,959.411381912297,743.01650622052,1008.23430021384,1247.08310205925,NA,NA
"342",985.360434116075,983.292246668173,741.432774917829,957.044303734762,1230.12405338688,NA,NA
"343",1014.52687857985,1014.01248292216,750.57168918328,920.370183604049,1199.28390283607,NA,NA
"344",992.43929306019,992.712821510798,767.835394968862,1099.03046277142,1249.93739920468,NA,NA
"345",1015.74676165682,1015.40371616648,768.708443522595,994.860359312799,1265.23410984626,NA,NA
"346",1006.40297160636,1005.96538574787,754.566128873872,925.033451970088,1180.620570773,NA,NA
"347",1066.88546995265,1066.40185621552,805.275989018567,1217.95754764957,1485.66962767094,NA,NA
"348",1000.43645283364,1002.06944648372,768.974036739156,986.893195561722,1206.15151435925,NA,NA
"349",1002.24236512025,1008.92885597716,752.261935123559,999.801934374911,1168.91434345257,1010.49735847118,1010.49735847118
"350",983.828627733094,983.160316842116,772.222541631336,952.415823052296,1168.94464172175,NA,NA
"351",990.678624200951,989.921595910676,763.136568997602,963.263505899611,1127.91622448833,973.411395955598,973.411395955598
"352",935.335964076542,936.061871961225,728.627509239217,940.418196495504,1023.53663072999,NA,NA
"353",1025.56825928817,1028.03286654756,808.505237301743,1098.70238073741,1241.72418629339,NA,NA
"354",1021.98465337196,1022.40484236454,786.771364664222,1165.36829831371,1191.72514080031,NA,NA
"355",1085.53626908183,1056.15111849889,772.353195098978,996.330372761319,1230.8743733349,1024.93986079149,1024.93986079149
"356",995.928001279849,995.053304123683,767.403543482435,932.234295947496,1170.89061901287,NA,NA
"357",1032.64331108387,1033.52637175876,758.995235964848,1118.45021403713,1198.1711160659,NA,NA
"358",1033.6658536412,1033.40947634399,778.951492032843,906.812090226518,1278.04472913546,1029.18237760095,1029.18237760095
"359",1052.31566081049,1055.43899735384,811.72067503069,1117.23422937409,1347.87317917226,NA,NA
"360",962.284327115146,963.894989113487,758.450724639082,958.144065483117,1154.0013777877,NA,NA
"361",1020.11353374608,1020.1455774393,758.509889416194,1038.81750782562,1182.64767208303,NA,NA
"362",1074.9226869269,1076.83283476162,795.707143150474,1144.39628103115,1372.36059609821,NA,NA
"363",961.40505009029,960.698681057076,751.878040669755,981.397221142862,1215.1098585306,NA,NA
"364",1058.18133104493,1060.5893042719,763.148369292587,1115.17055006696,1280.21028395814,NA,NA
"365",1008.91412187083,1021.28180067968,753.002662293946,1048.84325900986,1481.53134181235,NA,NA
"366",992.549876955109,994.421899247159,770.238362454565,1268.25158316239,1236.71414447597,NA,NA
"367",994.153663238687,996.242880693747,770.918117902558,934.038480902734,1158.69257410549,NA,NA
"368",963.048411900818,962.43794378521,756.869943026508,1027.46577640243,1081.76444186178,NA,NA
"369",1020.08577103441,1020.55433886445,745.386647249155,1048.44364714036,1225.6465281221,NA,NA
"370",989.679845544144,989.740382662902,755.227436176391,1035.8999130816,1169.48406172413,NA,NA
"371",1009.69717049002,1010.32917652899,748.88064410974,982.172791176466,1189.71412233148,NA,NA
"372",1001.88116335063,1001.23917481774,772.454909385137,1086.06090534394,1231.8490659427,NA,NA
"373",1044.331391061,1044.04652755407,772.987574196726,1111.27155783794,1301.15077671603,NA,NA
"374",1005.20277737425,1005.19955570508,764.030814762587,1074.98574271154,1199.2209940728,NA,NA
"375",994.993859018271,993.950044474489,780.077592783534,1096.49065676684,1163.19245163201,NA,NA
"376",973.871533666196,975.286514709618,747.47249308958,1095.85465565904,1199.23672043821,NA,NA
"377",968.13667469941,968.770488573792,765.040185852794,1139.00180720007,1107.14771573091,NA,NA
"378",1002.48290432517,1005.27341771735,774.600571458036,1019.03763445291,1135.02152993133,NA,NA
"379",1010.09342473713,1009.32238757952,762.762980381744,998.855578927662,1194.11518466871,NA,NA
"380",994.602973129253,991.614879559426,750.875801437962,914.78035126108,1359.53622568995,996.182267283478,996.182267283478
"381",1025.75756351092,1025.1136491655,740.791386648193,996.80488006747,1219.72438811146,NA,NA
"382",974.515984991375,973.043700170691,739.375557642332,943.263635990326,1247.80693737929,968.101316038504,968.101316038504
"383",1004.78767557208,1004.43805163973,791.057684847352,1004.56715270754,1361.36772564487,NA,NA
"384",1125.67050739481,1125.63473561003,783.02364818681,1008.14179900956,1300.60839312589,NA,NA
"385",934.512563178583,934.200922947579,719.934860171282,868.947707748071,1126.72682040376,NA,NA
"386",995.58445426147,996.576646261851,786.514819943741,962.658443552889,1319.90487264488,NA,NA
"387",976.970828007985,978.651486331245,754.342336416297,1009.0692017848,1149.02928705556,NA,NA
"388",988.865210667968,990.331935531235,757.07502397357,949.684979937385,1179.12287175626,NA,NA
"389",1015.84738470299,1015.07691801973,772.699655239012,934.246775601619,1359.9470277906,NA,NA
"390",1001.93153267364,1001.59385840824,767.817505415472,967.579651270129,1278.84949343332,NA,NA
"391",1017.06645333303,1016.61276105233,765.325261222737,939.073340571952,1206.62951824809,1028.16879311821,1028.16879311821
"392",1019.13936332278,1020.56175813973,776.146219252364,913.731071052308,1279.57458936147,NA,NA
"393",985.244628974928,984.062838812979,770.434934363883,947.818081686032,1189.83960626312,990.076797894057,990.076797894057
"394",1086.57207703397,1087.76199809837,782.86580452605,1067.84228219262,1424.77546008838,NA,NA
"395",1000.55735542426,999.690598089664,760.080053498083,1019.63431885184,1301.11567838233,NA,NA
"396",977.71053248982,977.794121971581,745.824149218421,854.826578622972,1239.14818817473,NA,NA
"397",957.776098610854,956.580859197182,741.863193345948,914.873221143303,1214.02770911944,NA,NA
"398",1023.27873605795,1022.17428012413,787.246553029191,989.797563504672,1361.13133186938,NA,NA
"399",1001.08791531365,1001.63409928522,775.137330753745,1322.05086993928,1133.50662223138,997.621974173758,997.621974173758
"400",1015.69655150643,1015.97018728624,772.861391570518,963.413185223016,1209.26501010786,NA,NA
"401",983.219594488644,983.210118326531,740.082350425881,984.795713568438,1138.53683042884,NA,NA
"402",991.973007097332,993.250556816503,759.895327771221,980.928811170843,1415.11096587832,NA,NA
"403",1035.04264685581,1037.3910473398,769.309929985516,1039.65516807142,1203.90330318978,NA,NA
"404",1014.88691741915,1014.64657312802,770.854039185232,1067.00636243474,1175.64726172085,NA,NA
"405",1002.8489790637,1003.25367128579,769.35765699573,1055.41777547197,1121.38735558011,NA,NA
"406",1015.30291838468,1017.07666516054,754.212253940827,1106.15815615006,1228.95940053133,NA,NA
"407",1004.51026590618,1004.6923416746,755.720600181117,1064.63699960066,1268.56916577063,NA,NA
"408",1017.95087814897,1019.67141023141,753.907953058028,1007.81142707593,1143.24767367535,NA,NA
"409",1017.96942288772,1017.33168583011,778.063407347472,918.388672293936,1192.3382072581,1015.25058070565,1015.25058070565
"410",1038.66604602435,1044.06366756885,766.05909610999,1053.59322468033,1207.44714339817,NA,NA
"411",981.115135437162,982.240534192227,758.913575268601,936.71488484688,1276.67206013002,NA,NA
"412",1015.10787810413,1014.08898999993,759.091105547223,966.870028941145,1257.44673624682,NA,NA
"413",1060.72133660727,1088.56047799423,767.526125381518,1009.61388427812,1330.57898131394,NA,NA
"414",1019.09970234341,1018.52984416376,784.140640587619,1075.93431519794,1430.1679789636,NA,NA
"415",987.758686798596,989.634206314461,759.366239046514,1051.32187227606,1154.9911535485,NA,NA
"416",937.112850089483,937.856401683531,742.347952740686,898.995859892227,1076.02983232306,939.787796510067,939.787796510067
"417",1011.06552851748,1010.22747148061,760.62561763762,960.573203665122,1220.2026202128,NA,NA
"418",972.118164179781,970.131341061857,748.125910281804,943.23198578132,1101.81651452738,NA,NA
"419",998.689377214713,998.778346017386,766.540270992831,1135.25833172641,1196.14974872444,NA,NA
"420",975.715845378734,975.389753008114,760.60646619035,961.26832372358,1194.86386076356,NA,NA
"421",1070.03251893374,1070.45176280227,763.16595492451,1109.60742829552,1229.92795853176,NA,NA
"422",1011.93846061389,1011.48285958205,775.92407850353,989.356669920437,1207.3814478406,NA,NA
"423",965.405261854743,968.221007862868,746.895918877455,1112.21942259165,1062.13451515867,958.734706921988,958.734706921988
"424",977.483799861612,976.262051687265,753.423402989527,869.318096351999,1106.35155427365,NA,NA
"425",1030.73849164541,1029.70740535401,749.988273339746,1280.70440277803,1308.51695312669,NA,NA
"426",1023.87445270076,1026.85236488075,774.250974555726,1100.57041844536,1184.94595813722,NA,NA
"427",908.26721890727,907.565020484141,711.642436940974,817.695299638601,1068.7313242962,NA,NA
"428",1028.14555964884,1028.34816585411,751.109410032213,1003.36072171218,1226.13934876905,NA,NA
"429",1008.70995344417,1019.54159438286,762.53880409802,994.982335773137,1220.15055416356,NA,NA
"430",1033.04926050258,1032.92353793423,733.609688238185,1185.57264196221,1081.60103481345,974.752437228879,974.752437228879
"431",998.424486306899,998.065697540152,750.955878010412,1088.5324530079,1127.90125822426,969.112690190664,969.112690190664
"432",982.157535423528,981.407839138781,760.230690102234,956.501418544781,1214.19623676198,NA,NA
"433",1013.5900272146,1010.68958189406,763.104575392623,969.100683961992,1153.65834835579,1012.30168107916,1012.30168107916
"434",956.582063194959,955.930589869826,741.108507847579,1005.52939410411,1093.07153446241,NA,NA
"435",1004.29434933964,1003.32987060889,752.380792907903,1095.33965235945,1221.44019485268,NA,NA
"436",968.962302974233,970.333473103012,751.757359113043,944.234505758419,1084.16956454044,NA,NA
"437",1061.49354940372,1064.33074497839,772.884526696374,1121.25268121465,1213.45926574963,NA,NA
"438",1035.44191990577,1038.6343201231,770.022432333465,1057.0885750078,1239.68132088467,1017.81543059515,1017.81543059515
"439",1061.61400170801,1061.75762583685,767.960029622355,1000.62090766936,1160.91880414352,NA,NA
"440",1052.83219097747,1066.95433233048,756.467414806641,990.568114201167,1157.71581548678,NA,NA
"441",964.873735929283,967.35018086365,763.342027784991,947.591665039732,1095.17270165267,NA,NA
"442",1043.11210127933,1042.87098772736,768.583674908034,982.969524371689,1171.19557241836,NA,NA
"443",1032.62412613272,1031.31856038296,762.496926846155,994.082322261606,1287.40662960156,NA,NA
"444",1016.62297119536,1019.96194968521,736.004114874846,1084.60114824234,1237.40622175836,NA,NA
"445",994.009744323976,997.088522006544,766.901986759291,1264.48598575184,1145.0059780714,1000.6207893987,1000.6207893987
"446",1017.89772893405,1019.24899607487,766.299869106933,955.522529466672,1293.88747092136,NA,NA
"447",1051.40465430814,1050.88235217585,766.449074017003,1135.22700053953,1337.20804213529,NA,NA
"448",979.973469237978,980.547086369966,763.949923732958,905.11276012537,1217.06889196915,NA,NA
"449",970.800630752269,968.109326283756,747.63735890382,936.724979289711,1176.86362113275,959.478023358311,959.478023358311
"450",1022.09462050887,1024.29988210936,787.667027883191,1030.36844240915,1339.68126307799,NA,NA
"451",1096.91307265885,1040.67299396691,770.115842735347,951.030091662021,1286.9873560654,NA,NA
"452",1005.66763547159,1006.49266820457,771.91943355942,1032.17113666802,1197.45224114469,NA,NA
"453",931.089835830642,931.258228672531,740.545589226247,895.653935636569,1103.86934723977,NA,NA
"454",1121.86184416927,1121.83681723599,799.285004491569,1079.971487542,1399.29105362898,1064.14883659343,1064.14883659343
"455",1044.07911865386,1048.16333880156,784.702568151448,998.65164798298,1344.823246186,NA,NA
"456",959.164646994303,960.929214058939,757.714573799175,868.317794824718,1097.18624038223,957.13914280899,957.13914280899
"457",1084.38327749776,1082.91154639918,765.591405000299,1055.80549333974,1399.24014801497,NA,NA
"458",961.18364058372,960.633371840605,743.247955954172,943.741913374992,1170.31360384675,NA,NA
"459",954.744860665707,956.117303310688,739.271396605986,1042.15625490182,1143.24706754476,NA,NA
"460",946.32062962327,947.258993779048,738.868021313342,890.255238708686,1082.93847566113,NA,NA
"461",975.714034316877,979.65170404603,760.434684508354,1003.54063306407,1141.56296784983,963.196319587495,963.196319587495
"462",1034.07932386691,1033.12394895747,776.349409075119,1010.46000817748,1215.25146401891,1035.64852210392,1035.64852210392
"463",1005.75443503209,1010.98787682161,750.760583432796,901.100079182973,1121.15414311567,NA,NA
"464",1046.79096195012,1047.21473614636,768.245803128709,1162.94398860008,1369.17433501058,NA,NA
"465",1021.08641396085,1021.67823480786,763.078141569621,982.234924388699,1266.27149091324,NA,NA
"466",1101.88134267377,1059.23735855566,758.373854537526,1210.68095348808,1215.11000856737,1016.7907291912,1016.7907291912
"467",1029.41472046688,1028.39865973846,769.054586199162,993.478691796354,1234.03560231838,NA,NA
"468",949.541130163268,946.804024390919,745.504442891042,918.64147164132,1183.7329932354,NA,NA
"469",1027.02310875251,1028.74080777818,776.336696568133,1021.30448865442,1147.98305928681,NA,NA
"470",1091.32722160745,1090.37286334731,789.102076689714,1021.63949476304,1649.94204323473,NA,NA
"471",999.889313038025,999.267576688241,776.804228860593,1036.37011537288,1144.81657147895,NA,NA
"472",965.84202055567,965.206632989639,735.557732580442,938.133785914705,1099.84170451364,979.5356837932,979.5356837932
"473",1026.59812601771,1024.39022497373,765.470008308025,946.381340324901,1239.59122373527,NA,NA
"474",974.227158161135,972.066607900251,750.770803352048,964.139429298233,1338.53037191988,NA,NA
"475",1019.07197959892,1019.64703917059,759.071938555299,1026.47828153681,1187.06098861145,NA,NA
"476",1035.36270226395,1035.85711636066,771.269214435232,1071.31200675935,1327.62003703571,NA,NA
"477",992.136754887077,992.255287191568,755.144894116761,1035.25292519312,1194.64344705871,975.817521700909,975.817521700909
"478",1010.6528503867,1009.7513478891,743.456408003088,953.187808700652,1287.85088796754,NA,NA
"479",1069.40681006936,1069.30298546203,765.718006845815,1053.17292650243,1335.49076884497,NA,NA
"480",989.697931157688,991.250015825065,762.002728011143,933.580086212916,1222.20138402394,981.308653172419,981.308653172419
"481",1029.73166138348,1032.4421747477,776.754630372106,1004.55620932632,1200.63870864528,NA,NA
"482",1006.53712042658,1010.51250658219,772.071120539006,938.034577909816,1252.71186705705,999.287903033235,999.287903033235
"483",945.564454868901,943.426433214005,739.049123524684,870.672171451085,1092.39908159076,934.634167122479,934.634167122479
"484",998.223308742522,992.451121980185,747.673548709923,1012.94694051845,1239.17733323047,NA,NA
"485",992.182408713873,988.521294076899,744.432531952503,920.330681230135,1274.54797317158,990.469523485173,990.469523485173
"486",957.863550057762,960.94611956098,742.607325690483,962.052502571576,1147.79842764602,NA,NA
"487",977.103871865536,968.097376776256,755.690319463724,1048.5278195921,1140.2159789723,NA,NA
"488",992.946802467821,987.313096844086,775.388767084969,980.937056252617,1240.16642301116,NA,NA
"489",1013.23255907711,1011.491642461,772.028733998932,1008.48320554429,1170.34141045749,NA,NA
"490",999.362129252928,998.510847736871,748.100450316073,1076.43757196307,1136.33450390594,NA,NA
"491",1009.73033192202,1009.75689867625,753.199835982116,1097.45190677168,1239.24879653474,NA,NA
"492",997.204928579623,994.943643522543,768.739817502785,941.397238415447,1238.48008974942,NA,NA
"493",973.538109560579,975.185397781361,733.516639545762,1052.54967089593,1181.53542843697,NA,NA
"494",1010.11597416053,1010.21760979324,775.659519366888,1042.69586146717,1204.82682425033,NA,NA
"495",1041.02150953891,1039.76919660077,795.632085613283,980.303825740196,1508.49791590723,NA,NA
"496",998.563559146151,1000.67695322944,777.810064291459,1258.51897674667,1136.35756262952,NA,NA
"497",1028.09444250499,1029.95929566497,757.950900894466,996.322739642566,1238.28173271116,NA,NA
"498",981.872709036544,980.586675330864,756.369759432099,1000.13947939995,1180.45442537042,NA,NA
"499",1002.58802018612,1001.99803939375,770.825654280737,971.709281752017,1204.23949001895,NA,NA
"500",1050.1338278632,1044.66854219132,762.922725096887,1104.50523593411,1130.37862493791,NA,NA
