"","correct_data","oiztgeom_split","Hurdleztgeom_split","ztoigeom_split","ztHurdlegeom_split","oiztgeom_combined","Hurdleztgeom_combined","ztoigeom_combined","ztHurdlegeom_combined"
"1",2579.76327234298,2699.87430751662,2621.63437898627,4564.68020298173,7741.76259477067,2509.77601964925,2452.48607071883,4262.09462651963,7297.40167592036
"2",2600.7316327036,2669.52699264726,2670.56547435011,3815.61881823481,5194.77081804635,2574.78919352305,2581.52345712678,3687.65928055497,5722.77728100328
"3",3073.08271020249,3173.98613118087,3190.27460380634,5265.66924145964,5789.74363449745,2968.24669093685,3059.69253086351,4952.35697593672,5656.05072775182
"4",2740.10745457236,2816.63459296842,2820.05889453311,3862.43497865024,6142.95635013451,2666.80778195096,2670.17280350419,3689.17239394253,6366.97605927018
"5",2908.85624271684,2885.59707830452,2792.75375417733,4774.6867148067,5059.39509729156,2947.31561908329,2822.23710650553,5216.93602415857,5121.78896335387
"6",2769.21922239745,2866.55879636281,2881.69344481033,3877.06363564437,4466.04411195221,2698.74970168978,2721.73460007564,3647.63167069882,4296.60630748485
"7",2778.39914319281,2887.91367889709,2846.63584235364,4066.31792320053,4577.98587982002,2670.73796067716,2637.18432285264,3819.04081895989,4370.52474576234
"8",2648.10083580621,2809.88033111479,2805.59313599566,4033.42119764462,4529.28070311002,2574.03574833358,2574.25940810736,3686.7688684606,4325.39644327012
"9",2845.61874014696,2918.5592386421,2877.09240401334,4578.83068124348,5744.59387145813,2754.21786621101,2712.83456769934,4480.01291921552,5614.4164089675
"10",2754.21842330091,2843.34512907334,2889.71310220011,3804.4483918416,4831.7753854295,2699.57134043754,2745.2124722606,3622.56925762755,4624.28678083136
"11",3171.34970601872,3339.46845342896,3128.39768933211,5603.69175383427,5591.95381860594,3128.94998980406,2929.13100992124,5601.70995156249,5513.75923214383
"12",3044.55867913325,3205.47653843157,3095.89518301753,5750.95614945079,5227.00192359652,2952.72103617473,2865.85210063696,5463.02706708597,5095.69268041712
"13",2728.43147856405,2774.75050884217,2792.74329003682,3678.66521724226,5351.33264403205,2663.92416672579,2692.71182756246,3567.70837395248,5251.30959845876
"14",2823.766420854,2868.46777444832,2880.51056152569,4201.40332716987,5745.19139907711,2740.26539765432,2771.70985286958,4081.21795015561,5755.08353817355
"15",2620.1873206704,2717.61829567751,2681.16021258183,3744.19233726029,5111.89585963291,2594.8156193366,2562.61432803315,3636.57181508301,5021.20540957837
"16",2554.15166253965,2715.9680330909,2656.97214071223,4412.57448792833,4589.02642301069,2467.60642512115,2432.05130084444,3997.74536256928,4404.06440080411
"17",3266.72876674775,3649.52813840458,3572.033816621,6458.83976019572,6343.66339547243,3146.5445547784,3044.77630414142,5727.21083512167,6182.01189443944
"18",2887.16204523132,2985.02199662487,3115.56816483371,4033.31864892325,5458.07799347345,2834.46771593898,3003.57829357805,3817.55584242409,5357.91312086596
"19",2832.11893905707,2900.51978597412,2971.60539666723,4367.61038526462,5189.8952198009,2841.23798718692,2943.78450699949,4516.82238740868,5133.30869418025
"20",2860.79884739298,3164.06127783101,3149.66472666716,4606.08790959515,5065.43218721879,2768.75971125418,2802.98902039703,4058.31351790677,4836.30460546407
"21",2575.4314870801,2726.38103918541,2652.81924792452,4750.46051920508,5542.11085413107,2521.75868916827,2476.52321920216,4339.369373499,5324.86329642862
"22",2961.27507847334,3219.66969226681,3270.61310832786,5046.2152727366,5856.98279323572,2881.84557641872,2902.54380654748,4532.618615415,5545.29587395849
"23",2719.63767215488,2724.49652038509,2643.56227918192,4935.01794484888,8631.61866370511,2642.55576792815,2564.67454173395,4948.848421896,8434.2721072606
"24",2840.96038774899,2884.49102935744,2887.2749463867,4187.10847203673,6208.43111619103,2778.05179133484,2736.51064702309,4162.31784982832,6387.0858325706
"25",3163.53037822686,3342.4287054359,3035.34145738305,5654.66471905009,5151.22805975628,3055.7311323914,2809.44771796887,5330.15596960434,5098.70994118183
"26",2673.52011437008,2726.79161106691,2840.78301460059,3490.73190897186,5275.85907615111,2619.00053540154,2736.5271108166,3345.03783258259,5517.62419450617
"27",2591.61934312694,2673.32751861336,2655.23758981689,4033.17264207339,5068.11481910059,2536.40991110368,2520.73864863045,3885.67339654155,4951.41260296401
"28",2505.86331237618,2542.31412973758,2527.56664625527,4138.16606288991,5048.02140362549,2438.46971772118,2429.87648234691,4044.3335825933,4957.32264184458
"29",3453.4121605929,3620.63136266617,3510.52165009683,6397.90006809626,5830.99525946724,3425.17409673198,3390.41536622483,6040.14054015007,5650.25174219868
"30",2731.35888100691,2734.02904572605,2703.87385663022,3734.13520084985,5223.55670956075,2718.59743069843,2696.86191467385,3839.32579322333,5796.48786995341
"31",2778.47076483382,2829.8726260706,2793.80108458289,4512.20625612893,5047.86993202337,2729.12552569298,2690.06038318359,4525.57416668216,5145.16227469352
"32",2583.73035426985,2693.71998280916,2742.84026231092,3635.94633126685,4785.06193760483,2517.99747456067,2551.30266445534,3403.23858793172,4564.64014152248
"33",2637.1424174286,2737.2594005342,2784.07036941833,3805.25994344153,5475.04366052633,2565.84641962017,2642.70464573672,3549.3356150557,6098.25058399159
"34",2712.99092933905,2705.6857192917,2723.06684136914,3733.63505045347,5159.61989585197,2678.80880613869,2721.96768318156,3670.24627977213,5002.42251021801
"35",2445.94945910661,2578.55035782448,2499.74082197059,4378.56635188015,4717.21189023382,2405.37280376051,2339.27602174305,4190.4946021359,4550.24635126018
"36",2543.04855873353,2628.71565636415,2593.84046581432,4512.8972723607,5265.28962088071,2501.28583985391,2462.39570928954,4471.75099209226,5226.88789257208
"37",2590.22505284032,2662.7163590876,2678.93368592868,3415.267060554,4472.32539300194,2528.19549103099,2540.95488443749,3259.93723493909,4314.17558809002
"38",2586.15245268349,2651.30788933466,2668.8889793794,3546.73728430592,4757.23396880915,2528.2093173824,2542.88400108882,3385.97430210722,4472.98698128858
"39",2590.3897438679,2624.08028737246,2623.22922883281,3393.94008055109,4497.62930967944,2533.68977403047,2537.68809718029,3292.95981531978,4386.05984304345
"40",2649.72741345995,2676.79035720069,2697.98034481919,3453.11053044389,5950.93836977458,2590.7771812856,2615.9118708896,3361.51819282024,6327.16317692912
"41",3411.22948346657,3281.08628098793,3132.37498651812,6001.68574439416,5599.93402371739,3390.92740166318,3126.80842034588,7146.15024491121,5657.27942554886
"42",2563.5021147219,2621.69928276179,2607.55163754152,3693.79544551402,4920.71303798392,2513.00182330559,2500.81396071258,3525.09044186301,4736.56788078978
"43",2823.83926283153,3021.30308584832,2858.89312112069,6350.74103570123,5974.30224193056,2789.04668859399,2654.83223350919,6507.659794733,5899.88020159371
"44",2753.03381958141,2926.59354162664,2891.16515854781,4596.77088098405,5115.54359886156,2674.54092762485,2655.41564690778,4200.0880643972,4892.86592498088
"45",2657.82144888582,2698.68790052822,2673.08103341568,3658.76336345237,4886.08502741024,2587.36152928588,2563.83168589195,3538.11540854714,4659.21238421576
"46",2625.87824922861,2707.71194616896,2708.50854005306,4066.87904173733,4904.57417419076,2536.94577855838,2536.45867830922,3853.49748000311,4675.29774740907
"47",2870.16389884303,2922.14555331941,2882.97960777034,4479.94108950762,6072.37056256252,2791.48844044075,2771.02994945507,4304.13123751227,6229.90133115351
"48",2851.67352763249,2945.84124448187,2843.58545534997,5218.79810131401,6254.20069142425,2790.84947640132,2699.36221418786,5133.86767369918,6176.98676731069
"49",2533.95080039015,2707.29188394787,2594.68202899488,4819.27821282209,7045.63092058543,2478.27422801641,2412.25996029441,4236.07349339908,5917.83251179693
"50",2766.45977196558,2785.9092424101,2741.84230359295,4031.64903283275,5126.7468243628,2722.6090468356,2703.49018920208,3989.94787875676,5129.53253813916
"51",2767.31687767405,2877.12461850089,2934.84908750039,3814.08093285427,5199.84104419325,2717.51742661747,2774.24999599367,3586.2376180519,4883.55087215779
"52",3020.14857179859,3059.61101995372,3031.96251308386,4617.75661863429,6445.55692938339,2992.50502537471,2979.03434914088,4592.14700229421,8142.78039911438
"53",2750.88239158358,2986.40517529919,2963.60169749397,4811.75406006079,5155.01538447572,2717.17583355365,2715.29703707678,4354.12023665373,4961.18372362754
"54",3257.00201862824,3394.68001530562,3246.25484647753,5801.0805643005,5347.46000633619,3299.59208358471,3088.92352530935,5938.80856819148,5256.83860116097
"55",2508.50038748697,2497.88417151259,2506.18016744078,3252.78757903191,4623.73638972165,2446.71142416197,2474.95084574403,3240.86864395257,5108.42554334716
"56",2797.67434162384,2960.05872580157,2909.57507074324,4389.35016828515,7325.36899948605,2729.50841279685,2705.03108559608,4037.92392877483,6519.96839241035
"57",2925.51226180032,3359.37656743947,3060.09607941404,8855.40373530609,5573.10150303531,2822.82904897032,2659.87630340353,7390.75400901145,5364.75851975006
"58",2633.89890530784,2780.4602115938,2788.56443179656,4119.75220800363,5639.55780604529,2548.96378681446,2553.53132486387,3788.35321042946,5527.68894988447
"59",2818.09192057009,2908.81784951561,2908.44127438163,3885.24080161941,4782.7340915944,2768.45551156168,2771.99404874494,3733.69883935611,4644.99918891578
"60",2582.43434307043,2624.6867165666,2646.12619432728,3496.64625851119,4763.4747613667,2507.43900926491,2525.2468225773,3343.40146431942,4566.73674894701
"61",2768.01731010002,2862.83008635265,2813.39863150206,4728.4756177213,5460.68257292729,2706.73946721679,2681.45493854251,4471.72390102237,5256.96763905733
"62",2733.15907740223,2807.85413285164,2792.58440762533,4091.40027236068,5855.06011544615,2661.64957884772,2736.27906924132,3932.61895727218,6117.56310065477
"63",2824.47709190585,2885.08000392957,2837.90095872435,4662.11986744689,5268.64267264396,2811.4224707096,2809.95353229093,4649.00947422374,5158.66416209668
"64",2883.31123044873,2969.04216965679,2871.45142736215,4666.9725039815,5014.75414172658,2850.63245931725,2764.26934965238,4516.56026592304,4855.74948330946
"65",3256.59649693529,3511.12103013971,3242.3246798697,5707.53740682288,5149.22690548571,3181.56479353971,2956.50897107083,5433.62739105736,5004.43003930291
"66",3036.65861155904,3130.61345530703,2940.87477162061,6225.81831498139,5959.84321658934,3021.36328984323,2933.08430840476,6368.86296436529,5844.46558215314
"67",2720.09258632323,3143.9082741248,3053.78993254445,6058.02842751605,5613.18244285432,2671.41053556458,2629.16680305136,5026.81731474687,5340.51193267053
"68",2688.28616389351,2763.59240076064,2690.62918003876,4703.67160178897,5488.72644037354,2620.93347262469,2556.50824450534,4599.91075141288,5480.49471868959
"69",2740.90297287751,2816.86919732476,2697.03409491046,5519.22554419648,5621.67348840743,2691.89095354589,2567.73135598794,5824.16956600493,5514.60660163284
"70",3046.67176782215,3230.34992241939,3015.93667641867,5939.64117271229,5420.85832498062,3057.3049117107,2850.23816788096,5941.33213589177,5286.10518718782
"71",2679.74870289349,2740.81517466516,2749.47609652965,4205.91618150524,5275.87262360898,2640.54395740894,2634.55099286695,4142.7812761987,5173.77384932023
"72",2801.64717153365,3161.58127955711,2996.44456976272,7336.82525412195,6160.3539379498,2776.82507688283,2719.02056393563,6024.78103140567,5915.46280950929
"73",2882.98286456489,3013.29519581932,3096.78309588761,4380.77431871424,10428.1418300264,2818.50222708737,2895.62679825796,4153.09864848628,9476.20436291974
"74",2715.99537149146,2809.18189373054,2819.91699740123,3957.43863672178,4907.00004333559,2649.4712575724,2646.32522187254,3776.35738868576,4680.89831784596
"75",2995.26135062949,3331.96080708713,3177.08005780582,5786.8332975716,5196.47646860579,2921.18112916718,2827.90962895727,5172.67227420408,5024.13510095684
"76",2606.82439045433,2736.73764715917,2703.47505312615,4250.10963219339,5176.75039590296,2517.21818234419,2507.77929960509,3886.62800169225,4920.70154939141
"77",2566.35409502561,2696.64656998811,2712.85117642564,3873.31322288322,5189.74743955626,2517.00959663729,2529.44104480474,3594.34774054229,4993.46693837545
"78",4007.80080228714,4274.89541031181,3823.22805212429,7096.60820138292,5562.49646552821,3954.7873393124,3507.41801001439,6962.57548052046,5342.17055558244
"79",2823.01900885603,3000.03131971093,3155.97130408115,4644.88045605963,5284.31529929089,2747.84471198212,2867.47574931261,4321.66919471838,5111.84218460379
"80",2661.52185649539,2725.5205786971,2769.74421935757,3545.08930306092,5184.00129171252,2602.30754441555,2651.58927204996,3420.79041713586,5088.02683462866
"81",2771.08385359842,2817.13149863208,2959.54040607535,3614.08634966363,5024.13596486902,2740.21699897104,2906.2747066796,3526.72101221326,4924.52401343184
"82",3067.02729023627,3005.87700322939,3268.97640472295,4102.46225059702,4835.55703367707,3041.26777063354,3352.0170016643,4262.00888553566,4715.53475302114
"83",3171.59187012446,3495.6553031725,3104.31316310096,7352.3158782376,5885.48585070876,3070.70063466391,2782.61230628754,6622.70714156196,5697.06843881564
"84",2680.16221502186,2834.83872195013,2938.20108714035,4186.9145497725,5359.77888292622,2614.66506984304,2634.80719296118,3814.76394832896,5061.66658766365
"85",3283.58624564749,3268.01123959336,3340.52498737586,4842.72571475729,4899.38316809344,3219.06957401368,3388.62181396826,4845.57565176737,4829.94031161882
"86",2608.08901614809,2686.17457416447,2662.84624397385,3614.52023577142,4475.57471258501,2549.23082647784,2528.90909723521,3447.5425430751,4288.14678296982
"87",2660.51946262951,2824.39005434367,2744.40012601537,4701.66967552546,6826.32580037479,2593.41064132927,2533.71969973778,4331.15599340027,6557.76229851258
"88",2945.80275402566,3142.91256191824,3001.99160415441,5710.20671568294,5828.30886785228,2874.23938430949,2740.90973203904,5440.32648741187,5720.5029093388
"89",2554.39570313003,2664.20645650436,2765.1536977555,3437.28220265711,4749.07115492063,2481.76332807595,2565.11400074949,3191.82131607934,4544.11787876949
"90",3156.20801815531,3484.37115216754,3419.16769439072,5614.34554438318,6242.96654842477,3041.5687641443,2980.73097604523,5028.19033914551,5958.07147736217
"91",2805.01443100058,2861.8034508767,2767.06842950242,4735.0406121125,5335.11244302921,2915.41370584282,2800.1189488585,5176.03504119907,5237.05062297365
"92",2924.30342242277,3070.18727519112,3322.24583627603,4054.19153306413,4562.30373409984,2823.84752400232,3004.45805475677,3781.34838342373,4383.60365271678
"93",2535.68566270172,2704.16959913756,2689.47375290681,4239.62621612935,5101.49652396946,2488.65539594286,2484.04584989125,3909.35508827475,4926.83452204135
"94",2568.59340561477,2739.85423188139,2644.62396290245,6175.95576513555,10137.9451240515,2506.66321216997,2443.0588574544,5623.96531656387,9770.82918866272
"95",2481.44391296984,2550.52891712063,2518.81043941631,4100.19420370981,5547.9581283488,2423.34955116188,2396.36785226659,3876.26165591958,5319.81674687854
"96",3060.72751611269,3207.00755718823,3072.20893280658,4786.52917651125,14835.8752996024,2904.51426029799,2789.13400644387,4458.70276585696,9074.57980009603
"97",2840.51978295288,2843.70524226418,2786.48342843754,4264.79745780064,5178.7606047486,2749.82898622185,2703.00466302775,4158.3263315054,5085.88364178434
"98",2761.41166794783,2898.284216181,2827.16539801428,4157.36374519617,5480.75142931816,2692.81627823941,2634.6752853654,3881.37450735077,5291.42175957759
"99",2656.41785281611,2696.55238657085,2774.51717634115,3470.40326164744,4715.61094401178,2568.95554113811,2637.09669415112,3321.88264097665,4495.87227417529
"100",2668.64275726274,2728.1895245344,2865.8413743899,3811.86429031452,4934.3506995211,2617.91375145774,2786.48703947891,3644.83848499108,4778.60748574718
"101",2728.19385381602,2764.42006141307,2753.65370673197,3913.14286554565,5193.3433102396,2704.94057974286,2698.2641159806,3876.99837971596,5093.78623262035
"102",2433.95856683907,2566.3555506204,2512.57540595662,4223.24049000499,5053.30309812542,2386.70889536046,2357.35698236411,3843.13549171557,4860.67186531197
"103",2479.77206482524,2554.18413061345,2553.35310631976,3778.1338875166,6998.99827451897,2430.9087031842,2431.17234364756,3589.08034937417,5885.73995923926
"104",2685.96374775976,2722.93317105276,2754.8399604279,3790.14683895829,5298.41751871763,2619.98771479856,2664.96297251968,3663.09295236707,5149.5811767507
"105",2480.68206592885,2574.17196869048,2631.54008111322,3737.80538794049,4736.71077329921,2407.44381531233,2447.59135865557,3568.25005874175,4642.1214089783
"106",2763.28819571069,2880.1110782213,3017.74705934774,3635.35522113335,5870.62786173211,2696.27468355312,2812.03263338428,3426.64934604481,5480.49178496606
"107",2788.16696157527,2991.21741532758,2833.83824641407,6246.71240949481,7139.53519477017,2735.02842004408,2626.05259480778,5601.12099053945,6447.2379999372
"108",2779.98859581762,2767.30251957349,2679.81240801095,4442.19564577499,5928.39063492396,2757.13020703808,2616.22987913395,4750.20508150542,6356.63967808967
"109",2717.96492291997,2799.0237103264,2856.92588902019,3915.01061479814,5118.62575749652,2656.53689190311,2720.42090070684,3739.91520125464,5134.08907146395
"110",2855.02533375431,2887.18366631983,2793.7388334229,4503.74020052059,4920.86824763697,2727.47977581776,2623.4958346115,4390.4035541569,4747.45432780875
"111",3454.2326209551,3971.23592075289,3650.05094547709,7507.84027878508,5470.15869927945,3403.72990996219,3160.68582663813,6643.87192152954,5219.02769282224
"112",2783.78721746129,3050.41226930022,2996.19086593867,5108.03682230671,5531.01470683786,2732.87394041337,2685.56515933247,4670.25102167159,6391.05061378189
"113",2650.06256461288,2714.16539135766,2727.01089322809,3604.58357618205,5124.40914223863,2591.64472176757,2604.11735462196,3452.25130124899,5096.67307174499
"114",2665.58284312984,2735.96195961988,2807.84981019338,3687.48509333929,4790.15143475398,2614.02287075489,2688.13851990537,3545.44291664823,4683.10707478717
"115",2699.74538701746,2785.38471536168,2826.08042964668,4111.90324176646,4802.70908932428,2623.0730488158,2675.04293049191,3944.39519313776,4699.58446968197
"116",2610.53117679635,2766.28498635001,3043.48929829248,4245.40251786273,5242.4082755397,2534.95083739783,2712.67658348153,3894.81720065659,4939.03819594293
"117",2617.3090149944,2680.65082594197,2688.39324438421,3454.59996558019,4201.27883537573,2553.97487995213,2558.98668766048,3313.83573458959,3956.7929748488
"118",2620.20660990181,2753.87091806742,2737.79116739265,4114.86987980458,5861.00407489672,2565.09856964053,2549.61992076908,3841.39521920195,5956.8348758007
"119",3035.79323054508,3178.78146433222,3290.29134046172,4840.55481274265,4938.96838461018,2943.66637212005,3032.86548031747,4565.8055961608,4716.83996291685
"120",3007.10100901829,3038.7558362396,2871.60592352569,4903.46603053548,10118.3980004197,2915.13327317922,2766.90826846485,4787.37229449301,10275.8308127908
"121",2657.05158340769,2734.01532060147,2717.99225470016,4040.63812306351,5363.39576012764,2599.17245142569,2582.71177477896,3864.68761646775,5059.0066660962
"122",2867.84963213847,3002.65541958721,3081.0142351364,4551.45391013273,5087.97369016041,2838.78311269573,2931.56649000309,4332.83266410713,4894.88707529762
"123",2623.50711710534,2722.93283638194,2760.82963175888,3726.06838034526,4755.40161147567,2570.63171188941,2605.38694711113,3486.03041232333,4500.90763653392
"124",2657.11805996394,2747.82800438884,2788.3626346467,4189.36794853731,4939.34729193644,2580.5230653257,2598.24452985949,4014.26062047438,4777.52570216317
"125",2610.30091156777,2741.88286836764,2709.79015798509,4158.25769163714,5562.94285475869,2549.57188389538,2527.72276788374,3800.77449875443,5251.73857446477
"126",2949.67552622634,3197.44229500941,3211.84866182562,5108.81039733,7059.68634485598,2894.18526553395,2902.19691543772,4633.79524222354,9394.67848691579
"127",2686.62304397176,2763.91480169655,2738.4445394865,4571.09734153454,5209.34447365283,2654.87351203971,2627.39787665824,4539.80524936076,5123.44099501398
"128",2554.80392352935,2677.25713152295,2640.66976120979,4267.64662998587,5174.97877494171,2476.41021998894,2447.56199984416,4004.77989705732,5020.06877810952
"129",2525.89299257603,2585.84119815122,2557.84308627392,3578.23895828675,5076.47658869923,2487.57185285388,2463.26326009019,3469.70093493076,5126.42888596701
"130",2613.85448017104,2732.68420810373,2703.74854513667,4397.43865970531,5446.35653253353,2561.80627279798,2536.17463715403,4151.05826748104,5250.83493148309
"131",2751.17648047236,2926.94776734564,2824.99264089233,4735.18817177375,5149.64878045662,2638.11992013695,2594.66666808224,4255.0789561592,4942.88390888883
"132",2910.84573444868,3081.43906480438,3122.374030406,4695.41782080127,5402.18884340267,2843.96265288979,2875.06573871485,4387.45590957496,5231.63854387562
"133",2858.9314084637,2999.5858725061,3005.12737507454,4632.50040905094,5059.12973331033,2815.55450831028,2859.44948869009,4342.4329734552,4794.36246128106
"134",2575.14721632399,2628.0516294455,2679.47167902926,3930.15349479229,4673.99142736185,2531.52492050272,2570.40637284779,3886.54272833318,4620.41221527304
"135",2979.71135717792,3054.38822846873,2894.09677352796,5458.44815918579,5556.66997848766,2848.56594675057,2724.07574719701,5354.88220289741,5502.34517772317
"136",2641.88998454872,2745.69899325102,2764.86818962771,3782.86533002621,4803.43549322261,2575.09196546982,2595.82424561896,3566.10881507954,4609.60365006921
"137",2734.6661048344,2889.1356110463,2805.89731626888,5209.44032839421,5074.38348177169,2627.08799773582,2565.00023944396,4775.06122547279,4877.28996811193
"138",2550.66151540307,2618.35810193294,2620.79650366533,3706.7928890819,5029.112947847,2496.83406567914,2496.35163345406,3573.14160405976,4926.45824058277
"139",2666.69398898838,2779.29995806163,2776.40026098911,3935.65381471959,5331.67588503271,2590.96650146321,2606.81622065971,3600.07869613329,5031.88156548604
"140",2710.90028646747,2853.41628201752,2696.29889712263,5384.76261026373,6238.28250861232,2676.48075332156,2546.85821039208,5226.43634820007,6225.18485229862
"141",2524.26548621701,2631.04528922823,2597.92135133881,3918.60471060918,5091.94522620915,2465.46320239824,2443.386878524,3685.68587877856,4941.83692179041
"142",2667.13702821035,2728.13853756476,2617.6075497818,4028.06798828137,15765.9042339337,2587.45620375966,2488.38375381611,3919.3733082375,16422.6064090345
"143",2808.76460487632,2913.64152020328,2859.7254009384,4308.0482676962,5013.78143540795,2715.75028015061,2662.31997546153,4114.24290277507,4733.7517611977
"144",2731.65410360024,2771.6858754347,2723.41869233138,4100.24807700253,5166.93537285518,2656.8816255943,2615.97091984558,3972.7434915086,5078.87259638009
"145",2982.70077152004,3263.37147518576,3280.17203252445,5144.45958514201,5199.92337442691,2926.7029702164,2924.86447130567,4658.13533083245,4952.84866268464
"146",3071.80027124036,3363.54127657503,3380.22635038068,5428.25334220453,5469.08774775529,3017.05270569324,3174.69072959193,4967.75107847896,5689.13996681673
"147",2641.79598303331,2721.09511520345,2725.08162213221,3542.82079638768,4959.45083310343,2569.31795225907,2583.64725107293,3332.38602159118,4707.33086049069
"148",2983.46962819377,3184.86598322227,3385.39681063283,5102.43171499331,5609.11669804618,2931.02542316433,3085.76505268608,4737.21643194045,5447.58437579342
"149",2736.60342168124,2836.27207000453,2770.27259353128,4563.46786681307,7739.1531148105,2681.66770363605,2626.69313124695,4356.87583040821,6908.88754225004
"150",3123.04865060947,3050.73091975418,2905.5925718232,6573.58269318972,5692.50439806156,3079.05273571537,2948.8449284984,6901.93061955415,5617.313499882
"151",2654.80001152724,2677.28663632718,2673.32998319967,3885.64778426059,4688.95946483422,2618.0141457776,2610.34301964544,3873.05248473131,4579.5307331344
"152",2637.50248395802,2672.66307429636,2712.33805656524,3470.58377217689,5616.82651944106,2564.03394594645,2599.57659791286,3361.14506312656,5505.72487597059
"153",2752.05311012509,2759.20413366303,2839.06539641345,3607.19104071134,5516.72947887545,2659.92722676112,2755.74961013416,3515.18490400443,6350.92000156794
"154",2848.19098670112,2943.4682463246,2822.37031069482,4865.66309229752,5305.2660616469,2746.96637353747,2634.14265847278,4696.03686586239,5219.74537526195
"155",2573.63161791979,2620.0706508882,2576.38974722464,3979.77918248033,8111.11947734833,2522.69793674072,2478.6003136217,3881.40166534103,8081.09141506715
"156",2725.02967325348,2799.88899907713,2792.45467965664,3999.81824562835,5096.49828633835,2662.7903974322,2660.07028658718,3824.06214502792,4946.7453103133
"157",3055.43494028636,3262.51605196045,3176.01160092171,5773.08186835947,5470.32544001286,2919.10871061315,2869.54667397706,5326.08922112284,5312.08021862524
"158",2739.63220798844,3163.5421819268,3029.93436380778,5670.93599130746,9818.90360499763,2709.20210507384,2618.55582651736,4909.81943514065,43065.2731857692
"159",2653.87223493619,2816.81984871289,2759.81028008832,4697.6459347214,30659.3121161491,2563.22972892692,2523.82899073479,4264.1139239105,16398.8018304604
"160",3093.79536638911,3679.67576577774,3531.84139422089,6470.52563735991,4998.56327170291,2987.3203450125,2859.79714256015,5455.38037531639,4760.86801729195
"161",2779.59057065344,2867.68550808817,2799.58773566047,4179.78022562102,5907.54858621113,2686.77450160849,2629.31379004132,3968.70217973579,5796.82966427278
"162",2788.11702255102,2804.35356445153,2873.78900735197,3781.7477356865,4886.20207888567,2727.57939037927,2837.84200654798,3735.36395342086,4870.48326875629
"163",2613.93465973928,2676.39614424515,2720.6524591756,3323.74460211406,4449.95325141276,2542.32813001932,2580.28240206547,3146.64449342562,4293.73006591558
"164",2741.84851696023,2779.60275304491,2676.60360499929,4548.5443416955,9359.38867117899,2650.12033482876,2554.36244454082,4494.58350103416,12379.7804244307
"165",3121.0097457104,3302.65151878821,3293.19433695166,5722.95197848723,4923.10986044144,2914.86297787769,2930.66289391143,5140.13775457331,4787.74054932723
"166",3011.34058947844,2889.12864424211,2842.22835998732,4611.98480600686,5117.11346107658,2926.56261475404,2975.321673594,4771.30791695517,5407.03126377392
"167",2604.60657352035,2652.49519339082,2668.77034411166,3618.03777348957,4732.44202942708,2551.13206968895,2568.28567250369,3524.0963288385,4641.11408586587
"168",2556.45490120147,2660.52388545986,2702.84090417267,3981.41213900891,5094.23062758132,2495.46376389715,2536.65119610787,3780.71489454607,4924.11029424662
"169",2772.63100824774,2889.08532565727,2781.9627529814,4641.05672098873,6407.42286930132,2674.49214761818,2588.09367411551,4372.65000799396,6022.01703104804
"170",2633.57324689687,2706.79337239373,2607.1732109137,4704.93596029231,16110.5809566843,2586.25300135421,2498.84056488085,4628.30783623463,17528.3232857212
"171",3119.49506993151,3412.21374290632,3359.27860649901,6273.03633066877,5561.51275575456,3129.58652414807,3102.29037175023,5931.45210392214,5388.64534405841
"172",2882.58923540515,2964.80425940114,2936.75192063417,5155.53106168121,5437.43371981628,2911.62807503993,2872.27359829937,5379.28452586798,5391.98184711808
"173",2685.50781908626,2816.56162676957,2756.46541463768,4118.52376850774,4893.71055261322,2621.3645100292,2579.32156011927,3822.94091779359,4909.99641419046
"174",2656.00433572722,2725.17729485679,2619.30773170146,4625.22398766282,4690.02645928948,2553.562948315,2452.17284375074,4417.05973531721,4597.93247499183
"175",3067.55699554774,3246.65313292043,3192.11509641605,5201.67161370736,5627.35402249282,3082.99450859904,3033.94324428304,5169.33029100848,9574.26764429381
"176",2847.41978247684,2961.00668241076,2897.81488822191,4474.20025917193,5531.39425570343,2758.88346276675,2712.36590161481,4205.56986731503,5325.88457522202
"177",2702.709575027,2808.02140489578,2739.66895415723,4331.80083775579,5743.63634393281,2639.94125251126,2580.39910112197,4168.24123229057,5536.52116758499
"178",2768.78778021401,2906.26543957952,2887.68702803485,4419.66026820698,5040.44151856393,2703.18706075135,2709.90254705492,4177.54757893605,4923.81004080368
"179",2609.61796729731,2684.28755890836,2644.69255132743,3902.44164194012,4905.07968785995,2535.70896427099,2504.2697936156,3706.79292942525,4733.19799517166
"180",2797.97745700264,3049.37195241624,3053.38586986096,4744.6013427385,12441.2099841488,2780.61243334249,2768.67956387202,4462.13553936008,11778.7182722042
"181",2770.05066535629,2873.74277307152,2827.11829067568,4353.56603984273,5234.44706570418,2706.7854013957,2667.90969757517,4160.04930975377,5030.64891841459
"182",2687.54241761868,2828.9206027844,2865.60971621172,3846.57860958601,4641.05465178541,2631.36393735796,2675.17634135697,3575.9066579919,4434.15869539024
"183",2523.28116109034,2614.86611017604,2610.52901696107,4695.088350528,6001.83895548343,2477.64605587816,2471.77685109298,4622.89875729404,5982.96296284569
"184",3382.58080556474,3212.74036198071,3114.52234414448,5230.19481978742,4666.38734114698,3261.0479085775,3121.07586044543,5478.44625125737,4554.254667005
"185",2549.10074078705,2600.06812778374,2547.92098923774,4180.44529032901,4852.30727020454,2520.95944520115,2455.53283368951,4268.09479855804,4810.01719955109
"186",2753.13600527895,2861.69722973821,2826.73950847839,4059.28275064349,5104.92851001183,2677.56897552303,2649.25105113254,3848.49421659132,5012.05430676645
"187",3064.70158487709,3285.48188369668,2926.40051588963,6262.96764948448,5371.8095097176,2988.05012327003,2693.54283900037,5973.68276014585,5270.83270823249
"188",2692.68633252662,2792.81411462207,2752.37107417142,4249.7511016095,6397.14524643241,2622.00417937881,2594.24497496446,4036.26524446316,6622.20925896291
"189",3285.2213140754,3811.01754163499,3362.30232778482,9350.81720682603,5881.34329795924,3281.2088006775,2982.17988875892,8608.65192723193,5734.44396862207
"190",2849.00517101247,3116.19551017253,3061.61816407648,4490.25729786576,10638.7289977674,2763.21530626476,2727.09206186929,4049.90960361564,8689.8331553689
"191",2463.91736771817,2541.01830443113,2540.37113272701,3482.68171284194,4890.51587918978,2406.04344127605,2416.16344094698,3236.96272037748,4598.27375462315
"192",2758.58112900705,3072.05934683435,3094.60017720363,5313.47492410059,5075.46993913709,2645.6535294109,2629.07813933105,4645.53784589947,4882.69847563041
"193",2567.50915402451,2765.55087849136,2757.74201391772,4443.60387429213,5128.86526036843,2504.1761999244,2509.17331652553,4013.38894963888,4923.89462040314
"194",2960.97047302716,3094.35605786371,2982.3975030716,5240.48640984316,5849.86320305845,2932.63701727845,2827.92782426388,5064.84061423701,5878.68146067167
"195",2674.20719207636,2743.47829179266,2730.08684840992,4387.08485589212,5123.26988763158,2616.83402610157,2618.44214615035,4204.32400733434,5017.17683735
"196",2884.18857394796,2815.9561701612,2710.50000675437,4947.31260578012,6923.73616242111,2868.42304076575,2746.08246398044,5073.70640960876,7579.92993657982
"197",2858.27442097994,3084.63834447305,2978.83620094891,5341.27448751294,5685.19779648323,2804.51924498099,2720.10335317318,4885.44345986989,5384.05521103521
"198",3407.19519781095,3869.52731332256,3544.05182982889,6032.43091875593,22523.0032503717,3302.96324014071,3050.39094401924,5299.96952390161,17677.2132545454
"199",2575.9421941786,2710.43108506959,2658.95366092912,4314.52229725695,7540.83707138847,2511.06906657162,2480.81371779118,3922.53784865997,6888.38014518164
"200",2996.59318027689,3117.12528648563,2964.6035821086,4816.87363764767,14977.5333235381,2952.29823797162,2840.22961089184,4694.53445830949,17492.3495320934
"201",2791.84516533415,2877.48307700111,3037.9028082983,3623.50550558744,6637.1950585116,2716.92258020496,2869.45065703843,3431.13282215468,5895.88841894957
"202",2701.18095799082,2721.42580839758,2650.97193534598,4469.74908673659,7446.80775596204,2649.13984998217,2571.02322652895,4410.18962707635,8225.46904947488
"203",2657.21419864726,2922.55431005949,2867.32320355204,5635.77727708813,5897.41944905224,2613.95799153938,2586.62178010379,5001.68158197705,5713.04851801995
"204",3069.11918162032,3411.9834811646,3373.99005492645,5465.25457906782,5186.03510832138,2972.35229630286,2909.58197315619,4964.27744511303,36016.9035056816
"205",2618.60178626915,2705.78873915372,2667.92443454553,3906.87880878795,4881.31368427535,2531.59136032936,2504.48468042505,3685.35458204044,4787.22233398558
"206",2564.8886805766,2615.41028448549,2595.93534790227,3942.52594501428,5527.09809510433,2507.69080861476,2493.48543380631,3834.59470108231,5423.71225479056
"207",2683.53913906028,2819.13667267251,2770.82021132819,4327.45378824916,5317.46644784427,2620.73825228824,2578.57644909266,4053.98042587586,5078.4592787723
"208",2495.14663214373,2598.58923122031,2561.17518648131,3929.04501305068,4376.94741962702,2436.54872061717,2408.61575296999,3738.68397648582,4241.55468971699
"209",2759.94789784126,2972.09684548649,3117.87839239555,4226.63264735445,5252.49262145112,2664.09611603038,2796.28951454094,3830.16958751474,5056.98984431065
"210",2828.0018079283,2813.69482227252,2720.46084808635,4705.6950149617,5699.03030641091,2750.03542411865,2647.71864106448,4870.82497807375,5686.54731247228
"211",2744.25131918558,2822.30590967273,2805.21928446821,4231.22425238686,7466.87946960288,2662.29081047567,2647.99921425572,4008.58348108235,6969.42066122916
"212",2777.35779739137,2901.88166470342,2906.8755929702,4362.89708443734,5681.5787445373,2701.5087570259,2694.40841084625,4084.82634566165,5486.3145479917
"213",2585.70642246937,2741.89895228012,2699.85271076152,4200.07213349861,10807.6954128148,2536.81807754652,2508.70304159097,3857.29072710208,10043.3708893946
"214",2737.65050970565,2988.04138473784,2921.86263232578,5082.31752922868,5423.46815003939,2674.6958788791,2629.26032127757,4601.80730717824,5268.0209609966
"215",2679.64969002729,2774.5981844151,2756.95135915193,4107.7439444482,5447.68236255782,2585.38758927349,2567.26909626445,3842.27664743811,5105.55785078337
"216",3320.12734543853,3460.32522936557,3442.135012382,5901.37678441225,5495.14222331896,3354.02696955935,3292.36010915666,6099.43300449339,5319.70327730048
"217",3183.05354184821,3506.07952815032,3406.04425465709,5904.96272408121,4961.4437937711,2988.81046485787,2892.15311272616,5193.29010394448,4685.93145651299
"218",2652.63740081764,2704.64877011108,2680.53763769062,3718.9499584306,8363.61922313056,2608.23044844441,2587.62955756282,3644.22454882225,8391.96500934141
"219",2668.14487900931,2789.42650665224,2741.71976015148,4063.98628126695,6117.8792409687,2635.60345254464,2590.42820478587,3868.86630845428,5350.82027872603
"220",2603.58820144295,2787.76299634253,4019.10889993805,5003.42020956038,5292.73232764552,2534.48401038145,2460.39809894859,4544.00601166772,5098.59079320012
"221",2751.95220025166,2908.60409640128,2908.96983759533,4568.24703351849,5557.35604781964,2680.45793474231,2686.35921853036,4230.59164731136,5269.43136635423
"222",2640.77362098728,2673.18873934592,2727.17467419655,3447.92751316111,4470.52559494102,2561.69702167632,2610.51238224686,3327.88680998651,4343.45477899505
"223",3010.03099875576,3052.01347942125,3248.66315999268,4224.14745046835,8020.2795422743,2971.60060338166,3211.67950359203,4148.42389993406,9970.46401140281
"224",2604.07549263866,2686.06190969032,2676.46283346016,3823.0635560201,6593.95592998918,2522.25696101098,2516.70935301526,3575.60192059351,7150.62831819481
"225",2737.44954821494,2919.27527654729,2904.28515833184,4638.13332802423,6308.19145869453,2653.50675304925,2653.22719661067,4209.54092709512,5875.99881449087
"226",2873.22469838993,3138.65931694358,3084.07098707992,6002.97629686418,5770.87146310715,2818.04474452403,2808.86327674507,5335.48315946613,5592.32910809373
"227",2823.3234311453,2896.57290092996,2809.65823619954,4098.06984219429,6142.15523565925,2770.26189013233,2705.5653621785,3945.08602766564,6328.29519304277
"228",2849.95707790455,2863.57205491839,3025.00347696257,4287.67925920122,4876.67467932812,2801.20082444955,3026.49526185936,4282.523969372,4784.16838252069
"229",3036.65339309207,3137.50532542264,3050.10886119856,4930.63216395598,5125.65524593219,2981.93128987952,2879.4676703733,4895.70492272757,4940.22479216648
"230",3205.99202459858,3311.61068038033,3254.9853325575,5850.16849019312,5605.26951696837,3186.55054307041,3134.14837916171,5837.73422460253,5536.21088857938
"231",2774.21977025405,2785.92241167887,2746.95267798712,4275.53647320254,7818.42213335046,2702.70634137485,2661.98732428709,4239.90182583779,8339.46437794978
"232",3101.23773449806,3375.48841812904,3329.71818482584,5384.07051577027,5141.36187977081,3033.55050853182,2987.94227791504,4921.63031962738,4955.50439984026
"233",2651.86059999481,2961.91772553844,2855.95893957221,5702.69773935999,5603.00402639999,2622.82068570728,2560.93315543862,5067.60268574511,5403.50773765186
"234",2582.7175021909,2774.37145028795,2676.56740624009,5325.18604827516,5181.92177398639,2508.4209212351,2433.74350280935,4993.26965173966,5016.03974752511
"235",2646.05683217258,2727.33997204804,2641.92015344759,4630.65022227681,13358.4371036258,2573.37660302697,2502.31602062152,4395.6482423694,14563.6709029005
"236",2956.10614478476,3135.63282582573,2971.35442127956,5908.78800951433,5614.58863264739,2909.76115736273,2779.88383145417,5717.6631187993,7273.5718123494
"237",2809.0533895264,2935.33255724428,2905.98740252226,4072.89752970967,7587.12925718203,2713.31554031114,2704.35211176381,3748.99124406452,5612.84163095609
"238",2660.77851313126,2727.41362935883,2760.22159667533,3605.76909806821,4768.15835107143,2617.59369471184,2661.90392624603,3469.15229054823,4636.19039490914
"239",2793.26489000581,2926.39430349964,2946.59142579266,4464.8764292097,5490.07988430053,2750.21773892489,2766.31038374745,4246.62868861833,5347.90244092478
"240",2807.87637745197,3180.18767293628,3095.41388014488,6436.95932459971,5760.54040694716,2808.17667170035,2765.57341716588,5601.46978185883,5615.35540164198
"241",2692.26860273118,2804.50433852239,2791.61564579546,3815.83313514003,4906.66403457547,2616.28149250751,2623.39834053845,3493.65949089088,4808.63354100053
"242",2695.25432748001,2820.75196527349,2769.01441066048,4264.02214786439,5577.0851114223,2629.14087842795,2591.94031066965,4000.8152901075,5413.34250920827
"243",2678.91112175863,2786.76280688846,2716.47427217718,4314.30575731122,5286.14281614214,2604.96087850778,2559.12063671392,4069.6321832552,5106.8955561013
"244",2649.42553989965,2661.03013944544,2709.67810922454,3430.0499136721,4946.59630381865,2561.49468513977,2622.2916950889,3332.39586460886,4868.85884700231
"245",2782.77400909977,2848.27251671125,2772.7484121371,4289.43737591749,7898.22242130233,2720.16424579535,2641.58969589256,4238.90390155956,9006.69033511952
"246",2513.53138046395,2608.61324355551,2580.54108161731,4093.71976286596,5146.14288266225,2446.59348733378,2409.28599146679,3822.4077517605,4953.72121367105
"247",2665.55411524134,2638.18626593374,2650.60150959632,3868.21175623528,4538.8784207785,2584.4316936668,2588.33532253226,3838.86904718697,4510.90235747248
"248",2939.28199438731,2951.56579395554,2947.59500879517,4951.70839818347,5076.62857032384,2941.07773875483,2956.9149783696,5038.45902909391,5001.96542620481
"249",2868.46875722672,2870.66263182651,2883.0131946095,3893.30240756087,4705.58712078343,2797.04866497627,2806.78138391072,3842.8034444927,4787.45092022238
"250",2613.61185239498,2666.61806758601,2706.31570504847,3356.48063276327,4272.81570576432,2545.49383229734,2583.09552602998,3224.60168874639,4118.74410014437
"251",3080.21461801101,3159.54707518899,3046.03528144066,4865.56914178054,4724.15920368384,2993.08583056794,2898.901868587,4627.54348612363,4496.5743009728
"252",2677.19024339125,2749.783089097,2667.06341233218,5827.5694880444,6238.53248757018,2645.72221216746,2566.08166690172,6033.05006309368,6230.18099319898
"253",2531.90841924464,2606.43258973908,2558.24676260347,3959.4684766124,4614.40400562144,2507.2367512807,2459.79399651151,3888.38111121633,4590.09631521568
"254",2652.17576219983,2725.82201014536,2723.68185427048,3637.61104985658,4540.20359434049,2604.38575770263,2683.18272274101,3519.18106418269,4346.15658984981
"255",3055.66069240734,3130.19454156506,3080.66345417812,4562.19957609965,5077.59983604696,3007.89047975506,2987.10145269867,4430.44379576303,4943.36251666236
"256",3309.62397646296,3883.92513776865,3580.98242606491,7360.47643371997,5349.13027616103,3212.88809326954,3046.58381270248,6417.28380418121,5123.01889880125
"257",2877.00498553054,3336.22227480042,3215.56565487009,6418.08874667407,5309.91998567998,2812.60934073361,2744.24749740831,5232.87978523517,5017.13341035147
"258",2613.36876118236,2708.93960091603,2841.44397479066,3472.45695650118,4782.38341756072,2558.61738319284,2688.22112410595,3279.05033266555,4506.78077684259
"259",2632.79642345522,2671.64809904424,2674.70059829601,3906.17544510253,5179.50807260612,2590.16219906483,2607.24827923804,3797.53545848461,5156.88622183582
"260",3088.32777022363,3315.16134616876,3169.95233983881,5081.82224453708,6086.59504875389,2995.3594566621,2903.07721230708,4664.7770824902,5262.52918984568
"261",2666.49219840421,2753.57841021209,2732.79737099558,4002.40398102425,4725.622409313,2563.93461414106,2542.76094815873,3735.84301946391,4600.75441437415
"262",3278.77026412483,3574.20286386839,3552.78423346327,5416.40135534568,5223.64317817283,3148.21106181582,3105.46305926349,4961.31655136793,5072.5031781009
"263",2747.12724256983,2796.8870355163,2797.40472848591,4181.93550034831,5293.523702091,2704.09891759031,2707.49115717155,4171.93463780731,5181.53214579127
"264",2609.16812295038,2679.93277991243,2637.60962892878,4131.6545464803,5166.48051216124,2525.41472417924,2498.56046760627,3926.69815978065,5072.14006083654
"265",2596.26911267252,2637.57112276715,2649.57634728012,3631.13083600904,4774.18364303215,2559.34996548484,2573.33468073927,3545.60954266537,4775.24119476408
"266",2712.0601425002,2891.25916707123,2877.30906779754,4514.70717036965,5384.85706211135,2657.96144482224,2650.46209138131,4139.20590656458,5196.07985449573
"267",2825.97801934925,2927.91250828013,2966.01416808507,4121.66182477632,6163.18816095832,2747.60439165523,2773.5689763297,3907.83988369979,5795.41329462505
"268",2641.44098185318,2733.266318512,2872.08721788376,3659.3526610347,4825.01401761895,2581.18123133655,2719.11724438546,3444.5962092914,4607.63325467099
"269",3040.56310231919,3123.07312633504,2852.73039576747,6223.74446487826,8954.3412465336,3036.08699433936,2760.76408676811,6314.90292110553,8572.5712546773
"270",3016.89025942331,3173.52007050135,3003.04302672827,5420.00362938914,5216.83269658701,2991.88945535235,2834.67637087708,5304.65969828681,5290.20746858892
"271",2715.43100817933,2724.15949846561,2670.69118476332,4097.40914855441,5227.73589217313,2678.14820187145,2629.44914143456,4088.18886626988,5750.11611597161
"272",2619.08270289736,2683.84317859541,2653.91819867715,3909.35170376463,6104.62572982564,2564.34690504361,2541.99773521387,3778.23636709941,5795.77748143782
"273",3125.53905614503,3176.25309966988,2985.6706398474,4937.89272380989,5190.99736052381,3139.7512032971,2937.32099351886,5026.16817762353,5077.89206482346
"274",2740.6992638391,2936.19754471502,2813.83103918785,4913.33916822121,5368.72712623466,2686.02542038818,2595.11063882609,4541.99550622905,5311.98996646065
"275",2776.49834431651,2925.10187107369,2815.683298727,5206.10087881729,6679.14973425002,2720.3710600329,2633.9349830237,4959.45619818002,6683.19543413914
"276",3083.12041603653,3190.34970348693,2992.82208030978,6230.56838629163,5994.8543418491,3040.27074895743,2871.94909255613,6197.25593588667,5854.99561122931
"277",2733.50075226312,2824.67312349666,2825.62713780875,3967.96673802705,8728.13386068591,2668.20263167979,2665.73018471664,3804.04521318403,5335.58719027538
"278",2630.84041433635,2782.42027851513,2767.40219807393,4871.57378483085,5057.57647035104,2573.86441060323,2569.09733875789,4588.48793252635,4937.26659987684
"279",2673.20529269755,2740.42950179894,2732.29839351857,4129.98150869126,5328.93072990166,2633.24320558891,2777.40091052622,3941.36589259142,4955.90396540868
"280",2626.67336693595,2719.16464587477,2696.16692794217,3941.76796088961,4986.82255383965,2560.3532622507,2543.29558491848,3737.42653493174,4787.41883149603
"281",2881.33644383672,2986.15238225174,2969.86179215787,4087.5032620185,5113.85735911756,2787.41127736039,2761.15902325465,3879.41717712291,4800.84260801932
"282",2857.31200923107,3096.13800703837,2927.73518524272,5530.96315518962,5426.29748956107,2786.18512391099,2670.567497579,4995.97755048317,5191.78264222306
"283",2853.35958778919,3091.44127329955,3037.43771122856,5807.81281749009,5705.09765674116,2837.53644661603,2785.36965992943,5599.15955289609,5722.29692247254
"284",2635.11568528796,2795.36025718373,2737.03473579535,4252.40231898725,5588.76940779189,2548.33753864493,2522.97847188265,3843.30839656626,5360.54488416627
"285",2932.50082972672,3074.54063493313,2957.43682725896,5327.17882107846,6581.02251677205,2914.36954020991,2814.95078543816,5090.86601590959,6004.88147792733
"286",2541.09242510123,2585.37346280655,2593.32973447879,3431.49028259505,4773.27261021419,2482.65067511523,2488.03881880857,3323.05847068941,4706.27232345799
"287",2764.90893563988,2855.82870601178,2810.78255893711,3915.82009921389,5128.95417476341,2721.06610105028,2688.04591294028,3726.43744572306,4888.76622766659
"288",2652.60231353297,2820.96513112394,2725.20143323414,5192.067424878,10760.6603265389,2593.06639151301,2527.06424034355,4723.87755144558,10461.3963171463
"289",2771.9625063429,2962.39775681008,2850.11292488908,5535.93545780775,5220.06660014699,2668.83268974161,2592.11034591,4981.13001541243,5002.77883152783
"290",2711.59590903323,2864.22893890342,2789.87386603375,4866.67043628614,5371.51988633337,2633.54741345965,2590.93372028436,4463.6821798174,5186.78818653163
"291",3164.70462268546,3521.28251700271,3262.88662284344,6262.66972615752,5445.98477365652,3045.66529002679,2871.43212913927,5602.49529740359,5250.06890107194
"292",2603.51548519107,2681.48815288156,2652.19343334393,4262.97327518238,5157.77338735682,2542.43791334549,2531.95454335699,4179.88259019849,5095.07911417292
"293",2536.60979262555,2666.34833457023,2639.85319341065,3778.31167643017,5167.94898211553,2468.7927396469,2451.91355463563,3388.05024956375,4799.08623656263
"294",2675.15149171685,2765.15199860715,2710.59705006643,4597.44801617214,6060.20083188477,2604.86083186813,2542.21760856945,4539.69841670173,5871.91529144689
"295",3620.53362301493,3730.86352753226,3321.428425517,7674.78026382248,5297.35388155852,3456.13299835929,3100.47054458138,7788.08555342613,5260.28043220578
"296",2701.15058705349,2742.85343000961,2755.1189625814,3853.22667040676,4975.53150010065,2623.32686963108,2645.01412895517,3725.43547968703,4911.24969539504
"297",2660.48583864914,2727.07284031209,2728.86673880837,4112.64877375357,4908.42537406809,2571.59933084124,2568.24147247017,3928.9816562227,4755.37638228288
"298",2642.58564470134,2774.21926629658,2745.94860816136,3944.50088653082,5333.00458912417,2582.12649121728,2570.11752322528,3627.24568022938,5082.08554270516
"299",2585.86522132224,2631.66888139568,2624.81745874845,3602.22513896973,4975.78057199358,2539.15275816545,2533.81784749627,3494.82179285466,4867.15851506685
"300",2644.37097209321,2807.14509066384,2890.3345690915,4323.01937084787,5049.4200423493,2558.45664712089,2761.06134614251,4016.21011686402,4913.6128175811
"301",2724.94762532476,2788.39588664761,2801.81722131649,3934.52901217038,4919.26179637731,2673.81484970476,2695.76230598776,3804.37056890837,4710.61210473002
"302",2855.18699823964,3066.53587761235,3016.49506352324,5060.68099992598,5208.97629102535,2796.72873938315,2773.54501563162,4663.2373959893,5024.4929479598
"303",2949.86491986916,2952.49949671092,2927.46002659564,4489.52861755013,5236.80184067255,2949.05304694334,2935.8681677421,4609.21795357419,5183.80683570258
"304",2669.61824887079,2698.60200753815,2737.33813828036,3928.12735236413,5573.547916856,2592.97195806942,2632.25789642006,3829.06556784617,5386.51147639886
"305",2923.09339135224,2960.46305845471,2970.2471120385,4152.62431762574,5234.140639723,2898.7245002384,2936.96459686773,4094.77097210985,9715.48324520338
"306",2556.44661225719,2657.04667489863,2635.39512770115,3678.2933669395,5052.28915815729,2499.09507063246,2483.72653579951,3458.9458398009,4752.3957203659
"307",2533.25418324464,2780.43308857363,2782.28171535696,4446.04669780397,8153.62474118372,2447.55052127132,2452.61717466641,3967.63928146294,6466.52068643769
"308",2756.05706526746,2820.59753649619,2750.81187720446,5015.59184903259,10896.4347172416,2716.22395364984,2644.33265044196,4960.51490332229,7926.44274510176
"309",2876.8419251358,2997.44178310703,2897.47620207182,4516.42238734386,5025.51003063553,2796.41393035054,2717.27497633277,4326.28355779046,4950.556954991
"310",3035.48870917238,3048.31588865825,3084.74047529867,4170.25980341617,5705.83801605952,3020.28525817219,3077.51256708893,4215.01702292658,5979.12562294042
"311",2665.11617581973,2674.43079844902,2667.64283729605,3637.51718625604,4860.86341861808,2606.29394354565,2598.28247032404,3620.42140874789,4928.44637903555
"312",2778.05788848415,2938.79066305262,2793.3075954558,6364.47731553046,6239.88532135116,2762.4015461725,2632.46980780325,6204.78961734248,6238.67801991376
"313",2644.62216860326,2801.4296042868,2980.34077454035,4071.36684476347,5132.96520704117,2585.14671956234,2752.38964896766,3750.40270051904,4821.03263403424
"314",2822.12672243723,2876.83911416287,2900.71324664735,4021.55434594221,5004.50050959432,2802.60195051965,2838.43587498645,3969.703200884,4876.82510456281
"315",2781.31948408014,2897.35773921585,2860.90565554349,4325.10619701649,4946.89357904374,2729.30202509805,2700.73688133891,4060.27705527656,4790.5628043367
"316",2643.67134588329,2818.7619402399,2713.60632354644,4662.15735801071,5326.01039324223,2589.32669526127,2531.59185478009,4204.71196843547,5094.67808285818
"317",2683.51274579044,2704.4470307917,2688.31094135299,3834.79145237238,6342.35656484162,2629.17863231373,2612.79421270568,3823.99992838358,7016.93891369062
"318",2700.2308890322,2748.29091164301,2745.25297167643,3996.4285736765,4849.04209200179,2635.1125101362,2638.46567227098,3842.60026743322,4728.6859974558
"319",2733.93934714896,2786.47560425042,2726.00316627832,4098.95214573011,6550.38815681308,2669.12962460195,2606.44392597754,4014.99746207687,6577.86452908032
"320",2599.33240617343,2616.55894688338,2680.48460125155,3447.33751062552,4599.4367112085,2535.58373618095,2615.07611611397,3380.50068707854,4492.06858048201
"321",2872.19354961618,3007.98460131146,2989.9425792299,4383.75959890488,4273.25898768718,2836.0537447933,2813.51468757467,4203.13422535866,4080.86093448478
"322",2767.87365095657,2949.6592424859,2881.72259639079,5194.0265440369,5889.32757540603,2690.88111137146,2639.15129659229,4816.90430409631,5619.72896581854
"323",2896.19999994888,3148.33128718356,3078.53198782638,5527.22323313451,5921.48966001851,2868.45281296188,2841.05852512168,5029.10321133578,5716.72494919776
"324",2615.15473993973,2735.36502754416,2727.17507363924,3955.38798304626,5220.77906606419,2558.271156461,2559.31696369525,3700.027226653,5114.8313057409
"325",2590.2304108423,2672.65911730231,2721.49039907307,3526.42868840366,4664.25906520621,2532.41324761524,2572.71977130933,3347.33161207457,4412.05710149021
"326",3069.33314478285,3241.93387506271,3099.40534027579,5248.54478304174,5107.93532327983,3051.97365996549,2949.62498116763,4973.89779989819,4968.24008763015
"327",2817.64994611119,3016.78023322271,2969.32549867426,4752.82312732732,5355.12121123617,2750.00572329426,2703.93071843078,4387.06667073875,5192.39087913411
"328",2632.114005381,2773.64189732098,2667.96038615322,4808.45112936555,6719.90279403182,2572.73346040992,2498.53893200687,4443.97592508726,5835.16652254812
"329",2633.5876572794,2722.23602863762,2774.10895603571,3548.5304798296,4656.72563453681,2585.41908877485,2637.93064388324,3385.49387353664,4533.93328285562
"330",2778.16265633655,2984.22250733885,2862.88239417612,5779.42113652877,6304.40169375965,2713.09869324609,2634.16330153413,5173.97323121047,6029.21901796655
"331",2796.23114194258,3121.1573513605,2923.98764659336,7167.11832699139,7690.10728167083,2736.71902145658,2627.5710974197,6025.75841539544,7145.97216708613
"332",2829.09487436096,2943.68687908807,2875.26649096418,4382.6554642242,4930.38679487186,2770.36036748112,2721.91321996105,4155.15448434563,4738.06862287602
"333",2810.99638428899,2873.77539231062,2902.99379500878,3813.29614209203,4847.81865759314,2760.26268849898,2805.52777613437,3661.22929891735,4688.33673021516
"334",3433.02027942947,3624.22314636751,3028.52496155732,7892.19214029531,5757.5059519127,3337.39783859138,2847.06850324418,7953.62468114079,5805.26232623899
"335",2721.02203875112,2946.14604942744,2841.83106188431,5110.59364036934,6071.34616080006,2659.82659576676,2599.06364100917,4552.84291042481,6017.7180653611
"336",2590.40508868547,2780.69042573349,2726.34414894,5192.78035419769,5591.14741309827,2521.88654072379,2488.08284209439,4664.5186563351,5444.7884873929
"337",2520.95097614592,2547.2091055607,2552.82149770349,3505.8570058791,4955.14529374396,2487.84441611057,2472.2702024344,3466.09541825612,4871.35817058176
"338",2643.41055411617,2705.16921994023,2693.50185107419,3885.27963675048,5325.00927048561,2584.59758412606,2566.16261243684,3783.20535296534,5138.07573540421
"339",2544.45896068891,2645.96977357918,2661.81021039111,3657.03956338126,4994.97501754532,2483.47976885474,2495.63035047593,3415.30735119776,4628.51269053765
"340",2823.26240062441,3086.40755149145,3024.12711625075,5692.24202411015,6477.46654449786,2720.17488096682,2689.20587201812,4882.91811349409,5956.96437149712
"341",2788.19910630263,2887.14385843902,2833.69469455828,4268.49709098839,4920.48531649913,2732.64499556595,2690.85442746539,4061.45052738311,4842.57481993411
"342",2960.14012550014,2991.15705751979,3207.67706291422,3939.30767443235,4968.04438502665,2897.13755167825,3225.6208032739,3771.50832379748,4773.04918333313
"343",2976.42634654337,3099.26618305186,2923.72971873511,5530.73164450866,7654.89780879894,2919.54463081259,2760.2669652568,5391.88639514803,8930.5179392734
"344",2642.80652699973,2773.06066700979,2771.75134404782,4058.40146019069,7998.21860636053,2561.43105951489,2554.25130657168,3777.38768097936,6679.65741280843
"345",2856.19967918426,3011.97081511028,2853.40273711618,5547.5224361567,5240.98630461573,2820.30724279288,2675.90440858685,5331.35237425535,5056.25038262934
"346",3304.66287060362,3383.03271218996,3144.85526788498,6580.24120999852,4871.50360265461,3216.5133670955,2978.22413124932,6553.72068544602,4778.01586829188
"347",2616.22330387773,2746.21726221956,2748.75039408687,3882.5345648192,5446.74247554031,2546.70674760834,2556.650389255,3579.26132906549,5039.93867573857
"348",2929.74393718605,3056.12230970484,2969.09698034594,4648.42971463166,5161.75141165783,2868.27621507302,2797.8459891943,4454.51675940524,5085.16419933235
"349",2742.4950684076,2853.16346185293,2862.57791526317,3790.40426668235,5642.16843493774,2682.55350101329,2685.55886967165,3592.4724144519,5497.39387715362
"350",2880.32806199674,3042.6500692871,3138.38836436462,4435.54025520007,5112.55709530747,2804.6620825129,2854.0806795969,4164.78567814611,4957.97356775161
"351",2721.45015061074,2793.0153392081,2784.90861692472,3746.94381782931,5540.2750107314,2673.50244528042,2669.79876521964,3604.63730975724,5450.17769620501
"352",2508.33923943619,2622.45732231246,2845.844905374,4146.45433564149,5769.40639815634,2462.78929506661,2433.63926420856,3835.41577366929,5563.34713831289
"353",2925.73458008061,3144.85745031599,2923.74028528981,5575.22221051317,6978.21661042869,2870.62261631551,2704.34710287948,5170.54474587942,5915.00929487145
"354",2781.56022043693,3089.51541843154,2999.55418353552,5087.06215571472,5933.81117378951,2729.91942463022,2682.67221628474,4515.54240270231,6229.05147480646
"355",2678.87038983169,2837.94025755997,2752.93204357469,5117.94314921239,6205.26609629825,2617.50195620505,2544.97909464237,4853.40966597294,5913.88802673819
"356",2783.0439898469,2956.75853954078,2901.46202990737,4758.59494964304,4967.90921222023,2709.06245706303,2658.67424167517,4453.22013878683,4820.29180862782
"357",2651.92901512371,2711.87509643752,2708.88107996417,3550.60947011136,4618.96857208593,2581.36391971031,2577.27138031017,3398.70832638997,4454.5898645063
"358",2806.50559712478,2860.94571394169,2861.56982017292,3978.67521635996,8324.85493168684,2716.7998427437,2703.63861126342,3881.67337553649,8261.85035858557
"359",3170.76358344725,3303.02861826016,3634.49527028842,4747.83274975043,4936.18643649109,3051.92396958932,3267.05174557477,4492.27299608723,4755.37887710963
"360",2873.93234328037,3218.62382076633,3040.91243551726,5925.11802188495,5833.63102232628,2756.35515704104,2675.60265273496,5059.5967917029,5661.18289264655
"361",2907.33669286846,3086.01263398815,2958.71073195559,5104.42147735515,6866.08153399307,2808.04812817188,2703.2637688456,4783.46261659819,6695.31726882812
"362",2516.52418652692,2547.87441616813,2553.450681314,3348.4249761636,4703.17071553914,2455.92360075753,2461.95756563517,3273.73929688764,4594.51075495156
"363",2514.34206145322,2600.02176581947,2583.71587715231,3640.65378452976,4351.52698617063,2445.78975757483,2433.52415007322,3448.7086770399,4281.14536864784
"364",2715.80712318906,2858.09604674841,2813.25840974921,4696.40524392072,5032.15147439539,2645.24972711648,2606.19530864321,4423.24281321215,4771.27826177052
"365",2749.20195341357,2847.36413771546,2881.96815461597,4078.91477290413,5172.54477557106,2681.57948767289,2727.30424425016,3826.56277471142,5039.25995261699
"366",2917.33709346478,3090.65139247573,2938.79940867951,6678.69799434403,5534.74418705966,2847.96058813283,2982.13849721522,6177.5207635667,5433.24006351522
"367",3166.209322509,3443.3028314301,3145.18290007187,5840.39037690301,5399.52995482914,3042.47001434546,2833.5105661227,5278.23681880809,5094.09665599868
"368",2777.99110854313,2838.13159437287,2835.08184599014,4283.59062152196,6850.66807749926,2720.36693817147,2727.72703269445,4167.4754102911,5226.34085572411
"369",2769.25853259263,2900.37323476296,2895.00135636702,4037.25269798478,4864.2059241304,2723.2640726349,2737.43929042494,3768.7863967532,4595.17061583787
"370",2893.93580401349,3139.40628102486,3136.3466513366,4772.6686838905,4726.26149493404,2783.44368506174,2792.30167777409,4323.05826258565,4575.59524567236
"371",2965.34077303689,2911.58005911094,2925.97647385063,4009.07490438945,5761.53131842762,2943.76631551432,2966.39877896601,4095.29755776088,4729.00720340014
"372",2728.32645764601,2841.88217850767,2857.16265316199,4527.35428949082,5231.98767540278,2631.30543940489,2665.97293107546,4201.91997936473,5026.27883879751
"373",2983.08335969024,2955.81476728255,2822.15717065995,5645.97625063665,7179.27204060842,3001.0680363417,2819.71474993415,6640.06322660138,6391.99056471897
"374",2893.1094074949,3180.34077409165,3006.22124886928,6387.72204605486,8817.29646567705,2829.96386962106,2710.2897543852,5641.1814942477,8088.17184282717
"375",2610.95232457669,2641.73148984351,2660.62322852808,3296.84152514343,4052.56957676616,2542.44317384081,2573.55048909812,3169.07333639397,3957.63984302429
"376",2607.4497955873,2702.25694264914,2714.09550178726,3646.5755180381,4688.94951424196,2559.76508337862,2575.08487524307,3437.58845101551,4228.69488605472
"377",2621.02191071252,2717.45450110942,2732.20608479274,3835.4084944819,5206.73327461003,2562.85027571962,2576.3023666573,3586.31960190866,4969.55323765076
"378",2699.10513022005,2740.70235428827,2792.45200890983,3635.42898051804,5200.56471257563,2636.49262250186,2688.80401456435,3515.77557355719,4699.58410102229
"379",2601.20598271794,2680.16969935505,2711.33102562153,3521.54136619542,4644.01079674131,2533.68940036424,2562.93282282063,3336.98217214355,4377.73877226789
"380",2735.37032798328,2773.80303935979,2730.62664998714,4050.06470073104,4666.83500839323,2670.22371525105,2641.5729659711,3938.11039989769,4481.90508110539
"381",2671.82501471275,2726.61096822858,2739.10793584633,3672.27578063013,4766.34777080848,2592.77426253805,2612.57461708617,3495.72508314102,4602.34479670146
"382",2774.49085630556,2821.12548449963,2811.31210643313,3908.53897250517,5410.11162569192,2707.21138075909,2703.96082052242,3796.04251559623,5394.45951233091
"383",2503.36799421952,2577.18759023044,2576.4806792312,3610.99526729284,5461.13262990854,2458.06566621939,2468.46192983748,3419.44167447213,5201.94182674236
"384",2637.40355436325,2695.85471544996,2708.79843957644,3548.24232764839,4984.31233011371,2564.47341495827,2578.31671502382,3409.31822365447,4991.37681284229
"385",2579.7099853898,2774.15968529629,2754.18754685862,4545.0194346441,6368.59224216934,2553.63939969466,2667.59535348441,4213.02819854102,5452.05013829504
"386",2547.73035398766,2604.10235761851,2604.56881100733,3465.85394632454,4638.97592525772,2485.77843803403,2487.42227952363,3316.97138796773,4495.09520621601
"387",2782.01393827011,2912.17946742553,2868.9685689822,5118.66008723776,5679.48832642342,2729.04125699224,2697.05131694247,4846.38005229124,5526.78659629343
"388",3019.00400025017,3305.84251385387,3292.65978174523,5642.60600798903,5141.88476947587,2910.28053503652,2847.59774553578,5099.69024347698,4945.13763923835
"389",2588.21933750461,2706.87651348693,2703.67894372587,3719.13280671937,4696.51847578623,2546.22039939515,2542.77089103086,3518.00837707081,4447.4073626333
"390",2803.21159261495,2901.66418348703,2834.19073269643,4783.27925402117,5021.09689864971,2746.35254908023,2677.11170851336,4626.63595230633,4902.95618218937
"391",2728.03184074178,2841.98710564845,2871.1250756314,3941.32694579018,5206.63569416269,2663.61674685499,2687.36993094377,3730.47751872457,5022.2778456423
"392",2748.45342655107,2759.2424288279,2752.34068126789,3568.85930072002,4467.88093561609,2650.05136080058,2643.84429500969,3456.90382018522,4302.78857783004
"393",3180.42011970108,3403.05665007726,3207.70179487613,6402.73519098465,6896.76791905771,3173.06551538935,3053.31539270552,5973.23003062341,6007.92476416736
"394",2619.14134400638,2627.80748936078,2621.14556041498,3587.48357867581,4897.25816055325,2550.72337426817,2537.82588631704,3543.79431565389,4897.96912280327
"395",2646.45323282398,2836.657534425,2849.7526543464,4766.38253163807,5502.48728216144,2573.05453974495,2585.88187750827,4329.90574569471,5298.04648032156
"396",2662.28820694705,2737.95917491401,2703.08155160657,4495.40034406563,6156.16849070812,2618.682927523,2588.82889065405,4415.2524546527,6035.25518340988
"397",3066.46193879683,3253.4814149409,3070.44823467542,6338.05005744423,5806.50838387253,3010.20123330251,2862.60007520291,6094.35878465241,5677.34583742224
"398",2890.70936386189,2980.8153846968,3036.04061117632,4016.56363641781,4554.28805802377,2826.33342662144,2897.92865685164,3799.3746513407,4432.33553296982
"399",2603.07597264141,2723.85178366911,2774.9546380048,3914.48953911432,4799.30939517705,2547.80638991308,2580.79109136472,3686.58612031487,4530.94048264619
"400",2657.02360892057,2730.21395602864,2798.16438240243,3680.4306261674,4648.25111878849,2584.4898638842,2655.57482461195,3494.2530768026,4503.86909333917
"401",2754.56590564992,2828.27833832018,2847.74277156393,4051.81747485058,4974.53394572628,2690.33366191879,2710.4446672767,3864.11566961526,4764.30091345176
"402",2831.04248110561,2831.29412692032,2827.95850705388,3849.57867519334,5314.19432543479,2741.114726761,2738.67592013508,3784.13282747148,6316.52708800636
"403",2771.91285359309,2935.98607515903,2886.76237002436,4807.52638076466,5746.62627768183,2690.29310196117,2656.75989422885,4340.02509439082,5479.24066255523
"404",3068.15330988385,3403.57418199178,3275.09987623824,5835.24684407776,6196.41785193882,2959.12156011436,2866.64579933847,5160.89750505053,5386.31455546498
"405",2695.20738902966,2825.81845109028,2807.79469061141,3827.93702769193,5310.46849395156,2625.45038837628,2634.64312111128,3582.44582525065,4974.70834763824
"406",3095.09803752927,3165.7584097961,3144.394867984,5087.44667612166,5156.44041040527,2984.16330668784,2961.74225635591,4814.35659388935,4955.3837499986
"407",2586.70418379714,2664.28310287523,2651.02984289602,3669.09471489019,4986.0474044376,2513.94692991784,2505.04376184138,3480.41101627393,4883.587428576
"408",2765.71313049248,2780.89307231739,2799.46242803644,3821.42669226941,4845.27978401055,2700.82872123672,2728.95517666197,3706.2617763289,4657.1754750667
"409",2609.16462808141,2771.16158938653,2746.67948964727,4738.78363680446,5364.76638620163,2567.7712421917,2550.18537901114,4439.85242218943,5174.86183006378
"410",2721.55459566169,2853.40320164883,2933.75073904921,4239.14568721673,5157.82461582147,2639.6824999453,2697.96204010824,3965.51748942539,5015.02864270613
"411",2754.85321159618,2785.66115492755,2800.70866541651,3823.46048880943,5175.00911948392,2693.14767977173,2774.55890415064,3743.77068077216,5088.05766971225
"412",2836.69376367563,2901.96170952971,2929.92817260742,4073.13496699422,5036.73472847024,2818.56507936289,2849.44940497071,4006.48153586918,5144.44824205293
"413",2813.8287609402,2874.87597855876,2857.76518808838,4422.90883421051,5928.69034551368,2743.66284840061,2751.68506687432,4263.83150088181,5907.52797916806
"414",2685.83562966684,2684.95596283562,2657.33474411289,3817.21595244958,5075.69931958994,2614.11679590202,2581.42235216621,3787.13105549335,5277.49463712708
"415",2707.02934102343,2875.46692963623,2747.68517129883,4427.96256850127,5399.98043901634,2626.41152646642,2526.14645059189,4089.17527768567,5043.06986282701
"416",2785.28813817153,2937.1994017316,2848.59611535739,4899.20880013546,5255.84056853101,2798.01682576996,2710.55219603008,4859.2975775162,5137.89673983574
"417",2709.40933510997,2987.12902055695,2944.87704837961,5128.44404839071,5225.72665927228,2651.59698795032,2634.36516765797,4622.62056597432,4987.24850578767
"418",3117.36488130107,3367.13238026089,3299.85791792188,4604.60393911672,4401.10385708004,3024.61041896917,2964.4806637702,4218.09979774188,4281.37537184272
"419",3645.04304829988,3543.31674766328,3239.53078123853,6388.35069581898,5736.75547933206,3664.36773405191,3317.5346545193,6832.19980109751,5386.04814896853
"420",2570.87751704059,2617.86135979659,2605.51970066167,3307.43245968587,4368.9005854752,2511.4573180344,2502.15836129276,3162.12659514777,4165.79535688405
"421",2691.5992827062,2766.66193607081,2731.08374385507,3925.13224240142,5648.32558592119,2588.55247241965,2568.8930633019,3671.92615497528,5344.33713929079
"422",2655.10061750681,2733.02006673513,2687.66980388997,5031.63703642658,6050.78929046851,2603.60999719911,2546.63939557426,4982.66257245814,6053.58265426933
"423",2857.52642101671,3071.26253991198,2965.97497209288,5042.05336565396,6380.20120970289,2763.88895389276,2688.99517460287,4622.91087028285,5759.93010207575
"424",2557.81470945303,2670.50415362077,2653.51480834448,3971.52637455715,4851.14362208228,2497.15436884599,2478.62710938755,3704.31798783837,4608.43021417763
"425",2843.656460004,3108.46854189278,3109.94010382913,5078.40672543744,5420.69019722582,2767.03311560517,2781.33372095844,4534.50008501969,5196.3750555189
"426",2736.65896211505,2808.88057267675,2772.92902939946,4048.67949491347,4969.435098792,2662.8771843151,2629.84126969404,3885.81256096531,4944.33762756118
"427",2510.90572433326,2631.52502605503,2643.36460607656,3716.37909008406,4783.57721425394,2448.61382564851,2456.58148590104,3460.86565169087,4541.4934685367
"428",2834.07667113467,3180.67666305678,3036.45440290484,5495.23546206284,5358.88543629411,2756.57558473472,2658.75996129419,4846.06209308893,5131.41047351313
"429",2852.91507391254,2897.99725738646,2875.56994986729,4601.78877755949,6835.50076279371,2817.76351183277,2765.73954382876,4569.75919861011,6817.21894061904
"430",2605.21441560787,2632.62406921177,2621.66864367492,3812.19069614471,4543.57632056114,2562.77567444631,2556.94937949198,3790.67560212255,4455.60442546138
"431",2720.51266567676,2788.86724793983,2761.70485493475,3995.97544516968,5569.20329159383,2636.90055893967,2617.21556815205,3791.0863747443,5356.17860872523
"432",2892.88902369027,2901.1704623068,2990.80637486452,4149.96486643494,7412.24293939555,2891.3383739388,2997.19331396343,4264.29626196217,8564.76077958115
"433",2659.788246867,2766.00800786989,2741.46180016125,4503.19411448311,5071.38293576462,2588.85398980728,2561.20875406293,4272.18692357431,4877.85219718869
"434",2583.2914684485,2595.92926435755,2632.37084362372,3453.38808622302,5020.54664347139,2539.88867855849,2581.58265839074,3441.28387457664,5168.29142467152
"435",2937.34143449826,2997.20289806514,2969.7916773186,4255.95158230755,5991.01307748553,2890.21127101601,2883.94196903213,4163.25835151633,5852.78004176569
"436",2580.33730142139,2593.49793043623,2621.51996689045,3309.11729043886,4548.97645872979,2508.36430620699,2548.07406946268,3217.40182411984,4398.64273920705
"437",2562.93209974593,2642.55525042578,2599.73887488966,3792.84152653205,4633.5332772265,2512.97622219426,2473.08141272927,3646.04219648824,6836.39979566262
"438",3204.30050435915,3618.39591365909,3189.64318184299,9350.17876152346,7311.53818700082,3121.90913230754,2840.72685221572,8125.77529092626,6539.4126253745
"439",3281.25873223083,3155.72582767807,3113.13110903998,4518.62854703582,6506.41127658677,3240.94086700589,3211.18227991624,4679.94842159952,7582.67298513506
"440",2596.99429173714,2709.44865146221,2728.10114747836,4154.71116439543,4786.76766525017,2508.75074329361,2580.35775409053,3860.58963346823,4579.43663647476
"441",2637.97501740476,2794.41885079308,2700.07175149492,4563.65171721135,10309.377682691,2601.76659066516,2525.33855430841,4297.85384237283,9106.27798587289
"442",2779.93613126699,3005.97584702673,2927.83030050546,5288.17078745275,5349.05911870727,2753.14396744766,2681.93112907885,5024.56158970607,5233.15964352747
"443",2692.54334839648,2786.57903954177,2710.7255054366,3922.6556737266,9131.62667602517,2667.8619996184,2597.24038037789,3791.04779366481,9931.86385062174
"444",2659.79337358641,2783.02637824153,2780.27498134939,3972.44052270858,5906.84573330697,2576.76463557488,2578.05410784933,3704.20233190852,5469.49703004047
"445",2730.33620886866,2854.91178837276,2782.05700351875,4201.056525674,7309.16659346321,2662.00995026385,2620.9229744876,3896.95585246915,6807.36081281474
"446",3153.19871884812,3333.29845763373,3209.22738888639,6228.92014828437,6453.23211975599,3093.65430077396,2984.0705618695,6019.28477737433,8293.71380437443
"447",2789.08338395565,2730.41746712708,2637.53078590013,4924.19534144952,5675.47312000564,2829.49877556966,2675.7044291591,5585.61410575047,5791.07730392525
"448",2740.94287066581,2815.79599671147,2881.38394051729,3567.77680217804,5327.09610827854,2648.65598868602,2712.24130115945,3387.04348456335,5238.71571706366
"449",2902.87882583791,2961.8248651989,2900.26546281594,4211.21529634325,6675.16327152634,2824.59517961883,2761.18504354697,4086.82784315412,7055.45598135681
"450",2656.60600474834,2717.046521366,2690.10475095486,4285.44347607553,6508.43028879068,2604.75525475143,2573.55779139797,4262.62091811437,5960.659358018
"451",2588.57229625596,2697.55130254745,2696.60595619464,3711.9709597161,5791.10847719656,2515.99562665606,2512.15737824924,3469.66409647839,5480.00951324373
"452",3072.44533541021,3107.81155870294,3167.62660704225,4743.10247914568,5047.84879982395,3042.10610869321,3143.82890544328,4728.74657369026,46462.2788023711
"453",2761.52221659063,2768.64278694496,2807.06571454631,3896.12149752588,4982.25461657272,2705.50760319116,2774.78346224502,3851.49072670841,4962.8733490994
"454",2716.566889925,2769.82292681208,2879.94803342585,3541.24688490673,5177.74695558229,2667.10427699164,2781.9302582498,3402.32674740109,4473.14710477872
"455",2641.11616338544,2741.32809536799,2688.42453048996,4247.8620639212,6471.66196126678,2559.26198193626,2517.19697947593,3959.10628280849,6292.12481673448
"456",3091.53565442093,3192.4784351737,2979.72576663399,6218.29081129426,4740.2452493068,3010.88702159823,2820.16891038415,6182.31369810149,4587.82867765114
"457",2620.84959686905,2681.79088672245,2661.6527374138,3655.63456512566,5391.47231558289,2571.33507662938,2545.19020179221,3548.00293829667,5585.86020528378
"458",2631.20858151109,2665.87668638784,2629.72005061975,4158.61939707934,6825.09198948698,2569.27985976755,2549.3488893051,4055.78501548826,5947.06240992374
"459",2549.35750300626,2674.903276159,2592.26729362275,4922.05921421411,4739.29647531578,2483.52670839551,2421.38183552609,4670.00325054882,4624.10541832406
"460",2696.3546724842,2813.3808831667,2711.72263163682,4546.10856782927,4831.22535028393,2589.82216967713,2517.23275617405,4230.44161493842,4660.66176797802
"461",2930.87157241133,3097.47195956811,3119.59298724058,5339.56105139338,5487.36385360365,2863.53652260819,2891.99072149175,5050.66185727059,5308.78404960507
"462",2703.26932422855,2759.66501748613,2723.70921289527,3706.06788483233,4633.09622610595,2694.14319780986,2651.39059424403,3702.70172373979,4560.1769267709
"463",2683.6752561879,2871.74572579486,2818.43602286228,4916.97905970432,25785.1132145669,2598.57518486787,2560.7940710267,4424.18193311531,15361.782860976
"464",2733.83714934236,2872.4263066813,2829.79769325964,4082.8258646333,5090.22021959562,2659.86541032501,2637.17239927611,3766.90006422759,4776.46612401323
"465",2793.12237783163,3092.71786314016,2969.37770056433,5604.6444303473,5438.51042005321,2693.59833531845,2638.0878261292,4873.39999133393,5225.63842831227
"466",2748.54293797476,2732.16765181677,2750.9245721961,3594.14248521384,4737.57696893884,2671.0688887554,2721.07140389126,3541.51232699505,4780.28991941098
"467",2682.20094862876,2739.62912263917,2802.85168220935,3650.03971417102,4646.43040474183,2659.0569731757,2722.80936670568,3582.47889960729,4554.36988707352
"468",2892.16601142566,3010.31052216527,3135.03668274635,4984.11096419416,5621.95021762073,2786.57732315062,3149.25328821728,4617.20049099977,5407.00374868513
"469",2637.92276872958,2690.56403386706,2673.0520260368,3859.01526259994,5333.86308418237,2588.63090490102,2585.72129888552,3737.92173665374,5237.4206701971
"470",2594.41161148736,2624.8880107438,2655.58989820471,3379.86011808049,4297.81655560328,2525.38432072915,2555.43228843084,3287.45075228603,4051.02740684358
"471",2598.2020959674,2665.38857732972,2739.15825111812,3818.48711574041,5142.05074557097,2548.88562621401,2617.0606895507,3674.59414722761,5019.00180543
"472",2743.57505432478,2778.16307604388,2778.53076262618,4013.87862753849,5068.72149940012,2682.59941423337,2690.16079948207,3954.73540580889,5007.32542061175
"473",3001.33803346556,3405.22682089826,3166.42898021525,7439.07791049718,5607.38201775843,2914.00083013393,2767.82309464306,6618.30412955096,5336.52162296386
"474",2527.69123938047,2585.43434987292,2578.650133135,3420.87743428075,4391.90307339837,2466.94194379021,2461.05272997617,3286.71262633118,4283.63965495244
"475",2766.90371536431,2874.29478622218,2891.86562729072,4282.04930920917,5831.53732571297,2706.99391796466,2739.85292910057,4096.64371816667,5820.53031646327
"476",2662.77949137066,2734.41664779357,2713.86271749862,3973.80881851512,7183.49525482968,2583.19115777306,2556.80277171068,3833.9712728919,7766.63369036184
"477",2667.32682093185,2808.5262074573,2803.82619797896,4229.94458944299,5194.01742644383,2614.19325517764,2664.97134109938,3902.94210575335,4925.63649664446
"478",2820.15435129716,2928.84452011425,2902.73777923421,4306.77899770152,4995.29845211818,2738.36070800677,2727.83523824874,4074.06937992897,4847.31815064382
"479",2734.40953711186,2941.2977113566,2928.63483566023,4279.03726820931,5164.03606918426,2659.4070933331,2657.62895928153,3843.65219779562,6011.64432098219
"480",2966.47629773003,3071.24033800485,3081.81237665682,4701.62058881404,7403.50942683214,2858.9931157678,2897.21150661209,4365.57972072305,8226.48018110604
"481",2674.09602749121,2713.92826343634,2806.62274313037,3750.57208977876,4832.17239816905,2649.02705086299,2773.358690196,3719.31806098197,4751.95914002637
"482",2717.120546196,2819.60388665706,2877.27168522018,4189.93504112156,5178.99830225945,2691.58865160383,2789.45830170004,4016.69647396078,5043.59640573711
"483",2666.57942779557,2738.42780742623,2808.65937437381,3524.3256155136,5418.79821923871,2597.85655437718,2666.90758127697,3358.23599916084,5320.56370870306
"484",2641.29409388149,2755.2380825584,2752.85795946243,3882.15045378052,6482.10433044537,2571.22772678826,2568.16316399835,3647.9387277309,5002.60709384042
"485",3160.00378477135,3364.4240197977,3602.36633427823,5017.96846737329,4925.11279725523,3049.84634233634,3229.0262310531,4663.57967720468,4677.6346449839
"486",2871.64591204947,3001.57301613422,3031.62914473594,4473.34199821076,4997.91654542387,2874.04836407211,2905.6748707407,4378.11777070592,4835.96377841424
"487",2552.39804012023,2682.36187471238,2619.0232268187,5182.45776559423,5284.72369440567,2490.07981450715,2437.94518498062,5013.1345607464,5386.38626106483
"488",2583.98871430414,2803.00518132704,2629.52011075975,4712.22142315115,7505.28035042818,2564.66058828019,2434.06990261148,4297.74071098336,7175.59658647939
"489",2572.8731210211,2583.32938395568,2609.94542130659,3346.66330170359,4896.46465223725,2518.76220564477,2557.32069631703,3274.20643227953,4602.50063855259
"490",2805.86336763105,2851.83932337746,2749.06469396717,5320.51833235285,6820.49446322109,2697.33747708959,2604.16146691549,5308.22761649711,6367.3158243627
"491",2630.14701150314,2685.91993259776,2687.72771287901,3607.98919354484,5062.77191982765,2561.64378384453,2570.1889945643,3415.89187651634,4858.53724882935
"492",2802.30545797349,3004.05937458917,2877.032498606,5611.88578800621,6478.53783151669,2747.12182392925,2662.00135097266,5111.19052301135,6112.93843491899
"493",2591.84056911013,2681.75491336041,2757.87113875201,3857.73158448671,6500.63930654246,2541.85953740061,2545.83016120648,3633.88072072397,5105.66607077003
"494",2699.77252710869,2840.52046956591,2846.50010562517,4387.05366075746,5151.61439199013,2634.91070248165,2685.03758136421,4048.0872089715,4987.74118540809
"495",2930.26592355755,3020.06068409284,2976.05030444231,4324.67169276871,5452.45548133369,2860.36431599535,2810.94699488186,4181.45303614974,5407.0123464065
"496",2732.95477802325,2830.43000275706,2831.86047249218,3993.03547572484,5155.28396933423,2673.62534572863,2686.42428414939,3745.20628179966,4906.29794807518
"497",2696.03767836053,2798.01237311656,2724.27402924735,4285.11539203514,7125.35043417567,2606.04022069308,2556.77015975337,3972.11564894045,6949.68971605927
"498",2757.92386272046,2810.53895072539,2779.16494027954,4290.98975017803,6928.88840981633,2727.61131467202,2678.59887520307,4338.66374554797,6202.3417225923
"499",2897.60915927013,3026.92068549003,2906.51405140778,5509.75900653901,5173.30959538861,2788.34317226467,2681.57021344552,5312.30660845134,5007.79389048144
"500",2774.33572152169,3003.51751844037,2898.60278621127,5635.30423569313,5090.94820055723,2678.35574082283,2602.25910243198,5002.71499506535,4789.57852413894
