"","correct","wrong_link","poisson","negbin","ztHurdle","Hurdlezt","ztoi"
"1",941.547178500926,943.395163661369,767.849560865011,886.541691701685,1115.71882131954,NA,NA
"2",955.997671882527,955.860102793791,750.887941255706,869.425548019858,1082.39542549558,955.804079069073,955.804079069073
"3",936.582019450017,936.495065807178,744.92945677327,853.336966412092,1000.67288521471,930.876778796358,930.876778796358
"4",951.412935162611,950.832117243619,749.392415641088,902.120263389006,1068.27939877705,NA,NA
"5",911.076417428746,910.3179621178,756.019547814622,842.638450558905,1092.81657337036,NA,NA
"6",924.82154566578,926.737133122088,748.965679545506,852.377523265067,1045.7807808615,NA,NA
"7",929.092046477128,928.930147818665,745.436774523369,824.861024024189,1160.76142608074,922.337559403697,922.337559403697
"8",909.371594433173,909.309748917793,736.904419082105,920.050397487568,1068.59202708882,NA,NA
"9",949.544125721923,950.451163717428,773.300851697361,893.178529788379,1176.16719225473,NA,NA
"10",933.975400837492,934.02045076339,740.119202818623,937.371927215277,1087.53964304826,NA,NA
"11",1019.65268764293,1033.86627252391,792.515010231715,990.588994624704,1277.84321834633,NA,NA
"12",925.772297002237,927.131242536223,761.031879011333,883.304247508986,1020.94053048312,NA,NA
"13",932.284369447978,928.580853648944,758.818560940206,871.635886517633,1098.86290694746,NA,NA
"14",965.225350590773,967.163708393871,770.992728641948,943.1741448195,1171.60528542079,956.849938541293,956.849938541293
"15",984.307309677781,984.575764896272,777.031985266226,881.271856636987,1179.92199159249,NA,NA
"16",967.836558491796,986.035177332144,756.123561485824,857.835192383594,1173.06625996804,NA,NA
"17",929.924975629367,930.216198632057,730.331161687312,811.584048672958,1037.12769682393,918.669412191824,918.669412191824
"18",907.571117491303,926.450218003103,740.165311043848,1014.88092494277,1129.76182725204,NA,NA
"19",920.447779004702,919.183737591235,750.708988160568,869.131529504254,1104.87887387474,NA,NA
"20",946.16258497081,947.195903538902,750.536468813218,850.23005181459,1106.19798768754,923.706408307926,923.706408307926
"21",1035.16704210659,1036.6138466516,772.622389241865,882.433992561652,1128.87712486587,980.188124984781,980.188124984781
"22",949.117955606528,948.466228681875,752.032109287487,864.8578011545,1114.1267613254,NA,NA
"23",940.046587213136,942.782549799848,753.449881814164,893.238055411946,1182.60057906444,NA,NA
"24",979.611262458504,979.86326174256,754.503874372924,947.747332704799,1080.57510260593,NA,NA
"25",974.225740289434,973.729911649842,770.469617428179,876.125266767614,1134.30008617624,NA,NA
"26",1062.20342161396,1062.59162402875,765.862848616745,1005.41637294496,1272.41423935873,NA,NA
"27",897.037267177349,897.922936573659,740.381333511157,848.244148139992,1014.32971774281,NA,NA
"28",991.606309976819,991.528562355123,764.959739260722,957.595097809763,1131.96815328248,NA,NA
"29",888.94943651684,888.977858326765,722.456294252691,868.294030990652,1011.6342385272,NA,NA
"30",1008.70227664264,1005.99112226499,746.814678157713,970.107993337026,1142.71082172183,NA,NA
"31",955.745966080644,957.022306008797,761.260275126289,910.154664573355,1068.99277164067,NA,NA
"32",960.456842462346,959.728442027077,768.283357592569,1069.74746739139,1173.36760627936,NA,NA
"33",921.869754840869,920.731199803291,742.133411278999,907.792614065328,1010.03662774182,908.095388466137,908.095388466137
"34",935.461662676322,934.791975547629,746.441221728606,837.753692678647,1092.86980896878,NA,NA
"35",970.026103132349,976.581120501942,739.667114114437,952.496397471425,1024.21760258671,930.933292557357,930.933292557357
"36",913.286796150051,923.110085135168,725.544881190285,909.128840703495,1115.33807817238,NA,NA
"37",967.90695917812,968.525279863134,772.328854196894,921.125528668886,1211.3959678517,NA,NA
"38",948.771576119073,944.813810721317,753.523334489485,874.983718716394,1072.45243630098,NA,NA
"39",1003.29101491593,1004.31459789155,757.068972898464,926.543691316792,1176.26331196263,NA,NA
"40",965.44150629826,962.755143843526,783.161976955479,890.654340566664,1311.54952392392,NA,NA
"41",954.539793423772,958.044357941266,773.890369375086,979.42884885232,1122.33361377711,NA,NA
"42",973.245085470294,978.429746639599,758.958351027659,936.826258553327,1084.25744828541,NA,NA
"43",907.858429837497,908.605283315362,744.633307062178,862.850843173878,1041.24068019635,NA,NA
"44",934.106074705071,935.446989790202,748.2904430482,874.37348970258,1037.52163691141,NA,NA
"45",950.4342186459,948.580473044338,751.76422392836,914.6897127339,1168.93013868306,NA,NA
"46",929.644760650146,932.31291379906,756.703557667751,905.768660331971,1037.62866848581,NA,NA
"47",946.58967071759,944.879765076215,750.184958190335,853.49817209497,1031.56038476127,NA,NA
"48",969.907105283064,982.264141543156,762.084195980247,999.476559796437,1167.91790791934,NA,NA
"49",910.53165034519,912.413321386991,746.841024919944,1029.75999764157,969.245477337476,NA,NA
"50",1044.85951665841,1024.45259858121,780.426162926342,1007.24386931551,1291.95120837529,NA,NA
"51",919.765376156567,919.100203956884,744.490027461719,1057.89452685696,1095.21960672684,NA,NA
"52",956.388405352545,957.465505891868,758.413793768253,968.956565871723,1107.43333720067,NA,NA
"53",921.120914602789,920.258224944015,748.948561915837,926.265166909706,1035.32754254053,NA,NA
"54",922.463565941078,929.070148228446,737.32416401876,997.527863466888,1189.23053727336,NA,NA
"55",915.598967264243,916.109976866401,738.694085350421,849.790687542856,1055.03608730841,NA,NA
"56",969.012571459619,967.526611760528,744.911164296651,909.533322566036,1111.38527824423,NA,NA
"57",1001.89175406533,1001.98228753591,775.518408693627,905.234520612818,1136.18663167274,NA,NA
"58",930.414362307704,931.716814243254,750.072450995952,907.144851341274,1118.69259328018,NA,NA
"59",960.739866636953,963.115863229551,757.834173311449,894.267870247428,1116.20608051114,NA,NA
"60",982.974379741234,983.095565129229,760.038419569255,950.080765917258,1167.14161096994,NA,NA
"61",1020.94902681901,1020.30232693207,772.223055164089,979.117778879198,1133.9221992923,973.184176907527,973.184176907527
"62",988.23603278953,989.582880760574,770.894052532626,1113.8297532019,1088.54081606688,990.91532814907,990.91532814907
"63",1006.07820439929,1006.31934930764,770.642161221383,948.750330578517,1264.11180280636,NA,NA
"64",939.072868271951,940.50078382053,740.077728604265,991.084924983631,1058.13713371207,NA,NA
"65",891.731924945557,894.881898932329,735.422441789196,861.400362200564,1112.8602402268,NA,NA
"66",936.823347065672,935.461663043044,755.284237854444,825.783551212592,1087.0225583048,NA,NA
"67",1002.07082826283,1002.58941271416,780.468040414387,899.429025037113,1207.4911980047,988.79331006669,988.79331006669
"68",960.012377567066,957.991796684835,763.705305071922,860.821450969611,1153.81134144293,NA,NA
"69",959.757459620246,958.393953962656,765.971134539805,908.818289669526,1098.89303643077,NA,NA
"70",926.077679812346,925.668082284251,741.467796588938,865.320406660508,1071.15016651234,NA,NA
"71",962.890291725747,962.101553371867,775.025676398823,932.002886991892,1173.48449850806,NA,NA
"72",904.367628453193,903.768347264651,741.960816187026,857.884600079286,1044.71319005345,898.290286183045,898.290286183045
"73",926.608999202557,926.449692844962,750.351447328708,833.473293780107,1064.66900510398,NA,NA
"74",999.564036075599,999.767817481657,755.638804376214,945.478079004415,1243.42343825887,NA,NA
"75",895.535369762813,898.293515848006,739.31296765116,840.840763831276,979.295367114394,898.402246134177,898.402246134177
"76",926.873015528955,927.82128504706,745.826453324846,871.268433584742,1014.18056818569,923.716483458013,923.716483458013
"77",923.488766507292,923.639628099782,733.63678594247,869.354175346092,1058.4489412244,919.018159734362,919.018159734362
"78",933.377177627915,934.242198470638,754.978766821144,859.996036273818,1182.26824530409,NA,NA
"79",985.897038967429,986.0973458295,781.382298772774,893.962053395749,1145.6281820846,972.725012855892,972.725012855892
"80",919.167176444191,918.368479150845,736.181706274977,922.285397810194,1017.11694582834,NA,NA
"81",915.491052596744,915.360848622687,733.474351063266,957.77219508103,1160.31866978049,NA,NA
"82",977.036809980572,975.699156641535,772.414277078086,842.281308503135,1173.98259873433,NA,NA
"83",1019.56544111851,1015.17584117776,767.72865926714,975.504358782318,1238.12084063278,995.206343393029,995.206343393029
"84",952.9059885276,953.308550526169,752.099719387452,905.238235282794,1088.94513576621,NA,NA
"85",923.058772164048,920.125661083316,757.055989852449,921.80409037872,1132.20410587121,NA,NA
"86",924.721128443847,926.887049834627,754.838299571974,870.254327368149,1108.34453923316,920.178772888291,920.178772888291
"87",924.661125622231,925.550427536784,764.90677002629,864.678338721138,1013.77279076413,NA,NA
"88",899.118040930705,898.292868048059,743.0278732571,860.806130302361,992.045228641256,896.019190557063,896.019190557063
"89",978.888906868389,980.975981872459,769.181460863914,871.128786315305,1304.10770114652,NA,NA
"90",912.091817041289,912.986181800356,732.436163584697,860.93407085814,1009.41596276583,902.454735864882,902.454735864882
"91",952.420684690226,951.754093481948,778.7206952232,880.890949637914,1163.37644630313,959.947843924164,959.947843924164
"92",980.035006721934,981.845923511697,774.577307636848,931.206455162337,1212.9142315418,NA,NA
"93",995.57637910536,998.326743073461,772.944879413115,1004.10135429338,1141.44047833347,NA,NA
"94",945.368628324251,945.799722173569,769.00473895771,905.268229813333,1093.8517982717,NA,NA
"95",896.888826873453,895.580808486913,739.097599657856,834.89363967459,1010.75112572939,NA,NA
"96",925.414167274111,923.692696914492,736.39598633547,901.449530504622,1096.8326924703,924.678071091887,924.678071091887
"97",983.665886139949,1004.10710994356,753.197498395004,992.980690488188,1093.35101819842,NA,NA
"98",872.76990687103,875.166203053423,727.199662878744,808.216276746598,957.93984569711,875.974671664999,875.974671664999
"99",1001.43920553299,1004.9120111231,754.216680969655,1001.88714035045,1083.93233505982,NA,NA
"100",947.152749681757,947.757833471378,759.412538756718,977.758610446288,1039.95644736934,NA,NA
"101",954.980202319367,957.044143465829,731.764147114877,895.394226714566,1066.78193011803,925.798529254769,925.798529254769
"102",921.667664460406,922.285670692262,754.442439932103,927.001448969219,1140.46825450946,NA,NA
"103",934.852479592999,936.398642084116,761.303049896635,898.96459057231,1017.86721519274,928.670623653873,928.670623653873
"104",961.101364544268,961.27154965026,758.816183800746,943.197515990339,1161.5769016305,957.833379522101,957.833379522101
"105",935.788588812235,937.32452009347,765.104190261967,893.816025999433,1033.82421067397,NA,NA
"106",971.934013756778,970.536009405305,769.969170632834,901.114681581429,1111.34667587115,NA,NA
"107",893.428560394058,893.640261575759,736.123280963401,880.00968379834,1018.82731191378,NA,NA
"108",1007.51888633737,1006.69565778905,760.495033435478,937.8527074314,1154.56133876609,974.980469390383,974.980469390383
"109",961.096332707404,961.236094262649,765.101247837423,881.364144707131,1097.87720019366,950.510710513373,950.510710513373
"110",944.778436542636,947.864553401984,753.205125371471,985.475485435606,1046.41670375242,NA,NA
"111",906.764282773869,907.008903723604,755.291100458264,879.158115765012,1006.24899426446,NA,NA
"112",928.93838119692,927.79555429931,767.484649598821,875.866893081606,1111.72595497895,NA,NA
"113",992.75390970252,1010.55048690984,759.103570573431,896.897765333036,1129.17899324832,NA,NA
"114",1010.7747467906,1010.85576746885,761.52174885806,977.697094085362,1241.65787915935,NA,NA
"115",868.301620675764,868.611841122148,723.747057556074,822.220035160441,991.721184942423,NA,NA
"116",955.157006167053,952.664611791203,761.720707936101,878.73589913957,1169.70285138245,NA,NA
"117",932.31326855963,932.822994798316,756.914238716638,828.319059519708,1120.09597730879,NA,NA
"118",951.051223769413,950.629508867967,749.871824027442,908.340182941175,1063.75244142234,NA,NA
"119",984.258900638076,985.194939920324,746.901651310102,1075.23139859774,1080.41705487491,NA,NA
"120",936.42589779807,937.215417418526,748.656827276475,902.910027068017,1052.42856089317,NA,NA
"121",966.734654746627,965.063634122559,756.387713346342,856.92248651521,1130.14548008938,NA,NA
"122",934.959057088119,934.482370220994,758.956099101889,910.811883536813,1089.7990186691,NA,NA
"123",911.068346453672,911.219857907052,736.414351375042,837.639484190035,1099.72216072423,910.455412170878,910.455412170878
"124",957.620396408586,958.252555418975,775.664666470845,929.46008629926,1063.72180191331,NA,NA
"125",976.023689396591,979.641807818508,775.805229217263,1001.80710213611,1080.71344349677,985.888888712887,985.888888712887
"126",1016.93197517124,1024.3251275269,772.235142595715,835.628219187847,1151.50636690881,NA,NA
"127",1001.02581310105,1000.67194645011,748.333732929969,953.322397115889,1071.23846311131,NA,NA
"128",896.519805734285,898.286207363882,732.143005775543,857.442662797097,977.446306816271,892.86800456959,892.86800456959
"129",981.28820800916,990.72704567559,773.116548748238,948.385424322095,1114.35946952796,NA,NA
"130",942.904192488635,944.930242744028,746.734212612979,901.077071551462,1127.86443105845,NA,NA
"131",952.773455440816,953.122805562766,769.298586738637,893.206923913138,1085.62486924987,NA,NA
"132",960.161114516477,960.759245608741,761.985645665382,932.450089654945,1050.27525287576,NA,NA
"133",963.984611348736,963.743132141796,769.042267757122,1037.98263481774,1176.13219333978,NA,NA
"134",953.103023370544,954.781953439272,759.792727540134,913.017198669377,1186.65955887891,965.093125749184,965.093125749184
"135",946.966398946006,947.035636201833,748.901069365477,896.961432868216,1114.43176755686,NA,NA
"136",924.732289534692,924.260129967265,739.983653455792,1050.12457267827,1236.96747460221,NA,NA
"137",913.790162293006,911.906577008154,754.709064283653,865.608028442336,1039.782393075,NA,NA
"138",925.968553211319,926.788413515571,741.12300869928,888.677542503451,1178.28907658757,NA,NA
"139",955.404428918407,953.312923159163,755.834811877695,953.14316187038,1153.50302913376,NA,NA
"140",967.732356698945,969.346258243467,753.273009059963,883.922788655159,1100.81345288367,NA,NA
"141",944.028853427582,943.374586275766,749.02566964506,848.361997338221,1168.96941582379,925.058096780428,925.058096780428
"142",939.975189859672,940.043400136939,750.836173084404,838.304352068574,1149.82610079056,NA,NA
"143",925.741203599774,923.182000462602,752.629599395183,845.119260826929,1153.908871614,920.370324619632,920.370324619632
"144",970.427870515357,969.908641621621,754.005153917579,910.067702637539,1069.78841104927,NA,NA
"145",937.127278174163,937.266892904348,743.734623135507,883.173456360993,1091.6468941897,NA,NA
"146",931.556659612435,931.904399700227,761.25431337659,870.383082137235,1044.51129270912,NA,NA
"147",952.413398317934,951.111532332507,761.20133649783,858.224277617915,1064.92192640949,NA,NA
"148",936.226044570307,935.720751416781,756.972390430028,842.065024783428,1132.18051678393,NA,NA
"149",947.212240554981,947.053880757829,734.044835496398,913.526381561259,1057.47496840163,NA,NA
"150",894.829992693054,892.886020825887,743.82101165135,809.964794764672,991.726522535065,893.320355315628,893.320355315628
"151",977.376572731402,977.977280612961,765.529578998679,1007.46290789432,1073.48700750549,NA,NA
"152",957.943818729239,958.256312237584,777.620393286873,934.965157228618,1179.17292346308,NA,NA
"153",952.752047564,954.85645079766,752.986826654151,913.270580138552,1015.09660987112,948.134029731599,948.134029731599
"154",921.238297561088,922.17878715558,757.252217041244,857.067943352692,1059.91557635253,NA,NA
"155",929.744108766558,927.340128132336,747.550422274108,833.045004528337,1047.12814678362,919.029936389685,919.029936389685
"156",941.775246926002,942.454328553203,764.730813740777,902.151637860233,1118.01019272584,NA,NA
"157",947.245783325491,948.966033722759,754.110589550025,883.748738461302,1160.45732725609,NA,NA
"158",943.131097624278,943.941991362495,763.815287612872,859.897735592656,1071.08081276252,NA,NA
"159",1027.08867408445,966.053612434914,768.924178657617,1017.50290334906,1161.33899522298,NA,NA
"160",956.233252742096,956.499607756545,754.99335383258,1042.43165028626,1128.16982441224,939.909889840795,939.909889840795
"161",952.693375834767,953.004236792438,751.244040672935,945.981909334561,1093.02350957276,NA,NA
"162",1000.57438262525,1000.49380389145,761.763352314363,932.30060325911,1132.86616373714,NA,NA
"163",941.631573725282,940.994359126106,757.700757539877,890.619964977363,1069.95900504362,NA,NA
"164",931.304455020512,931.818638635429,744.33720096697,860.037293445407,1150.17483326821,911.316901196567,911.316901196567
"165",887.786356425072,888.046524345567,717.934796366913,879.540573323509,971.948155498653,NA,NA
"166",960.340691093673,962.790972224185,754.279647967435,977.669084860169,1060.39684288137,NA,NA
"167",955.298924632095,957.103472721376,748.711377586768,1029.60014848279,1128.50591022482,NA,NA
"168",981.409273771507,975.900185227979,773.779936619348,1082.49807772821,1085.75575110974,NA,NA
"169",887.316091173579,887.968266162086,724.711346219397,802.15397708011,949.59567693471,NA,NA
"170",976.59299296778,986.938792622837,772.150619706997,962.446447834185,1105.86542117124,NA,NA
"171",918.078708767485,918.246515229724,747.062385295452,835.072212998436,1003.14975846479,NA,NA
"172",911.534436663272,909.637924061104,742.641443014914,826.744444044233,1069.43130456011,899.807613181168,899.807613181168
"173",984.341942798357,985.974952598839,766.751744619162,1022.8783390876,1124.58356194541,NA,NA
"174",978.467985707695,978.23726924877,763.538770582272,867.977276346408,1188.69633699977,NA,NA
"175",950.166818875559,949.553846882141,762.803765670887,900.443514300513,1068.35874778476,NA,NA
"176",968.428615494006,968.345256949815,762.608453030444,888.865017710421,1196.37364350315,978.355509979567,978.355509979567
"177",967.067582971921,966.12912412369,767.075860434853,927.04171254965,1065.80439616181,NA,NA
"178",909.105659315115,907.768270957443,739.045004122972,837.757285574492,1028.08641645521,NA,NA
"179",971.725886045364,973.902337197478,767.131042876785,892.115392477284,1161.44735517968,NA,NA
"180",943.2567568005,942.66670551733,741.671029268537,899.353632841588,1114.64286204089,925.181215150057,925.181215150057
"181",907.767952328907,906.544881562796,758.007980243802,840.110268774148,1074.67636561056,NA,NA
"182",918.624500567736,918.251553546115,752.622003222442,867.776247844347,990.415671158756,NA,NA
"183",903.384744342484,906.652220297345,754.442500475131,1019.13253433369,1015.18361177441,NA,NA
"184",929.816845795086,928.462205702311,NA,920.309115990713,1070.81970886787,NA,NA
"185",956.414321921237,956.746925733551,750.73354805441,978.536650766761,1085.98040686187,NA,NA
"186",957.835596686067,960.834049093258,747.181169376777,945.680065931859,1147.59129882293,NA,NA
"187",989.611268162358,987.369651644567,757.271700079567,892.923579093781,1187.34293373815,985.752448123045,985.752448123045
"188",1000.82742736924,1000.64474431467,771.099446102277,1067.03353593548,1270.09532086421,NA,NA
"189",970.732086007396,968.596582039415,758.299333876723,854.430485481751,1039.47859860671,951.43792833958,951.43792833958
"190",912.540721635744,913.744774662683,741.032841304606,824.015995614859,1042.81038815816,907.466252276641,907.466252276641
"191",929.070522884851,930.860900547288,747.198237847967,950.547463548932,1092.41480024512,NA,NA
"192",916.729166617373,917.728423708887,746.828639601898,857.164730883484,1028.47039447381,NA,NA
"193",972.578865387397,971.873765971707,781.52555937245,917.383674658609,1206.16000993135,NA,NA
"194",1100.88384926119,1092.11173846023,781.658540647627,924.89450427339,1263.92872946698,NA,NA
"195",924.9596750029,923.673979815825,749.463981841416,896.484500591308,1073.67960373026,913.898028033837,913.898028033837
"196",931.857924093986,930.859381186359,750.905383309395,865.536664466404,1054.39886081372,921.402850816655,921.402850816655
"197",932.05727931418,937.108199682236,744.808582100036,957.802473253671,1034.41076883989,NA,NA
"198",896.482565766206,895.629519223907,732.002806667503,793.012735764467,1035.69604222897,898.205092019117,898.205092019117
"199",950.356790564154,949.706179221217,742.55592361026,911.25004647915,1096.84358895076,NA,NA
"200",968.926100037172,967.431392632623,758.682005264312,863.567911769105,1203.50193483561,NA,NA
"201",927.580503933714,935.46723691836,750.705665415433,924.143381269497,1052.04814087498,NA,NA
"202",908.665008586063,908.024368961332,744.906046609205,889.996478176469,1026.12730430456,NA,NA
"203",942.354663491382,951.920690228344,737.225959291731,975.030755253026,1197.55572751326,NA,NA
"204",981.292230817986,982.183527805161,779.517365957497,928.918428900532,1175.44519656522,NA,NA
"205",977.249195833869,975.739899935757,777.112345631981,998.132292387075,1155.33743101515,NA,NA
"206",964.235525117077,965.74002637901,768.62029700458,939.446431008543,1198.21761271063,NA,NA
"207",993.227069940856,997.411581479851,758.282336746803,866.160164771169,1034.9846370138,NA,NA
"208",981.107236819591,980.056447559942,770.990557765204,889.993800150807,1219.42473692711,NA,NA
"209",927.826536103236,926.528788413401,755.458223357394,876.831933479433,1087.66415557905,NA,NA
"210",978.003156807643,983.57449432269,774.961719970365,946.420887426713,1058.32200374283,981.030558752184,981.030558752184
"211",958.958456446873,960.143752264998,766.068107581747,874.27968066455,1074.82012388856,962.465487876915,962.465487876915
"212",971.822802331199,970.906206958893,772.05499136419,912.570625579273,1122.22131570441,957.516987260835,957.516987260835
"213",910.841805292853,911.946415680369,742.571375774305,865.12530471679,1086.1556951882,NA,NA
"214",869.252728265802,867.799676161896,708.851988665452,796.175720299781,1007.96511836423,858.795651455298,858.795651455298
"215",911.623847722022,911.432777141969,735.898382974686,827.164951432928,987.555841992899,906.037033944329,906.037033944329
"216",917.578901365389,919.352659136698,742.965272499172,858.072990547308,1010.37277466463,NA,NA
"217",992.553341861295,991.904490117834,763.90266245704,931.343023585584,1183.88471967646,NA,NA
"218",958.746309997673,959.788152593316,740.795554261993,916.084540530737,1152.98771716641,NA,NA
"219",988.595559558183,992.066874681494,740.569157627193,974.709118056099,1076.73982594365,NA,NA
"220",964.953444411642,966.257201805472,754.336266887468,956.732893299708,1110.18452991379,NA,NA
"221",946.59637696544,944.973011214185,751.066241885813,882.175446346136,1094.45303900899,NA,NA
"222",973.366826504663,972.655438919732,781.570933484417,915.426638448856,1083.79178453632,NA,NA
"223",910.145613930956,910.580915372491,737.046558608009,1051.74289660884,983.156319668923,NA,NA
"224",923.198609827199,923.938492609678,742.274173078603,1029.08919618874,1038.06631009622,NA,NA
"225",978.053269288674,978.810747412664,785.59704593255,887.313447022716,1121.9368559298,NA,NA
"226",949.64724770049,947.399788671194,782.799230131444,870.417477509706,1066.9124527429,944.536315427818,944.536315427818
"227",959.767823102591,959.225582240053,757.430214156203,889.66994413822,1070.60407497042,NA,NA
"228",900.075927057451,897.737048632075,740.323293242249,829.647036278131,1039.09279963992,NA,NA
"229",945.403567258208,935.320864629555,757.735834835146,880.894751448001,1080.30030386093,NA,NA
"230",874.669759756712,873.191939221639,726.946747293925,814.413882263697,1000.31191184486,NA,NA
"231",968.025054891707,958.408654647746,756.75140825236,916.003236087083,1143.48957210692,NA,NA
"232",974.896735347217,974.519564524779,781.165736793365,927.354101903039,1199.0249547584,NA,NA
"233",917.347064293928,917.198800666251,748.492458911784,835.960852935029,1052.0218133254,NA,NA
"234",967.763556620278,981.563031915287,747.681211196822,850.045013255216,1106.05345733838,NA,NA
"235",954.509923962622,953.060751621654,743.728959785969,862.510312336414,1113.91534521261,NA,NA
"236",912.949052107662,911.112977892372,709.923154616545,854.007572711697,1077.76346852771,NA,NA
"237",932.883130437519,932.686551917431,765.092674661775,892.413955822898,1148.09938160573,NA,NA
"238",937.067016926523,937.547035904389,758.984309017812,914.160377005332,1150.03852487993,NA,NA
"239",951.855470750599,951.869248559598,752.726175966022,889.123647291724,1117.18441954548,NA,NA
"240",994.904527843196,993.079206474436,768.426222019608,913.553542315821,1155.0578868298,NA,NA
"241",909.2196894412,909.978082545987,736.936597299779,852.998479110457,1026.36187460999,906.594520625045,906.594520625045
"242",946.434647817454,949.474105482411,762.256849049759,918.814471373334,1030.05619593622,NA,NA
"243",948.295022330464,948.208879035328,739.41930381903,855.965439682219,1144.57002664887,NA,NA
"244",974.819026677614,949.910508683775,757.2055138022,1005.9188985823,1062.71574691206,NA,NA
"245",937.206469119742,935.189320697532,754.394995460603,828.90895274394,1087.82209476253,NA,NA
"246",999.524762281871,998.39883191968,737.278456474381,839.296590423114,1122.16982574822,NA,NA
"247",928.187350468976,926.297857634573,745.820370165232,842.840736497554,1071.79992781978,917.309447994922,917.309447994922
"248",937.969407343282,934.952275941122,750.655417022647,894.571362370755,1079.03407439902,915.122172065229,915.122172065229
"249",951.36572186264,952.551886175354,765.381342194445,904.676698601146,1050.98952210156,941.351626876429,941.351626876429
"250",927.426773190923,929.106494202763,762.384380555782,860.35697149621,1031.63806253074,NA,NA
"251",905.08130045931,906.441737917551,741.246644149315,897.46268607944,1042.05691048925,NA,NA
"252",979.099967306095,978.906059795299,780.987979976335,894.614683204766,1137.92262446464,NA,NA
"253",979.390869061514,985.140239435744,751.981698810428,857.801002125785,1054.77326420565,948.325360184678,948.325360184678
"254",960.750430196699,961.523615238206,758.555246128032,912.398072171895,1099.58115693876,925.385435521011,925.385435521011
"255",906.104938555703,903.50146404235,739.302596745842,844.512368859107,1015.57447705816,898.596406107433,898.596406107433
"256",921.214747966846,916.93964904355,729.601922669979,903.609846150626,1030.3346202856,905.036194627084,905.036194627084
"257",948.080500766978,947.980568880706,756.626980800744,914.12041323915,1096.91526664601,NA,NA
"258",1006.56794984686,1006.97073029389,794.820806352026,915.083014922138,1338.19636886153,NA,NA
"259",940.427941854922,944.24170137199,762.831627247935,1014.39031884681,1065.06060839426,NA,NA
"260",930.480738894112,929.428091045925,744.728882919071,826.64403955334,1042.44103051616,910.676770817342,910.676770817342
"261",921.692289037672,920.297303989918,743.569239411606,842.035294093131,1042.14296902293,NA,NA
"262",944.740917075327,945.411468897256,758.743446943377,931.313473700162,1069.50217810452,NA,NA
"263",968.017957129638,968.948168899793,762.665856280638,1000.32237952017,1160.17732334792,NA,NA
"264",922.871845335835,922.813662536276,744.19258678271,870.533435457581,1028.79429389116,NA,NA
"265",1003.03653671935,1003.46245343018,760.216896661559,898.484749513817,1072.54512884637,NA,NA
"266",988.089463583996,989.655335615135,794.860412305431,943.318232931915,1256.5384526727,NA,NA
"267",934.052068816612,934.351519105894,753.33991127783,845.392165699842,1115.15880697128,NA,NA
"268",937.010970834346,935.616581641145,739.304597149683,882.188726871087,1074.98082356445,NA,NA
"269",929.500317003976,930.787737434659,748.506984206222,844.054766282933,1044.21982548786,NA,NA
"270",928.337695741244,936.809553039236,747.364183227645,941.575155571373,1008.50666219494,NA,NA
"271",947.663208888389,947.120246224511,776.38416174438,849.738826567599,1152.32415170916,NA,NA
"272",989.703677947146,991.193274707012,769.724089228046,932.876356676065,1242.90240030667,NA,NA
"273",945.63517390996,944.751839353377,750.296311897303,871.366790640963,1109.87769338883,NA,NA
"274",1054.6764296289,1050.30580223298,775.123376406833,1109.7136609534,1329.80141681938,NA,NA
"275",919.552226024578,918.593053370125,752.128232627828,915.990711200316,1067.4326463932,924.750261585933,924.750261585933
"276",955.403197277419,957.084567820067,779.271368356624,898.782322932855,1109.5907867896,NA,NA
"277",951.004872182514,954.100426867275,758.754196873835,886.914531962896,1134.55580297272,952.97137095611,952.97137095611
"278",906.052616618285,902.820452720848,741.207895320189,863.843197518111,1014.40504551448,NA,NA
"279",942.224903127382,943.770853895724,761.224539058845,866.051370195107,1081.26049638508,NA,NA
"280",946.735514651115,947.65125123314,761.370541528623,901.434395385867,1118.14042446005,NA,NA
"281",995.566710508888,993.713977757022,752.608642565731,1048.01055004292,1308.44012154943,NA,NA
"282",942.721799181658,940.329415137092,754.00881134516,883.674370773441,999.318725246547,NA,NA
"283",917.202483217015,916.632931781047,745.994946763412,862.696468037454,1044.00922623684,NA,NA
"284",1071.56169908695,1007.64061577196,774.292007507987,926.987042232096,1285.42075342124,NA,NA
"285",919.252752785581,921.82022588467,741.86952094618,1049.2027551605,1135.49401233669,NA,NA
"286",938.957109989956,939.223375226852,748.738705993812,931.256031866331,1078.48286246353,932.030965343298,932.030965343298
"287",992.081441885308,979.807834180522,771.879293328228,907.714514549114,1161.58269537049,NA,NA
"288",956.833483905499,956.822578179764,759.209181292104,903.333095334977,1066.02605011732,NA,NA
"289",991.439946323827,948.805514907901,754.030730018188,865.090029545462,1122.18489634782,NA,NA
"290",916.72173678522,916.145776339014,743.211901172657,859.295821313119,1056.75038089629,NA,NA
"291",959.79141132523,959.716160118489,760.062290803453,966.007213551594,1204.91913118916,NA,NA
"292",930.618494845457,930.812439732578,751.82529890827,886.336743605229,1078.8876413066,NA,NA
"293",962.171869074165,963.647106199212,753.078763455339,908.070300057513,1139.34944589696,NA,NA
"294",957.635656359548,956.884316526302,762.506965946411,908.648195442948,1177.05623858273,NA,NA
"295",1019.45896919205,1024.29782596624,750.617798236154,971.286705198294,1112.60714470182,NA,NA
"296",955.731559885202,954.50773067058,771.392980777044,909.093666504328,1092.41641242507,NA,NA
"297",896.044112681305,898.378941104444,740.784717034396,918.008994114453,962.721579343633,NA,NA
"298",930.752031561061,931.311480998883,762.417412664556,897.07648738872,1053.06211729619,NA,NA
"299",926.437145407078,926.205488202538,758.721720605219,869.035714932507,1049.08420723286,923.687213702575,923.687213702575
"300",923.970104115892,920.435227985325,741.537787862766,875.488027164444,1123.18601003506,NA,NA
"301",957.044285569287,958.063226389149,750.776566780562,844.45262441004,1191.84003195205,NA,NA
"302",1004.00211242515,1007.91394491519,785.944080567308,1071.97793854556,1181.48704963247,NA,NA
"303",955.917313972092,955.769717428195,763.548747044452,904.685171015444,1099.79578870894,NA,NA
"304",901.212948712805,899.412472100312,743.926710405877,818.993388848236,1014.55576073666,884.544170104386,884.544170104386
"305",932.716358202898,933.502114844094,742.480397268796,964.64580032184,1076.07493227801,935.493595419383,935.493595419383
"306",950.779969868231,949.92732048199,767.977153785239,944.796461376472,1055.93589341371,NA,NA
"307",909.822902107801,912.570801948939,749.825019872207,895.479390000088,1005.70830631315,NA,NA
"308",922.725621075002,923.563490877698,750.306541953226,868.617537814694,1158.70253397972,NA,NA
"309",1007.51719425634,1008.17710807512,751.602468691987,934.376812676486,1193.73689856243,NA,NA
"310",924.273724787459,922.59010375235,741.527337407535,889.04325621088,1069.62157405565,918.165932472921,918.165932472921
"311",947.586821663479,946.982517608558,761.161415430414,905.075565302662,1164.44299010635,NA,NA
"312",928.257051472786,929.46256118836,741.507878872292,890.84275566287,1069.12254454686,926.581451918948,926.581451918948
"313",960.536527031079,967.981712001997,777.728953540485,927.738254738648,1129.73234480518,NA,NA
"314",947.67728941641,948.056184431255,783.744857332255,891.102285355264,1063.11976704276,NA,NA
"315",995.790878412034,998.833508810673,751.789513817532,930.244027528363,1200.56148466249,NA,NA
"316",939.263984238756,939.196541854212,746.675701617456,837.292685192978,1041.99186350599,929.789505636731,929.789505636731
"317",984.349393367237,985.57465786354,784.236735708735,896.38945495101,1100.16323766889,NA,NA
"318",939.822023184672,940.04259680643,742.792188765833,936.482100028064,1064.04331651898,NA,NA
"319",916.675048823585,918.356801490907,738.557888882693,900.551283584178,1037.8440809227,906.838323165996,906.838323165996
"320",987.532967530957,988.903688222082,759.3268271757,1004.77438402266,1027.74429089747,NA,NA
"321",950.020058745651,951.426643922719,751.868896540487,896.155714575202,1094.84128812317,937.020082621118,937.020082621118
"322",998.737217019731,999.556901767945,775.849231549355,941.132178333305,1160.2086934475,NA,NA
"323",919.586203620747,920.806462602795,748.831524250434,823.469558954988,1057.32222391307,NA,NA
"324",941.864349759237,941.188877474373,741.008241820987,845.246632489329,1031.8988988851,921.05570883861,921.05570883861
"325",959.641019653435,959.364306812666,759.22374019057,890.881303519589,1129.11813023732,NA,NA
"326",922.63462304258,922.241485819779,736.794487303883,882.807884892748,1053.46371896858,NA,NA
"327",893.011994157329,890.525096669898,728.551823636846,871.1233943795,1005.03259601832,NA,NA
"328",918.175635401002,916.605651129333,751.553710931289,877.617924461575,1060.55895141907,909.107477655426,909.107477655426
"329",936.000839469115,966.276257268407,736.39168557143,1015.87058468038,1021.3028202961,NA,NA
"330",977.620682978661,979.724503896187,749.787897833014,926.737610509689,1139.4660493323,NA,NA
"331",941.409616443804,940.449502050287,750.404208699006,854.283623557185,1047.4310432118,NA,NA
"332",958.976315232682,958.660769000188,752.882414418829,941.499123448129,1141.36160277145,NA,NA
"333",926.512971687437,926.192955247868,757.845059244732,839.871184060527,1089.74154062787,NA,NA
"334",945.563278862402,944.781690109563,760.799068260584,885.237228735579,1113.08076447981,NA,NA
"335",915.006155921409,915.707993491815,748.987208439795,852.101595854375,1062.78153754076,NA,NA
"336",961.547627906448,961.736933222862,766.032551750688,931.009118399959,1182.53030421807,NA,NA
"337",949.447604391105,949.337147498802,756.013677517026,905.667614353318,1133.54521415143,NA,NA
"338",918.236927829972,920.207870742964,737.310556712446,916.655598634796,1006.1363008847,NA,NA
"339",897.548337097524,900.26723322884,731.151765264647,838.54938209206,981.662905114526,NA,NA
"340",939.579383217616,941.130278965357,745.299274835695,900.800544916984,1117.27913538131,927.148586455087,927.148586455087
"341",908.88625598886,907.631872768775,733.58427316989,894.312765493337,1117.01214537816,NA,NA
"342",920.704185102253,919.028204391684,732.118672722802,856.553637694542,1094.51981492218,NA,NA
"343",943.362262421149,939.724199230841,742.854529455069,843.478186666966,1084.74961700169,NA,NA
"344",934.694112674273,935.007187502701,756.867491502472,958.723455945612,1121.40999729111,NA,NA
"345",959.383044201446,958.815472645441,761.454266921797,896.233324807765,1139.76894897045,NA,NA
"346",954.404815770172,955.826720322538,749.083175930199,861.283634941444,1074.68654923377,NA,NA
"347",999.621523146631,999.316281077461,793.866749313928,1032.70254865272,1305.30941724252,NA,NA
"348",948.878845343602,950.32767763265,763.000478319503,878.149757967971,1099.33879540179,NA,NA
"349",952.724892871315,966.638223472438,743.969044040545,923.254913005489,1060.45447924914,945.973331450112,945.973331450112
"350",936.45427003965,935.648233594606,767.957228484536,875.596451854936,1071.61287694213,NA,NA
"351",938.229890549716,937.293962015369,759.298144997677,881.802970667778,1038.08830631326,926.007009625033,926.007009625033
"352",881.252332841131,882.563526280188,721.086108734217,842.893571999645,942.363492017525,NA,NA
"353",969.587244498919,970.986170224619,797.195106535359,957.014340769993,1126.7135141559,NA,NA
"354",965.984055865695,965.241407456759,781.199069111381,1020.49461923096,1089.26861574923,NA,NA
"355",1011.01103404289,938.723775662663,763.918340591003,879.733360415187,1115.92801124923,963.718999754246,963.718999754246
"356",940.093704012695,939.113523812755,761.945417352277,863.410784647632,1066.45010367896,NA,NA
"357",961.787095966561,962.56144300643,752.37013890291,965.719357886127,1088.06313624428,NA,NA
"358",976.043604867411,976.093671642228,772.936721321444,851.118792726013,1152.42093162727,971.339642506756,971.339642506756
"359",996.082116800055,999.228785381202,797.389063391127,985.558840261465,1208.80528151107,NA,NA
"360",914.26748331053,916.735493423291,750.328171684207,873.459947291997,1049.86498954484,NA,NA
"361",963.987172485782,964.804895493804,752.305985644494,937.42661756605,1071.55914555421,NA,NA
"362",1018.03174360696,1022.56820585552,780.28158915689,1031.09685175175,1211.49788274054,NA,NA
"363",911.552148708738,911.248043429021,741.173300486432,889.411501823952,1094.66459931397,NA,NA
"364",994.82744568857,998.584638308261,756.120475700139,988.939255332633,1148.46020771575,NA,NA
"365",948.758224436073,960.772464943363,745.246752427781,943.786796834217,1271.86115088214,NA,NA
"366",932.901373362064,934.828822449602,756.517533223195,1099.58016205606,1109.58200108725,NA,NA
"367",942.535027024451,944.350965711245,765.679911188762,863.180224317235,1059.06644661186,NA,NA
"368",916.179633923546,915.705529361263,752.731921159641,898.215843728785,999.393982266403,NA,NA
"369",956.664277275672,959.493174790173,739.29978478659,956.390840050892,1104.10147947782,NA,NA
"370",933.44535117813,933.941447397144,747.229179392379,918.787643349075,1058.8887796095,NA,NA
"371",954.492045025618,955.975277671417,740.793685733254,898.996548621636,1081.97470959615,NA,NA
"372",947.122112882308,946.600924549039,761.445283440605,955.565114709504,1115.31570272188,NA,NA
"373",975.328269080009,974.758701812178,764.774221253033,962.260480955415,1169.11304187419,NA,NA
"374",950.414738790742,950.131166056642,757.394655405099,953.619609644334,1088.5325318246,NA,NA
"375",946.034741168978,945.067236956189,773.43435451545,914.659656688024,1068.56859755355,NA,NA
"376",922.690528530178,923.220447780235,740.739302357211,958.437565467096,1089.35913757116,NA,NA
"377",914.452086336022,915.619975301717,755.600976931839,1023.82031081329,1015.31565597794,NA,NA
"378",953.643505665573,956.89429230966,770.590900611528,927.430698691229,1045.55370049198,NA,NA
"379",952.161051975702,950.451878653432,757.54146658474,904.974883926946,1086.80399518465,NA,NA
"380",935.697298329561,934.160336335281,743.173728479104,848.713152577823,1193.69198850696,935.980127904304,935.980127904304
"381",951.482572765767,950.58465007147,735.57902271201,880.651745318549,1087.54556787081,NA,NA
"382",915.594491643592,914.650134021976,732.473245656793,857.936967909453,1114.05479369174,911.098117914868,911.098117914868
"383",949.397668724914,949.442849751818,782.133488133968,898.124013538685,1207.11184712923,NA,NA
"384",1068.1407876047,1068.0813325495,773.788530746989,896.239934326416,1164.67049582496,NA,NA
"385",880.721304794636,880.390168578054,714.284057518648,802.811737467118,1021.58370635544,NA,NA
"386",943.519662474555,944.309791624031,776.787242261316,880.18382582028,1186.17567844686,NA,NA
"387",928.603315111853,930.095271100256,748.317725606268,903.627038460249,1053.57079122972,NA,NA
"388",931.673807615335,933.027568366337,751.048924549283,866.339549894761,1068.93536842008,NA,NA
"389",959.591749799983,958.948464924219,762.719834678835,864.716805578493,1206.03091254263,NA,NA
"390",939.308619433332,939.023645772784,754.114788607316,871.352002565682,1135.58756859699,NA,NA
"391",970.177961482202,970.46997192638,758.229009527807,876.884871387439,1098.79532855387,966.808718163446,966.808718163446
"392",956.725163513286,957.981718800588,767.852725899198,851.945858761686,1152.65331134618,NA,NA
"393",939.290718879637,938.571265659684,765.714568229917,877.285063440441,1089.56573384915,940.627005428828,940.627005428828
"394",1020.52395801357,1020.27301413469,772.509621511247,951.313876618181,1251.79504080474,NA,NA
"395",940.476369503688,939.650982646787,752.363385450872,909.710486463394,1156.32532758676,NA,NA
"396",921.13232292559,921.257471495344,738.026947126535,805.595835798085,1113.41111969653,NA,NA
"397",904.823441194638,903.993440547682,735.840092172592,844.805733756479,1089.1429426167,NA,NA
"398",962.66833301489,961.957674605825,776.728078124362,900.07699706904,1212.24455929437,NA,NA
"399",950.249876865294,950.598443530504,770.906517332238,1132.13022399199,1045.56898859997,946.854936254638,946.854936254638
"400",963.765090960224,964.011881786345,765.976046769933,886.04861512164,1101.39880042793,NA,NA
"401",926.700101243013,926.410472084837,735.153154613704,886.795040552285,1035.97119545412,NA,NA
"402",929.076692680085,930.103478338766,752.905058787171,890.561243135425,1239.15416686075,NA,NA
"403",965.072629186082,965.041600228874,763.931303395362,924.92852463332,1092.26182082877,NA,NA
"404",953.520178045047,953.399973322232,762.036238969123,933.462497757137,1071.45968040129,NA,NA
"405",942.243379436801,943.902353845923,763.589810130339,930.700682860594,1031.25990471222,NA,NA
"406",950.375540483726,953.256402645462,746.499976459394,1002.5203608563,1099.77101900253,NA,NA
"407",949.921763968569,951.064133014282,749.142971741903,955.89762346835,1135.87227259708,NA,NA
"408",949.622401057206,951.494044807066,748.25104615885,893.266962149781,1038.27133055552,NA,NA
"409",967.09781749401,966.648160258806,772.066250916594,861.706116471616,1092.30595598413,961.225592236434,961.225592236434
"410",984.348972551225,991.253089691033,760.409223225142,956.0863857521,1097.44743000532,NA,NA
"411",931.820619080565,932.458812915172,751.321886480563,865.587354342879,1142.45336265801,NA,NA
"412",948.50081601547,947.816862650024,751.800885178114,877.736562616505,1131.17757497772,NA,NA
"413",847.994017781545,1037.32433775697,757.489992105168,915.404673927215,1186.87355589329,NA,NA
"414",956.190398884274,954.868071787768,772.86373646745,948.628363853199,1255.01196745421,NA,NA
"415",934.639415066992,935.421873618762,753.622026413786,940.220255856272,1056.31795717464,NA,NA
"416",893.573613513282,894.210400304168,738.007929143143,829.241631863686,991.972772401853,893.700913040559,893.700913040559
"417",951.379405258684,950.411271647168,753.812173817539,873.146814325801,1104.91691191463,NA,NA
"418",917.012153550385,915.172325022906,743.913650108032,861.784302780437,1011.61160899202,NA,NA
"419",944.421684079514,944.517760358655,761.069112843412,980.26281455078,1090.98508833186,NA,NA
"420",928.125247827486,927.900536908923,751.48713470231,875.006356466769,1086.69394533297,NA,NA
"421",981.659045061665,978.817173239762,755.788233183706,994.374899903839,1112.06429904767,NA,NA
"422",957.371036691443,957.483594727795,770.261801033961,899.434597373373,1095.17798100709,NA,NA
"423",917.12356295831,918.844480681222,742.380827720669,967.327471511342,981.856153844423,909.573408247585,909.573408247585
"424",919.40739722786,918.650963998937,747.947023054211,817.11473803191,1013.55582999853,NA,NA
"425",948.171390897116,948.776934068084,739.672168572266,1119.05331644795,1156.24635898457,NA,NA
"426",961.907631179961,964.292964799263,765.58829750899,961.670824019188,1076.97254353987,NA,NA
"427",861.517430736699,860.843130438274,707.591749669116,771.120273865967,973.88781719133,NA,NA
"428",966.577492081467,964.434389206871,744.745086688105,906.162181888129,1104.38674111191,NA,NA
"429",934.64958400711,974.718554424902,754.754807876535,893.014836854199,1104.75331321945,NA,NA
"430",980.10329823878,979.598303098102,727.332317784134,1038.55970898214,989.501450559422,912.214511668235,912.214511668235
"431",939.744284386906,937.457727415643,746.028201717323,947.17876566577,1036.64581278507,918.964143782682,918.964143782682
"432",931.406787243873,930.662671680631,752.844573402069,874.6696171142,1102.85833808504,NA,NA
"433",953.900946102649,953.215629959517,755.39529801053,885.147157313977,1051.01167049473,949.623586504248,949.623586504248
"434",904.524209104448,905.588074711843,736.084492415567,883.015222689782,1000.56912155206,NA,NA
"435",942.06328065668,942.624940787231,746.616928923073,952.555795785867,1100.54552814769,NA,NA
"436",913.209076506257,914.681201315885,744.453646389768,854.698514692187,994.656388969058,NA,NA
"437",1000.90806581905,1003.51831222764,766.911090648172,1004.32571336465,1096.44067269044,NA,NA
"438",974.984862221186,977.919014951626,763.318461360574,950.90136896554,1120.66894981107,958.722869058876,958.722869058876
"439",1001.2371267975,1001.37573346603,762.341541784514,903.17447212941,1062.91658157888,NA,NA
"440",999.808299458384,1017.87347277762,752.126910269283,885.230894866977,1055.31665924446,NA,NA
"441",917.75358132298,919.605275821703,757.892258864665,864.534671859233,1007.72239114541,NA,NA
"442",978.021900898086,978.290453468226,763.798000457139,892.069294609188,1067.39434839898,NA,NA
"443",963.043309700933,960.196283460577,755.676008135617,891.065884048042,1148.52171835875,NA,NA
"444",941.86234596065,946.236683933309,726.368476293128,966.827728460341,1105.26393123104,NA,NA
"445",938.190627012985,940.405545965031,761.244830484071,1096.19632619286,1045.43656354453,942.913260162621,942.913260162621
"446",960.363269052074,961.032110619811,758.58910429984,872.770381049817,1159.15546808848,NA,NA
"447",996.838121395291,996.170579419857,755.145986327288,976.752395636806,1184.96000366142,NA,NA
"448",931.812680246325,932.842862668144,755.173776202748,829.143977263399,1101.64737642019,NA,NA
"449",916.348628869528,913.282262648437,742.786194931309,854.841645684704,1064.79708302319,902.214687237571,902.214687237571
"450",966.635892166464,968.407992051777,776.562928792772,918.5855777406,1196.6726747947,NA,NA
"451",1040.96860802091,941.301273506282,763.134111413424,871.226392450777,1151.19043704172,NA,NA
"452",953.042836034538,954.771739385403,764.619390079912,934.677495086787,1085.88745448578,NA,NA
"453",887.422755780346,887.477871545897,734.695314997688,825.365401070465,1011.66099528795,NA,NA
"454",1050.16073275683,1051.76692605226,789.756460007958,977.307328687884,1241.95411660119,999.469351450833,999.469351450833
"455",979.553390195308,982.535241630882,774.151184861994,899.261749465454,1195.32551096966,NA,NA
"456",914.74692608739,916.389213265773,753.242633579415,820.438019558075,1011.51169817765,888.032564954864,888.032564954864
"457",1011.83172699271,1014.59068173116,754.928242947915,946.110352257809,1227.27587819545,NA,NA
"458",906.954517527184,906.424938377358,737.503830737395,857.903048423123,1054.15498564226,NA,NA
"459",905.450653786966,906.682845643563,730.137313112568,914.645446070672,1040.43006225031,NA,NA
"460",899.124120787877,899.397720767917,734.742593970763,824.497081516273,997.701477461215,NA,NA
"461",927.873443426793,930.711936631024,755.003959653156,908.846920086319,1045.34756179251,915.867712230282,915.867712230282
"462",978.896212917995,981.007586756989,770.580003951085,918.201706569706,1104.52866128399,976.098335727072,976.098335727072
"463",938.29196624694,913.097703235913,745.956110792572,836.959155313436,1030.56982834592,NA,NA
"464",983.37860221652,983.406288492604,758.575231548695,1046.15407596393,1208.69649090283,NA,NA
"465",961.21607871351,961.808086670397,756.129022149854,887.06061975929,1139.47210370899,NA,NA
"466",1032.61110784761,955.822536136125,752.578323772179,1053.24086513083,1098.98887808068,956.113385851282,956.113385851282
"467",966.524245844835,966.199057920603,762.420804362843,897.562468882035,1119.85946898194,NA,NA
"468",896.062194228256,894.106250889542,737.358725290995,837.873227674177,1065.90082506588,NA,NA
"469",964.21134936994,966.058371864476,771.271978619348,914.403430271182,1051.91463685243,NA,NA
"470",1012.08109945101,1009.98833864383,776.276048412732,907.497364204137,1385.79373982383,NA,NA
"471",946.693261872569,945.969975900261,771.910584428567,929.858940482424,1050.17018335824,NA,NA
"472",916.047173984784,916.837492610067,730.401638094111,857.090430813621,1009.28894211023,923.396474156045,923.396474156045
"473",964.018573476277,961.830291246366,759.011177821305,866.530238598352,1117.0655670167,NA,NA
"474",917.247512223224,916.317594672397,742.153419728922,863.140326035404,1174.97083114109,NA,NA
"475",960.599519466549,960.786636017879,754.146407152348,911.020580279423,1077.06356173739,NA,NA
"476",970.586240364938,969.834235556323,762.390281119879,929.360180578182,1179.98649023288,NA,NA
"477",935.488792235271,935.213603766919,748.721470715546,916.15648857681,1081.22297417634,921.985159949987,921.985159949987
"478",943.231093302452,943.07349574018,733.676478733717,863.519932408691,1135.84543297034,NA,NA
"479",1007.30387764854,1008.27718861689,758.882353554643,955.853611408296,1184.66117477788,NA,NA
"480",933.531573528113,935.37268670864,755.969476449916,860.549027276915,1103.69326215471,928.25511719858,928.25511719858
"481",962.058985852039,960.292201225371,769.935478912235,898.388411377054,1094.36609621665,NA,NA
"482",952.450537879022,956.295658058148,763.716143830952,870.978805088906,1125.89386702638,941.521519132441,941.521519132441
"483",895.420846410093,893.857581021474,734.058493454402,813.577210068637,1000.37949432744,888.490412342434,888.490412342434
"484",933.882841608797,933.758909571747,742.112087727375,896.668257689543,1115.55332994643,NA,NA
"485",930.250210168503,928.131436187649,736.906256766844,847.75105838453,1130.73124704786,929.210353459737,929.210353459737
"486",911.378284279126,913.748575726399,736.103350161632,868.245841986145,1045.36135060232,NA,NA
"487",925.008975300836,920.611073936263,748.811089065919,933.044919162311,1044.61917565605,NA,NA
"488",940.453365065136,936.291224865648,768.552679209254,899.872809363283,1117.58236245203,NA,NA
"489",946.576638401127,950.247822596791,764.805266663936,903.006568247286,1071.04893335276,NA,NA
"490",939.139057913759,938.166940073682,743.505121487392,885.842488579001,1038.4268449665,NA,NA
"491",947.251718611475,947.986354204047,746.141067209388,957.215195272883,1113.00550674051,NA,NA
"492",944.055819744317,941.136581049628,762.502728013451,868.185604703614,1120.10456001879,NA,NA
"493",915.423285607109,916.68981987239,727.972619064066,926.242250676443,1062.82525724455,NA,NA
"494",960.784374059206,961.287175236282,770.175907018894,945.823103113229,1098.1922985141,NA,NA
"495",971.729676558311,972.423690302826,777.696629831473,887.442760275205,1303.53647974311,NA,NA
"496",946.375119185001,948.242506621239,771.504495812315,1099.87987518462,1043.86408442386,NA,NA
"497",964.649751693478,966.452951256885,751.33639984695,893.418830199321,1113.30335571705,NA,NA
"498",929.064613121877,927.833288342732,749.952149702109,887.523737744393,1072.61039064742,NA,NA
"499",938.015867919735,938.891712702411,761.407010998606,887.211397306228,1087.0740949807,NA,NA
"500",976.221641138244,973.601967010537,755.734286277579,972.191804422384,1034.33054426393,NA,NA
