"","correct_data","oiztnegbin_split","Hurdleztnegbin_split","ztoinegbin_split","ztHurdlenegbin_split","oiztnegbin_combined","Hurdleztnegbin_combined","ztoinegbin_combined","ztHurdlenegbin_combined"
"1",2489.99337925903,2599.77876726787,2577.53247857665,105022291677.268,3460072264.32571,2433.87794087506,2423.11391903108,12020415.4895114,9077132029.21315
"2",2364.1054424308,2525.75255830372,2470.95755300237,3724.13609829598,6141.45048690124,2299.33637650164,34546173.8378206,3055.91263138981,4316.72039706834
"3",2488.5897249505,2746.82544759996,2646.83930790418,4278.37546251326,9588.88206817402,2438.54092413853,2373.67548352979,3733.33975041947,6364.07518011024
"4",2696.82214297354,2883.31819791293,2830.04811370124,4080.47525615687,9692.70698201947,2654.29346331705,2569.83614366032,3755.43696660446,8977.22184379816
"5",2543.90405191616,2713.97195258474,2642.05977946579,4508.03009801414,11411.5558922601,2478.8275004313,2455.23775462751,3792.84883150774,7300.69815648488
"6",2466.19323659959,2555.93132032556,2512.43379468891,3573.34073552519,1258554363126.48,2409.28262959805,2375.44296205732,3316.4566732386,6079.72362241711
"7",2594.42926985341,2841.80507601119,49454085.3433664,4518.6418236233,8291.18443932157,2502.91131298107,14354551831074.1,3807.69444166148,5995.19128590743
"8",2533.62727373719,2660.33895025,2643.89865080921,3606.98700287571,251287675.017186,2473.32851076193,2469.59608341766,3215.64321143889,4550.72836399897
"9",2497.39341297747,2586.76003938231,2568.84126466321,3604.15320215355,5234.4237116605,2425.40827850464,2410.42111278331,3315.00271699039,5113.28933503994
"10",2477.90808637844,2544.7607746274,2532.9050539856,3201.81253868629,4157.88129363715,2416.4084764885,2410.42449182995,2953.00121370112,3591.38496936721
"11",2613.64921365734,2769.64542757722,2746.86251955214,838649228.706678,5977.76767325072,2553.50826776723,2540.0463317863,2443367.57317638,4932.96816459142
"12",2393.50400882014,2487.75522769838,2447.056707869,3895.46171409221,8497.66951154761,2335.8627659348,2312.05434712232,3476.368986724,6368.95044659171
"13",2615.99587848874,2697.59773875673,2701.13819900954,3409.60322049652,6417.0052558784,2575.82942019651,2569.33716005241,2010498106.91314,6705.19542398415
"14",2530.91404834618,2669.20309112344,2658.42683835706,3601.97292846022,4985.36142168087,2465.84916436744,2461.45042936221,3175.64215744399,4023.19957953502
"15",2412.59388387826,2492.66095550758,2475.29916828587,3263.47813352884,NA,2352.09068503371,2337.46046380607,3037.91835881601,503907963098.846
"16",2341.28489654103,2453.87203703074,2421.8188064188,3134.79148438458,4138.49044180144,2284.62844633269,2272.23286661766,2780.52895802473,3314.97758123715
"17",2440.22160943401,2543.94708420613,2515.74352783142,4079.03222810844,8906.92487259249,2388.09637326918,2372.39476687749,3606.15991289592,6811.22129868554
"18",2436.26837066203,2472.1914135659,2457.526131299,3185.41223840017,4072.45260601905,2365.22534039297,2356.88987675186,3023.64997848711,3801.78090438039
"19",2503.74148411648,2625.94210511426,2602.74249798444,4458575799.40311,5168.21013724465,2433.28291994227,2418.08463301697,3172.05277011305,4401.07585244199
"20",2625.9768704821,2929.82315067342,32398552.2000747,4519.15110570284,15703.1994579222,2578.64616069168,2549.93555795837,3893.17358502972,52282161128.8744
"21",2396.07638783703,2500.20869820746,2508.33361462351,3008.80067491512,3596.03462383675,2339.47461467002,2345.00367708586,2697.14070554707,3049.39400794666
"22",2467.2572919879,2552.01363241926,2549.71290202803,3263.42815358489,480649504.073395,2403.9437101377,2406.58930410883,2959.9931918625,3645.74879967032
"23",2260.10867720562,2302.8357263584,2274.24192632237,3084.86833243752,4384.39793327433,2213.60083790587,2187.12060343076,3009.13075181108,4464.20680109319
"24",2518.1266954813,2574.24808126974,2585.44962724469,3485.47945766317,51981144908.9428,2451.08083357447,722140653.90875,3895712.58115663,5111.73298174715
"25",2437.88336386113,2536.42261634545,2477.41189304418,164634749.835031,19780.4952456304,2372.7681053748,2342.33919490297,240769143.869719,13621.7302814877
"26",2547.97443251057,2667.95299605617,16488419434096056,3618.64825404197,11493957.2731111,2457.81386741182,2457.34539312601,3142.06645670557,4192.5964948905
"27",2502.49863805261,2663.63351147785,1721529347387.35,88224056.2967714,7439.8105350598,2426.06990637763,10919883340574.5,110576339.319327,5159.64275951791
"28",2453.09572380428,2534.14993315895,NA,3182.35078469889,4027.75489298013,2392.83825883387,2387.84356592799,2893.39422036246,3520.92931203127
"29",2508.65924510193,2566.91311625487,2539.4116155857,3187.04891602652,3897.90919950704,2414.88484210761,2404.47833493159,2955.50403298062,3586.26196773883
"30",2434.73572375774,2473.12845527804,2469.57678852881,2911.96725184075,3492.0840164554,2370.36708470956,2367.37141157286,2753.65803680545,3222.31464627021
"31",2503.32597563888,2547.7873898947,2538.49804792995,3011.19442238819,3645.40549272826,2436.10084871774,2426.59238209046,2897.39233632212,3537.15092377237
"32",2564.22333161818,2628.52026694556,2593.46856555598,3625.47610465051,6001.44037072476,2497.18248306026,2467.86604498907,3462.32014766646,5501.47931280801
"33",2433.73750106216,2629.03638744693,2559.71885550273,4343.97917663862,NA,2365.81171340932,558048600.993234,3552.90848352125,6807.32859458277
"34",2469.07685457422,2599.12271184482,2564.80441290755,3820.91920148502,6469.83115546078,2406.42225349332,2387.10932674518,3373.86233464974,5107.38199224624
"35",2446.80445062158,2517.96826412093,30900480.2736462,3045.45435292422,3776.32654167389,2379.70872339032,2377.43822911272,2763.10765263855,3095.97249917303
"36",2352.72191717322,2431.57189194846,2418.47498057201,3109.86001544194,4021.17301878447,2299.20656993091,2297.5923857657,2849.89108624477,3483.82494735038
"37",2471.59540079169,2746.47559374532,2630.62236654566,4326711383381.28,6640.13033862035,2424.71513951972,2400.77978487503,3264.97020064142,4589.06983617618
"38",2565.6653872338,2739.71636450923,2711.40891894451,3500.49435092853,5516.39075122484,2510.16000658737,2488.72474465737,3127.01653267394,785778.95141006
"39",2337.50755252761,2408.42650613637,2409.66051704598,3016.31041650176,4295.09429117034,2278.07879008776,2267.09678362897,2745.24541767239,3443.96753874241
"40",2406.49032927165,2475.589732634,758460898.858091,3395.65566943929,5488.61213959813,2355.03730023396,2336.06493685327,3247.97403356053,5359.16695186004
"41",2334.19462570012,2464.53002555022,79480794420.3897,3665.38521358361,7398.52817654828,2284.81078577704,NA,3134.29303225519,4998.94119889593
"42",2523.08291675127,2633.93216162917,21871299.8479337,3737.82442920149,7576.48569108844,2458.57221711456,27216960900.987,3363.85878421297,6535.10878310882
"43",2392.58260280582,2674.65561463906,2542.064407934,106582862.779545,9087336983.36176,2324.29074193085,2305.40330394982,3614.20231602581,29812246.9205655
"44",2439.45503527305,2509.29395123238,2501.55683029323,3094.92142138157,3944.67521097887,2375.19430595554,2373.95780148334,2850.09774920898,3465.61652132606
"45",2787.51329437775,2995.62334542123,2852.19282735298,5159.35034683665,14338.7385275686,2706.56547651169,2598.10022174599,4731.25636636102,11397.5077833663
"46",2476.20003343057,2549.50948149429,2533.60241111869,2145518.00422997,204884758.348757,2421.9043019609,2413.86688163353,86488582.5737859,11648909313.437
"47",2335.12140598337,2414.49811108732,413247109.4305,2967.30849340137,3811.72336401319,2280.14036864898,2276.85726609278,2737.99800036553,3368.77044445475
"48",2475.18152079415,2639.46779960612,2641.11424012623,78819312035.7697,4100.78458264397,2403.40908943476,2412.98173522619,2784.97373844588,3325.72084218224
"49",2415.13132023358,2466.52107995732,2469.74114153333,2919.0048919592,3365.01064909963,2350.12879301609,2352.63329748796,2719.786896534,3071.25766181025
"50",2314.2302471334,2403.15109948002,2386.6553779088,2958.46950359278,3807.88173315946,2260.67892621792,2253.2448227181,2630.71644949357,3047.9718671953
"51",2570.32484925087,2673.90774751337,2669.7038515768,3165.36428627419,3834.94588085689,2497.5886826692,2504.46196362234,2900.37212466628,3430.78646686552
"52",2473.32573839901,2600.28002782929,2553.04509769644,3946.96780135167,6932.263057953,2415.83405219401,2399.16033045616,3461.45460867769,5243.46329767175
"53",2400.81131701768,2476.78379472841,2479.33692078224,2993.28898377946,3522.9840563577,2336.59376457749,2345.67215560433,2737.38793531515,3161.66520422945
"54",2755.73932908268,3159.92911239576,3226564.98173229,16656197.0824191,15353.1630767672,2753.89980383464,32859255.3459061,NA,10915.4758030843
"55",2438.18686545599,2533.86968754261,6033020587514.06,3264.9871562037,4577.24546300394,2375.43520281094,9692329610.60122,2969.28642128458,3926.39052235772
"56",2478.9955662119,2610.00179912079,2599.37318906728,21087667.1990795,4451.0283530735,2411.70602112781,2091510414300.41,2948.20170866197,3851.8634850203
"57",2336.04831836466,2403.13777116983,2397.93312863249,2906.17540641997,3572.35032947316,2272.77493711045,2273.9119594406,2665.72871500358,3096.65871234192
"58",2491.76844418374,2614.94339266281,2707.02869592557,3461.37481003918,6474.25759319656,2414.18527931096,2445.63484658989,3113.96612435799,4606.36383543183
"59",2463.60510401522,2735.33728451283,2697.63003097057,3699.08267167547,5376.54683326716,2371.61786934026,2362.43813571581,2930.41473235859,3663.40685818868
"60",2463.09674832606,2555.00769259863,2541.98398847648,3278.72263331354,4400.19754687926,2398.4299860857,2395.60160832645,2967.26217869385,3665.0733624443
"61",2476.60451226026,2534.64387729536,2525.71183553809,3465.65548747624,5614.52490323082,2429.19244398715,2419.85871989789,3349.97980645982,5932.9493738781
"62",2351.52580266882,2448.42626136032,2421.37294212369,3180.69139471493,4206.01835010991,2291.88338256094,2279.35441517007,2882.41369898859,3573.27199548023
"63",2475.50949578914,2640.88511750392,2921226070.12728,3606.06469927758,5395.14764143585,2379.63527089049,2376.30621752974,3007.729990984,3824.02526006261
"64",2773.28449265094,2917.31604159543,2807.60386301379,4133.70708142535,7873.38122051125,2681.63892029048,2610.59869663006,3748.73603592872,3485150948.89716
"65",2469.67752794085,2564.03087342968,2559.24323599231,3287.04220576404,4250.41325080218,2404.03916561227,2409.28429054555,2965.89339091734,3570.61670189367
"66",2455.68198305051,2512.79743064636,5565048.30362405,3105.75807072754,3831.40756707335,2396.47600563493,2710695027.21761,2900.6376631094,3456.76212883703
"67",2333.70287628636,2415.94977885515,2418.84867102711,679316.476792281,28624109.7756355,2274.09604007925,2271.50869311723,2774.10551655138,3378.48852143277
"68",2436.00286825125,2554.99104166457,2520.43338188695,3328.23234185372,5060.25168002827,2352.54239643484,2338.66080033419,2940.65754912705,4006.29266391541
"69",2517.14666952799,2665.0612950391,2660.14576350814,3246.12580385587,4093.98524903911,2452.33801603063,2452.63326422973,2902.58847347657,3427.76534979049
"70",2431.42375161963,2540.46930490057,2531.63562684434,3115.24764841303,4335.27758523201,2371.90779864627,2369.61580278107,2835.07874949347,3740.5216772402
"71",2675.96876051736,2908.97717748874,2655.64861373997,4193.27143730146,8124.63235548447,2590.680038212,2444.12398739343,3773.92855227091,6436.38988649558
"72",2449.65089490757,2519.92483450209,2511.99313220179,3209.1347717599,4326.27090477011,2398.2293384477,2388.93227332867,2996.96362676246,4070.07535110432
"73",2289.30283260196,2389.40412810931,2358.2144240645,3823.13491481321,7136.94363788927,2257.58835371402,66906590.4267803,3629.49963743032,14546997723.3861
"74",2429.42363828165,2542.28174068653,2522.90436491832,3266.68799756542,4516.05305898955,2363.77125823111,2356.44213649658,2790.39180781108,3383.70545282945
"75",2508.87600325349,2586.89255307305,2563.96243163582,3163.03912962574,3870.69922408109,2452.96333728957,2438.69783669869,2955.49153337204,3582.40739684068
"76",2371.29743545321,2615.89482950609,2512.86420810243,124673122.54487,20717.6504880317,2316.72334300863,2279.11486504908,79474935.1482712,8435241792.12175
"77",2438.83860884368,2517.64884289179,2497.01204234262,3206.14428543123,4338.46275708054,2373.19126131596,2359.10547370024,2959.93328595977,3849.83775151299
"78",2353.32323965761,2472.51661754012,2499.27040930213,3008.47635263945,3942.22992500638,2293.35661745533,2295.05460054169,2643.31648286931,3040.00544608114
"79",2530.19817321829,2763.08112816828,2325884015.16163,4192.61517388708,10719.5087920559,2461.50333561947,NA,3600.70637558407,7560.45477339192
"80",2358.12441911927,2409.04621236311,2401.61387509555,2833.74509810392,3265.40623471604,2299.22552435284,2297.31374111394,2603.13422999318,2838.78934978032
"81",2549.32112351633,2694.66729029739,1267344.85333335,3448.79371316675,4659.71156148129,2494.35321186946,2481.39623667948,3120.31835278811,3950.61632190995
"82",2470.27727422616,2602.50735646306,2497.17159304505,NA,13303.1622490523,2406.99297481083,2359.57353791756,6345460992.14609,9076.96602585878
"83",2455.66667869235,2489.44439554756,2492.50948508173,2984.05510933966,3530.52335796366,2395.73189613703,2398.73329465061,2877.77617196923,NA
"84",2453.75336111884,2521.37110244939,203671195.475097,3155.59627270813,3998.98424600366,2399.09767638069,2388.39951740266,1927935293.86191,3744.20637968354
"85",2493.43824064283,2601.09042144787,2554.7090288015,4302.24457809777,83365635774403.4,2422.08607243433,2399.67592166973,3694.03034914638,7135.85064382283
"86",2576.43000867423,2684.00766735613,2563.37422104062,4265.94222726508,13138.3399100952,2507.64450625177,2451.59504921549,3984.2734356765,11792.042672847
"87",2538.0959292024,2679.84499621174,2647.7299863992,3736.67488738089,6206.73007215871,2479.52943511871,2456.28091892957,3377.01203466748,5427.64565211486
"88",2583.51681413534,2752.48799802032,2703.60397103454,4364.45575023372,129924836.8314,2526.30324419022,2506.74720569536,3678.37760770681,7316.50313437935
"89",2529.00249306145,2668.56226519479,350368884.902506,4064.45036561688,6213.71436614698,2478.30921860676,2414.18853856146,26705895124.7196,5725.0585641873
"90",2375.71535075037,2454.96590709236,2434.42879479819,3336.54768096898,5596.897346998,2321.91835670039,2305.60130583675,3105.72075422841,5378.96437614717
"91",2513.05650908553,2635.34161110743,2571.27634829393,4002.67023410242,7079.95851093705,2469.43285411838,12831591588.8528,3667.90747558705,251081006749666
"92",2527.89650424823,2654.33443112635,18998362953737600,4710.33693100358,14604.8289602091,2486.10135890808,20351572131.1981,NA,12078.2455266928
"93",2456.5258472486,2540.94337330352,2520.17521129601,3203.48439596801,3924.46178425937,2394.76446427836,2385.07723744354,2924.03346605325,3422.75942000245
"94",2599.87746752312,2710.27746238413,2672.15143246048,3482.19792137932,4914.78625861459,2541.35363816302,2515.98681647543,3223.74395019378,4606.99489599607
"95",2403.47944390329,2476.69188331356,2462.65680831658,3178.75163813426,4374.60908331496,2352.17870568368,2341.01698324954,2966.8064200563,3946.97524609743
"96",2437.2618517889,2551.2199516519,2523.82546804066,71264735.7139028,7171.63496430274,2376.02104101656,2366.26074841169,67963040.3963138,71992195.6650373
"97",2459.06261416464,2500.42610314862,2472.18073596942,3113.77734039236,4125.84791645614,2400.17620164272,2377.71709411636,2974.47449339222,3834.2648970816
"98",2448.15350447178,2802.24869390492,2624.97498152023,6304.97743824135,25221.5905748884,2349.14063616831,2316.75195374728,3996.76897663951,9812.69839109625
"99",2402.63856021233,2514.94040882487,2485.47884119004,3405.97944589795,5273.84491721318,2342.603985257,2330.96225987953,126241432304.668,3884.6125125271
"100",2546.14848116615,2656.4129530809,2660.68862715594,81692537.9068168,4405.32299055022,2462.94721902922,2478.88915857445,3024.4848118557,3732.19104080595
"101",2620.20529268383,2719.39921249,2678.19859694788,3885.02708238728,6726.35761322073,2559.99513741221,2538.35810865977,3546.62303148303,5678.82908138547
"102",2508.63635890636,2618.56509958846,2603.52030067557,3423.05404517037,4706.10394688694,2451.40916856631,2448.67944088847,3120.91663862661,4150.75019360918
"103",2413.43027837878,2569.36491109612,2519.15533821934,27755743836.3091,255493533.33258,2348.48432140416,2325.72114202939,22986127.6173297,28864460044.0832
"104",2464.08596384685,2530.68499061165,2522.38320647529,3261.22689692962,4556.32563401548,2398.08568653509,2394.97642923233,3040.95723305992,4136.28656108409
"105",2557.02191561068,2671.8003679838,2652.1538661756,3421.20079688475,4758.16030536748,2472.46713149299,2459.76686989782,3081.47380551496,4050.86736159458
"106",2512.65750717228,2656.24072433482,2632.06551782261,3447.7827050177,4758.25388074859,2454.79472789213,2448.45974464732,58014703.9806266,3883.95656500188
"107",2402.62433244816,2431.58080208032,2408.83136978551,2934.56352845854,3307.98422037921,2331.10981484745,2302.96929333599,2831.55036240867,3156.70645937063
"108",2476.06687190392,2536.08922518994,985203100.602188,2908.9226502545,3203.70625865842,2420.64637706382,90215661.0086799,2735.78245208795,2972.10167178221
"109",2360.60331458878,2427.22826066335,2419.61196897288,2928.48270095726,3554.35241855628,2300.29266459853,2297.26411452081,2645.01391448379,2965.65069801276
"110",2514.01304123125,2685.66993888478,2450189802.20137,3894.33817290168,7064.95277672026,2467.10891672882,2424.59196932917,3475.33162286689,5551.63256707338
"111",2467.20452651301,2513.92778499152,2524.12169642071,2899.3574429013,3410.38899201929,2409.16703399383,152526404.197032,2778.84588995498,3311.34099872038
"112",2586.05260192823,2858.74660648165,1958865346614615,4733.12005946962,12502.8502050746,2517.14857269368,3633221583.39984,3733.66392622597,7744.71035278169
"113",2475.39880858108,2613.32220462084,2594.54598488615,3459.8026515116,4805.61912695265,2421.95826420003,16129117.3613876,3088.26580071657,3864.15722504223
"114",2577.70172903585,2679.40335649487,2657.95971634043,3451.43358532439,4227.34583147308,2506.11747502522,2498.742980032,3135.25864496349,3739.64123565203
"115",2459.02888454054,2533.46359761443,2493.0332774662,3464.66975015839,5235.98286628296,2399.71613438011,2374.28725119177,3235.11863396025,4709.57426827407
"116",2562.33637790081,2703.86019227421,2668.31846199018,3998.65384137458,7107.86156239239,2470.87236982142,2467.09188124276,3358.52142764664,5437.61527221872
"117",2580.5732392857,2723.65756694505,2669.58194384557,3800.40149052088,7983.63234774193,2514.54912190545,2481.64806407549,3441.48091986197,6814.32322769432
"118",2453.16052837521,2630.42463567432,2594.76278197221,4088.71768617814,7663.65733294267,2377.26420666751,7711457.59753564,3167.92561443614,4380.71851947702
"119",2461.58671736059,2563.78655774413,8453985690029.84,3269.45823197876,4262.93530702086,2395.19570502294,2397.99045485039,2920.02137166576,3560.63267519928
"120",2508.22164572545,2612.67828886028,2628.30290279803,3312.31588749617,4740.4807948194,2448.5062118601,2462.35176656455,3019.55867891397,4147.50263281691
"121",2540.51717527601,2716.15558700466,2639.95318901046,4414.58820183154,13434719376246.7,2482.48049005229,1187130800.84042,3864.13225972392,8478.01976449342
"122",2391.93340542973,2495.60818422172,2462.82965090199,3284.02630172752,NA,2324.8713632827,2305.12742239005,2942.91145586825,973394340.076047
"123",2362.46185245578,2505.51415172146,2486.41247422656,3007.20108033876,4676.53467415368,2305.40098792901,2300.60703990259,2833.44173893241,3401.61070172
"124",2433.98737011017,2529.79773823084,2493.44211922246,3211.88036304597,4076.76416898373,2377.24776254042,2358.90109674201,2943.78128012843,3622.64329539673
"125",2449.54950367239,2532.90001454654,2491.66848513042,3331.47434417548,5001.56978275914,2417.63281469107,2380.87046493456,3130.04131487097,4750.44977840275
"126",2616.53045210025,2739.03264893128,2687.23632811734,3528376.1249426,7752.0643670302,2553.94490536995,2520.64034723245,23052174.2985708,6213.81233134217
"127",2450.50646171662,2545.89647107625,2522.7165032299,188263784486.669,5045.63464137341,2384.68296407673,2375.09247824088,3033.53897027365,4114.53189832968
"128",2552.62904096658,2645.96128577292,2641.37929660226,3271.5986504398,4225.43818906403,2484.83540463315,2486.97264082906,2991.38907727226,3587.76358592334
"129",2399.4034286845,2481.1684288379,2960817.73075864,3048.30573506147,3839.23585781333,2345.64615251504,8557577839.44503,2790.60783190597,3260.36328241279
"130",2486.92201366563,2553.90810939782,2539.21948361012,3168.28669194623,4209.07442514615,2431.71040135092,2420.55059781217,2989.55199749443,3879.6952273584
"131",2452.59076084797,2624.84596472598,2561.20963988512,3883.46276983785,NA,2390.25615757296,2365.40589723203,3313.51442245732,5076.73436998617
"132",2440.61961370271,2540.17896889966,2482.01295631156,3551.28179785738,6150.22750181415,2384.49996658383,2345.34616646624,3273.44042600282,5513.71911236631
"133",2439.79254159733,2502.15023108319,6110028304.04284,2992.21782859867,3835.04575700089,2377.74798829645,2375.37486153367,2764.70840090657,3347.28647457046
"134",2527.97205110312,2690.56768780531,2613.2872635389,4166.04300072307,7876.3793180447,2477.77234029945,2433.55975873599,3728.95960854267,6654.76964826655
"135",2519.88551161359,2639.96820247754,1869879292177.29,NA,5012.82032515434,2430.99856130063,2423.85275680225,3085.07030655454,4292.52834012261
"136",2391.85701274227,2445.69082912546,2442.01791209188,3152.07628797587,4322.33489783176,2346.42063186165,2357.77611978464,3045.18476003303,4332.39747776691
"137",2464.74284377002,2560.25269005257,2559.30946734628,3382.99308256514,4995.81458451565,2400.50678992792,2406.03918017946,3045.09784556733,4243.77246486586
"138",2444.70258523431,2598.50732626649,2486.59678096583,4272.26937556627,12751.1804600071,2388.15889908349,2330.67354941604,3764.11452779747,9461.62915106693
"139",2574.79291538185,2664.34988038612,2641.0372682644,3300.05581607478,4270.55409053787,2496.22337861131,2483.59122434446,3038.19702708455,3813.20999270097
"140",2354.50092391565,2459.37766385176,2395.65722850719,NA,6546.98703084593,2291.9332646559,2272.49680895468,345586360457.363,NA
"141",2511.92591107746,2624.72629844991,39456896661.314,3624.70237980283,823619892122.769,2447.94011714623,11266969.089811,3226.56676178616,4435.92355249042
"142",2380.94264032243,2539.16296771423,2490.65276197662,4074.02316450323,8187.76274154358,2337.75577590871,2314.3763749319,3534.67616582834,6094.19993870994
"143",2411.82870037016,2543.70910887358,2513.91272201828,13896.6778242129,284346025.481115,2343.7979235015,2345.3982071325,2987.60639002868,3621.7322071849
"144",2482.35272764013,2596.09711474522,7690914.67624899,3448.66316996646,5143.65689085178,2409.87869790735,398085915.112491,3100.0172019428,4231.40279028926
"145",2404.35929665457,2472.05556205016,2452.01062187484,3291.01077268577,4974.09593897961,2350.79009112757,2322.33930283161,3148.48279565693,4818.81714796001
"146",2516.70660557948,2592.64265563286,2569.16896919432,3448.07674768501,5642.31483496699,2434.7652107368,2420.19979418866,3221.89141412926,5353.35484522912
"147",2335.64063806405,2364.32635264509,2343.76712146778,2926.27734428075,4073.33922116364,2265.29632969885,2250.03034835551,2783.66667504962,3800.50969828761
"148",2404.34399701501,2486.13521332857,4343696972775840,2958.81977319502,3640.46729489102,2351.81444031452,52130071487.079,2691.20585357531,3099.48718553464
"149",2403.98468417934,2555.33458382559,2500.89882375571,3677.61179088693,NA,2336.45174077442,2316.55585125252,3141.02869988331,4254.22175252627
"150",2371.57230534248,2512.01954996743,2480.82142399518,3454.23068306651,5578.08821231348,2289.37473234627,2283.68504139888,2866.1668429019,3702.57991500074
"151",2429.66338683035,2514.68678206005,2493.14806832509,3361.63225715125,5181.58074006224,2363.50319323509,2349.17202831989,3090.04502489733,4668.95969140722
"152",2400.54502077276,2482.48027776729,2476.60750963313,2967.5909760107,3723.08537447184,2339.65787756088,28354840.9067454,2735.96010498601,3221.45553119998
"153",2421.56458077825,2471.33160257368,2457.01593918933,117081429300.734,4359.49701999169,2363.68963176189,2357.20174869172,3025.7858216335,3881.41701553922
"154",2486.9028497994,2548.43442746818,2499.41406966089,3476.41860225271,6689.25538264788,2428.87518982668,NA,3342.0962222468,6272.69984008159
"155",2435.68929269846,2525.95258788536,2534.08391516224,326668880386.951,3414.27769497618,2379.87288737432,2386.14605305289,2718.66809710944,2965.47998628274
"156",2478.86597379627,2525.14264173083,42616981888656.5,3207.94708476466,4202.97135560393,2417.63802360743,2404.31214296652,3113.28473574238,4262.56303429933
"157",2534.00680043418,2631.16823949115,2615.22889131973,3417.57512335091,4364.10047462354,2477.78276608781,2467.73789350598,3101.92655302513,3766.20005309763
"158",2460.82220000986,2502.16374276224,2508.00706868124,2885.94113490063,3132.88156963821,2408.13124586353,2414.20078796203,2739.39421356471,2952.10617517888
"159",2516.12730171248,2640.90716615868,2609.36799521188,3375.86394956796,4192.60173976511,2496.19373911682,9887668245997.4,3149.19207510404,4030.94328702878
"160",2455.65462890308,2485.92575449473,768310172452.179,3201.64786301822,400525110.615251,2384.26995472364,2376.8101127306,3043.28936331656,4118.62683909601
"161",2553.8373573047,2745.69310617363,2660.27347277877,4442.62241088231,3748836701.38821,2454.18558971948,5083907.35262877,174034437.461799,NA
"162",2426.12468757857,2531.95139006188,2541.08636993704,3288.90184871063,4142.94610970659,2361.78390399633,2368.34450410035,2895.96414881383,3392.95743190066
"163",2435.38387310149,2537.57860879238,2532.73309189547,3215.50472480302,4173.98197487321,2378.33216389539,131420362.017849,2928.22285311011,3650.93973906455
"164",2433.38332024162,2483.20596408073,2488.67980994858,2833.6980411754,3099.37347811211,2381.32120785936,2389.13115344206,2679.66523354307,2896.56325684441
"165",2421.85250337134,2490.0071511134,2476.74009112134,3131.96718997107,4052.85257639647,2376.18173990321,2362.79690531544,2984.4809857092,3828.05917205464
"166",2378.3925126026,2502.95879551802,2444.64669878556,3588.99039076728,6637.6607183338,2315.37700971222,2276.68096081133,3258.09652775984,5582.35784972035
"167",2508.2968927866,2555.28145114988,2550.37549589636,3012.96718434159,3609.49958982324,2438.9767729994,10013807076.5024,2825.36508043446,3271.72503659274
"168",2405.89316053442,2507.54584180218,2502.56871431119,3053.88272392139,4276.57888570015,2360.08702682882,2357.84670441352,2801.99326765802,3807.73798682466
"169",2319.94527888401,2351.14156303512,2344.11003294027,2788.98058106136,3641.61013895528,2243.98502257823,2237.66682723411,2637.80848074606,3337.25655128325
"170",2492.12525410552,2631.44653046502,2611.4329712132,3749.82340309294,4346797.07136985,2394.81289637146,2387.86782457465,3293.08829571432,30494881505.4641
"171",2468.20633260397,2665.27796238588,2606.20417673095,3751.63733877365,6764.39257982238,2401.30640601043,2360.51921883157,3269.93469510104,5411.36782096027
"172",2489.69641441812,2687.42721547142,2629.08761446976,320095643.646531,7362.05541191147,2433.17299632165,2419.02053019379,3279.4619985327,4761.16513508517
"173",2499.04105322202,2654.37014947261,2604.49228762659,4110.54500894708,8927.45395321525,2428.96317906113,2403.19175942722,3511.47231504201,6493.78171742927
"174",2569.03116191907,2690.50097246501,2691.25646014417,3230.8886602437,4205.23261322563,2510.208679788,2514.02869071772,2940.31541493537,3660.27518899708
"175",2380.43136079426,2482.53428713846,2473.83956174457,3146.68429861821,4345.17747394866,2332.1048237801,2333.56347235065,2908.86176832157,3829.2942345819
"176",2440.19432499946,2609.69978907576,2525.04653331801,4316.22306673326,12183.9716114348,2382.15818249648,2349.57170646699,3636.2297144126,8055.57286847422
"177",2343.23318295076,2390.35281558561,2406.63072278796,2746.70247368715,3406.41764560732,2288.52877738592,2293.60934157609,2614.47582130507,3170.03464834626
"178",2468.28031431184,2667.69405078026,2605.08690496209,3979.91979071002,7259.44134525999,2387.03144495071,2359.69317481373,3310.32296598482,394707781.922398
"179",2485.77082134805,2727.90030146902,2630.84729543188,4822.50745858145,10844.2041731082,2369.6315616786,2345.96290675878,3460.98781506974,5883.40086227838
"180",2370.56222421242,2457.70190547027,2429.70457812367,3443.20248964524,5742.88056191712,2307.13523824091,16328861328676898,3089.20833408785,226450582.260676
"181",2513.42166897162,2642.86412323155,2597.17236023582,3780.50285740742,6763.808768697,2446.85175559217,2422.36691742553,3393.27237221013,5594.21911980702
"182",2472.39910400028,2578.29985626527,1989607080212.94,308176020.585192,7974.66756962671,2428.32186068791,82870683116.4265,3503.67956354922,6184.99989397192
"183",2405.16749873697,2481.81200976406,2484.07363626236,NA,3192.33309716652,2346.95466707434,2352.40400388466,2629.18067482987,2832.46066625473
"184",2523.5519092988,2677.71377476059,2629.93434822278,4523.85432322964,17307120253.2246,2452.42280592198,2441.8893299083,3683.11301235795,6605.99210808175
"185",2350.89045039174,2448.6698150793,2410.48696359242,3381.03061746914,5061.18345738992,2296.76228739003,7829137.9282347,3020.29405591454,4227.34221387317
"186",2495.78068904868,2640.61224024339,2550.75565543921,3863.18620262268,5210.87740119774,2459.75251898433,2398.45626937688,3448.70218786201,4531.305605459
"187",2495.58359557404,2650.87371514463,2587.71803975753,3578.85740799941,6477.88155464686,2410.36952641932,2360.21977300337,3326.3077821579,5281.82436803444
"188",2555.14005970199,2713.18256751502,2675.95314997685,3585.55244817735,5598.63562601148,2497.9237661725,2480.09124240285,3195.56110456518,4660.08028785432
"189",2418.28342630294,2561.01902747416,2493.78858639077,3861.26426083996,7105.08084639445,2384.04204558778,753524700472771328,3520.12139853653,6230.21560945227
"190",2433.44470525059,2531.6046565324,2510.50172708754,3311.94868016073,4613.87191914701,2373.03463563372,2364.02128991765,2990.65208791017,3807.59630724739
"191",2476.68397682735,2620.03405725671,2541.26925662441,3596.18083941889,5973.69546605354,2403.71997596665,2372.93519334871,3102.96477403117,4656.32735862771
"192",2562.93558868601,2728.79580670129,2674.15827332895,145528166022.124,7634.74120240116,2500.74736944959,2477.40978817045,98790543.862707,194789692.132379
"193",2340.19629719016,2392.21156333142,2402.01373561003,3077.70811254797,4297.11657934732,2289.68421709826,2302.38055386324,2958.1400903343,4234.93259889576
"194",2229.57927921733,2314.89865585773,2280.65701796651,3028.37349821377,4599.95051241921,2182.94448445413,NA,2755.6541374809,3803.48217821806
"195",2542.26295232376,2746.77408868169,2730.82131597742,3567.47579205233,4966.94485705379,2460.27480725235,2459.39319831164,3015.60666459909,3786.82067654245
"196",2485.47847462234,2634.02188068587,2560.73008317865,4336.53712181758,11602.381927442,2444.08103907134,2400.78967573326,3884.65963529931,9658.90723238099
"197",2534.80785500139,2665.0688433773,2742.24730104112,3378.87841122207,5218.06337498063,2473.14059917948,2504.71430846334,2985.87268077502,4296.63765378149
"198",2421.09724240575,2450.02490058422,2453.73021744577,2601.97382845494,2678.36623128221,2362.37249126358,2366.29642822549,2493.75087187719,2562.80308011
"199",2343.65170971542,2442.28174001285,2412.73712973921,3247.55205639617,5481.20806501092,2285.00588491505,2266.18288656317,2968.22388718471,4583.84261667022
"200",2388.6903369449,2521.86876636549,2478.69700866672,3649.59439329212,6893.18663346794,2336.96488873263,64755450144.0339,283796548.983016,5836.22858871909
"201",2464.15329889145,2554.41663059211,87037197.729627,3506.80240544319,6242.00683958416,2408.87050648508,2364.19060311925,3205.36909642994,5388.29768163061
"202",2367.3526382244,2454.05230702419,2445.08989810129,3048.17512698746,3913.32129455616,2304.65425251826,2302.29982161737,2748.05016115063,3286.94776662509
"203",2414.39116029864,2488.47600006984,2482.85870372512,2961.97149057884,3754.36187841621,2366.4930240767,2364.57382286437,2755.77693429886,3326.11325260338
"204",2362.50963815625,2378.32756265045,2386.7495675521,2724.50612949749,2974.2611530633,2303.0830917598,2310.51599569314,2653.25363959088,2926.89732110891
"205",2477.42893983437,2620.64673741453,2577.18802764692,3657.10127534287,139556035.411668,2390.61768424925,2371.55639097302,3122.4555470092,4413.38669199468
"206",2513.77865273063,2633.50836928563,2578.51859096678,4195.89214236206,50031910346.8979,2447.38021946637,2416.67241233951,3720.46275621472,7320.81646244399
"207",2495.05522034536,2608.51094558888,468091159.767544,3172.34789537647,3809.46101576256,2431.95593113364,2426.79221489677,2861.01008561228,3267.5284772115
"208",2382.74920294082,2535.80899331698,2486.20975939991,3664.56188480675,6753.25460686743,2326.35136187444,2305.30787489103,3198.48764964601,4972.53892856573
"209",2418.14920843979,2552.91941619367,2555.44087254305,3348.5321704599,4863.17766329852,2346.6926250968,82112037328557.2,2925.52930964344,7942891.1053284
"210",2588.77847532848,2748.86344568091,2736.53982454814,54517966.8965562,5133.88467440268,2523.3618634883,2523.15124648173,3136.10074405894,4069.7474003248
"211",2289.59066033745,2362.25564740803,2362.20375660734,2830.23317731569,3253.07561031733,2235.32188329609,2240.73581823668,2534.35993471251,2750.82968522687
"212",2540.55954015534,2607.9674983214,2603.05127367581,3223.14309128158,3894.60004755319,2485.33751517897,2482.5313734875,3010.18479850101,3559.46661488276
"213",2487.7166920988,2519.8053212368,2523.13000903378,2885.96719860942,3182.87436854494,2422.05339099455,2426.78190588013,2758.17199611549,3034.25689841498
"214",2411.93148857279,2507.17372828704,2472.44736079995,3408.91254940689,5790.16701405613,2356.68466011232,2327.95367312802,3146.00779979406,NA
"215",2412.11927502325,2509.93055666041,2503.58172946372,3102.26915777557,3803.79754231243,2349.32150827024,9213419.97844759,2746.99130684362,3064.86206217722
"216",2530.47919771002,2766.55688270477,2650.48114789473,4851.12575149467,11937.8929498573,2452.28781955206,2412.38517369232,3854.62854978862,6951.046617084
"217",2652.7799280356,2808.90987065489,2724.49231798379,4388.79754341839,9433.34962544334,2593.15458005167,4229828866997096,3856.74023334189,3181082250.01673
"218",2565.72774789263,2621.22012520087,34300220705.7806,3734.33807165072,7949.74860287649,2505.61670420028,9676912.6146487,3621.6155623362,8907.7662547841
"219",2443.55091163014,2517.87090566806,2514.65630420522,3157.46168232104,4106.70581627045,2376.22263927641,2376.3156503563,2884.88885561167,3607.21090059517
"220",2539.80468411899,2665.04644597706,2670.06596795216,3396.47138231479,4722.23384736236,2478.17043299971,2484.24617034454,3048.18251835056,258559831.048245
"221",2416.74741180617,2442.70114503578,2442.22789952403,2784.54659868914,3019.5232967658,2358.33157404745,2355.12595475899,2668.10577111889,2879.43215279475
"222",2543.0891941376,2662.80456247728,4926869.53032855,3948.68508174082,6430.08428105666,2472.1554709513,2459.43227588869,3464.37525089932,5336.66907835511
"223",2304.14176264171,2392.43805024951,2411.44557346301,2873.38392751458,3400.41686801372,2248.01160701576,2256.95312142165,2602.11067840322,2958.09736763311
"224",2540.99608580695,2862.57162274978,761394078049.838,NA,6255077714.11127,2484.58922197268,47992308117090664,151340696950.739,12366.2054678624
"225",2460.93073863397,2567.14085468583,2565.89768458611,137311397.656488,3791.39504719531,2408.91395455822,2406.73200286697,2842.80406533174,3308.33759034287
"226",2472.95510046184,2529.2274005077,2492.96698052277,3175.75543867534,4084.57729812062,2395.86323165796,2370.31411955101,2955.09844860246,3783.6755770854
"227",2377.90336134925,2468.01779247694,2442.96723737402,3334.4921844198,4850.72281596014,2330.52430138713,434285454.075552,3079.04945094252,4381.17035183849
"228",2440.14492512877,2625.97218878744,5639561.88141426,4231.16313127936,9807.2596270156,2385.98569317523,2338.39617690746,3515.49856937799,116794439161.138
"229",2441.8645487736,2633.3275142566,2613.67720834236,3551.52137966936,5398.39074083942,2380.07222708173,2378.44482560994,2961.21845297501,3706.76688827948
"230",2403.46774779296,2530.19019559925,2548.36674277604,3188.73096402685,4207.68568242856,2339.9482019808,4801241762.90464,2848.19008013257,3480.6273012929
"231",2547.13366337121,2652.02026318833,2668.00960482729,3515.36383743994,7136.94826439567,2459.10773130549,2487.30047097222,3358.05494975418,5949.39248188158
"232",2373.06850292221,2454.83764764675,2436.89119648005,3172.52115655947,4588.56927332108,2325.46376002995,2315.69043362876,2938.5259302686,4115.13990394833
"233",2446.24374027304,2478.2432540819,2478.89038191867,2723.23933925278,2831.5684824693,2387.95028144421,2389.14712816298,2613.39466302385,2711.17488972809
"234",2320.29292618724,2462.74280741464,2409.60646950496,3339.81334225904,4829.69344922298,2265.98974267393,2241.26135679268,2955.4068264036,4085.19018905345
"235",2410.28291476744,2473.29512007225,2471.83879285371,3107.45937583968,1548071847.70647,2352.46223969125,2352.08272003404,2898.82814506413,36243984363.8972
"236",2314.79419416603,2450.72106201921,2432.40171006241,3057.04783175743,4257.46765612881,2258.97828190246,2253.31176107432,2737.81544969193,3261.6853787382
"237",2397.47248686672,2457.97638576353,2462.58965684008,2770.10556427799,3044.31036613812,2335.48376133404,2339.92216420078,2558.28025041038,2738.3533563109
"238",2464.22571393882,2559.43439843495,2536.69834947523,3358.35231448003,4674.89798882398,2401.32690726543,2391.45311278459,2956.07565634094,3665.92619777149
"239",2466.4886123967,2557.79624289133,2556.40737756579,3127.81854249992,3939.32329101149,2405.11064700643,2405.70300317211,2894.61557911987,3574.0763757777
"240",2507.33842637579,2625.03859146186,2624.62366298806,3262.71554195498,4045.47335459285,2438.40192992147,2440.92895154357,2938.80718336669,3479.14734981738
"241",2571.46954757546,2699.33188422899,2634.74011231142,3957.5742781889,8068.96393085446,2514.40235625862,2471.30226168905,3619.02460425381,7206.2793547017
"242",2428.6082557358,2561.69951352628,2516.98163706021,3642.33355459158,6752.31657260292,2377.95142284631,2351.04215644254,3216.40311605667,5538.35195945434
"243",2483.8177540283,2614.47467862144,94889194.2882283,3252.24773229312,4431.8634318222,2422.54858097716,1264981989.54826,2945.92135369162,3579.62961617877
"244",2295.02849927256,2352.71308300795,2352.40706701835,2768.81623380539,3176.9747495528,2245.18302066213,2243.78609820811,2589.04668146643,2893.91322147234
"245",2450.36651565781,2517.87363153816,64039303.2720432,1605542089831.03,3359.42670246367,2393.4236785549,314696311308031,2705.54106040289,2862.35635232323
"246",27734.0864574356,2585.7086848128,2558.43868929209,11911353.7863559,6024.72342765992,30854.9112402233,2407.40902886239,3363.66253212038,11233826598.0103
"247",2499.64611313123,2584.04510242992,2564.97418241332,3647.02169684706,4646.77993220938,2452.27586121573,2438.14755686406,3160.87406370012,3987.98387186605
"248",2537.04298525877,2710.02338782042,95754812.8936013,4101.37968097504,8320.53396752079,2456.09266044241,2414.07248551478,302737.044436878,6482.98444788095
"249",2384.22188083368,2477.78052559203,2446.63436667253,3270.29424233566,NA,2327.53425658797,234228173553.985,2980.8877971269,3872.68159827757
"250",2292.77952611863,2389.58601486002,2362.80984470059,3230.38834295083,5380.06910164458,2229.72864842167,2223.7437080179,2883.84270238731,4286.90137862117
"251",2536.30664825176,2717.22084857698,2639.270738011,4246.40198350306,7458.83285420137,2462.56601476948,11100870009583296,51151165.3372667,6944.61720077818
"252",2819.97350688686,3005.74653065753,2870.39231522567,4589.31207641599,4004704.28393708,2772.00701097089,2672.4246769169,4210.2244914614,91782115.8077368
"253",2384.69523329883,2463.58363044744,2451.96815197132,2744.59827705067,2862.60608224139,2323.32320500685,2319.91042964488,2525.80313340339,2608.74996226302
"254",2390.82990643354,2542.09962268506,461060235.002361,3730.3413320385,5536.26349273401,2334.14336203998,181458870.799849,3243.71530218991,146283417.71802
"255",2636.03315405777,2761.96079396841,2728.26165135342,3440.58071049184,4796.87887634434,2581.49023552631,NA,3159.18215010136,30282951.7135042
"256",2485.99711959274,2596.74137715741,2551.62901467512,3464.6208830244,4914.95818407202,2437.59534120001,2412.74343606209,3162.27695079471,854898789778.651
"257",2531.54125319978,2605.86175569821,2568.55762282328,3388.52431495849,4659.2679525985,2464.1237015289,2443.5215897864,3091.29969060307,3972.178676407
"258",2272.23791718252,2334.58709293224,2329.64984190913,2779.90344480696,3317.0012553806,2215.5121736235,2212.54554567838,2563.39768158094,2920.39807468324
"259",2535.1636037998,2624.15204383904,2615.70467073764,163157013.589478,4873.33731087362,2486.72718848134,2482.43435298665,3132.22320911608,4592.63544697358
"260",2489.58648557099,2870.36060856853,2711.62167830646,4235.52674932642,331216261.898089,2392.01631325566,2317.12258463647,3404.20571745379,4985.23452527623
"261",2333.32206180297,2410.23160039451,2418.85530378616,2919.34403166591,3382.30867440288,2273.92748201653,2280.16129718544,2651.76309461049,2953.34033409467
"262",2703.18676125449,3008.59331675525,2987.40942437251,4440.00211192657,13259.6707827355,2638.58200100063,2573.35648119789,3757.65381782042,8835.3666939146
"263",2410.56721643895,2505.85031569023,652263730585.948,1515152268135.79,4430.56561284805,2349.7236883732,71892417679.285,816972936.489689,3598.44025976501
"264",3156.05355545915,3759.45064939577,135135650.473425,5577.06468855547,22471.9183347632,3065.5534055716,2777.11772330908,4543.59334641878,19543.6224628421
"265",2454.6245969846,2525.9203883047,58266472877.2403,3627.79043647216,6987.49820193659,2392.67717701563,178163783520100,3367.43891121129,6408.51327570964
"266",2459.93095936521,2651.24077252451,2560.79751116932,3890.2880307865,24756997099.1681,2376.83656723403,12967593734.5407,3278.2603186042,5415.70654290064
"267",2600.88044609254,2791.25579802801,2648.82936994557,25893975134.0819,39788.2386570846,2559.42681464162,2460.68956502373,4706.55147349354,9034269400262.84
"268",2490.30177278259,2552.67089810049,2539.97790731548,3169.14261106438,4185.01145895963,2424.50670564961,2419.63782108304,2936.52326561979,3740.70044656806
"269",2556.72001694598,2669.6689646309,2645.36028576777,40684725288.5684,6375.03639406911,2488.54976616656,2472.27990865683,51230403.5199912,19020413.4086272
"270",2667.67220273972,2790.2817650812,5386121349.82528,4438.42914600119,12259.1793218615,2585.63767961726,43675525947.9224,3988.29305379961,9701.89387629794
"271",2267.12892595109,2338.17668142803,2332.30961113218,2786.86084854542,3414.45020082692,2199.75540073553,2198.0325184534,2555.20664271627,2948.55427201583
"272",2477.18001335153,2595.95713939575,2583.63027293034,3193.97807169979,3910.8056141219,2422.76970281116,2425.5180404055,2932.99514172184,3310.0772803199
"273",2606.77463122595,2868.66500736471,2801.07923383635,4254.53306266545,8917.27721520399,2522.35576303979,2492.64225461085,3483.39790572971,6087.38018284886
"274",2592.40066063727,2666.90235019819,120466761.697532,3501.30669111711,5306.40603244835,2552.68414224587,1519288395.03321,3348.38991157324,5039.59653868778
"275",2469.81632927042,2644.87208163267,2603.42106591389,2952070.38561016,7004.7547591775,2411.49093965353,2401.22910068017,119347393.589416,83495469.708036
"276",2541.17968853306,2723.73749393529,5513480777.82608,13912120.7321073,7411.20563321586,2478.23356716755,28619741.9085258,98444761.5743953,880104439483.031
"277",2765.95316587491,3092.6986394989,36164511219.2779,4373.15476100204,8516.57978114373,2693.16138187593,9062001.21897455,3584.53711472394,7783706574935.07
"278",2446.49516484042,2545.63706873776,143105518321377,3432.09177193409,5009.19814908678,2379.3155819564,901260555.202096,3112.24599669173,4314.88788879092
"279",2469.03394821831,2602.61172192301,7566352139.14068,3371.48087136555,4512.5149173784,2409.30852981878,2402.15045228706,2935.83486321263,3500.79453854426
"280",2492.60070349621,2581.08660386687,2560.35494225408,3484.23160579277,5460.42923755156,2418.1859436597,28901635842.1491,3165.25251606817,4439.10070133176
"281",2501.23769966274,2661.9218313551,2613.56133387987,3767.56601538395,5889.73117732683,2416.21718002318,2410.53378036243,3079.4606799219,3997.14146222072
"282",2518.09252241757,2570.52126100215,2561.99462413429,3108.90639588836,4151.45772952829,2451.91831615875,2443.9926096267,2961.9746878254,3986.67343232407
"283",2442.48914646262,2676.08065792214,2653.86350848679,3693.44861230698,7102.84629399883,2374.45052243258,2364.76295715654,3261.53751972905,4718.29993995249
"284",2486.86550006562,2623.80300725333,2587.43002200274,3166.74626584709,4679.06258099261,2424.1244700772,2415.1150026167,3056.72231303898,3874.75040805474
"285",2425.58289948011,2490.34579634196,2479.1875905434,140149130.752789,4633.72076572569,2367.9367871545,2362.60598694368,4918862951.80692,4113.66072811213
"286",2555.61079849586,2760.47585885027,2662.64741278199,4680.59001443102,17385.0220362127,2490.97393875718,2435.95853586395,4013.13360186144,12680.4445318495
"287",2433.78642314475,2493.30377866015,2496.30153589855,2897.21623857541,3344.69510088653,2372.26568780694,2374.81275498657,2687.68672567564,3007.0151001052
"288",2440.81397026844,2531.23705185124,2512.04859149281,3315.51223295004,4976.75885503717,2378.7093230879,2369.57660758704,3010.83045844169,4260.32119688428
"289",2482.70462979735,2581.96960212025,165697654.079685,3813.61121305775,7543.35548201735,2409.63923868071,2403.44335620775,3487.21294090696,6020.86077680494
"290",2483.82413591296,2628.08288226862,2590.90278537556,4079.43823295437,7576.0254054246,2431.39201421894,2419.31177801119,3476.2609463407,5667.93823572558
"291",2555.65868031093,2683.30491504568,2703.7093563619,3615.34619386873,5955.68934692498,2476.98126755001,2501.94537902911,3233.89542429499,4914.7368705205
"292",2466.0728409008,2836.27509818755,270120781815.657,5583.99302467334,11181.9292826725,2390.10120466679,26716614641009.4,3661.31383831306,5686.99635442728
"293",2366.18798144411,2432.93890120004,2409.95373877341,3086.33490852126,3969.72410341105,2323.87427922204,2309.55798431658,2920.45207237487,3650.53407362125
"294",2442.15974382324,2520.2646205041,2504.17217449104,3143.92089413787,4469.73716356193,2381.70795934185,2366.78324334376,2950.71528657274,4075.75753998492
"295",2407.31956083158,2514.19363422293,2508.01599652089,3249.53358055737,4160.32775791132,2350.63376219484,2349.05700653615,9064132.61436396,3637.68444762039
"296",2402.09019597318,2514.64041996527,2523.11024480919,3077.82099833067,3852.85112018609,2321.41172280046,2321.31569368738,2684.96997069319,3005.49783331707
"297",2548.73857056359,2748.44196207137,2704.38339264833,90643056358.8537,7813.29794152701,2488.69972542864,2469.71034350602,211531580500.074,5629.80311063459
"298",2544.14394521911,2643.89003726758,2582.10358778514,5234.52682626753,21144.8404217103,2478.47897810047,2447.9934754494,4658.268973751,57174522700.5136
"299",2480.70244220439,2626.29705416542,2602.82805810152,3499.13634987069,6077.73609927778,2436.66161103174,2430.36581752316,3098.83212872393,1360506.49217571
"300",2439.30651752993,2575.90703492353,2494.9245140291,3911.41208067727,79098707871586.7,2373.59508108856,2346.27289572202,3307.04207937109,5393.4941392815
"301",2525.46545857758,2656.10956805859,2568.69254877517,4499.60946656756,12767.9701603541,2449.1514687911,2394.27792956509,130365564.536479,10026.3775339168
"302",2573.48897495787,2759.25731016453,10787543.9289424,3852.11127557229,5676.98349551033,2501.81702137415,541322932.663447,3234.23640113289,426606447.347091
"303",2630.08719887303,2800.93878246671,2738.10868259181,676102927.391285,370963285596.594,2569.51020221677,2521.58224931737,29001607.7095034,11458.8578388256
"304",2409.4233631409,2453.14773829552,2449.45368342997,NA,3428.06453546745,2351.12529416276,4313771.12066576,232129790737.9,3213.4598301794
"305",2586.84026525334,2636.68509380793,2604.28928664261,3452.69166417317,5408086.78004544,2540.46110482169,2505.67201481109,3377.51312053647,4977.72501388324
"306",2416.30274536212,2532.03250141632,NA,3921.7079585907,91856435.0056622,2363.77132534868,NA,3424.26204050291,5586.09330604924
"307",2615.68611896859,2991.45918937822,2960.64420117207,4313.13128149928,8875.91131714682,2502.27211991367,2494.02583020588,68707364994.91,4447.34930472427
"308",2408.27689619751,2538.44378619453,2538.00112300598,3707.32470470311,NA,2341.04598948056,455099.307084901,3178.27346700824,4649.11412627317
"309",2306.7465018881,2426.44075003754,2386.48958547936,3612.89991641438,7465.83690641395,2245.4110854121,2232.1295150244,3067.69103641474,4805.69580275744
"310",2422.61615520348,2555.68441448107,2467.01474999255,4302.78464361385,11678.7780233421,2380.20855392048,2323.61237594761,3851.3643291102,11001.0985328459
"311",2596.29695669718,2714.6074442011,2673.78246094413,4122.67731666055,7963.00617326917,2524.46897380843,2500.0793153367,3686.9783939142,6507.83381811524
"312",2387.18443613896,2448.70028193661,2454.04011171034,2849.70676406476,3223.24839293601,2327.05540272299,2330.33511562551,2611.81968235638,2851.32256889307
"313",2562.40248434234,2817.34593664847,2709.64870085563,4581.20356121076,77864065165758.9,2484.88692773556,2448.22045029981,3658.87457926145,6725.34908604837
"314",2503.22707710292,2574.01561249177,2552.14001713969,2973.8528434054,3381.96679601295,2435.54165741183,2431.42878790395,2773.49744310196,3107.9834456439
"315",2361.70333496005,2457.6048214721,1614588817.35908,3423.44882318904,5675.94581401799,2301.96208833297,2292.24207162753,2899.48320421204,3833.57080818758
"316",2427.76870044725,2558.5626238576,2617.48903393223,3452.56636750867,6458.77007096941,2369.8585130612,2354.36900598259,3141.2568071217,5058.95909986458
"317",2500.50502786919,2565.73347696336,62264325456.6233,3120.60284363457,3798.78190436979,2439.3287981844,522540292.9358,2896.41538098815,3384.58707116369
"318",2374.48906156188,2428.43656469564,2422.21409877477,2886.43507023049,3679.58055487307,2326.40719369641,2320.91026922703,2755.28429724128,3601.61734132937
"319",2534.27927744268,2629.59525816268,2636.00149862188,3311.79004117282,4617.96579977186,2466.59499936758,2479.78406522801,3109.54593524966,3964.97681010753
"320",2461.9831379636,2601.60357390522,2520.62967744842,106776215407.226,12474.2224216464,2394.4155874156,2346.74365426731,3612.07705984067,9683.9618007731
"321",2638.55283019941,2876.05291289174,2767.2544503798,4155.11696955602,7849.65684718756,2549.90637841641,2500.07034614757,3506.0097244794,5894.71861457709
"322",2491.12160854749,2554.4118892142,2545.39103726372,3170.29224252197,3992.36689813753,2431.83482519183,2892654191.28703,2938.02861491514,3508.28163691721
"323",2472.19426941986,2562.24389077907,2539.121035924,3174.13912782545,4746.85222631954,2406.90764378918,2393.35682427873,2905.67507732111,4048.57705274061
"324",2437.34188492371,2569.9645396886,2563.35066032872,3367.13855557234,5009.73933766472,2389.52383230752,2389.84710417138,2955.2201594191,508701377.380626
"325",2411.32802923781,2626.13660447092,2519.43071036742,4606.38034091007,10213.3165459482,2336.52568205682,2307.25316398237,3612.07134836883,5945.50371572632
"326",2509.35339429852,2555.50291877523,2542.64365822894,3130.23946701697,3811.96320671293,2457.97517888799,2444.75362342072,2971.71850798772,3535.34286988632
"327",2608.96472454422,2849.99838355924,2789.18153341155,4167.62144567258,7047.97333255556,2556.09097398024,2534.03789141954,3476.74358944078,5370.94632924582
"328",2574.91032478393,2682.91396602258,2630.92013858746,3952.73396167605,7542.99397481734,2512.85881475004,2485.08490954641,3589.48116266137,6880.54504366107
"329",2486.3858542995,2517.68534449699,2506.69916177275,2976.98053793674,3302.7680732015,2429.81028410382,2420.7982306426,2843.31605773103,3134.86644983994
"330",2444.14810076173,2663.15792931547,2566.78195601014,25058558.1169786,13638.9353898269,2392.032152677,2350.61543177993,72458367.6058154,8908.19787646869
"331",2532.12892607389,2645.67561649835,2627.18994285239,3366.93899759801,4868.38920147506,2450.48389802752,2442.14349779232,3045.04820110675,4260.11877839055
"332",2435.43014974734,2505.86075169031,2494.84294095876,3090.26895081679,4082.3356488963,2370.11669735517,2367.6030356253,2802.73089113405,3382.89980317513
"333",2472.54642769367,2559.8247285969,2558.06208332536,3173.78423920459,3996.57617129918,2415.84583548298,119157234237.17,2914.18270168177,3561.08628639056
"334",2523.52070665756,2594.42793592834,94196410.6037335,3492.35402400729,6270.92036848052,2459.33992675457,2440.0095014265,3302.94364525528,5885.92262596401
"335",2434.28740165733,2489.98750005706,2465.37965354787,3238.53865678238,4932.43262916457,2377.16189346429,2357.65479558425,3084.27206456744,4687.886777836
"336",2428.71068008287,2519.15940035432,2515.22325794775,3286.99119672421,4518.31996988931,2376.51177798863,2377.94881346213,2986.47845734623,3916.79041597106
"337",2452.12741904087,2544.78640655405,2535.76264213251,67279710.5044842,4575.89590250691,2386.74326860665,2387.54286690265,3040.62174586281,3817.86456331535
"338",2409.32971135539,2452.47954863884,2446.90450240629,191868663.680794,3717.36366043882,2353.24391384332,2351.51337705843,2774.93522907296,3418.46143153609
"339",2502.42363146259,2644.18179770554,NA,71992998.5445932,8855.2863553651,2446.16969541958,NA,36279503.6878393,6665.47240048687
"340",2495.15016932428,2637.44058553597,10696296775688738,353805.440860557,9055.37048667257,2431.18900619019,65525535680866.1,110036892770.628,6652.58097487136
"341",2561.66222162763,2670.67680513554,2631.53408493068,3656.2753530527,NA,2494.44412297943,2472.72611584792,3297.94798766653,4982.1241937889
"342",2612.45379723263,2873.25730115915,2827.73552550217,4272.30487086337,109595649.373477,2566.57860098676,2551.37940649178,3561.69966143458,5322.29680169113
"343",2418.3201831212,2532.86145965032,2531.21330739878,3156.58889350704,4253.52668573749,2331.93553353811,2328.24211390466,2769.6775795998,3349.05217474202
"344",2380.77545379233,2422.56498035886,2421.88030744904,2842.59177964839,3224.83424295212,2318.84071476203,2318.66793156267,2668.3200594617,2973.33346269428
"345",2495.35576937822,2613.08555787726,2635.53516058195,3195.09370666163,4504.15528163062,2431.05252145963,2444.06521714496,2900.38583025455,3848.55140730178
"346",2370.95425547624,2506.75902428684,2461.30365186274,3507.87521927413,7040.70227641602,2327.28959754591,2298.89102728803,3160.3435481122,5725.00775358385
"347",2595.1964639344,2763.7784000871,2715.26943547668,3872.50234891212,6829.7013259446,2536.02079972741,2515.197556279,258347845715.083,5015.19999836408
"348",2641.25950912089,2806.09863534774,2714.43368559841,5323.64276484259,1633689810.5448,2582.38830444767,2537.53054631049,4559.04038569517,11425.7945217035
"349",2488.33889377731,2543.20253488579,2494.92549290042,3674.6108772345,6100.25922191887,2438.15210410298,2393.8385063899,3680.61508846234,6402.258021428
"350",2586.16569040748,2773.27043003302,210888306434029,165558755.975081,5206.97391231939,2536.001602912,NA,3261.55113235634,2406380.27229629
"351",2476.91416001722,2576.97134133872,2536.29050366365,3790.66568889895,7237.02321232135,2406.84160971706,177354242.202241,3405.27917510692,5744.65404197843
"352",2563.07688665233,2832.3814055778,2814.38342427482,3592.75270346131,42963553.6529335,2457.53678898792,2461.0409456103,2895.97937957872,3565.51194743877
"353",2511.23586307587,2657.08971399496,192840362.185716,92100855.2968753,1507927104.69208,2448.71909129848,2430.76324270032,3908.59636096147,13096654.2707005
"354",2617.58110088393,2878.40286811414,2741.32634689975,5338.11058646782,26657.4164315699,2543.07502981452,2483.41625563128,4326.85855402086,17433.6759526913
"355",2567.87484204649,2800.06778645588,2622219.00889759,3940.23145219093,8120.64511957191,2480.34895809778,2432.17171082375,3442.62610725421,11914946.0381373
"356",2514.44138906239,2681.17789921857,2668.6621337602,4123.93040668898,9440.06134551588,2433.59906064012,2397.54170028662,3480.36406129855,6184.35831739048
"357",2467.97626187064,2559.91763301987,2558.1754539845,3300.66362381355,4394.00177353923,2420.7565217031,2415.85904707164,3019.67348906414,3970.0865137262
"358",2426.11485786182,2504.89454162864,2516.94748983095,2932.55115258609,3467.76031451337,2353.5554630919,2355.56850898605,2606.38526448303,2830.23038302654
"359",2480.09615952647,2611.07849222206,4833069968522063,3571.93137755885,5511.2577532084,2419.23184305827,1280003791853647,3201.09730614346,4424.09179504571
"360",2298.98296887905,2395.1112726535,2371.22637044376,1140969757152.24,4348.9770524778,2244.07466817489,4798407.97139791,2877.22702088955,3754.35927109974
"361",2353.12290257993,2443.38417784959,9584367.61344433,3479.25120932361,5120.67000912911,2305.30401094365,2298.01960065619,3057.44126719365,4038.01758820904
"362",2471.29980401934,2552.85779399472,2498.97449430256,3393.25587300074,4961.64148724067,2416.53080274939,2382.81098515223,3175.44101406378,4689.93148333259
"363",2492.39572003649,2739.83768922952,2711.64242115997,3573.8310905995,5176.89591257284,2423.07638633232,2415.79817000855,2899.92041288433,3596.68976332539
"364",2548.94249876256,2658.48732908355,2630.17648485368,33756853.3855239,7848.97155624339,2501.94503831251,2483.58010727636,3954.94121955555,7468.78743135397
"365",2485.49507360146,2526.81088049861,2526.70387153868,2807.89359878065,2996.13082914472,2426.91863769864,2427.0726406509,2674.08564143597,2829.03136960007
"366",2372.15651243413,2442.99462203039,2439.56842058545,2792.90131913011,3039.55350485657,2315.60814525686,2315.87196718365,2557.46375750856,2692.55011736325
"367",2508.07838241979,2642.31190741367,15358381459.0585,69247334.8036091,5696.42094847673,2433.87725355076,2394.82328209615,3437.26632789575,4840.08749837538
"368",2501.59984445025,2799.01258102975,558638878.066608,37514.8652107482,NA,2410.36867478873,7705545758.23952,392462929.597379,6036.8483194942
"369",2382.17008247517,2475.24352667475,2434.56189203306,3609.40538570026,5819.67378411698,2313.95626933856,2301.5258355294,3124.74549123284,4402.88846676707
"370",2447.00620854528,2512.50229964744,2506.12175214016,3074.14103490844,3908.18198855055,2375.0295270341,2370.97616504135,13889873.4361858,3508.22616862423
"371",2476.39851930833,2738.04644184795,2637.87523302952,4661.5676420452,14955.6207860907,2427.18991309539,6420741576750.7,3460.74076162068,7050.12913631666
"372",2490.89776763416,2562.95452124191,2556.39046844463,3291.61325934291,4570.2655682257,2431.24050499829,2429.15710058679,3093.40741906659,4293.96404029689
"373",2439.25739412113,2584.03646902578,1000620888.47844,3493.27516634659,6572.6161049816,2373.7360055038,2354.53392065728,3104.16820696972,5467.42636768201
"374",2503.82699547025,2656.71696012832,2631.14963031726,6935058.2899249,6091.92641589901,2443.88788543433,2437.16210632671,15497269.1354528,4660.84529512226
"375",2420.42922135044,2547.97011697807,2526.72003044977,NA,4694.33333840455,2350.91633331265,2349.35771347801,115590845.091107,3885.5706388453
"376",2574.14029805709,2707.33025640458,2699.15724772042,3465.4286776211,4430.17249586115,2478.40517260285,2478.74970643243,3000.29727499896,3540.49337327294
"377",2290.10493085251,2376.36411310611,2351.9197930288,3046.46866646267,3628.24946831489,2211.46579097391,2206.8189265768,2728.41724014153,3234.00829324193
"378",2451.66382142778,2566.52723642347,2540.8755955623,3917.72247185921,7520.71568784496,2387.20731454537,2381.07258423272,3249.24626202768,5026.71382573994
"379",2493.63813246149,2586.8270677653,2594.07639499887,2901423591215.3,3296.61113217334,2387.13199329094,2395.77827893497,2613.68377777955,2749.20790614029
"380",2433.74079435108,2545.96410279926,2497.38064543298,3598.07350030133,5900.19621007294,2376.27091547582,2356.00393365874,3253.58771059035,4853.07490337434
"381",2552.54289101332,2663.26822657288,2628.1261892687,3921.9044462645,7898.65817818501,2496.84700810918,2468.06551182908,3627.15827066244,7557.14535095343
"382",2390.45731094608,2464.40484032074,2440.81615749287,3146.75646759622,4419.02303678752,2337.60816508314,2326.95685436232,2904.50166635405,3855.28763635424
"383",2378.9779768575,2481.04417111843,101741146.054222,3100.67971650913,3909.24020580545,2313.99575367169,17064417.2614391,2721.82329950488,3136.30850922104
"384",2365.81128813262,2452.41487686493,2423.40562800028,181154317.850709,5991.74899034956,2309.04612375455,2293.60754193298,3030.91825187583,4714.74075567384
"385",2556.28209395786,2744.06657025281,2714.1751662943,3847.50313962065,1165662.47648904,2538.18287553736,2528.40638060548,3384.11044940089,79776031.8204148
"386",2369.42424939864,2413.02381005655,2214307.6673848,2847.18273616721,9094289.5453587,2311.83602481604,2318.88767130057,2680.35475195254,3145.20215684734
"387",2416.66688802183,2492.92510697457,2457.52345465695,3124.3654886844,4232.26381137629,2356.0309945723,2332.72994811404,2936.69731439834,3921.44301106845
"388",2500.49280833715,2630.50417235608,2561.37712152929,3641.76251405512,6759.62302396184,2437.64943764374,2397.38669279722,3326.26659786038,5429.59525951696
"389",2517.32112188231,2691.71288276955,2554.132136086,4720.08340294132,17015.5140008539,2447.36862474992,2377.67894950005,134511371.237647,11125.8946086257
"390",2517.8871766965,2674.21568857577,2598.29200753497,3545.28962246939,5252.80904643218,2475.28473675723,6716345.56354263,3219.71981631839,4303.25571528641
"391",2901.61294434948,3558.79493414813,98305651.6479428,8607048.66233059,23881.2675829389,2872.43913369004,1816164634473.31,97505700.779345,11686.253537816
"392",2577.54366747076,2699.64714966093,2656.73787758495,3284053316428.61,6513.6560764919,2521.23364203275,2493.3743769237,1321492504391.7,5476.43135925945
"393",2535.0164953308,2624.68583096943,2615.04908944896,3438.4487565057,5118.68011599816,2499.53062777924,2489.58215412124,3246.75310556246,4683.84741971834
"394",2502.56138288443,2576.09392816729,2565.74966275866,249400706.567956,4572.31391121658,2462.42397436193,2453.52068079376,3189.01966510974,4314.94349478685
"395",2456.74718323918,2554.79540467537,2523.8866154297,3552.01285068992,5066.95802575156,2405.24498876646,2396.76098721189,3276.41126981081,4696.18652612033
"396",2602.55650301559,2683.46866795162,2685.7133928267,88544456949.962,4479.40740723743,2532.51160754268,2532.234130666,3095.20591966282,4153.64973879472
"397",2398.19451504378,2486.82165049585,2470.91687912994,3250.51697657217,4501.49619254967,2342.41143197205,2338.30772858399,316802333.783456,3766.19642117673
"398",2496.12213960244,2594.19664385402,2569.52893084412,3606.50670955734,5632.22376207782,2434.50558065426,2427.58580064707,3191.88116755862,4348.32506886428
"399",2548.76384445875,2675.1051672929,2686.78767990794,3292.66631697849,4240.87109456432,2469.33771168086,2480.97887122826,2927.38531626291,3699.23693933331
"400",2361.02219135741,2471.20024557996,2462.48836436854,3316.5553244093,4704.18880976744,2292.62977026237,2291.24936044223,2832.9793029282,3496.15601639957
"401",2568.17753034604,2718.53557824025,2670.7664176466,6888305.97275039,6341.37846360042,2482.09621643067,3739450.87886322,12874596.4534296,4718.15425924336
"402",2495.54433828616,2555.88443934624,2549.03644759502,NA,3527.23132674061,2434.93289162871,2430.38302660511,78221671543.2901,3161.24268745011
"403",2464.10286355722,2585.34375080475,2584.76103788801,3375.03590460117,4424.15824685856,2400.86021599204,869414082.798948,2940.75347937346,3625.78929767328
"404",2585.84267476579,2655.47352007005,2670.82694417278,3082.69781870576,3564.73627554659,2522.38903726376,2537.07517688931,2887.95142799234,3271.50009594862
"405",2441.89671835754,2537.65633998273,2543.05504310426,3076.61828355177,3646.25605896498,2383.84148297063,2390.30251044066,2834.50372795707,3315.46009944485
"406",2446.66203029198,2545.82468703494,1089889991.64515,3350.15932844534,4510.93547398756,2396.28937215364,2384.51374305679,3092.94001540005,4086.56942425736
"407",2524.39378131307,2737.89911835832,2679.0491077878,3880.90549410903,7087.53256045468,2452.14838718086,2423.78969062917,3281.85789323048,5344.55601906982
"408",2443.84589558734,2512.34976476128,2491.08556649845,3143.34483301857,3781.89043590057,2383.04442437752,2372.04064758568,2903.04680107001,3382.33928831092
"409",2448.70140219637,2507.39791395262,19647394774.8302,3056.83472158623,93699248884.4355,2385.80379407938,2379.58447906255,3456897.04777977,3392.62172733792
"410",2467.15876145229,2599.17040344093,2576.48199593388,3274.59991017557,4169.63027021291,2408.46077577481,2398.67186861756,2840.81372875324,3263.37907430431
"411",2395.31089176703,2501.69374162481,2444.38765292189,3728.54378437029,7214.76226487476,2325.66163071038,2301.07073681863,3274.13303421321,5304.10410228782
"412",2462.99728360088,2541.71789623746,72123043067882.2,3335.79627759991,4131.39303515465,2401.04298450774,2401.67342288187,3074.0284842837,3722.09491067034
"413",2558.79160036617,2624.98873114766,2579.23434811618,3771.71145761611,6175.1409929982,2463.74290011618,2434.14058618296,3458.04771712829,5589.49871067482
"414",2548.92655308818,2644.74473538305,2610.68042387931,3314.92476164691,4496.03242131153,2483.54873903011,2460.63578924872,3058.68507210327,3995.17286597084
"415",2338.67818538301,2399.23886882955,2401.07936727636,2858.92958136016,3290.42057387963,2281.26658414158,2283.30720755854,2604.68471839447,2826.15919473655
"416",2495.91564415849,2741.06071822883,2646.43491404076,4155.10099978646,8836.07457104875,2450.68275822896,2405.28009136803,3501.71234525713,226381627.405568
"417",2512.60136737637,2768.26266242945,2683.93771989364,52725982114.4993,11825.4064024661,2454.68638300894,2426.91008845202,149039367527.449,7545.62367924829
"418",2264.38937053626,2346.28042713096,2355.98551631943,2922.39285449005,3607.11937441861,2211.04965681149,2225.01858647129,2618.82489776824,2994.73059734981
"419",2446.62529795882,2733.73681543356,2636.70221772768,4813.75029987595,11167595685.6785,2382.14416967502,2353.87049898909,3535.93258828132,251825922.201067
"420",2378.32244372948,2625.60950513494,NA,3233.2762543741,96049880087.5923,2324.30879891492,213985145.959989,3055.54573896278,4221.99895690985
"421",2375.89909786758,2432.9019746897,59057722.3673877,2946.46252648958,3584.63888041063,2316.30017297274,2313.88649631583,2725.40661137597,3157.82046146535
"422",2464.71044430437,2527.00126918658,2515.129665028,3482.41779983731,5213.42857959207,2400.19932322531,2396.43922175701,3190.83323918933,4428.66139642127
"423",2506.5771712937,2723.33355019725,2607.31472563467,4725.76628129512,12811.1878934831,2440.94287950066,2395.51222958343,3929.58871926766,8893.55110900313
"424",2388.83691801476,2491.40919645065,6760335.52280955,3331.36636954793,4681.41277134165,2321.21773744542,2316.85136722999,2988.88879980936,3970.72611771931
"425",2632.1746882695,2734.51944421455,921348337.730694,4178.02920250004,8316.30086411156,2571.50993226478,20559901.7563077,4002.70181719956,7769.1231173609
"426",2589.58021631475,2720.28227466573,2701.02231218483,3402.4957401295,4313.77901283413,2503.35009174067,112970389049.891,2983.04242187618,3553.05892988382
"427",2456.58829341347,2594.19073532291,2577.09016507402,3235.55523148472,4121.02604491473,2391.04094396204,2389.74411739837,2845.65447152812,3426.96209551996
"428",2425.71549058059,2499.63130957097,2503.81286346958,2944.13608633768,3375.6659549822,2368.86628085148,2371.9802596881,2690.91984168233,2957.48361618479
"429",2475.23313844314,2556.68612655646,203440849.010294,3500.41266576443,4962.03123446693,2414.01168628094,2411.67840926468,3202.24370846833,4608.23505623687
"430",2608.01240070737,2795.5463325455,2641.57377772071,16547211.6228174,9273.31844176753,2500.96266661761,2406.08482542889,100983029.641194,7664.54754256848
"431",2492.60837344856,2601.86825894787,2575.44017487257,3431.02317741307,4713.29674087078,2442.02842344247,2425.24123330624,3110.91968714184,4000.77415302134
"432",2627.62761115821,2758.6871949127,87074548.0653155,3402861.92057329,262850144.197029,2599.9272685879,2554.32797248076,4547.80492168004,13347.5635127588
"433",2482.83401934643,2575.20988215429,2566.50271100397,3033.62672348652,3712.81240396518,2420.23764605232,2416.46924324846,2812.65146177605,3320.81028502924
"434",2255.7833205706,2362.79107413537,5120362225.6966,3076.93984299078,4631.20016263482,2206.18023287369,2188.0872537846,2799.13730373123,3814.91782317788
"435",2490.81210787398,2582.93506272641,57667057.0690928,56709293252.11,5455.43839104096,2430.45973970103,1955727491.20473,3077.70932774666,4462.68565043227
"436",2377.34165479395,2517.60469008686,2455.86673456515,888872178.254502,6268.6751939887,2346.69818545981,2151402812042.26,3617.25341543203,5925.76428425748
"437",2636.41419629702,2770.00304197233,236909947.36721,8831054343.05931,7488.75628864841,2568.65092004188,2819918794.72735,3653.65668822914,6260.11555706507
"438",2497.22899469761,2653.72346745893,2586.8799849239,4034.68053413195,8712.78200177376,2432.27300962137,2403.17113372552,3580.00141891344,6553.89721095118
"439",2426.97471841521,2545.02687118859,2537.23294137313,1529439.40955337,4948.01241909228,2359.76321013104,180413726980284160,2860.67293064876,36771920.1876604
"440",2304.79859710856,2423.03331166065,2384.24717592806,3486.57077085566,7357.10844319282,2252.7963589405,2237.73362570188,3067.74225919212,5635.4966022516
"441",2518.43549740223,2634.05579319689,2582.30889331502,3959.17353229991,9415.91118888739,2442.47217953742,2416.03953372382,3505.06376073046,7320.88187141362
"442",2540.02880730609,2789.97637229422,2695.85225898724,4422.55130767566,7424.78556680792,2467.79294174919,9149046458.983,3383.22045674279,4541.48829569607
"443",2350.78754163752,2474.54588998729,2448.38597125125,3277.58948080884,5811.41904817348,2286.85454734049,2263.00009475544,2954.70666189172,4729.51951915148
"444",2431.17352302542,2560.32970786035,2517.37550352494,620991827.644561,32281560255.8118,2372.87157795145,2339.61783102397,133136087.972716,758061069306.675
"445",2395.11991504094,2448.91746236866,2442.19212594657,2878.71765642335,3371.70147459093,2341.70101309133,2335.89301123515,2718.09606077686,3157.3183827748
"446",2482.65617072538,2545.25892574214,5619379.93349952,3106.57947231042,3975.35433947002,2421.49363378582,2421.01888787405,2896.92624880473,3580.55242948439
"447",2483.63530139622,2655.96580520051,2566.73307776265,4250.49597868868,12156.936430253,2436.60926779284,2372.77674148406,3749.64303784902,NA
"448",2457.45159670154,2567.33777290547,2565.50178136626,3208.85998454028,3973.57889638077,2404.02661822877,317599277983.044,2864.81392360978,3368.70124373381
"449",2806.69746025607,3008.68394263623,2861.87360328761,4950.82084913182,12826.8618983308,2669.7954125854,2573.64283004372,4369.92961507616,10176.0474040215
"450",2595.60203533013,2668.36269438365,2635.69817038087,3346.33692045396,4999.80294394982,2534.5045261481,2511.01406869742,3158.17103687302,4652.03930042916
"451",2486.51226363001,2566.63367503855,2545.90397511167,3269.01513565756,4185.00272122811,2426.41731616396,11639823.8091805,3000.97906119026,3706.84106847957
"452",2520.43745787966,2737.10720330294,4737512568.79165,46975932.9498045,10888.0587464541,2467.49939739986,2426.83110431121,3611.46592719638,8138.40150170751
"453",2532.66693223189,2650.50453145555,2633.07463417851,3512.72390666826,5072.49699679159,2464.54278626161,2459.93424822237,3159.81488519757,4211.3296117603
"454",2378.1385365539,2640.50326500142,548660.741890115,2832542430.61894,172518.325005863,2319.02615240286,2335.98800531569,2957.15047444246,4078.21253562195
"455",2396.22990787399,2469.26749103469,2440.90418624934,3148.97315217808,4043.42547037759,2335.50106613473,12682943.8842379,2933.08512662551,3794.02021947556
"456",2386.86267663809,2486.17262923062,2428.05988758544,3360.72725174055,6342.9764824268,2341.73014700677,2314.51220330817,3080.35901843451,5412.89046551408
"457",2387.28661863058,2456.02241305448,2448.02394900862,2968.55375751518,3653.38184078683,2334.63531654133,2330.31675083896,2775.66962317783,3285.13170825653
"458",2523.36021087438,2842.3804391565,2827.98615665971,186307620.882362,NA,2449.41937417489,2437.91553035636,3408.73167370916,5406.60563296047
"459",2398.51263053002,2472.40544174455,92555371.7696884,2919.12514373943,3419.92181078027,2346.51674205206,2359.174184129,2671.84690970892,3077.17743787152
"460",2417.13425065481,2473.02058610655,2472.02678597796,3151.47944459731,4047.86131868122,2366.94403264342,2363.39270232936,3022.36668181399,3956.55191800776
"461",2520.28778447257,2724.58283369159,2659.24444685999,4162.20024343329,8709.84990143288,2458.91812352903,2429.32528341854,3444.29621617659,2458800522.84353
"462",2742.21809985756,2903.37527799276,2849.23176275573,56025470.6357031,7107.23002403987,2679.93309474334,3670209712520.15,3518.58072918702,204882432.447915
"463",2439.27818478636,2499.1155755689,2481.63515440502,3131.59090609567,3977.63445742602,2377.42598169584,2364.22623860367,2944.57525908821,3671.31264172751
"464",2467.19009784518,2573.704457588,544371406050436,113046414518.191,5388.24844481022,2412.98984326009,44372497687.8066,76487309196.2197,4439.57920113347
"465",2440.38823993845,2504.54895002759,2484.25779104056,49933068.7401334,5228.00612673559,2370.7155687701,2363.58791790713,8224296.63124158,4336.19559146192
"466",2315.22925513749,2401.10193366117,47390618529.4746,2912.7991505406,3339.27765571264,2261.8189986367,13229297.8309398,2632.39281547178,2911.38565435524
"467",2422.19928408023,2500.09948461919,2453.20701550993,3006.26015115818,3925.07931976533,2362.64871578995,2326.71545806642,2803.28572648942,3515.53828458835
"468",2396.43635140148,2496.10003414432,2505.27021231483,2963.09469314689,3687.18583306163,2336.92165899451,311530048.998443,2703.11691227934,3242.52384912751
"469",2457.90217033428,2544.90711490178,2487.83978331803,3929.87769137883,7976.56877424685,2411.6120397232,2366.77468231696,546316665425.541,7431.23347016487
"470",2502.37813344152,2610.95614312087,23029656641260.4,3658.48207624521,5639.38926424098,2430.81074707804,2421.5441489772,3271.46560559231,4557.87761578397
"471",2576.87985645547,2711.59318435178,587506360472.038,3449.97791077998,4326.20375082901,2511.24517422488,2098894372845.06,3133.07653119203,3886.20924928225
"472",2500.03660945901,2675.66898669334,2685.19521810503,3310.09616213648,4368.89726001356,2446.51694089609,2460.47675693682,2907.75227246228,3601.16737964647
"473",2457.50067858931,2633.25814707768,2605.65380562627,3718.7421751424,6325.56342499358,2416.44774327991,72137160273.403,376728484808.1,23467405802.5344
"474",2393.53717521412,2543.99483305636,2477.36659517022,3761.23094020827,6021.8494142554,2319.50582625177,2293.1484972987,3302.44036049552,1532151526315.41
"475",2461.95195229241,2570.92277935152,2583.70920331405,3150.32891838847,3901.08398801828,2402.37619817115,2601402590732118,2841.20210594171,3363.27665587006
"476",2403.32508706707,2455.31298604553,2449.56004460401,2950.47867282845,3511.97897284713,2348.78012546713,2345.77652325613,2734.30699071859,3107.59457443065
"477",2534.48490927769,2650.50650377619,2630.90764137459,3807.70627039747,7715.85416790229,2482.3380287405,2474.4542952437,3423.50452787239,6186.62742177585
"478",2423.245720402,2519.50337897537,66218052.3946904,3149.84575614554,3708.88948788942,2370.32735834794,2373.26045640096,2802.57664563896,3118.96355123072
"479",2498.80447216576,2600.9197868777,802261761.431474,3409.19118591259,88111650309.8444,2426.59551006554,848576611.985657,3079.10459706979,4252.60766356607
"480",2573.21411512868,2784.53913938988,2750.2039160783,3923.1511206797,4946.5248848218,2509.04881806676,531645196479.86,3254.55163979869,3842.74986613792
"481",2613.1657617118,2768.0879411899,2693.16693709234,4051.71500284586,9078.44686421364,2578.9701578466,2542.00134981477,3785.05429219232,7949.21446377632
"482",2458.62917899264,2535.82551256048,2525.89360053522,3144.35378647237,4212.59620213883,2407.51579468335,2398.42761448084,2933.97827772591,3869.50020008304
"483",2478.6100948223,2565.88576262572,2545.2279534124,3589.91602712498,6732.19596509076,2414.45419720689,2405.46622495283,3212.45405109337,5406.96736964759
"484",2425.84541193887,2488.10428543342,2485.53254307495,2992.35532732676,3473.76890395476,2375.43523382787,2372.49396552765,2806.93505910337,3178.45032968009
"485",2610.40578268927,2693.36168364366,2660.80082927697,3768.91564032076,6464.28101225367,2549.81569790605,2529.72315999459,3535.94499875712,5738.28312300428
"486",2448.47549435201,2508.72903745795,2538.80956922101,3101.81038175362,4167.80960756242,2370.315777996,2393.12858513589,2919.99832627322,3924.64361750519
"487",2479.78749203723,2577.77458244344,2583.71891040648,3260.34765671149,4333.51026010289,2408.18639280429,2416.64624559699,2933.18793743256,3695.30443050366
"488",2469.03029851869,2571.54820802687,2543.31070002401,3227.50784367994,4193.30610569228,2402.91267855206,2393.32208801202,2932.11981204959,3638.14662812697
"489",2435.93968251442,2497.08211005283,2496.10798678229,2996.32871258637,3557.34408703171,2373.199487095,2377.46952697678,2760.63486485823,3091.32437245682
"490",2286.84428387517,2383.726549693,2374.96780193715,2833.25355234702,3254.11933130478,2231.01862305986,2231.29694100918,2564.37822678858,2856.68499900665
"491",2448.60945186594,2639.30686066997,2575.31006609664,3795.43673205382,6190.45568103089,2387.53099755386,2375.25097538297,3198.800403503,4415.82430826844
"492",2428.47084746711,2502.32675028372,2467.46068496982,3336.51581322043,5002.49961099288,2369.47004003223,2343.00441893815,3073.1061321556,4899.02618684526
"493",2596.59169837456,2735.09490781867,2737.47192585509,4596.44357019691,11650.6784698945,2511.15490102398,5395897886.06915,3957.31662732842,7449.35284683914
"494",2492.32662891762,2578.35008418637,2589.26761896513,3184.38400045906,3708.07619199746,2435.47727259329,2448.50503320952,2873.36758868101,3167.22034657107
"495",2460.63614979781,2569.98643610355,2524.24181408887,55163654.7159331,8049.71055068603,2394.19357398464,252829443.187662,3362.98875807776,5325.23854475196
"496",2436.1074166551,2533.19013159954,2519.82280812833,3169.92686111624,4474.10849166473,2375.36020433524,2373.25817170566,2871.37554466889,3744.58225951695
"497",2384.55263250872,2545.21936135044,2491.0997519793,3363.24363425605,4490.20964739374,2332.33583442364,2307.19454768405,2960.94791484992,3472.33154288987
"498",2698.43083170606,2850.23636032197,2807.26479517413,3710.97368931475,5341.89027291593,2615.34560081033,347420569.919273,3288.61839405642,4566.78816280298
"499",2531.70232212161,2615.44250204525,2830690869.51866,3822.33270754223,6792.94356942145,2467.24508636996,15985931212.3569,3614.70696873511,6386.26618079027
"500",2458.45449502096,2567.0349029233,2561.89485839737,3205.04654155347,3989.19311088445,2378.14068629675,2376.91328599111,2844.99524613183,3282.23885573953
