"","correct_data","oiztgeom_split","Hurdleztgeom_split","ztoigeom_split","ztHurdlegeom_split","oiztgeom_combined","Hurdleztgeom_combined","ztoigeom_combined","ztHurdlegeom_combined"
"1",2410.40624088737,2503.73914166459,2457.48786769922,3955.28561960407,5676.04190600965,2345.91483678808,2312.9549283228,3689.03434787726,5329.05536031036
"2",2456.35431079549,2511.13538678411,2508.86166901018,3517.41744776254,4458.06098685399,2423.03199859805,2423.97875106492,3393.87028755159,4696.93247573983
"3",2689.28883696243,2769.9525187862,2752.0789357547,4429.65291586751,4651.72709205797,2601.98005937741,2619.21451458411,4151.51351833147,4487.84104098911
"4",2539.80760389874,2603.19488355003,2600.58516659271,3528.24897578977,4865.46367201242,2472.01126465946,2470.71167809538,3371.01594192153,4932.33138346253
"5",2605.07846105421,2606.12905579499,2552.00626810899,4115.1782794631,4284.31052876056,2600.23290586752,2530.24464813945,4363.08308769444,4246.48610928821
"6",2559.53349576421,2639.81889936754,2641.18313188111,3506.75006854529,3908.87966703965,2494.19563556804,2500.84854167491,3302.98632309986,3745.90248763187
"7",2576.6996010033,2668.6330547028,2637.59737613822,3684.7243937519,4034.97056558167,2483.3216090598,2460.79746005782,3452.94726076552,3831.57763127431
"8",2465.01187249474,2588.95319090079,2576.88276844507,3576.31621970664,3817.08330295645,2397.76552220964,2393.78880733145,3289.80622605658,3647.95687702719
"9",2551.62045844297,2616.33218301401,2585.38810104995,3984.30026021016,4644.06189353537,2472.22977297081,2443.18568140162,3856.66735398843,4484.52606220211
"10",2574.87199228977,2652.61938012497,2664.76536554325,3524.67685524505,4322.68299775207,2521.42253161403,2535.88651953098,3349.15216702898,4119.09282791502
"11",2665.31042637296,2803.29414639415,2666.90376200854,4595.40858204232,4377.34648776935,2618.73899559481,2499.28863404282,4500.09389173293,4244.60489381148
"12",2634.93937968708,2744.35254084456,2687.25853974619,4664.03973450467,4306.2674064736,2556.82929410948,2510.89982670668,4414.59282892417,4163.43026931699
"13",2560.76063728705,2602.28496015244,2608.16611387501,3436.91926183637,4661.21616884407,2497.74237625309,2511.04800724107,3325.50967846985,4537.48959736436
"14",2587.55782069783,2627.24534494576,2624.34959102851,3748.34053355824,4643.10681742824,2511.09899319035,2520.41564798004,3628.00193800361,4589.50286485779
"15",2466.34239383718,2543.38741230343,2518.32908051718,3437.5265001402,4344.53816540627,2431.68884549468,2409.62651395765,3329.57807042535,4241.10860203381
"16",2328.14266595213,2435.92556793946,2403.12843083259,3771.58850718275,3952.86668421696,2255.70608775189,2236.79457446263,3440.84752303082,3788.01455495275
"17",2802.14175567588,3054.88224671865,2999.35117985906,5276.8326774495,4905.44356924057,2707.07956141832,2646.42503658283,4711.76419631675,4723.37996747531
"18",2680.0167325031,2761.72416528017,2810.65109726214,3711.73582625498,4700.93151307811,2627.68550472477,2695.18176970244,3509.83433757338,4556.28352904744
"19",2580.27916664365,2646.05874803711,2678.50526648147,3937.1992717544,4436.60994732871,2557.69357410779,2606.00929367719,3981.95901959258,4304.88090524533
"20",2564.393541907,2770.7672017152,2728.52284141156,4032.24428307742,4314.41540082605,2483.57862647697,2478.70874966266,3592.3115900749,4113.92132709215
"21",2424.45929701512,2528.87752236163,2492.7085990904,4096.39198097176,4554.33118879334,2370.92929315107,2349.15688142852,3771.73941999169,4365.22548093778
"22",2550.63894593895,2724.64649969173,2721.50071659494,4188.99815824576,4479.31550856964,2484.12426311836,2473.57061767263,3804.74489251448,4267.92807375325
"23",2489.8340136121,2502.17129362805,2455.89003786266,4193.47560947719,6036.96760007074,2418.92004306108,2375.71897343848,4152.84855428868,5832.44704586736
"24",2604.17939623055,2645.74722944987,2597.03261534285,3711.67263251073,4784.60915991704,2541.89076022649,2497.22976526018,3645.24319639639,4767.75304079788
"25",2732.67335148542,2856.67457723355,2686.03377644644,4651.11012913178,4200.50422397762,2643.80145212899,2510.47320596295,4375.99668793637,4098.6925702688
"26",2524.85668279441,2571.2421587987,2618.91440393705,3261.37515133871,4401.45482611295,2470.96613274632,2524.54843838005,3125.32295580538,4439.65131617283
"27",2429.56308858416,2493.47009550142,2481.4411826364,3629.58649388532,4323.80133081495,2373.05131900609,2363.81558992543,3489.13397035851,4199.10548339713
"28",2321.68956021242,2358.89674186026,2352.89122833627,3645.01792661218,4244.11347692191,2261.94431687612,2259.40131994838,3535.81575637481,4116.02990270764
"29",2946.60842318145,3059.87264524801,2971.3216457331,5242.84817063267,4731.26060119748,2904.42270592084,2854.44745626428,4940.93033915605,4562.69127307598
"30",2557.41603018524,2575.13860515395,2555.31780833315,3446.91306647623,4369.07086128225,2528.85290732937,2500.7707572826,3483.47971975155,4583.59320909789
"31",2538.90347505939,2587.00443533398,2561.77576223778,3945.5542530858,4338.29328969949,2486.67962702146,2460.26137643364,3897.25163334501,4274.58537309725
"32",2459.93732876267,2547.32748542061,2569.02201628809,3396.54524944205,4292.19476024708,2396.68415858774,2410.42773585513,3187.45719133937,4094.19386338504
"33",2501.80249961979,2581.14413981031,2577.80833773844,3491.16618285486,4535.99010395788,2434.9061300368,2433.5713946928,3268.75368799383,4762.18935962539
"34",2571.96918666486,2575.8646993385,2581.96137086796,3491.72098951014,4563.02860722876,2527.9710172852,2543.70760379677,3413.32748459793,4405.35692334381
"35",2185.52676659131,2279.10560311022,2234.64644538527,3648.67794219133,3783.83459572256,2141.20151284568,2107.10088438947,3459.18939705762,3624.84568159975
"36",2382.12517105782,2444.09191411176,2425.88688527874,3910.14547383305,4413.88571964289,2333.11911553618,2315.43175451926,3818.54360294105,4301.15780512885
"37",2482.41906118623,2543.47318027247,2546.53580344434,3236.46484141781,4085.68756678423,2422.33128214025,2424.6477235002,3091.71549934438,3940.60673580763
"38",2465.53111532671,2518.12477342652,2527.37651251705,3309.86056704433,4137.96813897004,2407.90956599454,2416.22245374749,3160.76545550905,3899.92130534053
"39",2497.55381695626,2528.25506878449,2525.52473371313,3219.1759662179,4083.39504952614,2440.96958996021,2441.58057138233,3118.2586030141,3970.49398891493
"40",2503.18633615432,2529.97850972096,2538.33561280502,3224.36267937404,4791.72915152098,2445.70318337549,2457.10864328739,3131.59122149493,4947.82638254898
"41",2852.28761006349,2813.84221096716,2722.08910022887,4915.45346596929,4549.26978783186,2811.06090760135,2668.36985074286,5509.56498984568,4460.96935883209
"42",2423.18211384084,2471.33721204599,2456.89312993361,3385.66657186898,4226.738894219,2370.67250335073,2358.33695032408,3230.40781569459,4069.66175428436
"43",2549.82846673594,2689.53347536688,2611.20579434826,5078.69488125612,4690.41780932931,2503.41830989605,2437.6732352067,5017.07388459148,4521.24557665013
"44",2554.08621031244,2675.91556445256,2653.16205229293,4053.88174984699,4448.35450401834,2483.65765346454,2470.39223580886,3731.79356797063,4244.93863450658
"45",2514.48692361072,2550.92478159762,2535.33592756608,3376.97322983779,4140.54003998665,2445.58060548762,2431.94963136187,3257.03793706526,3930.7606647853
"46",2437.3843241487,2505.14214321718,2504.37158771159,3644.65340251844,4189.31798089302,2356.81336252977,2353.96120842667,3441.18183486401,3976.97298123391
"47",2603.25256494842,2649.35461483764,2608.77906424946,3895.94342150626,4704.45212312505,2534.22166568422,2503.94794148817,3731.52962400798,4704.05453257431
"48",2607.69150037588,2679.5554349334,2622.72774151312,4401.92979688822,4880.97222960941,2545.7375630323,2497.24251038343,4283.18898963638,4763.88521999071
"49",2356.65220311881,2482.00053280855,2418.77536590375,4086.8815102907,5132.17410912789,2301.68594827339,2265.61271978107,3635.18284081527,4496.3657069624
"50",2532.02445363778,2556.45658252764,2524.22936787714,3617.22588250301,4296.37527975876,2488.9563543603,2471.39926317163,3561.28508837515,4245.5018453237
"51",2611.87474329544,2701.63720213525,2727.41792991938,3535.63539656843,4483.22951016488,2559.95495861698,2586.26592948863,3329.10749739597,4220.49286298472
"52",2687.81242474431,2728.15739059539,2699.71078225475,4051.60470968641,5025.09628917946,2651.19244759949,2628.38074866635,3998.08507230918,5790.17712407393
"53",2525.0943319242,2681.92731825228,2664.99876302781,4150.6704013837,4399.32314733997,2484.20995474512,2479.51907239493,3790.87333104332,4213.63704360656
"54",2798.16516021455,2900.96040142468,2814.07170128108,4840.86167528578,4449.36370126864,2791.86188422948,2685.91619817347,4849.68181182076,4312.97087130642
"55",2388.74703921208,2388.12222635985,2386.91923782666,3048.76043492573,4009.42615684251,2329.24718105782,2334.58776621587,3018.51100485716,4225.30036734277
"56",2571.21181087947,2691.92264225164,2649.11860135842,3904.55991998178,5548.46014394084,2505.71121884642,2480.9356518439,3607.91813357698,5031.23061288891
"57",2537.10994574472,2782.71254297382,2649.5117124276,6046.75933425105,4450.27518683015,2454.41447084013,2385.35700927545,5174.76538748148,4258.98864666471
"58",2453.84458327799,2567.3109385959,2574.86041315256,3700.55901106353,4606.23843715526,2377.87758626952,2383.15323465759,3412.16211322072,4456.75891492653
"59",2594.22419595812,2668.82382901476,2653.53074197589,3561.3147613454,4210.2992510974,2541.60080105886,2530.53132674365,3416.27451863138,4071.08006400259
"60",2483.94055960535,2521.099517969,2527.19293204675,3299.50714444568,4273.19756652275,2412.92354889599,2420.67542068123,3155.07133756782,4104.18079970222
"61",2519.09252560614,2592.76203545311,2565.70423627276,4110.85492984255,4514.3993948477,2463.3880548742,2451.71573116901,3887.33233428913,4333.70555696707
"62",2466.27989797126,2524.89707055675,2499.68370899519,3621.71991139647,4643.74432770132,2400.48447569561,2395.53589490883,3470.98335398691,4701.65632550041
"63",2504.83188829999,2555.25281362126,2525.32679102465,4018.58799676699,4361.51047024219,2473.21945465315,2469.71995102835,3961.70485488632,4228.4945848082
"64",2557.38141020953,2627.03397653167,2563.65841193963,4029.74432747095,4132.28841240168,2515.62365677857,2459.70404070168,3885.6029980316,3991.29098620171
"65",2764.67713717333,2943.7825343211,2791.21905192651,4706.55505653721,4195.93133009018,2697.94465716414,2577.49308913813,4445.67132780246,4040.67992028787
"66",2661.27669140937,2737.3439251291,2634.91510624198,5042.25273003287,4673.05792474388,2626.33882196117,2531.16272531137,5036.88437504038,4530.97974639169
"67",2490.04966390563,2757.00533296677,2712.73999954472,4942.50829254462,4624.68800298717,2439.28383093246,2417.65262464172,4193.13856074742,4380.85573862627
"68",2493.24511471271,2551.24490899592,2511.98810118957,4031.10420742743,4481.18375572113,2429.99067468153,2397.59876166637,3903.49466830239,4397.44677706535
"69",2470.23819162114,2538.34966634715,2474.52905458583,4518.19262324327,4506.5430921501,2416.27036097656,2354.66083322626,4598.34078744078,4348.06903357685
"70",2641.35268155366,2769.00251281387,2662.23864471325,4844.02421709667,4366.4019752056,2623.62906828485,2525.67707382963,4764.02515301557,4203.4081656298
"71",2508.37070933665,2564.05598116676,2559.29518127467,3805.70603046256,4559.23240037926,2463.61902034318,2457.36468347465,3708.94358923038,4417.56617744123
"72",2510.9467421054,2721.23638540382,2646.89641584486,5577.57587871223,4708.43108480729,2472.68607974907,2447.70793621903,4703.37691818124,4519.45307191422
"73",2596.94505711975,2693.21141206777,2716.78999687041,3900.05229378906,7173.50748880431,2536.08574337934,2562.25212278095,3696.48757454962,6548.18079278994
"74",2512.48699001339,2590.99695440359,2593.95708147903,3584.45351325683,4213.47108159744,2447.4630953704,2445.41417924073,3406.22825259168,3995.06587661112
"75",2619.84067480872,2831.73220122164,2742.94974172543,4719.67711603691,4308.96006506356,2553.06882771512,2500.28233126979,4261.4978715311,4143.60327806374
"76",2404.74988716862,2501.14287323233,2458.85987209115,3740.68250722766,4270.25587935847,2329.26966335315,2302.79905129573,3445.22612636204,4070.17448310281
"77",2445.51925843076,2547.76531541082,2553.78877737076,3571.32104473336,4524.31144612622,2394.26840069775,2397.97662818579,3325.23754874053,4329.90591003095
"78",3188.1248618321,3382.13824368774,3115.47404747906,5640.25009918674,4444.92180194008,3123.75491674542,2868.38550882988,5450.31203501579,4244.94035970627
"79",2568.59595418683,2696.80934902671,2746.79478993914,4101.96584805961,4503.48192947452,2499.24858400788,2538.58736809129,3814.93152884952,4327.76140618257
"80",2515.4441272819,2572.10049400483,2585.79169785924,3294.81291178991,4330.01895093223,2455.03377609357,2468.31318212357,3171.61694740826,4211.03190136017
"81",2589.58279936083,2635.04544369466,2694.68159392866,3367.61654577468,4348.85073764568,2549.31476052361,2621.96222434141,3267.96586827256,4208.46547501941
"82",2762.32212403764,2738.40878235148,2841.94422219807,3704.29873344608,4295.46244210375,2717.81273934634,2829.7761303022,3753.60576590106,4158.6582020035
"83",2687.28759136842,2901.80785878333,2708.06172700341,5647.33322138108,4438.16203557283,2606.70974313093,2467.11767427548,5093.52293294485,4256.06466017583
"84",2543.23194050946,2660.11719667759,2641.14534687947,3795.31857901111,4612.51248199288,2481.19598952003,2470.70865017259,3479.44202648724,4369.79054925387
"85",2837.38697310342,2842.74107089321,2853.49722367737,4180.74779665694,4141.16784121673,2774.42632591602,2809.55288749316,4147.95364877458,4042.69239838037
"86",2478.08096346677,2543.72182797821,2527.6223382391,3358.13444164845,3960.99003841325,2419.4592427056,2406.16107420049,3199.80150972791,3781.22618155452
"87",2488.96291198447,2618.5348487391,2576.18943445853,4092.08387261612,5238.19813235573,2425.98615695848,2396.32497514019,3765.48143772784,4985.95301929082
"88",2604.1653316532,2745.62016641289,2662.07442701852,4688.23729355893,4577.42971201278,2538.59856796099,2471.13300816921,4430.78558153778,4422.01269492522
"89",2450.92052153661,2540.37156432848,2588.44684798427,3245.37168688586,4291.22708327848,2382.09179196801,2425.55596125502,3022.46821235942,4099.72577315669
"90",2726.62823840512,2950.18317017755,2895.14452737243,4735.18396669219,4899.57504647091,2635.35596649342,2593.54204455394,4271.48688666336,4665.01927309581
"91",2515.25148548879,2564.44887591466,2515.2552281836,4080.23486878117,4412.13521357244,2544.71005651161,2487.18814343444,4283.27847558967,4272.8639823273
"92",2629.92441177539,2744.60227578104,2829.6874431473,3636.73837559065,3983.7317275883,2544.56399839483,2608.348355665,3401.52174025257,3819.03023178638
"93",2349.4344677558,2464.74080195922,2447.92137487484,3778.72873628172,4328.50428520173,2301.86208157439,2293.16521158414,3507.32016609512,4165.11730148163
"94",2392.735116659,2510.76991583606,2458.97562962849,5001.20962890696,6699.78708233511,2333.71388298031,2300.00700393253,4559.19248720594,6390.25239878288
"95",2347.16377326148,2405.52417126322,2384.15165502893,3646.69465012117,4504.29118421827,2290.18330405771,2274.14564259053,3442.81355004235,4307.77053738992
"96",2657.33995057388,2769.40465155033,2674.68326349084,4089.1032084562,8621.90683942441,2537.95140183119,2464.0694601481,3803.38342968721,5964.50971947338
"97",2602.04571673621,2611.36212585563,2572.93193454087,3813.28480540623,4405.01497837054,2522.3050691878,2490.68216212527,3710.32057384891,4308.93713463762
"98",2545.80599035102,2655.55931052163,2611.34014209137,3728.57390100039,4468.68184046157,2482.74832025998,2448.10282633272,3484.28577149684,4270.5872709005
"99",2508.21166430643,2544.92302035979,2581.87598841796,3232.94375286776,4117.99301655055,2429.69678902902,2460.13486102499,3093.58655891862,3944.68425419868
"100",2485.32367627569,2533.4453192698,2594.28522054355,3510.03167809589,4324.54649911263,2434.7669461194,2511.66721611539,3359.40822801158,4184.62833235471
"101",2556.77850025277,2593.48656952486,2581.82215868459,3600.53556375724,4497.46243818112,2524.70072245824,2515.60985334964,3542.91045262904,4369.74017984542
"102",2280.1238206333,2372.82015587722,2345.1271985414,3659.2593066988,4127.38441949907,2232.27049374868,2218.03033654119,3360.10432975562,3966.99360985893
"103",2316.49038731361,2374.70555623807,2368.93312097383,3401.11645066641,5251.54384459988,2267.83677279199,2263.39808381604,3231.3411844452,4581.50064008043
"104",2548.11859348089,2581.3629176433,2593.10800270005,3498.23199126669,4543.97201092636,2484.26013032433,2501.86522084884,3370.59090196434,4385.32859687994
"105",2294.02286707438,2367.32224522158,2382.99818082425,3357.11308491419,4016.14713956531,2229.22656170376,2240.78267906818,3199.9766302147,3895.85824387598
"106",2575.04776903377,2676.02746420105,2737.72691941101,3370.15783445546,4831.51810738911,2510.67027245572,2563.21014216551,3174.43229963423,4504.93653417256
"107",2554.6844178773,2689.75485533069,2605.94181966819,5040.83008096551,5298.92367187531,2498.89830636422,2442.26080827985,4561.44104450606,4886.83759524926
"108",2518.5448999731,2528.25633886037,2485.01242179455,3865.25523780718,4636.55601603467,2479.87197001739,2412.59070457243,4013.11596392355,4719.49119654491
"109",2548.2479922763,2612.65054447368,2633.73964887995,3598.62050873401,4457.8823052172,2488.29547342775,2514.72954067981,3439.13908231203,4426.38191608276
"110",2537.04674077012,2573.78682514745,2522.86082281892,3920.11881803464,4154.69017743568,2435.06751930775,2382.98161812761,3776.89962655847,3991.14853705182
"111",2913.37976310901,3234.49582042901,3064.13927582056,5904.15227337786,4570.06720744627,2861.48294037385,2741.00533012011,5246.24938790483,4349.2512565281
"112",2472.84069916074,2644.91701527865,2611.2064586829,4321.15688678217,4550.93133248479,2421.27995010871,2397.38772125325,3960.43314909066,4878.51378664349
"113",2507.92866081261,2562.06335041637,2564.46246031048,3347.83885098586,4356.15438842398,2450.56083646755,2453.62649878419,3202.85471350332,4257.32609199624
"114",2512.59944929622,2569.8930311367,2599.50379187718,3399.79187980088,4192.80324822879,2458.26009891228,2490.59411498622,3267.18157175024,4086.42778709959
"115",2457.43258804359,2524.64319945645,2533.21250621035,3688.27985108326,4151.0038723555,2388.52803487841,2404.55030087152,3532.73610005658,4029.75840502266
"116",2406.03112776091,2515.413251459,2501.8274300639,3751.71974933658,4349.33110102468,2338.00753197549,2328.96952196114,3457.36035681845,4093.07351678403
"117",2503.96699288375,2558.95222080366,2561.77848666668,3256.21197335673,3790.43290818516,2441.0917782242,2442.11520319497,3119.57722812213,3587.02813869779
"118",2459.13941955408,2559.98561949459,2549.95243260181,3712.58271403264,4739.44883444146,2404.57052634873,2396.27106013307,3474.98825778581,4688.34628705795
"119",2616.38718253767,2723.9572704994,2739.81157446229,4152.67549848552,4254.49483270249,2539.93115226429,2553.34689040066,3898.15002775912,4052.28682976559
"120",2671.45404994826,2701.04654848049,2598.20809542362,4193.8143239281,6831.89425205734,2591.51863763518,2501.32081672709,4077.77306675412,6807.66120030319
"121",2483.04956174095,2546.26539616287,2526.14318313345,3633.07233051927,4480.7628371826,2425.69435902958,2411.80108858363,3463.56967044341,4237.61970599297
"122",2585.34348160385,2686.40430278208,2708.4692853514,4022.16505956235,4350.57496572061,2544.78563195643,2573.56245608426,3817.02897167605,4170.69024543521
"123",2440.24544415929,2520.3470591031,2528.39703021405,3432.16207069353,4164.19750183156,2388.64015351483,2394.44664023111,3220.38285079126,3958.40234256909
"124",2426.74367254453,2501.30109305163,2515.89268237367,3729.35876784384,4190.57765954663,2354.79331084699,2360.32331922858,3558.25633895413,4025.21941783014
"125",2476.10544199712,2579.46626803159,2560.16302847324,3744.62775998383,4605.17229213828,2416.64231102235,2404.34130980593,3439.8760386264,4346.17689301336
"126",2665.81370644547,2842.23530689337,2836.16994515783,4427.8981915498,5401.54160512015,2610.21341074872,2605.83823091171,4032.5440608022,6418.30705177936
"127",2464.30807860809,2526.81835481288,2514.09319432067,4003.10839391311,4445.68543896792,2421.2424489966,2406.28787099004,3924.35711518693,4310.96942160211
"128",2375.20503587396,2467.73907815923,2449.38663964976,3795.93237959651,4351.19120079991,2305.6061545977,2292.22146725921,3565.77876915961,4190.05266614876
"129",2399.09955157648,2452.17630357144,2432.84333450726,3297.5718074539,4255.80217957807,2356.49009530801,2339.15564009884,3191.59069388475,4239.38440973882
"130",2435.91550870171,2527.89674594501,2510.7260736285,3916.47289835595,4547.08911605138,2382.63017984142,2368.03000043824,3692.71077279342,4357.90357018897
"131",2515.56192758569,2641.37980778205,2586.40412859026,4076.78969032874,4347.17621960031,2427.39069487991,2403.39467209961,3694.18466805897,4152.03257401294
"132",2642.88180712092,2768.24527548984,2765.70406885433,4172.62919763358,4575.4044581819,2579.18812080179,2578.00304272061,3900.03749207586,4403.84477311798
"133",2564.01515641594,2673.83687756099,2645.29384925498,4046.23460000086,4321.5262603382,2516.3548908537,2511.04449864744,3777.45031451185,4101.03159304378
"134",2354.9665987611,2398.41558574391,2411.9910761026,3526.87297727155,4017.23366980181,2310.40744918047,2321.78357621173,3469.79224175235,3931.56794544607
"135",2612.01255217381,2676.64693012096,2607.54495444897,4538.95999936298,4473.59760837538,2509.17650903273,2461.36479062137,4386.03175360789,4347.75659265652
"136",2454.96252379517,2539.27522864942,2539.41717963243,3488.21716979841,4240.24068250932,2394.53835828213,2397.73508220432,3291.05709311664,4062.0666544438
"137",2438.06551358057,2545.40676789686,2502.40369477512,4351.46590903793,4229.40835404885,2352.55425262191,2321.90753901047,4000.36755161425,4044.46696494467
"138",2458.10041853831,2515.27543799756,2513.67107686851,3437.32678736149,4403.09497512226,2403.08263541634,2401.08487916831,3303.36703204469,4276.51077535704
"139",2528.54878849195,2620.21032791062,2612.7685177852,3618.73837197596,4608.89287634273,2459.52606157018,2463.44344230886,3325.11191551558,4356.4371141394
"140",2450.13831800807,2553.25608671263,2470.97816891319,4455.61763018989,4720.26432510904,2409.09089216902,2343.69660843182,4282.35246486186,4623.23908597657
"141",2395.34330353988,2476.76031745863,2456.19461571936,3548.71182137788,4383.07182569754,2336.69946089419,2323.45243396226,3334.08609687086,4212.96255593347
"142",2457.70418531278,2508.28866017989,2436.61622124584,3569.67207773456,9387.42316214857,2384.84957471236,2322.45104294947,3456.42364392565,9422.06337591787
"143",2552.49643945353,2635.82369501775,2596.88352969185,3764.15966658117,4114.28130004755,2472.08625509412,2437.57325868571,3579.27047905186,3887.96468668514
"144",2546.58847428862,2580.92580705444,2552.55602386857,3707.00928617229,4406.88424420336,2476.14445260357,2452.53425132068,3580.93022197746,4296.29390877753
"145",2662.30309979569,2854.00541810559,2835.28634030728,4401.31144669003,4456.96759250763,2607.71125908641,2593.22378607235,4006.47085467716,4238.65248385726
"146",2682.98424287421,2890.70093489944,2837.03887596537,4616.69032533281,4517.55658577778,2628.27226241721,2582.75736142852,4226.22459411499,4557.63990885343
"147",2537.88484774008,2605.67053031874,2605.07580882219,3332.69178225371,4370.04791986088,2469.02726509186,2476.40688623858,3140.71951983135,4151.05446024281
"148",2642.8541019279,2781.97964705391,2835.4991112325,4434.96251640358,4685.25583726021,2588.24513146403,2632.35959798442,4116.26751185735,4514.03404466857
"149",2538.72565386933,2617.84550574022,2574.89560083919,4019.4976043396,5711.38492270997,2484.21834086196,2449.79130731436,3826.72733010424,5198.29895993881
"150",2657.05693174147,2634.54484357552,2557.27651964797,5153.65693810257,4480.56374537174,2604.57003968437,2533.43161891585,5285.59720890749,4353.37008882877
"151",2427.83422753319,2451.54952646763,2441.93192109984,3502.31509969024,4070.5682789371,2380.4202927256,2369.08411086393,3459.19140078891,3951.4569775679
"152",2480.55060775581,2514.03272761235,2529.32522533482,3228.67520592335,4605.65746334,2411.31158904406,2424.46709123038,3119.16237217661,4464.61225641265
"153",2534.2298788462,2551.56848306535,2583.41381170488,3286.51578835475,4392.40742867782,2452.33479396486,2492.42069604626,3181.65499951707,4705.35799211832
"154",2554.35720434893,2631.70939425243,2557.80139199618,4166.8589564627,4304.23960816147,2468.45422745589,2404.10142909442,3995.24311783333,4174.70315593187
"155",2427.31709807618,2471.5559738018,2443.72385437445,3577.31536867618,5900.86234249762,2375.63632516234,2347.87829328829,3470.84836551044,5782.55348490718
"156",2574.48913578674,2634.10912982664,2632.37011320203,3671.05834952728,4453.48579714758,2512.83429750434,2514.19988307245,3508.79321569225,4306.0163839001
"157",2696.56755721322,2836.33482911839,2772.18909276105,4798.94532587478,4580.94292143254,2590.00584866602,2549.75827996068,4417.3643814519,4405.47184277481
"158",2477.84697967788,2756.42427050645,2675.37068520301,4703.19677767612,6371.69377508283,2438.75892620169,2386.85563679862,4117.68324958242,18625.0104793689
"159",2482.86286839849,2602.25126597892,2566.49381998122,4085.46022193319,15030.0838097501,2404.47178453366,2380.95814486862,3729.77273148153,9237.28956687666
"160",2605.8505453853,2959.07865921403,2860.35694918507,5112.62475747134,4172.75086009069,2522.94536618781,2458.88907654581,4369.0023076826,3968.95806344553
"161",2597.09192109765,2670.10598934525,2628.41505206493,3764.78585426405,4813.5184538684,2514.18989499632,2480.78139497811,3570.98583218522,4670.13894455397
"162",2619.22018507071,2638.76393669327,2650.82402251413,3499.00066375231,4336.82097302913,2559.55975841345,2578.03499876035,3437.69956579591,4284.83464675543
"163",2502.3027941108,2556.92812376252,2578.53648420387,3138.36599188652,3962.86881825367,2434.11000049132,2452.08981901891,2974.81346545605,3810.81268999794
"164",2472.65184138529,2511.26735484835,2456.85503680082,3911.29364051393,6145.7330402812,2393.92242084018,2345.08897828551,3812.8520226468,7072.93553302087
"165",2651.34565738142,2777.13107357661,2725.61861316282,4653.41233114856,4123.03411181878,2506.92103116775,2477.60460576006,4204.7519872025,3990.56038392468
"166",2650.22892198583,2596.41104190198,2564.44505432016,3989.84895308728,4221.11413667275,2575.92662765022,2525.90311359972,4040.63484413462,4290.07393259234
"167",2473.57178695812,2515.51690548191,2521.12013087522,3366.71264559028,4156.59625174448,2419.22156068445,2427.08361029376,3263.91965415496,4032.57758307901
"168",2379.83117439487,2461.87593437963,2485.13272611064,3599.18116913694,4336.39155312203,2322.37179583821,2344.83377548216,3416.13168172229,4173.2776839125
"169",2556.30739111746,2647.09700265255,2581.62798186449,4046.94689022622,4955.24962974753,2470.28646667817,2419.52259047478,3802.85609589597,4659.84656656945
"170",2428.45588209213,2487.08364485285,2426.0280380832,4045.30830084296,9616.31753442037,2377.55520011031,2324.29456124987,3947.212569352,10031.6827855433
"171",2641.30233567285,2825.80961264787,2805.30146662386,4994.12738900461,4519.21656456256,2618.82245060099,2617.17227549097,4676.95476202044,4335.82423930098
"172",2566.96150545296,2631.08195458257,2601.17886511135,4372.49197238218,4481.32209473777,2547.33319755592,2511.98248540566,4437.77634950129,4356.46331058059
"173",2498.87659852828,2599.82872186116,2562.10489096594,3657.17991770006,4091.01561142266,2438.40985716772,2412.36379647449,3411.87495255442,4017.75836761194
"174",2396.2083091544,2453.29749355799,2394.10509250158,3943.89145000487,3891.93703088266,2310.99715465898,2256.6487469324,3752.71646967595,3775.65598628827
"175",2744.29839427904,2867.78068544577,2832.71098573152,4550.63361108347,4770.94936013368,2732.05912040895,2703.54769420424,4493.43776368857,7186.28777856408
"176",2611.47169118886,2698.17587903819,2657.10367993995,3970.264211754,4596.48565948542,2533.17360533326,2503.25065729443,3738.02122952427,4415.39989754316
"177",2518.83647217198,2600.89915091064,2558.93829398307,3836.39319245439,4618.79636216663,2456.32838768442,2421.00331844893,3674.20605265024,4427.7033752193
"178",2499.028953221,2596.95659332456,2571.2945053673,3894.92949724125,4248.80023579707,2436.72653961304,2426.6631413224,3685.36303744062,4118.47735052884
"179",2451.79914374548,2511.52418972872,2488.43584441197,3529.58113608225,4185.62249708208,2383.80655323556,2366.11808764874,3352.43623407805,4021.91240150735
"180",2486.23767721648,2660.10862367895,2621.72569337887,4109.45026924731,7977.74982148457,2456.07463182226,2423.73276463656,3852.72978877228,7403.58646297623
"181",2522.95613175833,2604.26188656065,2572.2146411702,3813.71441508149,4294.30390010564,2461.7173075511,2436.55505208651,3633.17250055152,4113.44739287188
"182",2483.7466807231,2590.25976777768,2593.18027815621,3485.22491521312,4062.99217468076,2430.83998913877,2442.09124001895,3255.62482833386,3893.40990049359
"183",2365.63627480653,2433.78581103939,2431.42063711225,4037.18367383382,4736.54161533831,2313.26113362278,2310.45058884604,3915.36017267749,4612.93236548742
"184",2769.8268566822,2698.89658246673,2613.51196251433,4281.32868759761,3890.46296476839,2672.50089789089,2578.29405815932,4369.23973128338,3769.66716861103
"185",2346.99288324833,2391.70463943281,2363.71051246832,3643.85223451359,4138.11462670465,2306.57765865455,2275.09910292648,3650.83637096532,4032.80654368244
"186",2559.52908506467,2640.16685284224,2611.36158218514,3707.38467125809,4445.42530491228,2489.9377088642,2466.22444999291,3515.39171684236,4314.83934936097
"187",2601.66351476226,2748.89772657472,2578.59784208715,4994.38754919372,4265.55677562135,2533.41121600193,2402.95653140116,4713.93632766097,4132.20250233231
"188",2542.82121958428,2620.89874339023,2593.08163506584,3806.86141167407,5045.07508537152,2476.07328446724,2458.47707829457,3611.01339425971,5092.04124038695
"189",2756.23992951995,3061.11559926017,2843.5475768439,6800.34373687438,4604.73581307908,2722.04160702698,2578.19499770957,6180.72891401207,4423.48384267768
"190",2569.29876185111,2752.67408110592,2704.51226225498,3960.84257866072,7185.83498735628,2494.58262718419,2466.70308949101,3610.39044403615,6138.76304338855
"191",2379.82022387861,2442.46398109126,2439.28035714445,3244.51859185258,4275.77985894877,2322.97164704008,2326.94327547882,3026.26887746363,4037.39723674487
"192",2437.00171105492,2641.96362396799,2630.03323845063,4441.75310520404,4227.77419402933,2351.6951050513,2333.94905207955,3916.59354985776,4046.94997043846
"193",2395.85526716417,2530.2880277257,2521.84160203512,3931.31986755839,4404.93224046346,2336.63561486958,2335.0680189228,3581.22872935105,4216.25561050807
"194",2683.44005785246,2780.27504506597,2713.89927235041,4461.48044712046,4712.00748605331,2643.16506714833,2583.2790407445,4286.97284727286,4645.37128390724
"195",2445.89765370249,2501.08871530878,2488.66034039956,3881.29260073919,4329.02569952921,2390.18406119306,2384.94712641019,3708.12544215005,4202.69693904524
"196",2592.19562221639,2560.18697959389,2507.47892274258,4209.31337352809,5157.26915755025,2565.26428340163,2504.22746058819,4280.46917812769,5483.38838489991
"197",2611.4849389696,2769.55149544179,2711.05971559995,4577.77060367519,4657.98497412258,2556.22560497484,2512.18989759636,4203.60586215644,4416.28453938784
"198",2876.04919519067,3185.03311328502,2989.14523816037,4981.74075051561,11911.6034990792,2790.89939582688,2648.96227950894,4407.28958816376,9639.49854129064
"199",2469.24184381939,2571.31502324729,2539.28204171256,3852.26299373698,5684.43482933934,2406.14538399741,2387.8499035757,3523.57066941407,5240.34463939786
"200",2665.56774088399,2763.25031541053,2661.97594807449,4128.28672834527,8801.27212779541,2616.20136602822,2541.27834693262,3990.93660988066,9580.64161029796
"201",2626.93305361572,2702.85561585251,2787.26143496122,3381.36098892302,5257.66970826351,2556.03438060077,2636.37201312761,3199.77791346119,4726.7215851118
"202",2486.10702622009,2511.00785645992,2469.37290235379,3898.33815366056,5483.91810842891,2433.77038523842,2387.53494445478,3823.26211809621,5809.81468815723
"203",2440.6901179836,2617.41424648006,2579.93748304528,4672.74462929919,4678.68129307689,2393.71490661895,2369.01469746876,4175.65966544202,4480.11945646292
"204",2622.12062211002,2847.20251943205,2809.11648539368,4533.28871122231,4232.22221491258,2542.08856668209,2505.29118628425,4132.84721075408,15742.6594247732
"205",2443.98030959368,2514.25303617032,2489.46750499724,3529.82326474508,4187.64306056135,2367.63287794452,2350.438194393,3332.70021717888,4072.85414655747
"206",2441.07416302882,2485.57386180607,2471.06378260614,3535.62097672387,4548.90616429256,2385.31547707098,2374.16116578547,3419.60157029865,4424.32483797453
"207",2525.38807795948,2633.07049880245,2607.02007210361,3881.52091280762,4465.0063578557,2464.75517644183,2442.35035783778,3631.9839027515,4233.33626313421
"208",2295.57725660748,2373.11217605926,2347.54105607729,3459.96292134896,3743.95874015975,2240.27495776198,2221.73600735696,3286.31568048497,3598.88200108457
"209",2540.56484977596,2694.42991992935,2746.1381575068,3814.17889178976,4478.38530631599,2455.48678553507,2508.7599176268,3477.1682310827,4291.08404918159
"210",2531.82762248179,2536.6651902229,2482.69163825205,4029.26224039624,4565.01756704608,2461.52521102765,2404.56478723067,4083.87513129199,4477.84621662574
"211",2558.86998224457,2621.84895696729,2610.91739992424,3833.35219229154,5751.22505491701,2485.55961019612,2476.87498901649,3634.77610666574,5372.86595327348
"212",2560.91503240516,2660.56260595783,2644.73404659241,3888.82953152025,4686.44797551969,2491.12362608423,2476.72856564531,3632.72557602515,4448.65810211983
"213",2452.2706965809,2577.15820506377,2548.562863938,3770.05881223577,7579.85005470243,2401.10815549882,2382.66391596415,3469.49797812677,7015.11577349016
"214",2495.9942642172,2664.57341513636,2635.97133637133,4334.094373732,4487.16790319429,2436.32823175618,2419.86949050267,3945.79596359899,4328.40336387035
"215",2519.24484578168,2595.47868951662,2581.71527960028,3710.05922345771,4525.15490076544,2434.77162356954,2421.49207039921,3479.46353514967,4259.09540558964
"216",2774.25680729952,2883.67797956163,2843.75201209763,4833.55444290673,4492.42493156536,2763.01962661338,2709.01541421265,4851.51893082226,4306.36744816032
"217",2705.71648408865,2919.54719300364,2836.82858721686,4821.8552176904,4108.5567113702,2563.8472929489,2500.82002058521,4263.97172938248,3881.22651247383
"218",2475.81200571717,2522.48342495944,2504.32843120205,3386.80908976142,5840.96397512749,2427.28129639928,2411.7153858701,3296.18492183186,5688.4722411226
"219",2487.24497185727,2581.89396102004,2542.7732018723,3645.82382346975,4824.2114054382,2445.26325526697,2409.90112412829,3459.67710122826,4325.16353373403
"220",2363.70265436007,2487.35908248101,2429.74692120872,4177.88168539129,4298.14221361736,2301.22920913157,2264.40414521782,3820.52101607734,4120.76273136173
"221",2566.48937454511,2679.64409854673,2663.33595508336,4086.59606456544,4728.36894922587,2499.47864420447,2488.57186177175,3799.48704077822,4496.24226989314
"222",2489.36894232124,2521.53729251994,2540.84800639429,3238.61711058687,4048.06023550175,2417.19127788935,2435.27349350786,3123.09380361772,3930.20073328793
"223",2711.76415858051,2755.58348666322,2830.98335013228,3807.19158271104,5990.70700417385,2668.88062088896,2757.68829975079,3717.14019189223,6880.20224929503
"224",2464.94126461265,2531.54755655923,2522.95625988176,3496.51088532625,5232.30978265841,2391.03002507075,2385.38934119441,3277.5213256504,5377.42752336623
"225",2530.9999597507,2666.27141919776,2652.18652435128,4081.73250405434,5051.50250485777,2456.27154001017,2451.96681687524,3722.27871506601,4717.50944326048
"226",2590.40584559368,2761.97631130802,2718.63336982577,4954.25867077517,4717.11298560517,2532.40515774674,2509.78919841715,4432.17777783545,4536.10867057807
"227",2613.1767240865,2676.79775228083,2620.6488408328,3681.29492767633,4844.98906066646,2558.67684635336,2516.63025563737,3532.16790751642,4864.84931736606
"228",2527.85417826065,2553.34163952158,2590.8591666593,3759.79758426048,4200.9511919961,2475.86223963047,2525.25485994321,3712.84974538392,4073.33069647666
"229",2677.68523611901,2758.27847991999,2691.1538137736,4198.60677304298,4285.64521031597,2620.53370123666,2552.7786217588,4111.3720232666,4115.90595547785
"230",2751.83901690251,2830.10772282239,2791.40761981192,4904.78462741722,4604.71501990851,2713.36486370501,2678.99443074604,4835.22443489224,4482.18133449441
"231",2535.75380244292,2557.24931365385,2527.24590466362,3776.51612106461,5692.00646248903,2470.35277330068,2438.84818880763,3711.56041301915,5856.24123829087
"232",2725.8724428072,2913.72724314872,2868.6044967477,4553.82420573948,4361.24791939263,2663.18398025305,2627.43603287939,4172.65743089937,4178.01439579918
"233",2386.53493801977,2590.83582112382,2527.48541513815,4665.14703334854,4450.57163675366,2347.98466861033,2312.75443963713,4155.87223159782,4252.2221156746
"234",2353.87547856707,2485.04648387931,2443.36080561137,4360.56761942016,4289.75123199718,2287.42503761761,2257.26389531702,4051.73253924977,4096.2012111763
"235",2484.12156937329,2555.78656379565,2503.97575320587,4047.5815937405,8387.73127644073,2418.56952335196,2375.45176712656,3829.31947549843,8740.12806549478
"236",2561.80622980011,2681.32230271006,2603.10463672709,4747.95322995915,4427.81649798925,2510.83513970758,2451.40126021713,4537.36598725751,5005.37967771357
"237",2615.46010226597,2717.76920213077,2691.11732740458,3694.62231654596,5823.46349702954,2530.4231428245,2520.30680173011,3410.74231057542,4578.66999961129
"238",2499.30997664687,2559.19603539498,2565.67234225647,3349.70247630231,4191.75674818385,2455.0751325034,2468.73543846079,3215.59934681956,4046.26882889878
"239",2567.01742500382,2665.92113086662,2653.19880482636,3954.97605326723,4585.22975742479,2520.15308501341,2510.45534478858,3759.47338700711,4431.13267819125
"240",2460.86588617267,2688.12728052091,2632.02756846758,5070.14908117742,4509.09023403612,2437.45152493385,2408.85429018229,4481.02599113477,4359.64444827346
"241",2534.01397047598,2621.16815004102,2601.8546536623,3489.54745921483,4200.02321502954,2464.37454814783,2459.96700728462,3220.76710267085,4067.28633831448
"242",2529.71992084447,2625.10872349705,2593.39900284467,3802.47846666469,4562.36726203504,2466.77342307528,2444.87028930538,3569.5658882209,4379.76084317582
"243",2469.52018665615,2552.77978345308,2511.87816754595,3811.76691522227,4365.66665684657,2401.22041006181,2375.13000072298,3590.3600532925,4191.78954495783
"244",2487.8932052542,2502.6429680829,2524.48547643077,3204.9289903986,4253.57381229384,2407.69251779262,2437.24820267486,3107.04743607485,4150.03612682533
"245",2549.61332742376,2608.50150766374,2558.75274447909,3785.06833556942,5710.75588458062,2488.11290962461,2437.68421342456,3705.38463123932,6131.30229831747
"246",2367.62164205158,2436.88809030328,2404.16131621588,3610.16556312511,4272.06190562919,2305.80388619681,2284.21701996221,3384.92959867524,4111.26908223057
"247",2455.35365678207,2453.14537115064,2455.60413115548,3463.0915583744,3868.52572855097,2384.75883609092,2381.35921695836,3395.51912771692,3796.30185942208
"248",2596.58700752418,2620.34070538428,2605.8267275688,4203.57191940362,4240.35812520722,2573.62787233007,2564.66140394798,4221.47388788263,4143.44341349516
"249",2640.68934238831,2654.37292556329,2653.25730159318,3534.987046737,3975.7975088154,2574.36168764583,2571.8916323601,3464.68035091295,3954.99422722146
"250",2500.94411322139,2548.31063794738,2565.21487902605,3182.48082311231,3865.58228723545,2435.84833536883,2452.76083628329,3055.16486535238,3720.62847580702
"251",2730.82193119016,2797.26668674766,2736.47526759047,4193.71919752776,4036.84077991836,2654.40236275313,2606.06809193163,3980.91985778199,3863.91408448425
"252",2447.06099861603,2509.85906594735,2467.18110189052,4749.93649174456,4803.81215610129,2405.30213525349,2362.5334844995,4782.99369751551,4685.41479868209
"253",2361.68210680822,2424.07035700868,2397.19955504282,3502.21112309873,3904.93328134349,2327.13887278228,2301.23481997426,3411.2756832566,3838.35955547437
"254",2483.42980309232,2546.21946450768,2539.78063989879,3350.66854920205,3947.53901600634,2432.8159366452,2425.60501803656,3227.80395089734,3761.37370111489
"255",2686.44307532786,2753.71934554479,2704.45171862968,4036.40490662981,4302.2862705091,2636.76192708146,2602.70215907619,3897.2922997168,4157.97471261767
"256",2774.33025948283,3118.83578746704,2948.59363884262,5653.43075410996,4424.26016355829,2691.6407731867,2592.7331203225,4924.33478787649,4219.86031787619
"257",2555.90022787096,2835.51197723572,2746.83799409326,5118.69823336082,4379.48375566953,2496.85588388133,2450.39471068762,4288.78131436686,4155.03139542897
"258",2468.71464296548,2549.34646417718,2619.76404116341,3248.74906019051,4200.46113909129,2413.59187470113,2483.359815668,3068.52143507223,3954.74278711257
"259",2448.27128973266,2483.41423677413,2482.23136354256,3554.69969315985,4400.97985346065,2398.35073313536,2403.63681387187,3438.67313916221,4314.78058433844
"260",2744.49644216308,2910.55411695964,2812.3043159117,4396.08326071463,4897.55774767705,2662.88250106995,2594.65557722769,4040.17430768374,4349.03609387738
"261",2473.30021207939,2537.2535871498,2522.40189133408,3587.73536977094,4120.26396481598,2385.92095646082,2372.49709434755,3366.19841686337,4001.91703902983
"262",2857.69703705502,3067.9689409926,3026.70324766094,4668.64616693045,4479.97527475382,2753.95744440919,2716.14292014996,4288.96231600434,4318.54641446471
"263",2563.23543365686,2611.27420319874,2603.32902783878,3784.91758399015,4527.28143630507,2512.44081116858,2506.36909310593,3729.08843270146,4382.48131242793
"264",2428.20905920827,2485.69111879471,2463.16740658758,3690.99928523541,4357.07672867269,2354.71983316317,2335.65182384721,3501.99565404596,4236.19421907141
"265",2495.74931598843,2530.95252331866,2533.6861184941,3404.87306345027,4277.21253794521,2452.25121811479,2456.70728277662,3314.70451042782,4198.3927456185
"266",2540.45327353629,2666.65099159495,2658.79197205267,4022.2712793705,4604.35250264361,2486.73804618975,2482.62293203826,3710.54544382819,4427.07758693965
"267",2640.98161112234,2726.05895681285,2740.42655355295,3792.95221591641,5177.47566744834,2567.53770519654,2577.04115941938,3593.99744558029,4862.29682646241
"268",2492.43938351784,2567.93534140638,2631.18149856199,3387.26060007493,4240.05505576562,2431.98317045312,2495.15833129207,3190.80810711174,4047.71268597796
"269",2677.86132953275,2746.64654410869,2594.01066448202,5071.58979097207,6106.79512488956,2651.94574068649,2500.65298112246,5059.24548719574,5800.08542409991
"270",2614.98327098822,2733.01991613776,2635.97817864606,4502.46830796538,4178.23346295003,2577.76159633601,2489.81320455401,4358.13130090406,4142.20531142728
"271",2483.0742268282,2497.92760409032,2474.29039116259,3629.79984420364,4227.11357210637,2439.23935012941,2418.95408804143,3593.36802188371,4437.36834038766
"272",2473.23004967697,2528.56861630219,2510.83568416953,3549.98188292033,4889.08025531734,2416.99291985184,2405.44061702394,3417.76024024767,4651.27051155202
"273",2736.30801029994,2788.14607047542,2669.48533922018,4223.62494406596,4206.69383016766,2724.69462304474,2597.78339022158,4235.50080102226,4067.68628854842
"274",2535.52060691676,2670.6946040819,2605.25199520224,4207.13450111366,4440.4652476271,2480.2405454538,2433.27387223275,3907.65851158183,4326.14557547014
"275",2543.37759995613,2652.09913259676,2595.80972462984,4464.61335705474,5169.06475882976,2487.32617483258,2445.46966878725,4225.95565297255,5052.4409415153
"276",2635.25129828577,2715.66118916488,2604.38753541067,5014.90862753952,4618.13209954406,2587.54872309538,2494.05549417597,4909.81070808404,4456.31515555927
"277",2518.03405185426,2594.14324353941,2583.01661628559,3596.24555802972,6313.07246713945,2454.17823622543,2442.54128391721,3434.47383611672,4329.77378302596
"278",2380.08537555467,2483.95273083823,2468.73525397061,4089.86055000167,4228.08428033684,2322.4661533402,2315.73275117414,3812.88487277668,4068.61134261457
"279",2484.64586272546,2538.35700271555,2530.68455813193,3660.27291225432,4393.9726352374,2439.10939117812,2437.42878259332,3496.05854387895,4127.83622836466
"280",2465.8850189229,2539.68874099098,2524.91416997791,3581.78817721238,4276.07849701506,2404.4907878794,2393.5915203456,3396.39963093703,4098.24731713938
"281",2657.36028571865,2743.28726027594,2720.59238748404,3714.97538846909,4345.3573149959,2573.9304256858,2550.74608534759,3520.74478323466,4092.65254003115
"282",2574.59249806918,2736.56837794341,2651.9080070981,4615.19147129508,4442.62716280632,2509.58397352169,2453.0447228361,4197.05471342202,4236.6024446659
"283",2532.44211381455,2683.99138222311,2647.8972073648,4770.5041694242,4560.3301662834,2497.41664594772,2467.78085304941,4550.37329091262,4450.73035191492
"284",2475.07690016353,2601.87873430305,2563.53390553203,3789.73177812805,4579.44965283903,2399.18361609006,2380.37220794635,3439.18271829654,4349.27005415597
"285",2579.89346605537,2680.61201720832,2612.28566983095,4456.25973444316,4994.55490738806,2544.32540761128,2484.84289446893,4233.92071676288,4602.84355933154
"286",2452.93218074927,2493.01304081178,2493.63756148158,3231.53940135344,4250.92632667608,2393.50726651519,2393.44149928383,3118.57625383399,4149.00438314916
"287",2602.36493491871,2674.56322175008,2645.12100107098,3585.73627292955,4366.96792423406,2554.904126638,2532.46786000802,3414.8998260833,4161.98841714503
"288",2494.23362650658,2616.31148373641,2560.05802235783,4456.43537876682,7270.75743185044,2436.29405750046,2398.29780411248,4073.19352078613,6985.24131676761
"289",2487.45134105786,2614.86311780338,2555.8260095059,4570.69153059059,4324.13719259765,2404.42977357851,2365.94736585388,4142.06199170051,4135.29618262851
"290",2484.6080562837,2591.39877467058,2549.68534734516,4142.68522353688,4396.40504370252,2414.72085809236,2390.31051268911,3821.32350298711,4230.72282988179
"291",2710.02077302894,2935.1119211838,2809.647600398,5068.0952926116,4480.3913698314,2618.99561352224,2542.07643913527,4553.86437354596,4287.43015659946
"292",2386.313192468,2451.48402776903,2433.47066891406,3726.83784617734,4220.76649431742,2326.51797164454,2318.69957475251,3608.87533473946,4099.3523441811
"293",2426.02569426094,2523.94437434516,2508.5383514939,3458.58747911465,4390.6732499907,2361.73863068783,2351.9167477951,3139.08807290461,4114.82121247957
"294",2453.89394761402,2525.27033479905,2491.24756553627,3997.46722154445,4750.81378438946,2385.82813322317,2349.61878898261,3891.95068149019,4533.7727744635
"295",2873.08342869944,2973.07587563261,2771.6603876345,5809.24578375567,4262.14140709917,2760.21938426661,2588.5340700206,5712.73881892545,4146.76175719062
"296",2514.78211598445,2550.08410658216,2546.61885030707,3500.53110282067,4187.16016521523,2441.95870443363,2444.84978022717,3372.38072068294,4083.23905616595
"297",2476.99786810136,2530.77844377368,2519.4028419222,3688.67059215735,4253.603148163,2398.92609254876,2388.22155726,3514.97733148377,4106.40384819351
"298",2487.45091145267,2586.65769356596,2565.51148061333,3566.58024587786,4477.56410979005,2428.88932830908,2418.09185822176,3301.19873382584,4274.86886094827
"299",2479.50999302189,2520.63513425484,2515.72728788372,3363.090027397,4395.75592558383,2428.80143787408,2425.23472421537,3252.99042672836,4271.87128999714
"300",2432.22136926287,2543.48025927968,2518.41427629743,3785.36503693944,4277.00944583309,2355.44139154628,2338.71088168965,3525.62564236553,4130.99399995409
"301",2526.56334690636,2581.65213402072,2581.77672567272,3543.28036675631,4205.40285898654,2472.90685954392,2476.17501012325,3411.05739801357,4036.86458260572
"302",2531.27081661399,2670.63679843703,2630.69514648576,4285.59723047485,4378.66232713116,2474.92930552017,2452.77558393553,3959.3145077973,4205.51745625687
"303",2657.7721222338,2670.66489873851,2649.89075903999,4045.30563020879,4518.23342242067,2636.58942259463,2623.02739214596,4104.78478564254,4412.75811330459
"304",2482.30300411286,2511.55790142858,2531.11842040468,3515.31983567633,4495.18871216323,2412.98793489343,2432.85798562836,3408.41777454979,4324.02958441199
"305",2652.69588671525,2683.52085923632,2659.49497974068,3733.04479744019,4376.78176333517,2617.66510888987,2608.20490271955,3662.09109385213,6643.46850152426
"306",2441.99761341436,2524.67538815502,2510.97812236913,3405.6899286678,4315.07807489351,2385.71759335667,2376.17024295097,3206.48521219869,4056.97800257639
"307",2310.275183571,2470.65402764012,2463.75111294473,3872.68200380208,5817.44716650011,2238.59093680911,2236.4448183882,3493.57037400453,4846.12707185662
"308",2527.76562781618,2586.47169648939,2544.0208467427,4271.38887134979,6999.83947279239,2480.13389528953,2438.17394049273,4166.72620939346,5504.61357606826
"309",2598.44246576814,2689.45611984347,2633.86781899634,3985.11721871897,4299.90842482798,2528.56532892201,2486.14173504248,3809.06856807939,4176.53772339013
"310",2741.39292662346,2764.8608597739,2767.29618014082,3747.12723192746,4648.67232781666,2711.34613693143,2721.5392517943,3739.68572607257,4701.08171785698
"311",2535.17510652291,2552.48767505218,2548.24486220839,3391.79585328877,4256.0807883586,2477.12684507331,2473.40215324755,3351.1633350872,4237.72495219493
"312",2484.46732295493,2591.97265616658,2516.9973649783,5091.82003466891,4828.70792418147,2449.93645194707,2384.91341263601,4892.33952077532,4716.35441261741
"313",2396.18281195347,2507.46423642808,2575.55587997786,3634.99238062297,4329.89401067469,2341.77480610489,2408.62619044909,3367.22400160864,4079.93785493445
"314",2576.07499341014,2623.0989546024,2625.09286458329,3631.14690448545,4253.32353030149,2546.68013222452,2556.74866195572,3564.78967275964,4123.13312449533
"315",2533.86081222716,2620.44893110779,2570.30609143125,3817.28444105675,4213.00162965276,2481.62755130727,2450.32301812605,3586.79875221672,4060.28997384772
"316",2420.9412420159,2538.17526991755,2474.99222029905,4005.26485551749,4371.06680465,2367.91582387658,2332.511385972,3655.67790573081,4200.71247529566
"317",2538.34377115244,2561.38596589867,2532.63007662128,3510.51034781104,4985.21778873805,2482.31455735684,2459.56090213158,3462.94575962159,5174.91936288492
"318",2509.0110211551,2550.26679534688,2545.05908331177,3594.35114089841,4181.79918832382,2447.28955211736,2447.08083343837,3457.12177628093,4076.68490267721
"319",2532.12897502085,2579.88614479175,2536.86440668939,3659.70038138423,5047.54767278104,2469.56137836246,2426.34053227805,3563.78940858422,4989.57037901785
"320",2455.42847987532,2473.18485879397,2494.64997875768,3198.45109606721,4043.71408600738,2392.76356922811,2421.64394125023,3126.8925441885,3947.63586375152
"321",2554.84863442235,2659.11368893491,2619.97771206086,3810.90009894194,3750.80915883578,2512.25633237188,2477.31612807275,3636.53374323062,3571.9549287443
"322",2517.83141733301,2645.66669673281,2601.19458122037,4400.05521143795,4692.4144885023,2449.20642210205,2417.31243910501,4080.68923944457,4470.39117321709
"323",2584.50684744888,2757.42961021934,2718.67455023519,4665.82967582046,4712.56827453195,2547.4159243652,2527.13521670755,4263.92855840418,4524.69884325845
"324",2457.60500025321,2551.35179951669,2537.90943044212,3596.33696888294,4443.89562721906,2399.19992859127,2392.81718905472,3368.60588952082,4312.80088116092
"325",2489.51395625025,2559.19767429944,2589.08272734279,3324.48419653648,4181.08769277505,2432.30735141731,2456.81934032852,3158.99782029264,3950.61939135359
"326",2649.96683975879,2772.98668886313,2694.91578439661,4370.41072843805,4184.19272482143,2620.26733479898,2554.67243715308,4126.63320445634,4034.4514817681
"327",2565.36122150635,2705.60272684165,2676.3889861904,4156.25587664892,4493.2330086812,2500.45682838124,2474.93128802749,3848.44081599321,4306.2126820267
"328",2423.10723570971,2529.01794633851,2472.21981188411,4069.70175331281,4982.35517854783,2366.83424798386,2326.61744749707,3774.23275278726,4485.26618362137
"329",2506.60303202179,2576.34872725813,2599.73690606039,3327.53006422726,4201.04257519058,2457.06837236525,2482.07513152897,3177.81482665311,4079.67673355584
"330",2578.3293066256,2724.87622083569,2660.61999331913,4826.58055554006,4977.27634836476,2516.38066000701,2475.0382280617,4357.24295228589,4746.10471825981
"331",2554.68333927538,2771.17169275792,2673.11806981228,5671.25920712688,5551.27729067439,2495.51973011441,2443.16551438956,4840.73181389739,5180.2402388353
"332",2569.15362487186,2657.11095789248,2623.25439126242,3830.02322084031,4145.52294403815,2510.79685386983,2489.16003695126,3623.42624422087,3969.09310673278
"333",2631.52178735133,2682.38536154695,2688.25832523829,3546.70093365182,4331.77296619599,2577.98223377595,2594.15823535943,3402.7872914931,4177.52635055277
"334",2823.19959764434,2953.22726642285,2666.5361829988,5934.4587311632,4516.73892500825,2746.72017043158,2519.22115628481,5828.17399516612,4433.73893558875
"335",2548.36170789452,2711.00770248687,2656.42991112786,4388.67456112556,4835.1025461829,2489.18137159333,2458.61770395077,3944.69564917853,4712.95187904708
"336",2390.25469305807,2520.39946310113,2493.71429296163,4347.46504849498,4490.47232650864,2326.5128595415,2310.15608095588,3928.99741418712,4315.43805979505
"337",2393.57024744838,2424.14517463848,2413.83359638154,3253.30341034009,4243.97854732106,2353.32720147255,2338.91365595427,3192.53959898996,4127.15145381987
"338",2504.83151981302,2561.30480923994,2551.59353858289,3553.43460600021,4520.26933723855,2446.08551911866,2434.95856116238,3432.13008048176,4321.82722394574
"339",2380.57896131809,2462.50911394989,2464.30475444692,3321.31118125583,4187.24220714921,2321.71975414384,2325.99475272388,3107.54986029145,3905.39477044059
"340",2584.51978329186,2760.50164496299,2723.84097063087,4709.40172479165,5048.57864055624,2496.30848063985,2478.48511046573,4102.65847809188,4690.84401173738
"341",2536.60311128198,2610.82509806431,2578.10682967176,3788.73533255375,4180.99862374357,2480.0795140845,2454.57036957505,3606.02352417299,4077.98906290405
"342",2730.65206342752,2761.67569009849,2868.12657313046,3634.15238700005,4400.44828065659,2670.22214615019,2829.99144383359,3472.49076769514,4216.88407861515
"343",2644.57434630596,2734.26726914227,2645.73465578442,4589.75959182156,5472.14443497742,2586.22728912697,2505.71068742141,4438.9269597405,5906.3260113896
"344",2451.18778028476,2547.34756253094,2531.92692630629,3645.09213010959,5771.52039869538,2379.82754391226,2366.24889798164,3409.96143052435,5035.62900549436
"345",2525.60750505666,2630.22687934265,2546.12825057033,4529.95111148958,4198.42303851274,2477.90641945853,2403.53535868963,4325.17730305939,4031.38894711271
"346",2709.87677499183,2784.22083955209,2658.24742590873,5094.30304221846,4064.13184390516,2635.76285563266,2518.5188765646,4983.70918157918,3936.88258198666
"347",2453.48545526542,2554.58499847763,2552.32211593398,3555.22308899712,4575.99783385709,2388.36453120113,2390.93076907412,3291.39089859849,4250.5838689598
"348",2669.69426694761,2763.10269528669,2710.60370784298,4084.24602106356,4379.25112562167,2608.52531905032,2569.43497224973,3905.46530367835,4272.44220852535
"349",2584.6059284589,2676.7254043497,2676.00621309528,3506.01364828256,4711.11907009593,2525.45081199634,2521.87968358899,3326.32732891043,4563.72072169537
"350",2606.0947966132,2726.48455407086,2748.45673183958,3979.3809391278,4406.62044421489,2537.92703554439,2544.52886743239,3739.58083701344,4250.52931277944
"351",2554.77157904645,2614.29488103688,2600.64020580673,3436.19762838473,4600.40999041426,2503.92368152664,2493.05302112494,3299.66934819172,4488.65341579436
"352",2357.65842630764,2440.74195935586,2414.47095200129,3687.65467005087,4692.99574108042,2308.83698307616,2291.50021981126,3428.37839741247,4525.19650289591
"353",2581.19948775544,2737.98936381258,2608.75264383831,4560.35607942965,4972.21660948882,2529.80717683697,2434.88264888638,4225.86739460599,4386.06610325532
"354",2495.54857322557,2688.64949454726,2641.44522756585,4321.19725427632,4757.08704894682,2444.82010059938,2421.57856392417,3884.92818792954,4794.31078419745
"355",2445.40179001351,2562.91403469527,2512.53447675949,4338.24103913898,4804.24851253781,2386.38080246402,2346.93122140961,4090.32674388314,4547.45393946165
"356",2487.21288327116,2609.40297981688,2583.33578585145,4098.04735357032,4191.28850242492,2420.10574863075,2397.83164093561,3829.38839596142,4033.12015044225
"357",2536.11543917082,2586.51000994572,2581.7310873725,3323.32072694988,4018.8798263748,2468.52245297702,2463.336620301,3180.69351159694,3909.64377693194
"358",2611.64728590501,2660.57753169893,2639.9726674856,3613.68636045835,6094.42783695739,2528.80639876147,2508.73823177899,3505.86774141059,5946.7277850597
"359",2756.87860983642,2866.31286541187,2971.74305066118,4151.53982392796,4278.2475578789,2656.96149884037,2717.2972837757,3909.57721760742,4102.1830005772
"360",2587.1389097452,2799.97828050197,2713.65613427274,4896.34689179346,4762.12996966558,2495.3420240293,2459.64798046982,4262.9512341344,4582.74421422944
"361",2589.10843110091,2719.83342099578,2637.80219100163,4327.27469607094,5111.77437127974,2504.23279507309,2440.13940676731,4040.66764197666,4919.29959783484
"362",2406.82029426145,2438.35457540926,2433.55092598473,3142.49582528483,4095.4793465063,2346.97326799902,2341.82217658216,3057.47526368046,3964.02844192845
"363",2361.77395035495,2429.83436813859,2420.60794008139,3316.90989062433,3791.03048337773,2298.66127814848,2292.40985235362,3147.47175232229,3692.57683495104
"364",2462.78476052952,2566.46679437092,2535.48385441207,4045.80136748199,4219.20969934779,2400.12152801263,2373.39700624206,3795.51179339403,3995.14133207458
"365",2530.96904011426,2602.05828928217,2601.21449299269,3700.43900523941,4475.73533862329,2468.74000372257,2475.53174298349,3480.40539103151,4328.17814873321
"366",2556.2334064143,2675.37908285863,2604.03214348398,5216.05627395866,4449.18063709928,2492.13940009378,2435.51044176382,4809.72825450512,4318.94285970175
"367",2684.75691367818,2866.30709972266,2686.84607649887,4745.20094141581,4248.23862160456,2587.6119086208,2463.41833790926,4308.62450680672,4024.68662129811
"368",2585.92997928949,2636.05185739989,2630.38151910652,3870.47570145817,5422.00901773052,2524.00503203545,2523.64971005203,3739.47458708631,4455.45857463642
"369",2574.8008875995,2675.13428618754,2658.64115108395,3665.63383333564,4241.71048279039,2524.48326767254,2521.43204567061,3428.78904312563,4017.71860237961
"370",2547.05333818045,2715.69944889685,2685.55117582058,4082.65275969232,4070.69638774413,2457.01568708678,2438.15417489418,3722.20001248115,3918.81626125311
"371",2684.81829769347,2660.28215980536,2646.74525321509,3637.07830984738,4699.79269992332,2653.93369399667,2636.08753633702,3677.08569359559,4130.89651514199
"372",2468.18083189274,2550.93275436934,2550.19661158977,3917.67173840421,4261.02082072136,2387.11489662354,2398.6039168313,3652.13601642098,4101.97806964376
"373",2671.66565796934,2671.56438957548,2596.09752829688,4634.4214717287,5299.77246595747,2650.61405055499,2556.93015410978,5157.50542585557,4848.87047105035
"374",2590.45137342216,2787.17144557312,2685.9627923185,5157.67171876638,6000.18266613909,2530.60525350613,2463.07221849022,4591.84727562929,5553.92253549185
"375",2500.15910127394,2530.00087015936,2536.04869206568,3135.93601441268,3712.89837487616,2434.23539634484,2447.89568375533,3012.41699127867,3603.16086290435
"376",2467.95010394275,2543.23520802421,2546.97765545844,3347.48615625897,3982.52694283841,2419.43312216534,2424.53985005806,3167.74280753592,3684.53497534045
"377",2503.44444714273,2580.89539949367,2583.97760180665,3569.1884357771,4598.47229208716,2445.99814387972,2449.5960003723,3346.6756747712,4392.62380673386
"378",2562.06592504134,2601.92714006883,2625.0806141298,3403.18794864383,4464.00420918434,2499.59662304898,2522.8442883902,3280.24532415014,4135.20570732842
"379",2486.13655605342,2553.66165843609,2567.89261361253,3311.76908176551,4131.31009117144,2421.36923855813,2435.55146414786,3138.64901088825,3891.71521529976
"380",2539.99262985844,2579.29520056286,2557.06413573606,3634.10042764137,4030.40788474884,2476.60423727228,2461.7889891617,3507.85547256384,3863.77897567744
"381",2517.91563962073,2562.31458191859,2567.0659294198,3409.49916756901,4224.79745804407,2445.9915479475,2454.86502196655,3250.09934015693,4075.13936249738
"382",2568.65568973795,2614.66337769384,2604.79873401534,3564.53329114199,4511.39151299918,2504.92304479129,2499.62188288719,3446.11467368271,4429.26580137298
"383",2389.91265393588,2450.18912202588,2441.19553394948,3308.03594548571,4472.89336840064,2342.09026574102,2339.09971233521,3135.5379897678,4273.6280514355
"384",2487.61760224032,2540.28793711975,2540.75487321402,3297.55181669904,4250.16620776574,2418.42366216215,2422.74425937575,3159.96225651638,4175.52149492601
"385",2387.36935785856,2516.56525277007,2503.28114618614,3973.35643005746,4997.23147136408,2349.34629043055,2338.55109135313,3684.56629290299,4403.73905689109
"386",2442.04604916127,2490.97879384727,2488.42930867262,3262.60094097135,4113.857984223,2382.20233300191,2380.83642980176,3121.87059614919,3964.1129751453
"387",2526.844613903,2621.44845409708,2598.62061452113,4398.30666359548,4597.76357591788,2472.6530010485,2456.87137690942,4155.20705008175,4440.20392069772
"388",2627.85587440412,2825.67603384584,2801.81485202331,4689.70634453994,4308.30266851896,2541.42582123385,2505.34795930094,4243.16200935216,4121.30794831529
"389",2495.71059125177,2593.44704355254,2589.2797626,3491.30537338843,4229.76001779225,2447.06604469056,2443.12937052312,3297.75752060489,3976.71175576035
"390",2549.49113563987,2626.07040866582,2582.67792601544,4115.7031679751,4252.3904803191,2494.25297929727,2454.91781563413,3953.16727655569,4118.27009503823
"391",2575.72426652351,2666.68603530718,2663.70634680845,3636.27878936594,4534.38276541631,2512.44811117195,2511.5584460783,3442.53145830594,4358.17042504466
"392",2580.01524085023,2594.26236977603,2581.02532123861,3309.62686971679,3955.22772228851,2491.82639338017,2480.48010834512,3196.63910870101,3800.22066087168
"393",2690.50419013433,2831.48554298661,2734.39631229624,5050.37146053701,5023.94308051898,2662.15870083855,2595.20688320474,4720.18975360582,4524.96867338238
"394",2498.40827601125,2511.92706945655,2506.1961716948,3349.81834310387,4313.59710927186,2432.35534830692,2422.76741928528,3290.43661289398,4259.67799714639
"395",2428.48863618572,2556.22783705552,2557.67700560225,4123.98427824275,4570.6618314772,2359.19366000608,2362.44022823406,3759.47261501193,4372.9894423667
"396",2477.65139769727,2537.75442615594,2514.0159989468,3951.26851411616,4923.80781491871,2429.59035239342,2409.74440178123,3847.03627750049,4775.7606767686
"397",2674.52432564674,2800.3467154701,2707.14711857116,5086.54539894859,4695.79623872904,2614.47887017723,2545.50844278889,4816.87617336677,4540.9747288863
"398",2615.99312262694,2688.36109447199,2685.24647573627,3597.7717040256,3884.78094070351,2556.65484403748,2565.2423226759,3405.54799188873,3745.74571877424
"399",2395.12489534378,2492.8313614305,2507.44767571825,3551.70584298506,4219.88350221234,2338.82605859855,2351.59570715376,3328.55000969763,3980.84484345032
"400",2476.13018610582,2533.39031611013,2561.08552826892,3399.53566244422,4156.80571082083,2409.04879699871,2441.64575193581,3230.15650455121,4017.52054200968
"401",2555.98222308371,2616.26912203395,2624.89174312984,3665.23763596481,4292.41389360162,2493.96637737231,2504.97934332426,3491.29801467534,4108.78179982337
"402",2588.54973706798,2600.16067458719,2577.61593282316,3499.08733332302,4388.0442507116,2509.30393794867,2489.73698606952,3417.39720986141,4815.89501718662
"403",2573.43772146564,2695.59064823139,2665.50112511023,4211.72635955699,4755.43079148155,2500.11883182619,2479.25135051119,3823.34434990685,4520.43311556716
"404",2699.89383595034,2910.93259760603,2836.45164840803,4847.51135430387,4938.85404468369,2611.8905687651,2564.71959730832,4333.99105341999,4442.09709212839
"405",2504.43215589438,2606.22356732849,2575.89274161408,3477.89028173084,4397.29940788626,2438.72998730582,2429.48576202275,3261.20313852197,4130.395998598
"406",2658.74396598987,2722.39154393939,2685.49197172323,4321.36018703004,4338.83694179525,2568.68111339227,2535.63073219494,4066.5299133946,4151.32599518738
"407",2468.99367863699,2532.98343818067,2525.04930463373,3393.90090690236,4331.35083717066,2400.08688173794,2395.27222560693,3217.72819595917,4170.39829521038
"408",2597.3117616289,2618.21298136936,2620.9036514921,3537.68534864854,4328.37490178767,2535.66615021225,2543.25607376233,3416.13548403318,4153.46173970775
"409",2412.2302538763,2524.07563812204,2511.10641310417,4151.0504308363,4534.84323432806,2365.33357915821,2355.83634774248,3885.52124870062,4347.52831615561
"410",2519.44109369438,2616.41540197872,2625.46029945365,3818.52886179553,4490.14458574897,2444.60083457292,2452.97382642625,3570.70689080117,4330.98151886439
"411",2599.93675454838,2630.28450705511,2616.06212455018,3521.58919924765,4477.38780395283,2537.88899732234,2526.20669950164,3430.23202056584,4360.9012678854
"412",2592.34979923065,2642.97252640817,2645.81375276695,3661.73901126071,4276.32849533946,2558.29707607565,2564.49922891981,3577.74694812616,4258.0650321243
"413",2616.39009434592,2668.81059682159,2651.17173891164,3923.40503445104,4855.81217423286,2549.6682950169,2546.4417969608,3763.14835693182,4761.81346645912
"414",2504.13584113058,2512.38479913003,2494.45683049576,3465.6367237721,4272.84278515009,2435.50720384199,2414.3792719877,3410.48489215994,4321.11326798532
"415",2449.21699662645,2573.1050320072,2503.02073898677,3836.4976262809,4332.94109900021,2376.41283808561,2320.88800534707,3546.04933055972,4018.38865188748
"416",2515.05787635015,2625.25886942474,2573.95815676759,4166.46782533504,4371.91290658306,2499.623665232,2450.7178333068,4072.90589275004,4224.38237860838
"417",2451.35560496461,2631.90997124867,2609.74391349777,4317.76259073339,4344.44183772345,2395.13399737978,2385.87306443038,3912.03341891393,4136.26828206717
"418",2786.56856681824,2962.82459561585,2890.159789883,4021.86103436192,3851.31363140248,2702.09718766053,2649.616809671,3713.66955745897,3722.05754356957
"419",3006.08093374013,2976.9069671434,2828.7123796485,5195.72696621046,4564.45129895237,2995.62970827416,2829.31073260767,5424.73847644145,4316.198343996
"420",2479.47619152632,2522.99637686011,2513.11681348866,3146.01882785776,3948.52209757182,2420.43826506313,2411.82293553227,3007.63225007662,3767.83742371148
"421",2515.41389937357,2580.98040604058,2552.91142985871,3549.20030654814,4597.35635965175,2424.17317369753,2403.42211426312,3322.76971956672,4357.08314606897
"422",2464.85128796545,2524.96468601133,2485.42163978547,4241.48160694306,4829.52186882185,2410.29713257032,2373.84857520013,4135.20538827562,4729.25177494451
"423",2595.26391860273,2745.81148660383,2682.63113006261,4333.06200608413,4980.89523524086,2514.41609626143,2472.21411082225,3980.94323379365,4577.77473908762
"424",2415.25827233527,2501.0563385589,2490.15563122124,3567.16558674626,4180.89152372388,2356.83339244649,2347.54449719607,3340.34146172167,3976.71544281766
"425",2594.6576371749,2772.95216900532,2752.08769550964,4407.35573648743,4628.46923361496,2523.82805463607,2514.60868908062,3965.5782210579,4427.81066935
"426",2574.07889353902,2632.09382515357,2609.83437678366,3663.65256089577,4166.72711458855,2505.00550080398,2485.78250432322,3512.63432077227,4094.65468027685
"427",2372.56536522821,2468.58399965248,2465.00622036513,3429.71548870081,4218.19757669577,2314.46565758751,2312.60386242784,3199.58419783871,4000.26043263583
"428",2565.31717088763,2801.78104344283,2717.50490651672,4601.38921445495,4419.93336301707,2495.53390282158,2439.35587887839,4084.98197083583,4198.66524999197
"429",2602.93865875679,2641.91434117165,2603.87779553672,3963.91297740305,5205.05157333797,2559.35241744342,2526.59986315203,3909.48608698901,5131.384860323
"430",2453.43576997039,2481.86046620594,2468.23392165847,3443.92893129774,4022.43142374104,2405.98621360601,2392.07844492479,3388.87054686838,3917.45972686768
"431",2547.83102305872,2602.98136320863,2582.93705920053,3638.56812896068,4616.84102920655,2472.4402103122,2458.1354928015,3452.67080060906,4420.40060701912
"432",2591.62429704627,2605.74802979379,2632.76109553473,3711.28455293105,5629.80433119021,2569.8265041333,2601.41163962757,3770.70804316891,6199.84641204116
"433",2457.35338891023,2537.94664620598,2519.30263526524,3953.23718083275,4357.62064501061,2393.0889307049,2375.85799924898,3738.36759021781,4167.9019723708
"434",2420.14468335856,2437.1994893235,2452.05116330708,3186.46959119219,4181.21881049508,2373.31699331637,2389.72513750297,3151.72299968665,4212.2515723054
"435",2665.00535712993,2716.83257711886,2665.45988762527,3782.7314818174,4759.52207177011,2611.20048271355,2573.91099206382,3675.28540939492,4613.57207364618
"436",2447.12042186671,2465.15665792943,2477.75997265242,3099.19708097858,3877.0687476709,2379.14364214547,2392.62992857784,3002.43285382416,3738.492735026
"437",2381.6716524138,2447.2107155594,2421.56843952647,3427.7834550763,3949.50030764897,2331.31097145867,2307.86685491208,3288.95828947479,5066.74974526567
"438",2766.33005940529,3021.19801271487,2805.55563165477,6963.96226279085,5295.99272501652,2694.86186110209,2557.68891192168,6071.66901095066,4831.72343619562
"439",2822.12698466229,2754.86235272972,2698.52196589827,3952.67992669284,4992.26321137479,2774.43110136936,2713.64313256368,4029.07356375078,5414.9883492017
"440",2365.72907427624,2453.08364607083,2452.66610707039,3635.75312709587,4002.39163108749,2288.72867004459,2300.23756611169,3377.9893293386,3824.59896496102
"441",2451.57981432371,2569.02854917235,2512.4269360325,3973.64914206088,6852.21963175134,2407.98298813372,2363.5368550075,3734.13487334438,6149.55404485347
"442",2537.88190196741,2684.27679018633,2640.70482847254,4467.05247926682,4541.84866904312,2496.04703439113,2460.87630706536,4225.27796563136,4388.37209050053
"443",2489.35864254263,2567.32735802837,2513.91403588865,3557.09075016639,6635.59339879799,2456.09980272881,2405.89506836692,3426.3648257445,6945.89969215619
"444",2494.27674718011,2588.0937004176,2580.56918637658,3633.19630953539,4866.69549816962,2420.66066573862,2417.99142820232,3397.31481945077,4506.20785906769
"445",2489.48275778298,2584.78729764403,2531.22860803254,3696.27525433735,5293.48266412969,2428.23253436405,2395.16402873152,3447.08042729731,4982.96420037372
"446",2724.99511537033,2848.93116756048,2774.10678016274,5068.33041403336,4959.51381474822,2663.51878027245,2598.63883827182,4856.33828151064,5683.81260973157
"447",2480.64175314157,2461.929987433,2410.74359440607,4127.7967612497,4502.54227475079,2482.70132047069,2405.08735191267,4501.12005460737,4465.72106977746
"448",2579.36004337521,2645.7215284873,2669.4885903934,3313.86116186022,4466.36652733727,2496.45201613359,2522.77951244631,3144.99428404704,4336.25668741168
"449",2660.98288630937,2715.84411243445,2667.33982567759,3794.10710739278,5279.81474262059,2589.00687865104,2548.46750257241,3664.43727714307,5411.38216065522
"450",2458.03277150381,2511.37526823701,2496.24700375573,3793.04170554861,5015.1643622535,2400.52280485934,2383.04535559684,3718.8616259751,4617.51646463523
"451",2433.01894427194,2518.96438541687,2511.94355575411,3377.0875739155,4558.88168091206,2365.12081807454,2358.85828845487,3163.0972315565,4299.48971192519
"452",2678.91757803491,2716.36211872534,2675.89292445094,4043.32210667556,4151.13263789555,2638.5069798144,2604.35580724529,3989.72097848733,18276.7933362242
"453",2582.99819467166,2596.19847667827,2613.32856308602,3557.12615197033,4327.2711500191,2526.24938538799,2553.4499568281,3495.91284127743,4271.00485341305
"454",2563.95092636125,2612.7947396347,2669.80463151741,3309.41175816323,4443.57438472486,2511.12718267225,2564.77645810608,3172.40447208148,3918.20365476813
"455",2449.95634668878,2529.81928309182,2493.99617414521,3766.85761463887,5037.8806625319,2377.72112225247,2349.26089210406,3518.94612094881,4859.0673002216
"456",2584.11556262052,2670.54930851404,2556.30377483181,4790.66458738323,4010.62882793134,2516.34922754425,2417.83955181274,4642.95833177414,3844.25081072561
"457",2489.89733752607,2542.41452985635,2526.61305792003,3397.46417773947,4546.23839769163,2438.22388874494,2419.88998757482,3286.63672558697,4587.04196988411
"458",2434.1666535268,2464.8301780076,2442.01274238087,3664.64268150823,5091.39447898619,2375.59321325001,2360.86090629067,3557.67585942087,4573.0963346366
"459",2358.77598641746,2448.24279955327,2407.54988106672,4095.49735595341,3984.32326613294,2297.52748310009,2268.50159183328,3865.60580164327,3859.14655570187
"460",2392.14666317386,2477.3495316215,2425.38674357736,3892.17776931502,4005.1633880488,2307.98262125803,2272.79543667417,3638.60721690127,3861.59343104739
"461",2578.69014108108,2697.84342993946,2693.8381351155,4436.20958775082,4458.32802680861,2517.62442967299,2520.87541631885,4173.55827045558,4280.06336087233
"462",2523.45197066293,2573.98327038777,2550.34128007513,3407.74157276126,4024.97867213618,2499.75193764471,2472.89477095738,3374.46585569021,3925.61040280892
"463",2458.14405754114,2587.86875682867,2551.73061961352,4151.15786701936,12379.1849461779,2384.7433106758,2360.97885073819,3765.99636479936,8295.09458648055
"464",2534.89651869766,2643.13600508493,2618.95628979658,3685.88571608633,4302.08260864186,2467.91678156428,2454.8573854618,3415.83430515727,4047.09542687854
"465",2498.44496339837,2686.91168410796,2627.51639758214,4631.45810295272,4475.02537245582,2417.50419651628,2390.98890076363,4082.46695871023,4288.49951239786
"466",2576.84622368781,2571.91957486768,2579.22111128661,3338.44881619658,4096.71204033453,2506.7250560176,2533.23637208787,3280.25268697671,4090.54508615103
"467",2485.90372042562,2538.12132538564,2556.84702672576,3352.85657946922,4063.80073760296,2451.51456669323,2473.66740201409,3271.10219183452,3956.03357499757
"468",2623.41308681943,2715.62034785606,2715.51135020553,4304.14144098194,4626.63882282746,2533.51409857003,2546.08059549217,3978.93340984803,4422.23218034303
"469",2503.89496469269,2547.4885134006,2533.53880333826,3546.0330846887,4573.51758746435,2450.60096237162,2444.01153216096,3423.6588696774,4458.43452575008
"470",2440.24286689295,2472.87663312086,2487.30257147763,3147.2195519212,3784.33670894628,2373.38000575223,2387.60054018219,3044.01625992731,3571.83319237678
"471",2458.96303411073,2515.90353622334,2546.31271207304,3523.59399789074,4499.98962310824,2408.05452191567,2435.41230237049,3379.99654642959,4348.95636657952
"472",2535.40204098232,2570.98131778011,2568.1236106608,3607.73079823844,4297.77225744409,2475.33980814015,2475.34949137817,3523.71959779453,4185.64514720372
"473",2564.8400729349,2800.38199116703,2679.35819604193,5579.54397987801,4468.77186190128,2491.96769192872,2423.09613749932,4966.15141656001,4247.53908004215
"474",2432.54343529547,2483.87068445628,2475.68975111166,3207.0811416222,3886.44275684442,2371.92246848856,2364.80182463872,3075.41040461932,3765.04634005851
"475",2534.13848907325,2617.26090817397,2610.71849403534,3825.07007295346,4779.21952063225,2473.1688561533,2475.37908718259,3644.19267741238,4651.61317530423
"476",2490.22834232588,2552.94043685333,2536.29885983746,3575.68344075057,5381.06176529416,2416.38929351077,2397.71605960615,3430.55050644028,5559.27511362258
"477",2439.43232778583,2546.26860429341,2531.44267867794,3734.0767152176,4310.73046095826,2386.64343728953,2391.08394075998,3454.08411890753,4093.54584632678
"478",2570.99511151521,2654.03658611905,2624.58487015691,3852.48914454648,4340.52189331209,2497.10610083869,2480.62331565638,3644.74915057849,4197.08700646078
"479",2538.24136317929,2687.96996269056,2672.98897922665,3835.7324010065,4402.90255904043,2469.12180139507,2462.0242084724,3485.45028310516,4804.20822708477
"480",2682.08586216165,2761.56570447816,2754.04726522867,4114.89795170957,5482.84735623123,2593.22559458596,2588.86328618443,3837.75769220446,5764.56661466942
"481",2476.74888738263,2513.84480314106,2552.09118723992,3458.81889175005,4225.74440978501,2443.21020722792,2499.14191333684,3409.29811926708,4117.2884076283
"482",2499.44774500685,2576.96110675156,2595.09951881543,3757.47170378098,4413.72407526705,2462.11511112069,2500.83270738399,3593.37490288685,4272.37261261639
"483",2529.38543586289,2592.65784375011,2623.30053727024,3302.85221601578,4499.49131446126,2463.06902266382,2494.5399756837,3143.37514579637,4338.83839417724
"484",2454.55604384003,2542.87355124751,2539.21723055414,3514.949708823,4961.77972277599,2388.22908472458,2384.59589880574,3304.39874255258,4095.21593344962
"485",2716.76710082798,2863.81138417014,2939.65228787601,4309.7337552048,4218.8212287124,2625.40914316236,2690.42176631313,4001.1429390425,3995.72588997327
"486",2575.43653043705,2678.99627852783,2676.02182816062,3966.2630238198,4330.54654465233,2554.22349955184,2548.170072556,3842.21943172517,4163.13643237607
"487",2321.23872119591,2406.82052306421,2367.32710620766,4203.40247295447,4238.57944943458,2258.24724486249,2230.0977290634,4013.87348438527,4195.06860772798
"488",2362.39336411057,2514.53513926434,2418.23960532608,4026.96711762574,5322.81616873917,2331.58691672584,2260.32353836609,3691.12364159954,5058.72852311579
"489",2439.88174870403,2455.50186470443,2466.43098335846,3139.35949164011,4135.54012140019,2385.57970662947,2403.57132914702,3059.88413405062,3923.1769695827
"490",2534.86381026502,2579.30371715775,2523.42162063461,4413.62310251926,5190.80316930742,2446.93376003625,2399.83472770176,4310.3983328956,4842.34710199203
"491",2540.14578797933,2590.17741125734,2588.44929836265,3410.65594147877,4535.50693875764,2474.30535730011,2476.92489631614,3231.45337584955,4346.76710185506
"492",2583.62865445841,2723.00467930531,2659.90236278964,4726.63886536717,5064.50173313183,2528.07488610938,2487.5827509832,4326.63200719589,4796.49831373634
"493",2440.25310712107,2512.77295412333,2505.62470381399,3486.46895330558,5027.05416090537,2388.4218444272,2390.05754492771,3286.97129430856,4206.04893407031
"494",2438.93462521899,2540.42640628783,2525.85740208752,3828.18117904183,4242.35557668731,2382.26914532002,2396.90604215837,3550.58736946041,4090.77750006902
"495",2685.96607236157,2760.70085896962,2726.99509527333,3885.01866906972,4552.7160456962,2619.32147807235,2584.47105539155,3743.56964421948,4460.34363673665
"496",2567.80024405018,2647.21340152492,2639.16105459792,3693.22961358301,4558.35674878162,2508.06512645956,2508.33624243428,3467.592483903,4346.57276238534
"497",2469.91041647733,2550.06091153429,2505.52595454231,3744.8630079421,5274.80411366824,2391.02729507393,2359.9523160476,3490.60737649402,5108.08453430355
"498",2569.61748309132,2618.98268492797,2598.22205778591,3811.72119818843,5223.30497791291,2530.28017608335,2503.22204038702,3795.29029710855,4737.42046852503
"499",2587.67477641894,2683.71561849912,2614.71746267922,4560.98162446252,4330.35728684248,2497.99877732301,2441.34466142069,4330.89851176264,4160.53809777011
"500",2489.70197058046,2645.39605233185,2586.35484322096,4594.09894172266,4254.58632913525,2412.17914122839,2372.14368640032,4098.20074991172,4013.01665209727
