"","correct_data","oiztnegbin_split","Hurdleztnegbin_split","ztoinegbin_split","ztHurdlenegbin_split","oiztnegbin_combined","Hurdleztnegbin_combined","ztoinegbin_combined","ztHurdlenegbin_combined"
"1",2397.37917785522,2399.69425119793,2404.36203584793,104493750195.757,2298,2335.77110548792,2338.60287858016,2224,7837255383.28134
"2",2235.4209153589,2250,2250,2250,2250,2184.27897490142,10145763.3457212,2602.08523982334,2176
"3",2144,2151,2151,2151,2151,2093,2093,2093,2093
"4",2152.62220016623,2096,2096,2096,2096,2039,2039,2588.93549192971,2039
"5",2464.06743590147,2540.07236279104,2521.78897205551,3934.83901593952,2333,2401.62826853898,2398.99352429061,3487.05811148822,3133.09483987741
"6",2373.97031916114,2430.94766524065,2417.49077042093,3292.96857658633,1205487975178.32,2315.21076287656,2303.76308955056,3098.4389999599,3460.99285059842
"7",2174,2183,2183,2183,2183,2120,9206358919163.37,2120,2120
"8",2450.52186631744,2507.95397166871,2503.19479151747,3223.1461235133,35348662.5564926,2388.63094345164,2391.88702131536,3005.02524232616,3054.16822505891
"9",2441.47165474993,2484.36302970072,2480.67545352304,3329.49730749501,3826.77977403349,2372.84100117627,2367.4879155839,3162.11416180081,3760.97561222691
"10",2334,2343,2343,2405.18691592101,2343,2278,2278,2473.43616530775,2278
"11",2533.3839108492,2620.77509992893,2595.32819368424,835330760.988241,3239.50683260924,2472.2389575944,2463.11993032282,1729985.91843613,3351.10667616822
"12",2294.77381443419,2311.9433553469,2278.74650148829,3206.55894298015,2237,2234.33873636023,2226.22367931767,2997.58784224878,2177
"13",2515.3954747495,2551.1263310183,2469.95190699332,3196.4105238524,2962.41763783761,2468.05142615742,2407.36615967836,2003446204.37368,2274.37482196214
"14",2405.34343141814,2336,2336,2713.47382901962,2336,2342.42714545007,2336.75930958936,2828.89228884478,2898.45456482752
"15",2304.89860375967,2321.44870160825,2307.21207032017,2929.70807297115,NA,2242.64212065452,2232.51085358774,2815.65113955831,388465910765.417
"16",2211,2229,2229,2229,2229,2158,2158,2211.40166515612,2158
"17",2355.69661156957,2354.92193733066,2334.58362738832,3212.73804020495,2309,2296.47231698932,2290.70252659233,3091.0308851106,2243
"18",2308.68949980363,2317.25690627085,2339.56513196638,2746.01190351928,2437.48763042604,2247.95920389913,2256.07695054641,2647.05533187438,2275.18382414742
"19",2396.25938757951,2434.65723465206,2424.16985162059,4441663515.79481,2929.38281151296,2326.31892801926,2319.63530375616,2932.06487358516,2989.20063460674
"20",2153,2165,20307597.8831611,2165,2165,2101,2101,2610.35738052058,50648372193.7866
"21",2322.45514537854,2290.78808674481,2282,2520.94706570647,2282,2262.64867536757,2253.32719978017,2507.32910351483,2509.51231388125
"22",2415.60139392469,2460.85326815365,2466.18062475835,3009.70971327492,197064825.837802,2353.65047773833,2360.6420075915,2807.9139764189,2923.72348740395
"23",2120.90792188309,2110,2110,2458.81008198367,2110,2054.57670593972,2065.40087351348,2504.2319476356,2053
"24",2313.73830233739,2314.71001392583,2279.60178076845,2822.10898614403,50469093881.472,2260.99523346779,2204,1824041.39523445,2204
"25",2367.23147134651,2429.09607378196,2410.15826941057,160183226.864929,2267,2304.65780030696,2295.62480779574,235576606.286113,2201
"26",2293.34622420296,2273,12451166148491240,2273,3694170.55600362,2253.55029612828,2208.20543430098,2549.50934675141,2201
"27",2394.58574459314,2443.73854131674,1361621805032.3,71221720.952451,2248,2330.33732293807,8797967810004.97,107349431.639446,2275.45699744512
"28",2401.60926922797,2425.05865795417,NA,2888.46035446322,2879.74173224619,2340.11090551422,2340.5381936687,2740.46834023026,2818.18023612294
"29",2171.50354125915,2160.72662148187,2206.81399031048,2376.06351510855,2150,2152.50005555246,2152.62796877452,2437.24122252143,2239.9300726637
"30",2408.93515575657,2441.0756983182,2443.40642253612,2836.8140137315,3179.72887151788,2345.17100186639,2346.81601318595,2690.10101469381,2965.76561335419
"31",2470.63975083201,2511.40415755449,2505.63327399529,2946.21881411831,3403.1491238678,2404.03852778825,2397.93981282718,2835.85724709858,3286.6607697611
"32",2296.2140648168,2296.80562040174,2247,2891.9048566799,2247,2231.94685945486,2219.94797937985,2754.96575585734,2184
"33",2214,2218,2218,2565.11991215189,NA,2160,275944264.473217,2780.41309624658,2160
"34",2330.48598582086,2365.95111171723,2386.09380898775,3204.57272530667,2261,2266.90171775851,2270.86904926965,2977.62736274621,2318.76503313069
"35",2371,2384,2384,2384,2384,2313,2313,2313,2313
"36",2241.43899619458,2239,2260.53829429501,2545.48315608267,2239,2182.6797004699,2181.31978546289,2496.43581349221,2173
"37",2324.40191749891,2252,2252,4309223790413.36,2252,2264.50932288895,2276.3542417236,2786.25922952022,2185
"38",2506.74214857999,2629.11765602609,2591.92170708693,3323.50061553558,4121.61995641602,2450.60657199362,2431.10326381465,3024.73718277311,2174
"39",2235,2241,2241,2241,2241,2181,2181,2236.3365548845,2181
"40",2335.13328798068,2386.59001739996,529164750.042976,3150.16059264781,2822.63100071594,2280.52321343386,2279.49617617883,3022.29753547507,2371.02013426201
"41",2272.03097329663,2331.34202735756,47014887156.8202,3261.12589955503,2195,2217.84709436258,NA,2896.09231675721,2134
"42",2466.19667570696,2537.82615989417,17588780.3177248,3434.58506872186,2331,2402.66461309076,21436147328.1867,3165.92058941378,2255
"43",2264.44956092694,2236,2236,102003862.689253,2236,2210.3942584726,2228.58186983204,2911.21573943289,2167
"44",2363.03335138733,2392.76506640972,2395.01358936541,2829.07094347745,2893.08389267667,2303.75663031849,2309.46402897239,2678.65237834777,2778.75642785303
"45",2196,2203,2203,2203,2203,2143,2143,2143,2143
"46",2412.90709976585,2459.07944691491,2453.34956944547,2258,137248273.391153,2355.45843902094,2352.94798027071,74006016.2253885,10826535170.767
"47",2265.50834607941,2307.47652893617,300656483.677863,2770.1533248246,2931.76331342042,2207.52312778264,2205.27870427902,2596.06960419735,2741.62731936937
"48",2410.2055857378,2496.71880246076,2481.36049472842,78546378870.7844,3043.86415218809,2344.0563588998,2349.18895538543,2685.36502355132,2873.59249766187
"49",2399.17739681537,2443.34234274845,2448.20317381391,2851.46067126494,3124.19715987642,2335.12554765593,2338.75355869978,2671.11311990683,2886.78957649095
"50",2246.77744659036,2248,2248,2248,2248,2189.78629607487,2188.83652111887,2401.39484467287,2185
"51",2479.74220588662,2525.96775784482,2542.98629866552,2904.58831241832,3237.77583412734,2414.44151561678,2424.03962933404,2752.6935224343,3033.48475409451
"52",2334.40377953791,2341.64318947937,2349.59018820613,3068.6698149266,2270,2271.0587600943,2274.01573605899,2943.75009074529,2205
"53",2358.59728169873,2409.97105225539,2418.76625439245,2850.16056580992,2998.40313524538,2297.5905650611,2307.68709852869,2652.15614073781,2798.54216376816
"54",2122,2138,2138,12137387.9689092,2138,2070,14469462.1928274,NA,2070
"55",2376.83253287454,2409.75346504389,2282,2969.199585974,3227.98144204066,2315.1567872563,7658875572.78245,2818.94159275551,3128.81790987785
"56",2417.29975290053,2496.50240194192,2498.54174358055,19844414.2783303,3403.90343407837,2351.90353307486,1862552604760.78,2829.70843658796,3109.48628622791
"57",2206,2216,2216,2216,2216,2154,2154,2252.02645269539,2154
"58",2282,2289,2289,2289,2289,2227,2227,2227,2227
"59",2362.47171586418,2418.05108482112,2357.85171091407,3072.0777797405,2795.62522763877,2285.16544953571,2280.82671598126,2768.38548207007,2973.67446943367
"60",2387.09168964969,2423.08366105543,2415.95366129068,2994.37231006041,3154.4360959608,2322.92225060166,2322.34545108474,2785.61827999103,2945.3406732084
"61",2418.7046446319,2459.70296988702,2454.72386942219,3270.84540912278,3618.1285092921,2366.69742057956,2361.72099821486,3173.52648280987,3186.07840496268
"62",2213,2223,2223,2223,2223,2159,2159,2159,2159
"63",2321.57108188262,2285,2061977268.74915,2285,2285,2263.26384912315,2261.25294319914,2701.74494621849,2418.37436730792
"64",2624.75893540975,2698.63538258859,2641.56083140657,3736.60819141255,4061.40212053651,2541.87903067192,2500.20521405338,3469.65001780885,2216
"65",2404.35476788377,2460.95691350199,2466.01333217205,3031.59708640566,3228.74933111629,2341.19909894337,2349.88961054715,2795.03433225374,2947.53871195857
"66",2314,2324,2603391.9740398,2461.77370163497,2324,2259,1221790737.10393,2410.92904550814,2259
"67",2261.82261921292,2274.27796390699,2261.0321591485,2203,2203,2206.48927879922,2196.38187751544,2590.00222178181,2592.39417101113
"68",2370.97612942823,2452.89661884679,2437.60849994164,3124.94851858324,2648.00711204738,2296.15552935837,2292.9768163548,2814.81700326781,2776.46866518218
"69",2373.36620848811,2344.79300648089,2355.37035971098,2646.71754090988,2584.02001551163,2309.27204495266,2309.71106894264,2636.32853780542,2738.73251465772
"70",2379.16639461241,2450.90707242981,2439.86410287177,2961.35247572591,3445.69827278436,2320.14501822657,2318.74679878778,2741.21963288273,3159.9427189138
"71",2161,2167,2167,2167,2167,2107,2107,2107,2107
"72",2386.40726139891,2418.69657898223,2416.29190488396,2983.11476223138,3204.22935619009,2333.78722172122,2330.79070299903,2853.50653923562,2867.82397371574
"73",2194.71027380506,2239.60021457089,2247.75888000166,3236.11709207983,2087,2145.79349860916,48435537.6414817,3103.2634832912,11995592656.2916
"74",2359.75294871394,2329,2329,2553.10686481462,2329,2301.18544630148,2300.24798239249,2617.97289229197,2358.019715117
"75",2457.57746223007,2504.4850816778,2491.14675783562,3012.3406841667,3395.09705303601,2399.34367081991,2390.72463563563,2854.57645411117,3227.44143610028
"76",2248.32634345149,2195,2195,120415976.69515,2195,2192.54282304037,2191.27769595219,75411566.3209526,2126
"77",2340.68033248585,2371.8176863518,2358.05831595837,2907.85206857785,2996.00419392155,2283.09687262684,2270.97102759909,2767.06529185444,2862.96120812278
"78",2246,2256,2256,2256,2256,2190,2190,2306.49427399185,2190
"79",2294.53868572238,2211,1344981170.88394,2211,2211,2256.51569388765,NA,3065.80014428625,2148
"80",2325.92094295586,2347.59892263251,2351.54204003154,2673.68196269686,2706.01266010561,2267.71211957193,2270.10900191827,2509.34450066481,2546.93414263097
"81",2254,2260,2260,2260,2260,2198,2198,2198,2198
"82",2312.16179401358,2269,2269,NA,2269,2256.32234265318,2252.01943522383,6299687969.50913,2207
"83",2412.12349802155,2437.29734614256,2446.06396196068,2849.09017665424,3064.11936550819,2350.86537480484,2357.44126212928,2751.02458787928,NA
"84",2414.74645776603,2468.34441909832,189444600.403256,3035.95566459751,3476.14336943126,2358.2866227405,2353.13643382886,1922290989.59274,3274.07051791469
"85",2404.96387423002,2444.35231553212,2438.33163148277,3559.06854472795,83156934362761,2341.30250062867,2338.92208240423,3258.0681964201,2268
"86",2273,2287,2287,2540.31265687919,2287,2217,2217,2545.10825041838,2217
"87",2407.40482339821,2444.56591419141,2349.61230580097,3241.90503668789,2273,2347.52942039124,2313.72913609505,3062.09002254866,2205
"88",2507.26368520995,2589.73281718984,2586.6830390038,3741.20065826159,2344,2444.99349052762,2445.60782615111,3374.48852908974,2277
"89",2091,2100,220917663.116187,2100,2100,2041,2041,26548080464.1095,2041
"90",2317.79330416411,2361.88259268429,2356.92522824122,3119.49854627343,3802.0878398646,2262.85552518674,2256.40934624041,2965.85596740704,3753.01430915044
"91",2308.26590406238,2301,2301,2458.0697432996,2301,2232,2232,2562.51494831508,249693165453129
"92",2333.92141972809,2330.27426744348,2288,3530.90862949606,2288,2269.78646666227,14249090733.5456,NA,2226
"93",2354.8614469896,2358.81783430219,2365.71496070567,2759.69824218132,2710.77308170361,2295.2650950397,2293.64170523788,2668.20258550411,2694.5434232024
"94",2513.61824573449,2579.69786714903,2555.49058100851,3257.48272391656,3818.93622890033,2449.91305818581,2435.07399437156,3063.56126255791,3637.59735771791
"95",2292.04574791462,2292,2292,2314.76591409627,2292,2228,2234.69356087606,2592.47824668689,2228
"96",2362.04537588532,2390.85415280383,2380.85907592124,49238516.3309504,2288,2303.58704609319,2305.93503445222,65071410.5768177,2222
"97",2415.92727286154,2453.00085452129,2436.5319257303,3017.64319765605,3498.24405322045,2356.11255688352,2342.87310260433,2881.87716262644,3252.30564492483
"98",2232.07790918509,2197,2197,2197,2197,2172.21025893501,2196.92982940293,2849.53700577942,2132
"99",2304.77564263558,2304.60934368343,2280.7696248294,2865.69902987198,2270,2243.3257247203,2238.29291864888,125631160607.223,2231.37858542968
"100",2328.7495373676,2282,2282,72272475.5155731,2282,2258.0143950531,2226.6375836811,2548.57583478786,2215
"101",2513.53821420906,2560.3476004365,2552.89670780342,3438.96005192125,2381,2452.34946351838,2449.42091847566,3230.11962662605,2479.90635108962
"102",2407.61746186943,2398.43493278735,2425.069616158,2901.50776006529,2985.55677400346,2344.08138070156,2346.0374231036,2857.39837855227,3056.34433767876
"103",2319.6140981218,2365.40186674674,2360.94451449389,27626307964.3392,2218,2263.25390718899,2256.97531740381,19332358.3778731,26892760799.2976
"104",2424.44429951398,2475.35304091821,2478.41904737253,3130.07534063246,3767.4884630173,2360.17762011683,2364.26741523959,2944.92086269553,3497.82596163338
"105",2447.46474492454,2505.22113598033,2485.18991521783,3111.73615749183,3448.17001340167,2379.08947777789,2365.25881566354,2897.66504005277,3230.63236660135
"106",2461.65993921866,2551.54726931804,2547.80647905387,3218.34232267223,3544.4934285926,2403.5471727047,2405.51573499898,24325710.1536255,3225.66469830411
"107",2213.11339941188,2207.21967950465,2249.00237560653,2471.046299158,2436.50292883751,2140,2175.90022523489,2381.22750803334,2289.20214627177
"108",2439.29088777883,2480.18923288233,900716950.562567,2787.23144665369,2945.93301875946,2380.69281801491,82119025.9645869,2645.66414229349,2772.75046678953
"109",2281,2291,2291,2376.77601166939,2291,2226,2226,2367.73634241981,2226
"110",2262,2266,1056666172.31611,2266,2266,2207,2207,2207,2207
"111",2398.9616020171,2434.8483295792,2444.1835575933,2763.14115635344,3004.01902723122,2335.80935286245,131458729.191138,2648.25780652663,2868.6459595526
"112",2526.10243805744,2720.29784164839,1731402790130325,4295.83800975941,2945.54222075396,2456.66123223008,3198293420.91922,3537.19782657455,4170.79624980024
"113",2302,2317,2317,2317,2317,2247,11070012.639654,2247,2247
"114",2345,2363,2363,2363,2363,2287,2287,2310.59769858451,2287
"115",2372.60287220828,2396.05910579868,2393.64402198153,3093.00635813095,2924.2793998462,2309.9328870856,2309.36922105675,2954.19105074189,2813.39639018096
"116",2477.29994909659,2537.54167864517,2539.881472855,3443.27129943348,2278,2398.11235657946,2410.03120667364,3130.91902133397,3101.37527837016
"117",2455.10017993667,2541.13867789061,2511.60331149643,3430.94622704569,2212,2393.40423237427,2376.84536339515,3177.33317645874,2140
"118",2398.86381583853,2483.1496343992,2464.8334751346,3556.79708615636,2536.2709279997,2318.79992683327,6689593.89277901,2945.88197966325,2936.97149284946
"119",2423.14386607382,2487.14710900003,7493597324956.69,3079.51434598001,3447.33903294733,2359.12049771729,2364.05841753233,2821.95874490103,3110.71028328513
"120",2429.22455057434,2475.22782523895,2469.10687151357,3044.81241863907,3322.91292675801,2365.6801966677,2370.75039558677,2858.70093622431,3222.6263626253
"121",2286.56384140459,2281,2281,2347.18742084937,13411281054459.8,2209,429657085.428838,2656.07388576511,2209
"122",2281.07206919883,2300.45399612715,2273.98988141963,2867.5176305111,NA,2226.54159598575,2223.46550364517,2709.56513639083,497735390.714378
"123",2215,2226,2226,2226,2226,2162,2162,2162,2162
"124",2379.42774071221,2433.97602871535,2431.70592146084,2999.34851237725,3392.85562227573,2321.81305609764,2318.99888563862,2813.83792027104,3158.28639557053
"125",2381.17624851422,2404.3066656591,2367.11153574173,3058.81119979879,2895.47912255655,2335.27942277612,2306.2009810112,2948.80890279036,2802.6186746315
"126",2520.84811259247,2571.6420720212,2516.21835523933,2380,3057.61707909755,2459.08854217832,2433.18250770643,19664248.3886617,3446.88801567306
"127",2383.18796014954,2426.81696722166,2422.58974891615,187428371436.819,3303.57182128953,2317.44861349497,2318.70433461339,2852.51112659063,3096.53795728794
"128",2454.99343872712,2509.29382530194,2508.1743701487,2999.77272874761,3252.19287038966,2382.29477532461,2388.85243274117,2778.15454878945,2937.31953498308
"129",2270,2278,1709560.33364546,2278,2278,2214,2214,2364.53615653904,2214
"130",2443.05089007003,2491.38241348696,2475.7625030795,3039.22892390713,3584.91668846969,2385.08690276776,2375.79465679732,2886.91829606482,3367.90578998966
"131",2256.02550587772,2170.41338171728,2253.78142165955,2359.28392243693,NA,2198.15142742777,2214.95927691099,2771.39070756653,2104
"132",2304.27150858201,2321.66884535786,2307.66910222011,3052.97637007836,2417.45923638794,2245.29219814961,2237.85181910081,2943.63698256101,2639.59430119552
"133",2412.12692309203,2457.86243909544,4918566790.4112,2898.44544848458,3186.4378523396,2350.88067928839,2352.13170575178,2700.99728973032,2939.63167350141
"134",2377.22318854231,2314.58160769999,2340.49713169724,3135.03928107907,2272,2313.84518704204,2308.77911009305,3230.59735231253,2204
"135",2326.00967850416,2363.7110030964,2144,NA,2800.89463351044,2252.21982946098,2230.16215769625,2737.68231289888,2724.74331766542
"136",2189,2201,2201,2201,2201,2136,2136,2136,2136
"137",2431.29768102511,2508.02935659604,2515.2577865463,3241.49645808783,2448.95035389476,2367.70245444179,2377.25924693312,2954.69483950919,2662.35308627813
"138",2301.25656815265,2340.92057895842,2312.62867012004,3607.7716809147,2143,2243.4634273863,2229.35986350118,3329.55886112973,2083
"139",2389.18572650849,2340.36886121384,2353.26712514339,2691.23120091666,2455.00300911525,2316.45453611462,2322.13677222203,2700.23035088521,2715.65242896465
"140",2207,2211,2211,NA,2211,2156,2156,343286580668.836,NA
"141",2445.3689707158,2485.18423057384,33725472333.199,3206.84262076435,820551174261.892,2381.45978054358,9606715.3675659,2995.50001088044,3023.01669539955
"142",2286.42116075367,2334.24365810176,2328.08525656767,3403.55272278579,2157,2230.7886329851,2229.54501196248,3156.35971294892,2485.23261695234
"143",2215,2225,2225,2225,49095431.0326091,2161,2161,2161,2161
"144",2342.4048674705,2337.37980352518,6118231.78031175,2873.99836301748,2254.84836885424,2277.74124912077,318521983.810379,2778.47774724164,2588.77087698828
"145",2224,2230,2230,2230,2230,2170,2170,2227.51225132001,2170
"146",2384.44751745679,2414.69358253417,2407.51321584834,3101.26259535279,2632.34047344087,2312.13408106528,2295.88912776827,2973.9660797196,2346.07007820229
"147",2285.31733042553,2311.82572449929,2307.2879109886,2804.34378657066,3096.25759989722,2220.9227338628,2218.20733459129,2673.88868037482,2895.69694524759
"148",2364.35974758058,2408.63405012619,3329837028917117,2792.49083258814,2913.27044538052,2310.54096044398,39856472179.4055,2602.35007845295,2723.43608673523
"149",2258,2265,2265,2265,NA,2202,2202,2202,2202
"150",2257.18349785574,2232,2232,2642.21212724237,2232,2201.7848372214,2208.71329279732,2592.65598161833,2170
"151",2398.23360829956,2462.68345134196,2450.74875000899,3233.40388819137,4185.34492680693,2333.56523689118,2325.57748747853,3008.61019322341,3921.40419492774
"152",2338.54924944995,2385.52133344164,2367.72787231635,2793.47249799266,2929.30586319799,2279.01384247979,22514037.673802,2615.23916906308,2737.98244192162
"153",2347.31611381981,2374.72949929568,2380.764761794,116535958260.358,2522.60364607745,2282.84217457645,2291.65041305948,2725.5792622262,2275.99277924407
"154",2387.81240107069,2425.33739898997,2392.13181684002,3216.29059675944,2410.0912642767,2326.30574403669,NA,3079.23516180991,2204
"155",2373.9250342585,2388.84685886746,2396.61022093696,325405280261.595,2684.48057137741,2316.72875807362,2319.91148067896,2566.96503642183,2620.06531119507
"156",2386.32093597584,2396.05132427204,2300,2891.20151021367,2776.24127647244,2325.51543227471,2321.59449765643,2862.16343241822,2425.77926763975
"157",2443.04325553151,2438.6494022044,2435.48537532097,2913.8650431452,2896.66870540795,2382.15500907987,2380.00962775536,2830.310629105,2930.05024930877
"158",2394.6826031172,2405.66052625534,2396.74765638856,2610.23945884984,2460.29621079662,2330.39837664636,2317.05159702209,2506.09568677024,2357.09489638682
"159",2407.84158978883,2427.13250527503,2450.23071760761,2896.26584230457,3129.63626746935,2360.6203704271,8480352350468.43,2858.82671692838,3067.46610614823
"160",2355.17749784703,2356.50938467712,497090394946.695,2869.01486882849,29656469.6775951,2300.90413996557,2287.79381783804,2820.28563476368,2404.51954320399
"161",2209,2219,2219,2806.26009799294,2219,2155,1818364.3927038,168487747.461423,NA
"162",2301,2318,2318,2318,2318,2247.97776150208,2246,2489.79383129548,2246
"163",2379.57342669531,2431.62172852513,2439.57746353137,2965.03296859326,3072.52381945191,2320.14812200924,2212,2778.19200281337,2869.87276460022
"164",2338.13886091447,2336.89320597477,2345.66190989575,2540.91372069969,2511.72711715464,2282.38346486808,2284.94366006196,2475.70241616036,2477.90585646586
"165",2331.96631580448,2352.91191760308,2328.9590198171,2835.28045758511,2777.78784336894,2277.25463396091,2258.29985549552,2755.51893905017,2721.03953281839
"166",2205.91068335149,2215.30213932813,2169.20193564645,2917.69143713038,2123,2135.19629944586,2123.14913755885,2760.12427239093,2060
"167",2453.30474744652,2485.77005525645,2483.04202905807,2863.07139657499,3050.87773774196,2386.86152546692,8157084438.21296,2706.50947266794,2856.85114585242
"168",2352.70819144722,2412.4520551404,2397.84975381597,2878.47682755472,2938.30805208327,2301.61908111042,2297.14758086637,2695.13346625581,2848.53370031663
"169",2243.48852030634,2266.73176951066,2246.75502043225,2644.91100911703,2847.2011130859,2181.73589244422,2171.96805773052,2522.6401654329,2697.00223145501
"170",2222,2235,2235,2235,2235,2168,2168,2168,13238851507.4827
"171",2198.48026636985,2111,2111,2407.90461448415,2111,2143.30176796857,2064.88196220725,2748.70318869165,2046
"172",2416.03410604771,2427.85599391681,2414.09228183286,316251956.608755,2327,2355.25255485931,2358.05459133619,3019.19204129871,2508.09756809501
"173",2381.12039954699,2422.6624105701,2374.74819486839,3411.32244147602,2219,2316.6143224707,2296.30129717069,3164.95838199461,2150
"174",2452.25224097723,2462.31000623682,2445.68030187881,2862.02906302718,3122.22216722818,2389.29321860775,2376.23454808366,2740.58385155575,3008.32135082215
"175",2181,2189,2189,2189,2189,2127,2127,2127,2127
"176",2283.38271202831,2246,2246,2279.73968823947,2246,2223.02581769335,2219.89210338534,2999.28271571426,2183
"177",2271.78355596174,2296.07501415819,2243.25943961865,2584.71405613145,2614.32033817809,2213.12684214312,2175.826251837,2477.21082356914,2523.29166374577
"178",2341.66418603939,2376.75544886469,2354.24418370331,3158.57882374594,2183,2279.40527225302,2269.57019114781,2995.90135152629,2108
"179",2293.25565050175,2219,2219,2219,2219,2245.73565327777,2244.48313938428,3034.64319854413,2554.66579313463
"180",2315.3753465451,2340.21733461788,2342.97179687572,3065.81078193743,2242,2254.04080460024,2176,2898.60118257698,2176
"181",2438.14696704624,2517.30902670238,2505.17461433844,3484.79545673358,4037.78685001937,2374.61570697293,2369.17826559939,3203.63601445528,3780.12129200646
"182",2403.02040296774,2466.32145632017,2296,304739779.469501,2303.83511407153,2346.76446889987,58171629479.4265,3207.99702352458,2476.44881894789
"183",2375.13574292105,2426.8337688723,2423.2375054236,NA,2879.26648966423,2317.5161624801,2318.82557575131,2557.19219817396,2657.30575671411
"184",2451.57958420444,2513.36475835705,2520.40564780237,3716.32529335361,10025487438.7051,2382.65845841288,2391.4373679539,3323.60478016408,2272
"185",2243.97072292832,2229.14573813206,2271.39539544748,2616.65646542904,2216,2185.81114392586,3470745.51807102,2581.15750938146,2155
"186",2212,2222,2222,2222,2222,2158,2158,2158,2158
"187",2196,2201,2201,2201,2201,2143,2143,2143,2143
"188",2453.34853119458,2507.23990696752,2479.91347458203,3172.73756004418,2548.93840884001,2391.53732204947,2381.64197741642,2972.46714730407,2836.08060230381
"189",2221.75218923947,2199,2199,2584.42099787032,2199,2152.07151313773,690616885556034048,2799.08342496827,2129
"190",2352.74203373484,2399.08146806122,2386.90948053124,2980.2775701839,2809.41107109189,2287.898266555,2281.73326067142,2756.3972699178,2716.38764949641
"191",2372.2360156093,2354.78573881021,2348.47485867956,3016.68324104647,2291,2310.38707846823,2309.6281621166,2865.75899330655,2273.85277531415
"192",2446.59597828951,2500.845665566,2505.03102449288,144871574996.241,2307,2385.49933003132,2390.19124994612,95357579.2544331,2230
"193",2147.15802212001,2132,2132,2353.17051833748,2132,2076,2076,2351.31526207376,2076
"194",2174.31824491213,2216.86688342796,2203.58612751345,2810.1163979249,2729.34001534175,2125.04938258946,NA,2610.94872373201,2716.23293187014
"195",2450.30346889499,2487.02504318783,2494.96430054999,3031.58616076417,3223.79435582339,2375.85185373724,2385.25126136685,2840.37816386308,3147.81923762425
"196",2396.71335022313,2468.37015636076,2446.47330850095,3737.48154627711,2248,2341.79957993628,2329.26856797173,3466.89294328647,2176
"197",2314.92128815228,2321,2321,2321,2321,2269.35372171155,2258,2503.17149469296,2258
"198",2403.45240187746,2426.8752429753,2428.83842456329,2560.10167212522,2607.09602729959,2344.32977102009,2346.39688613252,2460.96303135282,2504.97054907662
"199",2287.84489541511,2354.00118183279,2338.99181518683,3069.80237312577,2300.0967127948,2227.47239912112,2219.69719717213,2841.27550213594,2554.10453853221
"200",2274.72329829206,2302.93975390675,2269.41204102611,3156.67549636619,2129,2214.68473748468,2070,280647918.010977,2070
"201",2384.25433485472,2428.9517399334,59368638.276544,3241.96369801643,3974.28712708865,2330.24120691659,2310.1241915938,3034.82851173878,3746.82756275863
"202",2327.90115294213,2378.88094752635,2380.78173874568,2871.27680254022,3120.5231207636,2267.35493769165,2269.15503043876,2649.28005800668,2846.59080138562
"203",2372.93918054755,2418.78385888042,2417.0164305425,2818.55070725049,3115.80924533591,2319.00480307905,2320.05660814127,2652.11483653457,2890.04224735471
"204",2255.79608714959,2278.71812014193,2300.16358585589,2519.00920775985,2550.57746068041,2199.36713634315,2219.42052150329,2428.88166326051,2437.34517178196
"205",2299.24296835707,2299.43305451017,2317.24349550204,2902.84251844481,65270359.4606245,2229.94714296081,2229.63613226202,2755.21103072744,2691.26366967265
"206",2368.34549033428,2337.46372039287,2303,3149.19566238247,47939543889.8604,2308.23899714414,2307.175564518,3138.87656202534,2241
"207",2429.46701836563,2477.59090846709,371689903.320118,2899.43168833226,3097.74686213492,2365.41729155013,2369.97315894047,2716.40977142064,2879.61849526455
"208",2149,2158,2158,2158,2158,2097,2097,2302.0743024523,2097
"209",2307.24337081401,2273.70838384403,2223.92462126601,2708.09166829658,2215,2247.06890475579,2145,2684.4146492597,2145
"210",2533.9120333044,2624.1101486402,2623.19562249773,30504404.7910614,3625.77691304369,2467.91402322627,2472.87349090457,3015.41099868136,3317.20774540905
"211",2237,2243,2243,2243,2243,2184,2190.55265004598,2325.00744533776,2184
"212",2481.65470558874,2502.93504928647,2509.35508143812,2959.22941539813,3132.27386205688,2420.15305120384,2422.60448342873,2833.46160890113,3003.65020004013
"213",2438.3460112877,2461.18269208263,2466.59591344063,2757.31533708606,2882.63172097898,2375.18284618181,2381.16868650083,2650.32672002197,2760.22735990699
"214",2270.09763596105,2265.50502508185,2204,2864.50452016826,2204,2210.80086609803,2161.28396900926,2788.0426278018,NA
"215",2320,2332,2332,2332,2332,2263,4614125.62017833,2407.30205902983,2263
"216",2243,2256,2256,2256,2256,2188,2188,2198.29671718058,2188
"217",2508.87216504874,2561.00360128375,2504.25447382378,3768.44663351266,2311,2440.33271421174,2700119405615174,3447.58415349646,1785876490.66737
"218",2478.72924727242,2496.82350233465,2233,3456.80020121544,3611.49605929397,2417.56337599632,8092592.32188665,3410.0400455778,3115.65913025798
"219",2409.69047660695,2462.23928897764,2467.92775036554,3023.27458073398,2966.7621904305,2344.01930310239,2349.28394268347,2802.61600380766,2673.65101415985
"220",2485.51227140968,2564.86689724728,2557.85368436542,3188.59546706,3696.88906180514,2423.67358081358,2426.17750115797,2927.58488783805,199092136.916927
"221",2363.61677582452,2373.77863827633,2376.83051919709,2622.89357787336,2653.26504519849,2307.99257332137,2307.76969472912,2541.72272419831,2583.58660126771
"222",2480.53971537625,2526.07287311945,4412248.64937054,3476.28840337727,2883.10991698754,2412.62679724835,2404.70699949494,3227.57710790913,3089.23963602893
"223",2231.69916546774,2234.26566718513,2185,2520.50769619537,2185,2173.11770626022,2148.70516070769,2430.61344389905,2163.73157252032
"224",2187,2196,355289308098.21,NA,2196,2133,33176418026173104,150165180859.081,2133
"225",2324.70143754665,2294,2294,125310310.602315,2294,2262.08080341205,2252.79888016999,2521.02452724172,2405.44415311924
"226",2385.24716941972,2412.40433000534,2405.7862197215,2947.58009515296,2993.30738017974,2320.50143925371,2313.41338689495,2808.03617657338,2901.67576243038
"227",2166.47525439534,2118,2118,2273.63771051877,2118,2079.937243743,306144060.868108,2521.96756320822,2105.33143669417
"228",2204,2212,3102559.83807479,2212,2212,2151,2151,2439.7797176676,115097861981.798
"229",2304.95288409894,2312,2312,2312,2312,2251.97274287575,2263.98460313473,2531.40376919593,2240
"230",2247.92254300233,2252,2252,2404.14398576032,2252,2188.53099570187,3733895289.13353,2473.96021921887,2201.56775772934
"231",2219,2227,2227,2227,2227,2165,2165,2165,2165
"232",2325.30746333773,2380.2769253076,2380.92308999507,3007.77380026323,3463.17357119915,2274.94381787674,2277.62118008249,2823.53443729477,3297.87305402479
"233",2409.87397403942,2434.1239877427,2433.35358792551,2607.86171054564,2618.6402448724,2350.40298669374,2349.52198396767,2510.02430479766,2518.5655894061
"234",2170.95878691729,2141,2141,2141,2141,2118.62236723129,2131.48024853168,2557.2605752649,2081
"235",2328.36815701293,2344.70531963574,2340.07292719994,2799.2097410839,1059942408.73926,2270.25238117169,2269.21287036535,2692.56778384117,34528124962.9925
"236",2212,2223,2223,2223,2223,2158,2158,2158,2158
"237",2368.57907743891,2401.18590215569,2403.82873876452,2638.92937288868,2726.5027978681,2308.5160313394,2312.59784260345,2494.712499296,2578.74910255374
"238",2422.47246702582,2476.50459446989,2458.25393006468,3116.94521270818,3255.05358637474,2360.31972852174,2354.95877498007,2822.94900859865,3001.14409087282
"239",2432.51032039202,2508.04700265661,2510.00357842391,3034.29653208649,3496.41597146441,2371.28984828683,2375.15603165797,2824.25104510434,3206.30991051607
"240",2440.89737964996,2509.96060918823,2513.0670347458,3042.41450911909,3389.04739169083,2375.06748744953,2378.5561932476,2810.0666072106,3081.59152690862
"241",2470.12478297797,2542.85006554311,2507.26572267001,3596.6402497734,2187,2410.55164117503,2387.11242695682,3363.44159043568,2117
"242",2358.61858143243,2420.82492287534,2389.00959069432,3288.14578925469,2737.89611926432,2306.4226785693,2292.85974414708,3027.39828326421,3128.23218171557
"243",2310,2326,51097977.4675282,2326,2326,2254,2254,2263.93147567754,2254
"244",2195.9613663535,2203,2203,2261.60974466386,2203,2140,2140,2282.30310700025,2140
"245",2388.92708449479,2389,47039612.566066,1597563979261.81,2389,2329.1283380317,234788686087039,2468.3844425972,2375.80514713236
"246",20596.5096567331,2294,2323.32914950836,8891454.84765393,2294,22403.8802937682,2263.11562913335,2562.02239805995,10397257261.3878
"247",2347,2354,2354,2354,2354,2289,2289,2289,2289
"248",2423.19236991141,2458.62153324129,2246,3495.9892584366,2352.6385050175,2351.54710370414,2341.75921340239,2175,2877.76831172649
"249",2310.25311579777,2326.73488124187,2326.83520213757,2908.93064023164,NA,2257.04344186752,185638305331.158,2802.39981223678,3071.72484556769
"250",2251.06986538895,2302.42555518862,2297.55452814127,3033.42738792922,3521.5910469453,2190.00284728309,2193.05634675252,2786.10910029607,3380.31022676842
"251",2406.64539255084,2387.78814879913,2393.75306797308,3325.00880231543,2218,2342.4005704354,7464471721047968,17649754.4627445,3055.12204067792
"252",2237.03442949924,2161,2161,2161,2161,2154.4251416033,2097,2905.84184858639,2097
"253",2330.87507743629,2360.28334341461,2365.64385540182,2545.20713791857,2567.26216496441,2272.24452752192,2271.05957438089,2420.55316434552,2440.29603926531
"254",2216.12235660807,2214,2214,2214,2214,2147,2147,2546.67833690195,2147
"255",2557.42110135935,2639.89664373921,2610.62402821748,3245.38805190414,3794.89448483744,2500.77070602596,NA,3027.95870194128,15732607.2247595
"256",2304.58009100487,2299.15984081285,2366.14021087448,2649.03677424803,2905.40630451328,2233.14903347314,2275.02903848776,2611.07496622552,853483603358.76
"257",2441.16575576298,2464.67272087809,2465.56338093572,3062.23956834952,3288.63456404756,2380.39601310055,2381.23539717487,2879.1713198623,3063.03974991376
"258",2186.29002351908,2184,2184,2382.07220096489,2184,2124.05797461148,2113,2323.69830266547,2148.57197935265
"259",2488.59594518942,2557.02698322304,2555.11598197894,159884065.113365,3691.96895107672,2436.2899388963,2437.74356041868,3012.92608420876,3442.50526451729
"260",2029,2036,2036,2036,2036,1979,1979,2103.11792120343,1979
"261",2251.60480366311,2244.00073584975,2241.54622838446,2537.39179155042,2381.71716533629,2194.7404812636,2189.33194874038,2463.09363329706,2445.37609485084
"262",2397.13354509398,2290,2290,2997.89194546566,2290,2335.42764360772,2225,3150.3659993428,2225
"263",2354.49732526591,2370.86136434696,510642300619.456,1507004053373.18,2314,2293.15699747928,56644369733.6825,813074635.996913,2570.74139133193
"264",2502.07147798064,2092,49887455.3757147,2092,2092,2430.36377817237,2018,3686.86834111791,2018
"265",2404.91490579098,2449.09858378285,47446837201.105,3400.88849227115,3803.1554358726,2341.55126793435,140442799561607,3212.30116838696,3954.82007156903
"266",2341.24117406611,2378.68519842707,2374.84455315816,3285.99421260868,17935375769.6579,2277.24862125431,9802448863.14699,3040.71767171343,3010.84660582824
"267",2406.10174204587,2474.5479880218,2389.98411161174,25795721016.8153,2161,2341.22988649939,2296.21781247731,3878.48891942502,8756901064382.29
"268",2459.77945743497,2507.8439829262,2501.9624044903,3059.16175321793,3506.21234778146,2396.14151884776,2395.42439697373,2862.00695920917,3265.78530433074
"269",2466.28534949459,2514.28679981865,2491.59928974964,40490116646.3392,2891.9866316682,2401.6616958224,2391.06044155662,47470453.7248471,2244
"270",2536.23983978015,2578.58660183284,4373537011.65171,3784.50002033879,2319,2462.41313928146,2259,3530.98701298079,2259
"271",2125,2133,2133,2133,2133,2073,2073,2147.29137927583,2073
"272",2331,2352,2352,2352,2352,2274,2274,2274,2274
"273",2522.53718529997,2686.48280890556,2642.96252778287,3876.6047895278,3561.90630931003,2442.91992702066,2428.25045402405,3309.44841959361,3886.20355319004
"274",2396.7883848515,2420.5094612164,91960145.0520395,3023.7086212738,2835.06431356375,2332.06471807751,1134107151.31003,2904.46937492035,2613.77314040294
"275",2363.50776223323,2411.00111128513,2413.41979812363,1567315.0569159,2321.06666813508,2301.45633219138,2304.27848946097,116386515.269576,8061571.80525455
"276",2393.74998948875,2381.20005665946,3878628546.16862,11462277.2994244,2340,2331.77430815522,2267,94722252.9903238,878131220469.857
"277",2555.14052350037,2417.72736036479,26866969451.9967,2935.46171251057,2344,2489.49307598515,6553621.85585365,3170.62467161795,7756925840134.88
"278",2329.62380815237,2339.99097545541,114264365345290,2912.94560890383,2209,2267.72801773985,2147,2809.14800937246,2405.04580361776
"279",2358.4287906944,2318,4029738895.31615,2415.32899274556,2318,2299.0435993954,2311.00564836632,2638.61867969192,2566.9391652757
"280",2376.84966456029,2419.86404541574,2382.060952307,3083.15963734295,2424.34587858086,2309.74265301546,23556888786.9133,2856.87315660822,2528.84575240692
"281",2419.69879474093,2454.63715113462,2443.50970080236,3190.87792022387,2329,2346.57702935702,2353.49216821505,2876.90637748833,2746.28788199793
"282",2477.3230424047,2519.6680361577,2514.42964124758,3022.00518266562,3639.04614191008,2411.42159885526,2407.2889846955,2888.77621659561,3492.23740741379
"283",2221,2230,2230,2230,2230,2167,2167,2167,2167
"284",2268,2278,2278,2278,2278,2214,2214,2214,2214
"285",2379.27364183842,2424.02055619333,2424.63999900321,136317719.804283,3124.78591902036,2320.31167203782,2322.16267782304,4893515707.43917,2891.05915639735
"286",2444.60573549666,2517.92165103215,2425.08714132344,4009.81335032115,2277,2379.96216432761,2353.72985080071,3626.74674476017,2198
"287",2397.22576139638,2433.3434495572,2436.37089761807,2763.95116558124,2892.98423422617,2336.38980007762,2339.55265951546,2602.95746870047,2719.45089568768
"288",2386.20177407896,2437.77145647739,2433.74264134793,3081.00063030605,2699.6375410846,2326.39303529167,2326.91975721542,2869.44251118695,2805.09436745248
"289",2227,2239,84361190.8421824,2351.99100164495,2239,2174,2174,2415.99563145266,2174
"290",2414.27320236934,2421.16051429893,2453.97094955919,3166.04706001963,2342,2353.69325727843,2362.58395417463,3135.80092232525,2532.04752718783
"291",2475.81518217993,2566.14332409919,2575.49152021835,3365.7889015296,3444.01352538487,2402.26580519671,2422.07886152338,3061.47724318875,3240.48495486303
"292",2253,2262,68508228895.4662,2262,2262,2198,2198,2198,2198
"293",2211,2219,2219,2219,2219,2159,2159,2159,2159
"294",2373.29480254858,2425.01312365718,2403.91581459985,2981.73503241812,3455.97110340018,2312.8512839104,2299.04228016097,2826.65843073276,3265.7905898691
"295",2336.80033619897,2301.59677473477,2344.2085595132,2612.8206498441,2376.42032558722,2276.47549254447,2281.94744705481,7578495.54167463,2735.84362439477
"296",2264,2277,2277,2277,2277,2209,2209,2286.39357113438,2209
"297",2459.14607426447,2521.33370998381,2489.33398023446,90106033663.5298,2331,2400.14208549877,2392.65582535504,210406161468.035,2463.15789921267
"298",2449.12991371849,2493.66363055855,2500.33718533855,4216.10629468854,2355,2388.54424532723,2395.95305269092,3899.70038733973,46952538739.6377
"299",2427.21490137362,2534.23211530173,2522.89764514599,3302.15328420268,3829.86021311837,2377.41983917854,2377.83848265113,2969.22619094402,2168
"300",2316.97913160478,2283,2283,2433.34494161078,78990739913990.3,2263.56436753655,2279.01817642513,2879.14599205893,2217
"301",2348.46570820241,2370.49471765411,2308.42873213313,3663.36179721922,2151,2285.69417755387,2265.76562733151,127176694.465616,2092
"302",2490.50965391088,2530.89326948622,9793644.69848852,3337.21955334339,3363.27776068004,2415.93147008488,485543231.110598,3035.69407814474,307902050.74086
"303",2295,2300,2300,672535106.015694,370124974828.067,2241,2241,2241,2241
"304",2368.71554340287,2405.8535314984,2397.93250301526,NA,3070.62086768147,2310.06360532487,3448660.22105185,231195928043.624,2890.03939666448
"305",2508.03960219996,2547.69345498231,2527.90245659497,3272.08741645407,2277,2453.38229262075,2429.34037118597,3196.29187121246,3928.44875128711
"306",2363.90769522304,2428.52926489504,NA,3482.62888210123,2292,2307.99672055814,NA,3135.32816307475,2341.13610136578
"307",2552.67574823583,2714.29692776309,2636.58152204129,3701.98184938915,2344,2450.87476755204,2445.7989942797,68398396294.7519,2411.90305975181
"308",2262,2273,2273,2273,NA,2208,2208,2399.08106893029,2208
"309",2231.69337170853,2259.83784551269,2240.35676784588,3071.39016727299,2181,2173.68768335864,2172.94370101905,2781.21950774398,2117
"310",2291.55595977877,2244.98064000798,2244.98394927558,3102.62720945811,2180,2235.68166077606,2231.60806523605,3319.87242114188,2108
"311",2503.73043425792,2551.36136347309,2542.22662769588,3611.35944207573,2362,2436.02357716475,2431.82320143919,3378.39705713212,2351.75648630404
"312",2355.5629917407,2387.22622559627,2382.87155297879,2688.76445997367,2767.12986416686,2296.95556807521,2297.11664447922,2528.07727434607,2613.88004530289
"313",2426.90039601486,2514.29552578005,2523.26061012744,3622.2365521979,77733692558930.8,2357.97637454993,2359.70435412127,3259.04690354278,2150
"314",2430.91889945791,2462.78940342339,2446.95684095289,2783.93402348199,2961.20705716127,2365.154017731,2357.3560386199,2645.71336564394,2790.80121870771
"315",2315.09196623908,2340.94219730572,2298,2985.25174819376,2298,2258.22669951669,2262.60922476719,2685.73290196572,2227
"316",2180,2192,2192,2192,2192,2126,2126,2317.06369485721,2126
"317",2457.40359562454,2499.00189302534,52678851872.1527,2964.59040094566,3215.88012055067,2397.379248304,2305,2789.75829134466,2987.10306710823
"318",2333.21286640152,2368.79371272758,2366.7843286965,2774.54038775719,3155.3042526155,2281.04843920548,2279.32819588438,2670.45280391934,3074.54941013719
"319",2327,2332,2332,2332,2332,2269,2269,2269,2269
"320",2342.37353479965,2383.10606735201,2342.11689546976,106358461214.969,2172,2273.64860725723,2254.56520745933,3279.45390021941,2110
"321",2370.33128023729,2268.54153683907,2215.92290401849,2764.11742930518,2161,2306.82858307681,2277.98271389062,2960.58309115315,2098
"322",2425.07415859211,2451.07224770057,2432.99294294452,2893.79184699454,2830.23077038558,2363.59520495752,2103424679.44959,2727.38545253991,2712.52542352025
"323",2433.01641226435,2500.19626788879,2481.67712188526,3065.5892880052,3741.44392914108,2369.10982713258,2360.81625047944,2832.2305870838,3388.20623912425
"324",2389.50827245661,2446.13993062013,2432.93285210772,3056.90351047711,3197.53783165442,2337.56330339506,2336.64408307387,2814.83202547815,285738506.411697
"325",2163,2177,2177,2177,2177,2109,2162.05722059109,2424.85219485331,2109
"326",2381.72905331696,2374.62221560466,2402.4808838293,2677.95685020659,2582.70049451186,2312.23017271446,2323.837245904,2590.66653082047,2505.32220822725
"327",2494.92197681104,2507.61155138564,2518.09024953026,3147.39163794061,2643.93216787045,2433.07080403785,2428.59536133809,3149.60948003584,3371.26185416917
"328",2502.01229453758,2557.19492827343,2545.8942584145,3599.30283423011,3870.16766674517,2440.84552237125,2433.8941033376,3376.82371899658,3875.27505879637
"329",2384.93223453068,2388.66375875623,2390.04559205708,2640.92616677016,2558.28488163887,2321.50455133156,2311.02308333566,2549.00159906687,2432.19402058202
"330",2220.43082844469,2229,2229,2229,2229,2163,2166.85857655568,67416393.3135388,2163
"331",2460.54463882404,2538.52972176893,2524.45350300953,3181.75324317197,3608.82333671723,2385.61699499911,2383.53050325744,2923.43330304806,3305.75720649916
"332",2391.38114699619,2431.64579703836,2428.12150026289,2911.39368247984,2971.30868815294,2329.79501840875,2332.79507854425,2694.00091521201,2799.23019476306
"333",2437.56719117546,2491.72878338365,2495.45499602051,3014.62112414577,3358.33370561614,2379.14471526953,104042384651.182,2822.58724386354,3132.3131262459
"334",2479.70069022112,2539.62189934141,86832328.1934759,3375.85631176247,4879.68880056804,2415.51642931734,2405.28835706278,3201.57611909537,4572.05158586858
"335",2387.31834639193,2429.72862234478,2420.13034513005,3097.16531259876,3520.17464348858,2327.21351914862,2320.48816972533,2954.99449776681,3259.27334175013
"336",2401.13136052964,2469.36713313072,2475.79692335499,3138.52926169182,3653.17307393907,2345.85581277967,2352.41925615938,2892.68817192688,3336.78789922401
"337",2386.11986361156,2389.86168035395,2413.75483466283,62883269.8261642,2484.63258699475,2323.71578619352,2332.62264098419,2817.71074759692,2734.62171112017
"338",2378.45802778782,2416.34487293564,2408.90637630798,188513005.899313,3338.78021667809,2321.67694561547,2317.89220985041,2709.85209735405,3099.47113574243
"339",2320.50717304528,2294,NA,66885622.9359038,2294,2256.36147770809,NA,2225,2225
"340",2309,2318,2318,2318,2318,2255,29196198279785,109393573128.173,2255
"341",2279,2290,2290,2367.33649424727,NA,2255.97561467635,2227.73696658163,2713.79475057393,2226
"342",2456.51075413964,2372.70590820214,2399.18251930804,2865.41249525941,70853397.9098847,2389.51294381177,2391.48253335116,3100.56616935659,3256.90038351896
"343",2232.48007104513,2210,2210,2382.47192013131,2210,2190.6579589663,2162.71245576004,2480.31851641603,2351.02826665285
"344",2332.42917742111,2353.6553434367,2361.23810788931,2671.13271239067,2731.59555461641,2270.73655030696,2275.21390270405,2542.77654834712,2594.13805769238
"345",2433.88358076515,2510.61687134155,2497.73476374032,3019.23146564874,2945.86678131615,2371.0293191488,2369.51785922179,2791.734633116,2898.71893846274
"346",2312.12525724869,2406.57604138435,2377.0793177337,3314.16933978159,4226.95953145414,2261.38147859367,2246.04118205466,3019.3930878389,3842.41727828546
"347",2526.39478862735,2626.04227404324,2602.13988269862,3550.50834746016,2935.17519528158,2460.97439546481,2457.03065774659,256980784714.905,3147.21101501609
"348",2380.86975697182,2349,2349,3248.89023256552,2349,2310.3983529037,2276,3190.70239724495,2276
"349",2279,2290,2290,2710.5829242596,2290,2224,2224,2224,2224
"350",2413.89978776125,2321,2321,159848832.001648,2321,2341.61486731338,NA,2678.83961849068,2254
"351",2407.0478116717,2476.40541162184,2461.29890516731,3510.69382647964,3766.62336756962,2340.47074906874,147956524.083727,3202.57312660329,3583.03001566163
"352",2476.42093188772,2557.36681174613,2546.39113866352,3087.68606414337,33815538.377514,2388.59307688157,2392.92529590048,2772.49331535963,3118.63235283931
"353",2393.107848392,2424.74725032061,2265,89045043.0198832,2265,2320.31001358537,2323.45620039217,3311.09764430254,2201
"354",2495.00753415706,2580.9040688644,2530.26010073834,4411.60041728586,2286,2426.29233742676,2411.20559195213,3899.43837953726,2217
"355",2236,2246,2246,2246,2246,2182,2182,2182,2182
"356",2298,2308,2308,2476.12050026856,2308,2243,2243,2792.24957750049,2243
"357",2404.93439162169,2418.3928973118,2422.32139869499,2948.62476927953,2794.77991649055,2353.92795177511,2352.35973300114,2853.68713865934,2917.32818932873
"358",2336,2344,2344,2344,2344,2279,2279,2393.7403286132,2279
"359",2267.23124437114,2231,3747120275378570,2644.41963491258,2231,2188.10613162407,2161,2618.25442919676,2161
"360",2205.26306934429,2178,2178,1133545273308.38,2178,2150.14474046597,3052110.25220408,2552.40824069506,2111
"361",2257,2266,4069207.68851765,2266,2266,2202,2202,2290.91061235058,2202
"362",2231.78836501695,2170.02605039182,2183.5590389676,2522.68462111427,2160,2146.71335363513,2119.21494746867,2585.79927705651,2093
"363",2439.70009132459,2529.0835508734,2479.67814461657,3172.98024033176,3559.12042019321,2369.21300227819,2362.59663088308,2790.13259735196,3165.02772378944
"364",2478.70026180796,2544.48166974012,2546.17006586705,29498612.0184739,2744.00236011599,2423.38386006401,2426.7674914685,3585.44575035147,2547.33747362717
"365",2451.26348679046,2482.66940209759,2478.0152761709,2708.22193527456,2768.99004163828,2392.07573771095,2389.32854032474,2590.94018192243,2646.15935886237
"366",2312.50574535501,2286,2323.90968970921,2427.86174649467,2423.17938224946,2255.24050963236,2260.90438555543,2409.60290167885,2430.8546806188
"367",2111,2127,8936288557.71083,62956230.322305,2127,2059,2059,2059,2059
"368",2264,2288,217978377.131284,2288,NA,2209,2193760258.48321,388839478.959977,2209
"369",2282.06727218479,2273.4466721068,2313.58138935585,2768.91983764921,2238,2229.4395626579,2243.63520117575,2758.9829492352,2179
"370",2395.66532120353,2443.76550854833,2441.89795905408,2926.36057058918,3241.87654357753,2328.97765998653,2328.12102029985,12843584.0081501,2995.33770855621
"371",2392.29608255619,2378.97850883229,2386.28149224403,3426.11749749349,2285,2331.62022890135,2221,3132.71157898869,2221
"372",2443.5577288976,2493.60030525296,2497.6223130511,3130.22848915901,3801.66887955529,2384.19331315955,2387.85863876273,2978.05837843825,3615.79050177711
"373",2360.64829330109,2449.64714511205,2154,3222.55240008941,2154,2297.73012436466,2284.28897079608,2937.39307899301,2083
"374",2415.51269358017,2424.15117548925,2433.88186861576,4452799.994585,2346,2354.62268308877,2361.28985216674,13249233.1399058,2454.63104669073
"375",2313.23042100607,2333.8543623725,2358.68752657865,NA,2652.07977018979,2254.1254226609,2261.95328510039,110867836.621075,2680.10304504438
"376",2501.20461996782,2544.03775365206,2523.87198328808,3107.98341663714,3305.53960280968,2418.33374527569,2413.41466868589,2854.50926247409,3083.98023774835
"377",2062.55436388302,2067,2085.52424777992,2067,2067,2010.20833454343,2034.55850479039,2189.8478415387,2008
"378",2416.08693709955,2487.44320330087,2481.67363040282,3532.71650509885,2329,2351.79066847977,2354.22653014545,3071.84757994673,3011.47162887386
"379",2399.03771953415,2384.52543452023,2369.80857916413,2891801663134.24,2386.46379008097,2330.49751678751,2327.81174361927,2492.3427833636,2497.79043586108
"380",2224,2231,2231,2289.35198552728,2231,2170,2194.28719073811,2496.41365229507,2170
"381",2469.39381624148,2523.6758227922,2501.56542599929,3492.90316731769,2299,2409.15446006218,2393.76793698594,3331.311352921,2221
"382",2326.98944308864,2364.74691565243,2361.48932509286,2905.19366196435,2817.3257772149,2271.79229413042,2267.08960967568,2730.02457981618,2725.13902094098
"383",2301.20683022241,2276,58017209.2950728,2397.79084146247,2276,2246.76275655863,2207,2537.67614329798,2473.51598747273
"384",2322.59617738946,2388.07002554937,2372.76715709771,176391724.587314,3987.37736625202,2266.51604277339,2259.53401576321,2912.31720474928,3591.69450401337
"385",2404.58140037336,2404.71271382279,2375.64736814257,2998.63462936,2303,2352.04835276154,2329.72500151434,2927.22833030046,21962886.5302148
"386",2308.8568566473,2323.38727209901,403311.77597111,2632.10655073889,1956521.2595647,2251.47897710143,2248.69200879336,2530.06582859063,2563.17189004623
"387",2172,2184,2184,2184,2184,2119,2119,2214.5777253798,2119
"388",2249.3766841127,2249.41329457744,2178,2959.60800650095,2178,2182.5189000389,2115,2792.28443842899,2115
"389",2281.51965332011,2270,2270.4879662452,3274.95134422894,2270,2235.61495350753,2260.5746313001,107759004.824385,2207
"390",2246,2256,2256,2256,2256,2191,3068001.719016,2191,2191
"391",2182,2193,2193,2865253.83618185,2193,2128,2128,89515753.1782171,2128
"392",2482.77811856593,2521.71286364088,2512.82124883024,3270387449289.34,2691.79398141081,2422.5841968113,2418.90789495321,1315598363460.76,3080.47618964237
"393",2375.51668910149,2400.35591731633,2361.13499785389,2985.83951992703,2813.73537854408,2316.94918873746,2288.15042535535,2865.48899274562,2775.43504927428
"394",2392.67382191432,2433.45258445837,2438.4080515405,245033743.927749,3158.71402011778,2333.42284907126,2336.62845771886,2896.7968796361,2909.59641605178
"395",2341.93772847563,2369.94832572645,2373.36960716724,3061.26349235459,3030.54045906356,2277.08797005306,2269.89327127638,2932.86846088042,2807.44946999561
"396",2512.36748080314,2568.5560065841,2558.12969524218,88303524175.5417,3700.49185673646,2443.65281277161,2432.90871548014,2945.34155401571,3483.4532668712
"397",2353.84356948881,2398.62764927874,2404.57525526545,2976.40927888592,3106.77941682283,2295.59964216729,2301.4537372098,313007311.519564,2986.37311762592
"398",2452.53110591492,2514.0777319945,2513.3265117803,3352.73861257353,3047.01632639138,2391.29743213083,2394.42296271159,3028.66730505401,2988.31306124867
"399",2418.45020210481,2349.44110921446,2326.80464497428,2636.16180934841,2360.14441057886,2359.47384486248,2341.3878239353,2719.0704582129,2824.38728528484
"400",2302.1426486487,2314.33508908338,2295.08398483037,2879.86031780304,2248,2241.84948943254,2241.97578845434,2674.72136724226,2637.42377680462
"401",2421.24011813988,2471.88457072955,2423.81255362674,4805605.12040947,2222,2352.94110344795,1898033.73408637,11273098.3268942,2156
"402",2436.7466521817,2463.3619683989,2462.14779739156,NA,2894.09556882702,2378.54821275409,2377.27412572777,77899841502.6926,2757.62231781394
"403",2427.30081575613,2460.39121417738,2471.16710855694,2996.80375797226,2892.44177617997,2365.43626209595,2292,2823.58410826877,3047.62950543223
"404",2470.7771286533,2508.21115327429,2480.9522844495,2828.40127802184,2858.64183882592,2405.59683383232,2383.28960003708,2681.76403557408,2702.62093813332
"405",2395.36886430047,2463.98507016059,2476.54012535211,2936.93893559327,3187.9828730626,2334.83355516568,2345.50423036068,2739.44140912971,2946.14487913746
"406",2270.90420207719,2283,782208453.023412,2283,2283,2210,2210,2520.7543420741,2210
"407",2423.10724477811,2526.52636389483,2481.99879056906,3450.20181311569,3426.7439156723,2358.88296253554,2343.6296984753,3084.13613955395,3463.55451000889
"408",2379.55598746249,2386.96990562759,2411.58922801658,2780.94991341036,2912.41477727038,2315.27962902579,2323.51028000708,2693.62681371326,2791.86268497868
"409",2413.87124558703,2452.87639747257,17721294041.6032,2934.16364840749,89235743023.9694,2351.79882316593,2349.23620260088,2718842.102526,3050.43997779056
"410",2371.08073806962,2342,2342,2402.04269603644,2342,2307.72871710389,2306.72628943374,2562.15718653278,2467.40412877361
"411",2318.84264191765,2378.22532796441,2353.03258496506,3383.17113212554,3077.99293914539,2257.70909001121,2248.237125037,3053.95677188724,3231.94221502692
"412",2364.89514534702,2352.12227994352,51691931744230.5,2798.15817012355,2621.9061404656,2303.23307386887,2321.18598049468,2785.89844656252,2626.47345974826
"413",2433.22722161599,2458.28148691502,2450.96713903757,3338.59427077301,3323.23244031977,2364.99097043766,2356.0717952143,3187.78780175261,3226.57882785437
"414",2484.61896949585,2548.99479427427,2527.16459266328,3145.91110859142,3719.44814476242,2421.28690339076,2407.704722057,2940.3407435087,3415.8045728675
"415",2258,2268,2268,2268,2268,2204,2204,2241.11616170706,2204
"416",2315.77127637144,2251.34053836169,2197.15762358203,3011.60404457196,2147,2255.58569668428,2235.58126818105,3049.64170699502,2081
"417",2396.73495870176,2497.26072967412,2488.58656594376,52470118260.2419,2216,2339.11175785316,2341.72062805689,148025676971.54,2148
"418",2197.25610522283,2200.5191989641,2224.13615826463,2532.92559010822,2190.66043229305,2143.00573679302,2150.76723625409,2433.40412816941,2322.63195682997
"419",2325.13419254139,2223,2223,2223,2618255202.42823,2251.07069861212,2261.82997713462,2946.82203605011,2153
"420",2093,2100,NA,2100,92957666200.4064,2041,2041,2041,2041
"421",2287.39928314953,2304.17530234263,33146876.1795395,2622.28709883252,2313.83433292073,2230.10700216557,2226.15600583954,2481.19333179652,2322.0152234171
"422",2433.46934517215,2482.54255846441,2480.23330544621,3301.57973119234,3808.74743634148,2369.90217751933,2371.34767179601,3051.63629424647,3434.49197043238
"423",2301.12852836931,2288,2288,2288,2288,2251.3263731842,2276.77761923437,2997.17513176953,2214
"424",2308.70223429453,2334.18857226401,5487943.0790076,2970.2168383984,3120.38363217312,2244.91851977839,2247.56310193201,2798.6327724127,3031.24606391708
"425",2148,2157,2157,2157,2157,2097,2097,2097,2097
"426",2485.35635986005,2521.50750579127,2496.15543619456,3000.30698952228,3021.35381428203,2417.60905674105,2264,2812.39351806767,2979.97486731519
"427",2364.34012953584,2355.52833096798,2361.53090111584,2761.05962115249,2764.08184954855,2302.25466315305,2298.57578566863,2672.07816014087,2830.42296931041
"428",2378.47643883483,2401.20119297264,2397.60538417079,2720.95504509788,2773.47409469114,2321.19717054799,2320.23923079226,2575.14238462367,2645.69548830382
"429",2429.99057199685,2469.05300205821,169969335.946978,3176.33234780637,2331,2368.44445340757,2375.12604723217,3017.6722484646,2264
"430",2205.22951426602,2119,2119,13707242.689518,2119,2140.33624661645,2121.05271846263,94875626.0283532,2058
"431",2330.45854092752,2319,2319,2395.87553242035,2319,2255.87564523682,2255,2540.78043742773,2255
"432",2526.7299379641,2604.75861529472,67309558.819472,2357,2357,2461.27896743021,2458.15095020318,3776.23532576606,2282
"433",2414.89523224296,2483.13124169675,2475.53968192386,2889.7407825581,3231.39911293038,2355.66097486301,2353.00345405774,2706.58581083432,2972.92803467902
"434",2118.79005405493,2090,2723434884.13518,2479.66344944672,2090,2062.14344521243,2053.68969402673,2460.04342315213,2307.19232818001
"435",2434.40968897778,2490.53446260634,41524657.4162087,56528377076.5462,3204.98850544581,2376.05020424717,1422303729.65496,2937.28776195771,3122.89588967294
"436",2139.67155978985,2115,2134.05679551518,884688778.028844,2115,2074.93081812218,1023934502746.13,2504.70908988318,2055
"437",2257,2266,165533311.488315,8798055796.28904,2266,2203,1972033583.04412,2203,2203
"438",2260,2264,2264,2377.51537367531,2264,2204,2204,2678.71782942418,2204
"439",2389.41760037016,2456.46626287566,2454.39658522105,2315,2829.26491778902,2326.87277116321,154699935886421664,2753.94764294267,6640383.47372878
"440",2218.16633495644,2241.29874946708,2204.0064293683,3075.19515866308,2107,2165.14991617691,2154.82798367138,2859.491512513,2045
"441",2432.11891316208,2505.6817105024,2485.84476844738,3622.31046359016,2227,2360.74830289005,2353.54109763028,3273.78122658102,2616.05411568687
"442",2316,2329,2329,2329,2329,2260,5417298659.21452,2486.70521590375,2260
"443",2116.4060830519,2081,2081,2282.44747107925,2081,2057.31090328053,2021,2497.863876247,2021
"444",2312.15178480186,2260.49050376759,2252,617585473.944138,29813138129.0599,2249.9848852635,2196.63311566357,127699537.903209,644146096880.386
"445",2360.9924338777,2399.66243356262,2394.75648854475,2777.67053207774,3038.70133825722,2304.99403940994,2300.32495055398,2641.16645773169,2869.43374631819
"446",2434.27507018349,2475.04736607577,4752577.75561185,2952.10637658088,3293.02977322973,2373.69794025009,2377.08954450041,2786.93610104026,3077.46829586177
"447",2179.08805304972,2111,2111,2648.65830869903,2111,2098.78411032297,2045,2916.80899785815,NA
"448",2403.82910476513,2433.30786276997,2445.15896672217,2858.33623621523,2744.68900096906,2347.37644355657,252109516145.33,2717.73992364645,2753.59159486705
"449",2119.74745076981,2127,2127,2365.31841956267,2127,2103.63754400007,2064,2731.02230059875,2064
"450",2543.40615899858,2603.94585625823,2580.87756619359,3243.3498737198,4241.94650177997,2482.39124299186,2466.74323907915,3072.21425154237,3996.90066959695
"451",2426.20701769459,2460.20936831088,2454.15727135279,3006.63885185019,3240.31856379862,2366.17361571476,2260,2842.62803072519,3079.31289216501
"452",2393.43135919272,2480.42132338914,2198,30230614.1744407,2198,2337.31254019094,2328.33576138821,3230.26990535996,2131
"453",2319.30160792721,2289,2289,2602.01083958623,2289,2255.60945812134,2219,2678.81191014311,2219
"454",2230,2237,2237,2820876624.34554,2237,2176,2176,2176,2176
"455",2345.66869845272,2388.07834577424,2374.45379634475,2960.89593015159,3176.47407388607,2285.2379130115,10704477.5052059,2806.28531291324,3069.05536740971
"456",2232.90118380852,2245.50174973998,2212.66378148282,2892.99919955572,2108,2171.72812321806,2144.03549983399,2748.91567754139,2042
"457",2341.04166275752,2385.31561643083,2386.69664284949,2827.47210216082,3155.83928693705,2285.3186196556,2285.80592277411,2669.58483741682,2921.9526750796
"458",2309.21740336459,2265,2265,181008379.355356,NA,2241.63120775896,2198,2842.97556052043,2198
"459",2335.52658957806,2294.81904744738,69995996.6230176,2503.61842211312,2276.49100989107,2282.02188267442,2271.19222053429,2532.18029584402,2551.61233456018
"460",2372.58380359347,2413.38033887222,2419.33140862401,3004.30803193501,3397.22958401132,2318.63673489913,2321.35917150775,2895.84549794597,3276.41834163774
"461",2380.21675416387,2289,2289,2467.75718548735,2289,2316.70169121247,2303.69198665557,3016.66339738133,2219
"462",2596.81326557017,2678.2591130192,2571.36371870153,53318568.1119398,2301,2530.12319990815,3269511711799.16,3260.88681068054,2221
"463",2402.68334671515,2448.2293496703,2441.27089819165,3001.95497495766,3422.09145431516,2341.46635151971,2335.88400388767,2839.28005981888,3199.74590890091
"464",2367.59318434109,2405.55594560226,438674942096720,112339799351.536,2296.5305535178,2313.40088013949,35807778498.4249,76082327755.9125,2760.03203479657
"465",2383.5464693582,2426.07124075054,2419.18937277258,32475860.9133549,2777.62184174581,2322.04129033366,2323.47088009499,2243,2713.88272302996
"466",2212.72186178545,2216,33225998645.8911,2216,2216,2151.18406721848,9169459.31881547,2305.07390297348,2156.11247767565
"467",2326.63173106551,2362.235386914,2317.32789872224,2789.85565255335,3013.34565163533,2270.12251834557,2243.08654045709,2646.80559365054,2835.60518004984
"468",2350.16514484061,2422.98313425543,2425.52257392429,2835.53370731005,3182.25992255612,2292.87746158639,2113,2624.38350768195,2910.9331016753
"469",2247.49638072777,2237.60425418493,2178.86346733679,3141.25091185036,2141,2184.04768038761,2132.32658550168,543762058055.69,2081
"470",2382.12769380702,2411.82429079711,16766952321577.9,3086.00967287893,2489.38608897026,2317.81720507116,2331.02775598528,2927.18676362049,2728.21767513691
"471",2334.69469512262,2271,461260174621.413,2271,2271,2278.79849834736,1627747988239.94,2633.59340082959,2477.09787279701
"472",2404.03158756473,2410.52368310174,2370.83992727424,2795.01559035336,2471.01708814948,2342.46075367914,2330.23009113579,2713.5491511611,2718.1799292738
"473",2370.6478552672,2338.41553464599,2292.92268716423,2884.26695436896,2248,2314.78743984844,53343454895.6588,374587737981.101,2178
"474",2127,2137,2137,2137,2137,2075,2075,2545.72637318746,1529489936915.85
"475",2363.07470519862,2363.08228695926,2358.98287302452,2664.67443967807,2499.31108249648,2303.58624192588,1993589154451371,2611.18164339681,2647.52218731603
"476",2361.92615269707,2383.6025283586,2383.1294206149,2736.67245442559,2708.86444325892,2301.91790245618,2304.42899224275,2580.92748501737,2570.60697669135
"477",2491.18666398696,2585.90751845178,2578.54708617722,3628.29754910641,4489.67543233136,2436.85299665063,2436.89473911662,3294.61476688585,4188.22109564872
"478",2337.68412888616,2331,2331,2331,2331,2279.07692639827,2278.53520872089,2511.297391446,2346.95031626923
"479",2354.39525318204,2370.21143153005,2220,2944.06196362024,74896054953.0513,2295.25737609345,635509154.110319,2821.59343975026,2558.14976421053
"480",2401.03889526276,2313,2399.77926148257,2313,2313,2329.04804433148,410938090170.694,2698.21970280848,2581.45610853079
"481",2335,2337,2337,2337,2337,2277,2277,2277,2277
"482",2420.73854298041,2480.85974738582,2476.86748261732,3032.93066768508,3634.1250030032,2366.19045985813,2361.7942699846,2848.98830806175,3404.34809031952
"483",2454.02440499856,2526.77981732416,2515.03926247264,3465.631211236,4722.9536405439,2390.91422181439,2386.90857720146,3131.1625820926,4199.85890284429
"484",2361.6469649717,2385.49117159125,2384.36605279825,2751.71687908893,2848.66595730415,2306.05243603302,2306.02262364384,2630.4327662005,2718.61109167511
"485",2539.49193486047,2606.64302413052,2593.43220438286,3530.19352836235,3912.22393476544,2478.42102244707,2474.21021813498,3309.3380876466,3410.76797201667
"486",2328.75038550633,2359.56586906195,2335.11063558884,2821.46432816324,2837.34625865199,2260.82751298082,2225.58250607373,2696.6070962015,2652.20021686998
"487",2430.08895912971,2496.34851187208,2508.5193478388,3090.76689584229,3572.97995322949,2360.4973151723,2371.53340763667,2833.43449103089,3219.51891798282
"488",2327.74141675043,2299.47352259939,2341.64596635587,2619.39778282821,2720.31815489972,2267.66196150842,2275.29204238564,2637.55256669578,2764.89161514882
"489",2334.81613061628,2323.82656772105,2322.69976549826,2595.1151145136,2359.86872148063,2267.20055924393,2269.16731513129,2486.14117453472,2363.60095538811
"490",2218.06136664661,2249.42602071779,2267.76664424087,2576.36011463746,2647.23019095761,2165.23454968899,2169.48339722113,2438.05078548739,2497.69323175722
"491",2261,2265,2265,2265,2265,2205,2208.29986745578,2465.1712561954,2205
"492",2384.72439790793,2428.09418167502,2416.74108414322,3145.39180538413,3502.37035066583,2326.37096392049,2313.85334594967,2970.95262179304,3553.62144996387
"493",2318,2323,2323,2323,2323,2263,2263,2263,2263
"494",2441.41660161458,2468.27751521947,2501.79204084406,2847.38706081767,2867.95895931504,2381.24632543183,2397.1016763704,2699.76986639335,2726.73437570369
"495",2331.37524480642,2319,2370.0214776738,47781703.531857,2319,2256,113330432.807013,2715.26425795613,2256
"496",2404.59524419479,2480.77503170013,2476.28912208381,3058.2626857694,3635.66997505003,2344.04079472675,2345.23664121086,2799.50383586977,3251.30862019954
"497",2151,2158,2158,2158,2158,2099,2099,2099,2099
"498",2561.55388064582,2579.92916063214,2531.02996905237,3202.58989132338,3134.41297715933,2490.1411266976,304195966.574495,3060.31765734552,3437.54498578663
"499",2413.04604880131,2444.8651883455,2192783815.51237,3386.92686226409,3047.39157470518,2345.89445543899,12325397851.5249,3273.02240795623,2918.17087108278
"500",2301.51999809314,2284,2284,2373.87092498265,2284,2246.5177623486,2250.7906895285,2540.83417611693,2478.63016482833
