"","correct","wrong_link","geometric","ztHurdle","Hurdlezt","ztoi"
"1",1014.99891634241,1014.57659595972,1475.8416969131,1214.96530764077,1000.74574467773,1030.43433435673
"2",972.678359973032,971.397881060814,1449.13614741176,1120.09187379473,961.850882097951,1007.93362060933
"3",988.326702642051,987.719121195058,1410.62919253595,1166.57356718934,978.594573701688,1013.98083968885
"4",965.818856754807,966.170731931719,1388.63438325015,1095.37661549094,956.711996495329,986.385220394058
"5",990.947989339287,991.177629721771,1443.14147920257,1162.92871956391,991.859620324752,1012.8371708771
"6",959.351429052787,959.144601342207,1401.1371386598,1105.71915699258,946.941226872407,984.188708979804
"7",961.779342768181,962.124803777323,1371.87777034554,1106.98949932291,953.464852565484,990.871958794327
"8",1011.570261897,1012.00239200442,1543.56482086353,1207.87533656776,984.001620061213,1040.6904462949
"9",983.344816337091,983.334962929801,1428.20595182071,1154.64252859077,968.379956017273,1010.1853557728
"10",979.326851332889,978.763271349736,1446.21554338041,1108.85963872622,967.718087521138,994.697282549056
"11",955.121456070753,955.402099660465,1387.34595966041,1116.52649547451,944.623869198995,994.607322074016
"12",985.057683696792,986.210273149093,1407.66168101995,1122.96235849787,973.427900903961,1003.59443982114
"13",966.383330168312,966.476840604707,1413.29881256001,1093.87726235154,955.206720157599,993.978021321605
"14",994.281206804763,993.991967462596,1407.81170363036,1108.4804817874,958.721461744387,996.240718990348
"15",964.756157624677,965.421640124998,1399.95435544874,1099.03805301041,952.771363154919,984.151214378237
"16",983.627536587776,983.999965745077,1439.56753562458,1115.65831863546,970.576323300074,1002.08068798036
"17",960.030741620985,960.430523611956,1298.60403547223,1119.23612875218,955.267836569558,996.687364832119
"18",941.069172667115,941.377578771051,1410.57882605883,1072.24099846496,926.419912821454,964.228277346138
"19",950.054939037711,951.196533775164,1391.0480451286,1070.27556550051,944.475282710569,978.589422144071
"20",985.915559098604,985.696693886143,1437.51397020503,1116.33258131367,972.759413711177,1007.11976383019
"21",971.069782452121,970.927267243694,1466.03603851761,1116.87956916671,959.979491209476,999.849637570981
"22",977.465369174219,978.4451414536,1406.91990395479,1140.99093286914,971.242066429864,996.322127756597
"23",972.052370771234,972.241024229188,1437.96417828751,1116.80239167546,963.061889224496,996.665130301356
"24",973.689717592337,975.330034904326,1411.57801607716,1126.06027606245,952.640196425535,997.853581442685
"25",926.488916863036,928.422399249846,1250.46743818701,1033.13940773613,924.52915011782,951.182913755793
"26",965.848727878184,963.8974258845,1412.10922355924,1122.77963625546,953.521800165011,990.341034666588
"27",963.317850289593,963.938461892895,1359.87658885911,1113.41524599882,953.387590297098,987.141216629854
"28",978.556088849338,978.35300684172,1387.94779511684,1105.31095623836,974.696141546884,991.867846422825
"29",941.745051742393,942.663426989402,1427.05231696982,1087.15988252154,938.768965483675,979.031629323216
"30",955.827930815502,956.678338631029,1314.47948260016,1093.33477245124,951.056058504868,986.052051176918
"31",1005.83044785229,1006.26866328129,1421.91089774811,1163.05956682953,983.776278480901,1022.22907686791
"32",974.966366976398,973.595517379291,1467.79643873144,1139.24657436636,964.539449949095,999.988950682472
"33",963.43869182416,963.398280884061,1380.46317051268,1092.86629110678,956.553960688733,992.209134663879
"34",991.912820558047,989.284986379662,1505.9804301587,1157.31409360744,969.777537742241,1017.64279765621
"35",962.835804317015,961.604367664177,1425.90570233989,1108.68322466236,947.547495475461,991.785905367719
"36",952.82030410972,953.757064650562,1401.62848868336,1088.39932851126,948.907088363733,979.604156355216
"37",993.920209112805,994.954141066149,1430.78115079874,1157.5575096422,973.723802829498,1012.07187072248
"38",976.460066442857,977.432786680502,1494.49729909791,1119.29713411395,965.114758534736,1004.27561281063
"39",971.835780496153,971.515638939941,1416.69558488787,1116.73150795298,965.169254801549,997.854234164944
"40",962.480992486333,961.228567567847,1426.41188884656,1095.60238715638,949.622423178326,993.687663174669
"41",950.911580863191,951.081712108172,1423.13985476035,1058.25540259875,943.777834011738,976.915613384046
"42",951.818484349652,953.506351771422,1361.21515508967,1095.3305880991,947.242711707776,977.102696139868
"43",962.064172778767,961.279043062321,1406.23168435597,1084.05058421776,948.492781381305,983.209532785963
"44",952.028573120872,951.811112067538,1345.67787854755,1071.92150128187,947.989193736456,963.951848747955
"45",949.45065901638,950.655164542923,1015.98688114466,1081.45140287401,944.818733829082,983.174737061372
"46",968.793706772285,969.660423047141,1418.68871230453,1115.73479434608,959.798658308472,1000.29628407901
"47",974.331588863472,973.919298104224,1425.18639560941,1139.38748312381,959.038583916756,1000.19451532521
"48",963.61566604506,963.416164543042,1428.39339097597,1089.06869493818,949.047492525124,985.045376824245
"49",961.259507353583,962.347699847485,1321.74863163814,1081.96316750298,951.639556685731,979.560723021252
"50",951.91499359874,952.638913289858,1386.440983837,1071.01701669531,940.330591981561,973.34289593995
"51",952.23356235201,952.92925702125,1354.83779530533,1083.09547152582,925.939522436585,967.633522669555
"52",989.712827471978,990.535233966645,1432.93498503443,1123.65149691351,969.087195588146,1003.55209329268
"53",922.95690561568,923.726646871323,1273.86245050287,1048.77750587472,918.755102564792,950.431639431018
"54",957.935434412829,959.783289471329,1406.90339028138,1135.52094790706,953.103069053136,990.874918483378
"55",962.761006259129,963.233391865064,1366.98718609485,1045.60497098879,952.027688153376,983.676368799746
"56",958.778034274377,961.548386595775,1375.99112265751,1108.03781334695,947.32964266784,981.981038135784
"57",952.298832499709,949.005949538733,1422.20544665262,1083.72464352912,936.272677404302,985.538562970496
"58",955.592200667023,956.154215979084,1425.6539058095,1087.7297795283,946.690904252538,980.237617269507
"59",960.960117862077,960.980084430575,1423.71252877667,1061.09664706714,949.407077610397,974.775099540598
"60",994.056878138916,994.999112313305,1474.94013111011,1170.53596218282,984.145820726267,1021.4910505633
"61",966.659061169286,966.118699836805,1460.72744817926,1082.58412510059,955.532527892209,990.142401363564
"62",947.437716698872,948.358240562135,1365.48654101165,1076.66794084737,940.87426364014,978.076843215679
"63",967.13018172686,968.167704886453,1423.99504242409,1131.02601251547,967.074551225276,991.90324602198
"64",978.632220749162,978.323795035185,1414.80599735007,1095.33567443216,968.603653685183,998.146289572888
"65",977.526662848313,976.65629878289,1409.64163762192,1120.07105019119,962.309817652544,997.610865753858
"66",996.331382724847,994.177211418514,1427.97844681944,1130.06866612669,961.32990954523,1011.90505183502
"67",993.222889790266,993.261219394167,1439.98250159526,1172.42298953376,972.096047495539,1013.53331807932
"68",952.102468688786,953.807468185636,1375.45086325229,1085.83536110218,950.198277539157,983.074402932441
"69",971.74110502871,971.777514596064,1420.15529931432,1141.88907433442,965.307134735223,1000.71635139812
"70",974.544611894183,975.091349397572,1418.73438339893,1109.55533770402,965.421007101203,994.168978126294
"71",976.142087122966,976.073660436665,1429.85975297135,1154.67094638966,963.142538604446,1008.42893731181
"72",989.353323060857,990.170620603555,1435.00222330076,1131.88061028276,964.919081641781,1006.67794006143
"73",970.975095127998,970.196306646795,1405.75874853103,1083.48293713415,955.951800833962,990.338527891862
"74",973.267620570913,971.950720460992,1507.99804960735,1104.5536038496,957.32108208287,1000.25102481727
"75",968.77565596797,969.17513598861,1366.5878497839,1079.12353806409,958.819588330555,982.59069552025
"76",962.036108022019,961.901360356424,1452.99908564308,1130.08080914775,949.133287224397,991.863398467533
"77",959.954744741157,960.31091235147,1342.25589043485,1100.81290138897,952.01610065393,972.8445422396
"78",965.427615993954,966.811428716384,1449.78387499221,1114.68404994391,950.778673824097,989.67020343165
"79",977.693507686928,978.016892690266,1395.2220895691,1119.91664705431,969.648511576411,997.733275892944
"80",988.312410684744,988.704658585136,1456.02066508362,1122.77881576085,982.278013063834,1004.05989888841
"81",944.862977060135,944.258953238676,1315.52409519507,1064.38722738515,940.971821478963,967.397289930059
"82",962.918717733486,962.24143263077,1468.42561176893,1072.66100905351,949.277715265154,981.388232525951
"83",965.407567910034,965.163380014652,1445.69356780035,1105.48120034097,957.965509795335,997.079368399133
"84",971.71081753455,972.377643008956,1519.39006111105,1150.14549692311,959.955949630783,1000.47561822679
"85",968.441527057863,969.004004087065,1391.14392653924,1098.99612235277,964.641433871092,988.99111219889
"86",973.095835854918,972.964895438636,1411.94410949017,1093.74706703493,962.535047614959,1000.34894996802
"87",930.799583380018,932.874060646633,1261.35245399165,1050.31822472362,933.324877798892,963.13708323647
"88",1020.72615215595,1021.44394500165,1458.05476342359,1158.80032814067,992.885223647921,1029.08162229353
"89",957.628141238745,958.200388956683,1340.53354166931,1068.9149509056,939.507484233535,972.277458035592
"90",984.344821867065,984.864973127184,1472.16236722379,1150.32031490985,974.089562507736,1004.7321508631
"91",963.235680983314,962.366179569869,1439.83145893614,1085.82372496956,955.146293837749,985.077969507554
"92",972.635096323646,972.367400256168,1535.17305088615,1117.48539147334,965.619052981588,1002.24573012232
"93",980.215696023045,980.508756887467,1411.98596018824,1118.21717512361,969.459691262679,1003.44231865729
"94",966.261135692504,966.766779821765,1369.91325137498,1113.4380980812,952.698372010511,990.61804403119
"95",979.62248531462,979.372561767738,1419.51055413512,1113.13804536639,968.839772808543,998.087335756355
"96",973.078355416239,972.5900872569,1433.94251015353,1103.7731904749,969.706636320148,995.831377623426
"97",993.760387640713,993.916793216394,1499.02534834367,1144.8405046358,982.823440133682,1015.12921994147
"98",970.071194310588,969.422588667534,1420.72543747277,1076.93611633865,963.128513252806,992.036957709478
"99",979.046251756099,979.528791697366,1442.45646762727,1136.61638383732,967.44094145402,1007.43307375105
"100",970.315304936769,971.320118700897,1418.80709640483,1117.05865063455,965.74387679302,994.451489921452
"101",982.709440848899,982.972777174303,1511.73908239759,1162.68726431871,970.854313267816,1014.443843698
"102",980.437250483189,980.564869249812,1427.66297776327,1124.22120753229,973.092983139624,1002.23513436923
"103",974.468504598748,973.45524069608,1470.60824726406,1127.82991917654,960.839770430242,1004.67734668619
"104",966.873251036671,968.007092801562,1362.74679387061,1100.89767848694,958.940409109373,1000.84137638458
"105",958.644807804538,959.165491152746,1370.7923417416,1067.81436792032,947.895187581347,975.337199430433
"106",961.387755733141,962.630441407924,1354.60782465325,1093.4961942208,958.66005870169,986.858666986272
"107",964.241225084112,965.779546278793,1388.78840874331,1109.21565308007,956.154016920965,986.152008729743
"108",948.298656641417,949.327332130334,1452.22213990324,1093.51877147845,937.276038919333,972.634364404475
"109",968.705590887737,968.785018613848,1410.43243062084,1088.89879851623,958.323493738423,983.764093483397
"110",989.578899083504,988.14312175079,1439.64791119325,1093.19482238238,973.362882087617,995.915024751627
"111",986.66086973222,985.710864838953,1466.22500994274,1162.70604116625,964.600475687772,1007.94735271015
"112",959.95747988201,959.567356893845,1411.98833586044,1073.48339842596,935.623837460774,978.533547798544
"113",960.993108578461,959.208214983478,1434.48677110543,1104.13369470026,951.418988495178,990.907191963513
"114",969.570747028641,968.850146342284,1414.25393152673,1125.10516710132,952.308361822179,989.45545533314
"115",996.342734304779,996.628531951809,1473.62157339354,1191.32377439026,987.549039328491,1024.23674734769
"116",942.272840874115,941.031222593313,1392.6298744472,1059.83904017323,932.51063514061,972.645018268907
"117",945.468418325187,944.909387140593,1394.88857949816,1045.26834694374,938.882854453374,970.698266993631
"118",969.237755140331,968.883332375008,1376.48258365788,1113.0733289831,954.613049863099,998.255942253432
"119",942.315345782714,941.355123566575,1443.38998328233,1062.70630442295,932.178450207678,973.448892745862
"120",979.84859191242,979.217145827677,1448.15111979997,1118.86110766087,964.138526597081,1011.91169526589
"121",976.876690624918,975.729843512993,1409.82675949862,1104.85361272519,960.798233176115,1001.93906809709
"122",941.665483338866,942.885257082935,1328.375511407,1053.8592265915,939.927808964829,971.884546627478
"123",965.685790482635,965.291298418134,1410.14555301556,1108.88142390067,955.684598950749,988.567601016512
"124",971.061407918363,971.191690180495,1364.22429970932,1107.76305134114,963.018413911432,982.370072887287
"125",968.410130412228,968.119532924997,1373.63739945842,1100.85110653263,954.780517630454,984.588572991583
"126",934.027695752667,933.05905975814,1303.57047932509,1057.53471197983,928.133690134109,962.807117656798
"127",970.763513747493,968.243814668856,1431.40386190696,1073.99359373881,951.589913740296,991.17839500368
"128",982.860267211286,980.567691567988,1407.41088625206,1102.31960619814,956.928302083667,995.2281032841
"129",965.454427873821,966.82806985805,1345.44274570921,1129.46052211965,961.593446171124,988.578340788576
"130",956.076696785248,955.945495270346,1392.41496537712,1064.26589239524,948.96270760799,982.65241672168
"131",1008.46409732213,1008.62875129383,1466.7392145141,1148.78676503296,973.854998209515,1012.29192608053
"132",986.150787982249,986.841175490939,1446.59165312471,1110.91430435589,973.138967209244,1003.37396320371
"133",949.271612149437,949.601976274284,1389.92624574678,1081.79333127278,943.783008458845,972.368358891546
"134",996.207872869612,996.535809982558,1452.9155271415,1144.08054668899,980.984819004637,1011.42492840168
"135",977.595693203121,975.118210422735,1411.363161901,1104.50363466245,961.645566287604,1002.16134760857
"136",1004.71643934975,1005.12356922402,1476.54169956455,1135.2917885365,975.241440571608,1011.26885749914
"137",958.416127989668,957.055692691312,1418.93756661955,1128.41628906357,951.778096055465,985.887802998203
"138",937.76265376845,938.233041276129,1397.1559263952,1076.15608746462,931.547296650562,968.210247782289
"139",957.779242296347,958.745062241682,1409.13929727215,1113.50741037434,950.882915925526,989.137340092918
"140",956.983440831795,956.453138356427,1423.23315156568,1039.97816530577,947.098823723805,974.139226545504
"141",947.990903139939,948.390946557783,1362.88264803948,1038.65477299516,943.37528974635,968.520944601348
"142",996.725573809869,996.768292071342,1446.34919091032,1182.42642306954,987.142496722895,1010.20212846542
"143",965.567961630739,965.131403106167,1419.87053896514,1178.10648544627,954.761002552674,1013.06048848869
"144",984.409044334888,984.793079296731,1440.34529877075,1117.61145683785,972.730314496023,1003.00478389261
"145",955.807865013039,955.428213029681,1434.37046992479,1095.89421644877,944.549457999432,982.353498510118
"146",934.655308501616,934.906734528655,1333.11010210202,1053.68375742615,931.022321054109,965.974167797823
"147",962.146735732947,964.680507356499,1350.9549169045,1090.69596375671,958.45539189573,987.584027024393
"148",979.325011344403,980.236171827845,1367.32352461622,1138.2009718504,972.966021703266,1014.10349172366
"149",967.587359107578,969.344070383245,1355.89369435269,1152.08837179448,961.492925168098,999.676310036062
"150",973.885936453012,974.592459573619,1493.9945165654,1154.06789217697,969.777074567161,1007.27144507978
"151",967.420016097081,967.42559911579,1438.08892628566,1091.04401322466,958.428030463554,994.02237824107
"152",969.279249095808,970.114841843362,1386.51699039943,1117.24656468762,960.621766818586,993.511065403512
"153",1027.17227408837,983.103246385806,1474.87685104067,1156.4574894951,970.964942099267,1022.9506300633
"154",991.518356948415,991.188262695735,1451.29643339001,1155.2711586865,960.510590896667,1008.70712897699
"155",966.241652452995,966.511800278596,1487.09035541856,1091.08333687705,953.862646664594,983.464940497296
"156",962.209260791592,962.537990585597,1423.40799707455,1099.17250617301,956.927486573406,988.283176559602
"157",977.556293111427,977.476429125103,1455.58786241162,1146.21103895343,962.904133415332,1002.16504128792
"158",979.025990649388,979.246004238679,1463.56983481838,1150.45089220575,959.309006248947,1001.72162488116
"159",976.398810077706,976.956471484948,1353.36427140553,1099.51861307051,969.193926957555,998.156938301561
"160",1017.42580453456,1018.40164140661,1477.41544348752,1166.06587066866,983.226104365808,1028.52905336602
"161",981.970337295832,982.560338777483,1497.8211596506,1136.51439417582,975.121027357416,1011.42873782444
"162",956.670325308663,956.762314202294,1379.71915109505,1077.29704994691,950.774025674319,975.723014309703
"163",982.271644911393,980.754933293399,1445.55216785556,1130.55909184119,960.099231203333,1005.65401668861
"164",945.279153305676,944.481708824842,1404.16028215851,1046.60623337909,933.426123936084,967.378156644764
"165",954.551683347214,956.27912675659,1343.31419716442,1091.13518623503,952.107118793893,982.66544968724
"166",955.841727395511,955.251294375452,1405.94544759628,1078.24636183602,941.503666993422,979.961897106458
"167",982.622270824022,982.471936420401,1426.27044303261,1158.89580953966,977.431540798856,1010.10835921872
"168",967.134463894846,967.473888659751,1423.98405103253,1110.79263023391,962.275453519727,989.523949517308
"169",1001.05748272294,999.936302102828,1481.22695008129,1172.98810836313,978.427939259072,1021.70385247713
"170",968.378670369732,968.322193633175,1409.96891881591,1092.66497857955,964.732338127998,987.052525262762
"171",957.800531446241,958.540437910878,1343.03508980869,1081.99074869711,945.775667007245,980.580313891155
"172",985.955348169353,986.401970214178,1436.52004494933,1139.971032592,967.808527344767,1002.40043202924
"173",965.577091046668,967.430831620897,1373.39919241098,1125.71057813427,957.414306711869,996.203776204857
"174",988.578297185009,988.452404997001,1505.256847059,1176.21753259083,977.322004143022,1017.80212454849
"175",944.787769814401,947.076444991418,1261.31919660552,1065.76343002601,947.31746586483,972.525285151559
"176",958.4038303249,957.207207716329,1405.15062072296,1064.41177444524,946.363608941476,979.991030221226
"177",963.58310118318,962.861117796806,1464.77557670197,1082.4788797049,944.519212836745,982.558090063159
"178",999.152606124001,999.426786696636,1414.43381415596,1136.18512687006,980.118742268088,1010.20993171744
"179",998.592019633851,998.722036059926,1499.35173035073,1159.08610726088,983.407759088398,1020.71478109947
"180",955.673141455304,955.65149876418,1346.84875730555,1079.82056628518,938.899261380995,974.509755609657
"181",976.485294437484,976.03006693628,1394.61187911498,1110.39666170468,955.706377586612,996.052118998704
"182",957.644625680236,957.268155954489,1372.18472024685,1066.05627665668,951.01745539226,976.327751494858
"183",983.5262813468,983.506143885039,1388.34571705839,1131.25581188013,971.841290149562,1004.99116226526
"184",1010.62158498846,1011.13535128714,1444.65010987918,1195.29983988493,990.257994281393,1016.3612748518
"185",972.393975405463,972.447330366896,1505.57588284212,1106.5441152128,966.097633820456,999.165523045266
"186",968.961240724355,967.965329534986,1389.01627103995,1087.11658237033,951.970413779539,987.453607945987
"187",960.71123603627,960.750979680331,1403.71829631891,1075.20976885861,950.680796207789,981.952449563529
"188",986.911102275137,986.865075857462,1417.27446888534,1120.3305126556,967.972988450613,1003.73635989447
"189",993.852326641376,993.980154832826,1461.69744547477,1193.73947482008,984.78990555773,1019.04242051117
"190",981.031248850298,981.204918574925,1402.72189555588,1104.08645931655,963.466716090955,995.658741060921
"191",980.627610762963,982.590176531473,1392.08544344358,1140.16453626548,974.065026986661,1007.68654808526
"192",970.622275436728,971.531985215447,1385.81648998532,1109.13420100152,955.82920759555,991.864501771092
"193",975.75446873972,976.183199797875,1486.28497039172,1107.08137754883,969.023563063474,1008.4324922896
"194",964.572253939133,964.414195926645,1380.77034441246,1134.44141585763,955.907545843945,985.698876983722
"195",978.793968292761,979.195242436918,1471.54174017897,1133.61763701308,968.245010767763,1001.77017107558
"196",956.367763190385,955.783221271168,1415.63699305764,1079.93956295533,946.90647062193,980.593818551927
"197",971.575385919335,971.545764776398,1424.9480700312,1087.03328735527,966.825378166822,1001.35959236498
"198",974.820984336951,974.579259700493,1407.64893493047,1111.02875575551,957.944636356261,998.204772176556
"199",965.753683445021,966.242262195943,1374.86571291954,1089.28457317076,950.812427914179,986.515901274857
"200",964.531436251103,965.133574762861,1437.32067408811,1102.83032551183,949.918604810193,983.610049747592
"201",963.913179737329,966.103935953023,1314.2599458334,1114.64779559526,959.836170608766,992.692327461531
"202",991.889324365779,992.259445798302,1539.09462842566,1177.32607435677,983.48622049486,1009.16096851603
"203",1003.74637079763,1002.75714656416,1452.6313984528,1135.36329728339,979.193248875427,1014.39541062903
"204",987.876127855994,988.173190799694,1441.8430161548,1156.89924177957,977.550461169198,1017.17612618625
"205",958.929074069575,958.210221127803,1436.70366324524,1082.16343682681,945.060556274207,984.684801831842
"206",957.584024500298,957.182490158557,1392.48474036151,1096.50811875191,946.421769027312,984.477494905572
"207",963.734215845817,964.506075919158,1409.50076014184,1079.21091580963,957.738580021139,983.985877770715
"208",965.845213737441,966.151591537454,1404.61009215958,1088.55178833467,951.167356935344,984.664188539967
"209",997.151895965097,996.740462481828,1421.2853652797,1169.38676176264,976.406991887173,1014.21531218075
"210",984.638284344612,986.317572566543,1331.27791456194,1137.81009379005,981.60634664444,1006.83199357286
"211",1008.05566009452,1008.00375716339,1424.39935627757,1166.6725645608,986.962461763023,1012.00106983469
"212",975.297781998819,976.879097101254,1388.20836283809,1144.22068658519,966.861835040989,1005.63777770407
"213",957.416644980607,958.06968867826,1418.46301005669,1079.90022536145,953.380088083578,989.40032056823
"214",960.391226263529,960.787608751875,1440.42497781594,1123.88755482781,954.91014123486,991.498009671689
"215",941.337389060849,941.505438568629,1372.65005243383,1036.79128525301,934.233773085303,960.292700357047
"216",959.110102514774,959.660253927856,1392.35508109594,1062.68775639434,951.916882482751,979.987106028605
"217",974.096914713154,974.007245045105,1430.73249529827,1096.85418348453,962.499502073208,994.928005643638
"218",963.553201434286,964.958691579257,1349.12072761034,1108.0051186849,952.113723369591,1000.73069601921
"219",947.958210499087,948.748531049415,1331.80450599223,1109.61796371914,941.551228615546,975.703682027219
"220",990.730287588807,991.734503396971,1425.95855227342,1173.19553096786,983.708742233895,1012.89781647013
"221",943.207160003449,942.946855939406,1384.90434328029,1063.87761235207,931.91873338474,974.406013718085
"222",970.108214733715,970.774018774396,1429.39475265304,1118.3245887948,954.51133776078,990.530005547406
"223",984.695062310624,984.642740482289,1441.77228177079,1137.40260592856,970.607297754513,1009.71613523891
"224",998.331348299789,998.15483579487,1409.03643902182,1129.50688758826,966.619202932964,1000.80957523328
"225",968.94522103431,970.86224955588,1357.64611199689,1062.30520864157,931.470673265219,982.120152183698
"226",970.77870093653,969.255102182391,1486.01737792931,1109.00832837899,954.849520970119,1003.62382338986
"227",975.257651129297,977.178268360384,1433.00813558848,1128.17418530529,967.88645404538,1004.46082527757
"228",967.666497939739,967.038358369657,1426.50030473748,1102.48028982068,956.098340847979,990.377648143569
"229",929.149232500707,927.66087748883,1319.17551877908,1046.76542928662,916.714389327121,961.072045174664
"230",969.400473758261,969.126779005435,1406.55732351447,1100.31477799815,965.57051186409,998.367581904993
"231",963.97263778377,964.211172643958,1411.55443744529,1106.43704398748,955.238215302686,993.550729895074
"232",980.184053922635,979.877223274897,1490.39135535481,1178.79817357793,968.221551081193,1019.01542051375
"233",972.703886127599,971.958252615577,1520.91782276971,1120.24715642358,957.827531807147,1000.74490105352
"234",983.945860717623,984.239969629549,1488.96219630905,1181.3861093769,966.797558936621,1015.90286112005
"235",948.949912079552,948.758975124564,1435.54653855653,1090.24567253213,939.831457620921,981.501546793474
"236",952.188529715844,952.992350085721,1393.40775670358,1081.52667860536,945.704218840912,978.304045134176
"237",973.527859317409,974.12950057052,1392.84604562295,1098.96946621344,961.797674074323,992.783809801837
"238",956.139936836513,956.849644639526,1389.57259490814,1056.81357653395,943.817220315424,971.676844438239
"239",969.212673790095,970.344237437899,1366.76046940988,1100.17769079123,965.290774404727,991.901516481203
"240",974.803961734614,975.589360394076,1389.55074622838,1109.27161967045,967.458626780357,1004.23250638393
"241",977.833461707391,976.89255109151,1395.93473783755,1097.69568435611,954.226559600656,995.085243734069
"242",989.802545189188,989.969217802027,1416.91843557234,1153.0205959544,968.564818358856,993.308165684196
"243",968.776523711061,968.638761811926,1444.14440975616,1108.65673737175,958.029099006158,999.464617921589
"244",942.065348492847,942.484425625477,1399.85485492315,1034.04617587969,941.332556719859,959.450301400901
"245",962.45622488869,961.205207543253,1407.72358373329,1067.1262802722,954.275097930083,983.597242304052
"246",1004.11431973023,1003.99400060661,1445.69776871157,1141.90457167084,991.136118465101,1018.7721956472
"247",961.969164845742,964.030231072952,1370.98546057092,1127.44364634161,953.411198119336,991.1728336503
"248",1012.758950007,1012.0597720292,1456.51349569716,1212.39957439665,992.258358158178,1023.09511277488
"249",971.928708309624,971.348012707025,1435.08718198524,1118.76604496248,952.391635600879,992.86576829751
"250",966.117243584811,967.177544713557,1424.97756707806,1102.80706140778,961.974953807583,995.022576304714
"251",977.808958073876,976.856592933794,1404.71681845835,1135.39157074712,958.59510555304,993.646392060871
"252",948.101601669337,951.211545552207,1350.57800577896,1114.37960588379,950.582298812698,989.564134379782
"253",995.170409464536,995.226902645637,1402.52770590962,1082.93997209699,961.091345758975,997.027486803631
"254",975.250337342687,976.110629564316,1469.3820339543,1146.34592885696,966.307370931455,1006.42488614888
"255",980.619529088617,980.856273806735,1444.42729948471,1132.11431222745,972.67654907253,1009.20230460998
"256",950.13075324607,949.968765352278,1406.43663119045,1073.55057577159,940.936405394919,975.729922004486
"257",952.270999174961,950.11942243088,1401.77470151514,1078.98666013602,942.403101273959,983.361283728606
"258",939.858922975767,940.248674915436,1384.5384801247,1081.41779626571,932.239262568253,964.622265472132
"259",992.307876606652,991.316855698597,1485.50282498091,1157.33493622998,975.302508321759,1015.29604078951
"260",967.902588725896,968.48992845038,1391.3930205046,1095.99611781265,957.751322671015,991.471855357216
"261",945.973254227677,946.038616050165,1368.56037780342,1047.5789945824,932.633024064602,965.424260085343
"262",982.168184760967,983.338127469658,1455.74669804169,1188.88795571265,971.123559712583,1005.27879114604
"263",970.430176999852,971.284803657265,1370.84438901415,1072.78650085296,946.656774992514,980.833003009565
"264",956.893923305093,959.144873517001,1377.83003266137,1083.96753836377,953.076340509785,986.34891983155
"265",947.52817237917,947.768419560423,1421.50077478535,1050.60731589434,935.396243021458,978.947948390621
"266",973.851841982956,973.332734533065,1455.54362585073,1139.22076525246,965.005035745978,999.053976303484
"267",968.946849096149,971.452522827822,1424.14984484817,1151.60609965704,954.380858548653,1001.92373310526
"268",997.770105544311,998.12289163161,1423.6752465841,1184.60127799345,980.383770261541,1023.49104641045
"269",964.517917379929,964.765399834216,1378.97565566666,1075.4910249729,953.684205275136,976.281054832996
"270",976.425164698913,976.218321396373,1367.10592013426,1077.21179953554,957.768841015321,987.28744137559
"271",962.692340642492,962.50683947742,1439.14424771598,1095.6948545694,952.618616024616,991.320925882705
"272",991.949071717907,991.883478416881,1386.63467436862,1128.24650902506,978.595532970116,994.660597788813
"273",971.133290259939,972.01818863975,1406.72605125105,1094.78610759554,956.023281144279,987.930428658937
"274",942.309832310494,942.580306037696,1324.3910837655,1071.38620215861,933.700385166346,966.909296361233
"275",958.573376883852,958.942884486618,1360.89344421724,1060.0282997664,946.738686794219,971.043243441043
"276",958.531965994113,960.232401588966,1350.73021367859,1110.56042121908,958.42908759483,982.521509270111
"277",980.827190128195,980.626565864453,1398.12485456717,1109.57873475608,967.78085866982,1004.02223453917
"278",970.201154074429,969.882529054907,1436.8604707754,1112.56644796529,946.393294709134,985.368618867537
"279",1001.01213452843,1002.63783163313,1424.81791171631,1217.29578651507,993.90753624384,1029.42811410837
"280",971.198881033528,971.110106153757,1424.42341584478,1066.76388485487,954.149134755156,993.853784271344
"281",948.159930353788,948.806957013193,1345.36852055221,1052.4441776243,945.248924576341,979.810441551027
"282",1035.05379680201,1034.92890209437,1509.23696996043,1210.27692971723,995.594502191147,1042.29976445869
"283",978.490719324076,978.037590851657,1464.24000117656,1128.51620601277,969.265387041761,1002.25950906487
"284",946.96396525393,947.648904323782,1342.12745756762,1066.04517593514,942.654549664318,976.123420996578
"285",968.390244220603,971.285128794122,1416.61476157987,1146.47853830839,969.104325360226,1000.13647395741
"286",951.915308149922,950.914853081268,1418.90730794196,1048.72803207071,942.519569715881,979.61186405654
"287",958.305571725976,957.989456026761,1400.25453771423,1068.01231514242,947.705222544245,979.196458857515
"288",983.168986946405,982.652736129716,1460.01254062052,1122.45970567977,973.668953291614,1009.52990890084
"289",973.480279166821,973.733765891071,1467.15433042198,1125.89479361914,966.812498148913,999.898068953315
"290",918.31249697207,917.500731787462,1423.43741663642,1043.92872259731,909.589486351282,947.066364617874
"291",974.731907642322,974.547341415369,1380.45494731888,1083.24978609619,964.30229272237,987.139384039166
"292",938.291491169714,939.518489049507,1350.11339065929,1048.89959922806,932.482006858261,968.203847865305
"293",975.914522335929,976.341989095495,1388.71428206445,1109.82420002195,961.614645936522,999.554410404347
"294",976.731561604462,977.978490453818,1418.16330709499,1124.61626841499,970.59801728273,1000.90972651594
"295",948.974865950469,949.656861596489,1397.64561109968,1086.0748618167,946.82088464844,978.967583872203
"296",986.153654512074,986.271375845814,1421.58732931995,1142.28554559764,965.043285297722,1000.47950017033
"297",986.912319817096,988.288769821007,1426.71704941538,1184.23994922794,972.212303520995,1025.65013296347
"298",965.579310883158,963.935371143491,1473.07309662213,1105.05093513679,955.500638227339,997.089288438196
"299",987.15795749683,986.997694955609,1634.57137489945,1142.12357589376,973.019826624356,1001.93444064308
"300",953.598204021982,952.545199960397,1419.05634285028,1089.3621084661,946.733507459726,985.437723583143
"301",998.196759603369,999.93366675467,1467.13203954421,1135.86333421246,979.799852568955,1014.75877066228
"302",964.925451205301,964.673331345137,1410.73217437644,1076.15865943136,952.045591106029,982.879718794737
"303",961.743782893666,960.4449709169,1433.4181742565,1104.5835260487,948.308952912443,990.692599489963
"304",946.391473431792,947.213902072917,1456.60799951914,1119.17963076004,934.963468358411,978.69044741705
"305",963.849156085192,963.821496107418,1367.57883115466,1103.81371832527,953.685118285977,990.782187108819
"306",971.153483543361,970.043769873299,1455.52921639233,1124.7454619733,953.287559206671,996.239213978105
"307",951.736956143163,951.318765326573,1403.05220436212,1069.85999120471,942.163295979,970.861596214333
"308",958.666253791943,959.146037675134,1398.00839316519,1103.68606214175,952.177377116226,991.86151666355
"309",962.631996020759,962.801000019202,1389.74987885531,1068.23160673581,943.395856484974,979.96058065203
"310",963.354593748648,963.236899100741,1385.46833404328,1083.40699751236,950.375757637657,978.192056977269
"311",1004.09485201807,1003.75601634623,1517.64066088248,1203.784500867,988.174772885792,1031.039412502
"312",959.285177499081,959.963485351679,1398.7944170175,1100.37870581486,949.289056514474,980.902073469295
"313",1006.34138802562,1004.56194611462,1575.54384488692,1187.21412041501,984.545851980749,1037.32134144034
"314",969.297566198682,968.165887839369,1404.18302681185,1087.3879005743,956.124274347668,986.673045058144
"315",1001.80067237485,1001.7522369944,1443.6875426375,1130.69394885977,986.332563686357,1017.11726308989
"316",954.448575778391,953.100876749173,1357.41888325364,1036.71579502828,940.740184038526,969.41238199321
"317",958.143279599689,958.71516854302,1434.47484777142,1076.13669704033,951.628829634951,984.651070448277
"318",955.792398704182,956.182523940756,1317.70967380986,1069.65256760706,952.178707764512,976.39412736033
"319",960.605812916378,961.35328207416,1407.36553417271,1069.19112196593,958.481869295455,979.789196797703
"320",985.747827149263,986.396808860415,1417.75452336107,1120.57138448609,979.5325985389,1002.29777682978
"321",958.739662380463,959.952383371791,1378.42332520143,1104.65846324164,948.103169789881,991.079481093868
"322",1013.22338463363,1012.89844434891,1426.98746492179,1135.79927776205,980.886148774563,1016.83804005742
"323",972.453069629073,973.366368540406,1411.17312782665,1107.04667017576,959.82501075249,989.6812650363
"324",962.207284081706,962.900354356947,1360.7617242903,1115.21696223129,951.149979405089,983.368048131256
"325",982.164755478434,982.038619019429,1430.72484575363,1138.44798142543,969.896942934168,1010.68802114605
"326",995.021497481208,995.534827651234,1436.42857753056,1125.23097947582,972.877372910012,1013.873137854
"327",964.587466040894,964.628022085621,1406.80209435548,1103.40435917289,958.497066021836,990.641287992817
"328",947.28826314188,948.304529187438,1372.4866970748,1070.47832677447,941.478494315104,977.838165269196
"329",953.76949402644,953.846941362445,1363.90125307732,1099.81740009999,941.661290185382,985.977883809817
"330",945.54996117057,944.235187759667,1425.4662709241,1071.95334732543,938.568972030328,982.808594120264
"331",962.312867068447,962.527489730234,1399.81067991733,1108.13474746765,944.42274569284,994.891221457189
"332",983.409225710597,982.544135482964,1436.05494384622,1117.18771249244,961.526488247858,1001.23311537113
"333",970.165757778822,971.49553525266,1380.41835843187,1111.07579296255,967.146175987784,995.233044385365
"334",983.70009275592,983.51409861727,1403.42568399757,1131.92500407983,979.012235347086,991.936805938365
"335",986.762735996254,987.272361389416,1470.70468033274,1122.5873391757,978.442030506989,1008.5395865835
"336",966.519394522849,966.339829431823,1377.44993265635,1119.63905925531,959.71082993856,995.80882102232
"337",954.275182261183,954.774894083305,1384.15971207356,1080.3296307676,947.148101265615,981.457971314581
"338",966.521216853052,965.722514962235,1439.61326572765,1086.44888981584,954.311638133881,990.505931728528
"339",954.975455281538,956.171530757035,1382.19073842859,1073.66484516674,948.382166919022,985.561311097464
"340",955.520124777181,956.308880881551,1318.05317280947,1106.17989511897,948.619041211489,976.522580475838
"341",981.372069845445,980.914554031486,1398.75155835582,1114.62126800977,962.240585187566,992.645611082968
"342",958.025192570001,958.881201950477,1333.54063366305,1122.81451235041,954.259824303272,986.620431480038
"343",954.50808723233,955.863525284289,1400.37113992279,1118.81933861021,942.007030631469,980.792848512549
"344",967.551932079724,968.45311579249,1374.29493478908,1125.18282163405,945.263750784686,989.688245893558
"345",949.874632312906,948.813595207684,1417.15451620446,1082.52408507549,938.751722503658,980.927538512119
"346",961.905983182809,961.947802837152,1417.98375096803,1063.51339330151,950.604630944723,981.858837752636
"347",975.901116803381,975.545522533883,1483.88631808557,1152.0770844827,964.911156075074,1001.7511982397
"348",984.194095597912,984.400069015739,1378.35750824916,1115.9178141875,974.317436307455,988.708348596513
"349",951.813326781026,952.977183513639,1367.7104657764,1069.12316894462,947.481803800791,974.937195251883
"350",961.298656042757,961.81369875351,1352.43762220759,1145.0463857718,953.244264205216,994.699046299146
"351",962.379053168682,962.532893388136,1415.7628305606,1104.7941528882,957.427582156716,988.87390848553
"352",1002.02683363497,1003.64660520915,1483.07606211553,1157.23133169372,987.269017476543,1021.45187134896
"353",995.362462132344,995.639140628375,1438.35692924651,1154.72605005561,979.990683410923,1019.69072908937
"354",NA,974.472748788408,1452.44876923859,1077.80550682124,963.375336162552,997.79324396492
"355",960.62306570436,961.584533465799,1394.02931724835,1139.23685346414,958.245474458505,986.504315061419
"356",969.738802549798,969.492460688954,1409.939961779,1110.84650394543,959.741967595317,985.498862695786
"357",957.268697592666,958.238160517767,1352.91214903987,1085.17261672382,944.938019864829,986.745130273039
"358",976.595253658734,975.669432067957,1476.56164718335,1105.67984694006,963.62753915055,1003.00970715399
"359",976.706645748417,977.34649746248,1477.15908864341,1145.50755347187,967.773813192323,1012.99088042922
"360",1008.87574431309,1009.01973827975,1481.77522780763,1216.58055369448,980.355057996025,1035.81575130661
"361",960.171788592444,961.173497231565,1356.71515687092,1083.33425975539,944.355263183192,980.428909172674
"362",964.654091337881,965.820462195525,1383.8193028539,1096.10930737898,955.71307061814,986.910392582284
"363",974.966301702889,974.537715067333,1453.16066981482,1113.46910204648,955.225981312282,999.275309246468
"364",974.717675575384,986.6693621688,1406.21318030551,1097.64866114248,955.883136211752,989.000980291509
"365",980.461719530923,978.749180452087,1380.75744759676,1177.95547448632,967.322286243888,1008.42211826184
"366",956.683602223888,955.282127685873,1403.86642431309,1067.83061736457,941.154364112536,980.354464856264
"367",962.76814477994,963.892192279659,1429.82960841539,1097.0796175879,957.429923450326,988.887705134451
"368",965.540621086317,964.381949235703,1496.85492703733,1156.14823945122,954.759290240576,1008.89077258332
"369",956.216070120454,956.832306545952,1420.43153149934,1105.10137903505,948.030953488205,981.610573032868
"370",973.757142021569,974.728411380274,1383.76542543451,1139.78048471374,968.108946803395,1008.2859421966
"371",968.151396964678,968.802787862631,1412.95822624688,1089.99883115677,961.157483705978,990.144343997914
"372",946.571607646404,946.881185859446,1412.14470167832,1066.45657837121,937.924846545978,975.946670818129
"373",978.23253348939,978.626497664363,1431.49868811258,1175.81260904811,967.280055282575,995.767654653932
"374",960.548519442116,961.417075943146,1357.04940585157,1108.66002308491,951.070041652126,989.438314479107
"375",958.412264003001,959.13258350686,1393.29963712969,1064.94313815919,949.538307477595,981.815758523786
"376",973.925978595831,974.274257795883,1386.62377556412,1088.54826423528,960.614876975033,985.554617590366
"377",1014.16861061814,1014.04228505074,1473.21484990695,1099.33684557752,1004.15053233884,1029.87351374266
"378",939.306213093256,940.19910153045,1373.92137725539,1071.43035359762,931.864861068877,966.042950999275
"379",965.89913458963,961.947584122066,1446.18556481126,1102.16350679527,949.99269285844,995.740031689423
"380",974.259136387123,973.209768575895,1442.12279979838,1110.0018540467,955.619567380907,993.687562350285
"381",966.953742768336,966.274370620911,1428.34765482633,1090.19044482672,957.2446819919,989.209901065042
"382",984.920890830308,983.847304606974,1486.41645891701,1109.16324356539,971.047014791146,1009.7530699602
"383",942.662096634596,943.247318626068,1379.92801501673,1047.26617604309,938.559671826934,966.301116654516
"384",974.442898930964,973.870000860237,1448.25819955255,1120.42270689101,960.53894122536,998.309794090384
"385",978.917181720279,978.582903294899,1380.76262943271,1113.79757029973,962.755609123637,988.507327252676
"386",976.857236024829,976.427005464178,1457.33284262134,1103.93833071815,959.113588566752,999.776613545729
"387",947.460844822583,948.157598512277,1326.19472027772,1079.85517918051,936.788408881256,971.109931825388
"388",947.103267424515,945.941887268872,1354.64853687364,1055.28070698353,931.585328265335,967.639620475206
"389",986.57434191134,986.400683859601,1454.73501090735,1140.59380698597,972.811953461883,1012.92273857122
"390",953.241935408156,954.17305736989,1423.41308544476,1099.55579129292,940.334975387452,979.493339484465
"391",967.125640422009,965.897701232495,1482.0905028915,1158.96501314069,950.502045044267,1002.85845703097
"392",972.99055254927,974.246315291914,1401.25499955869,1113.16162909089,944.629091623338,983.809591730471
"393",988.245477957342,988.576335859683,1455.89739502642,1155.46794458482,975.469503139106,1016.98786698787
"394",995.905180943784,995.088343039259,1499.60438625323,1122.41470368774,971.70798346954,1010.02538281908
"395",960.207478650657,958.62311002729,1398.00407056008,1091.85016292827,951.09447166291,988.376471054557
"396",968.505588333167,968.030451145173,1465.47466847989,1088.458093096,956.57331695332,992.589232135168
"397",974.059453493621,973.306471710442,1398.41268798484,1095.60042637965,961.305222969068,989.955400700017
"398",945.053256258011,943.723401942516,1409.70007521706,1087.93238369627,937.698955676788,979.544745879639
"399",979.057286765824,980.017615551286,1490.80027091918,1164.40551046672,977.29998890768,1005.30519629095
"400",936.341347619816,936.313679564136,1356.72045431618,1062.83709105099,926.252207334148,961.955009048377
"401",970.481527651366,970.026145699647,1404.07950167245,1094.40676254204,957.369979746027,989.016359347935
"402",981.737128480754,981.671819786782,1446.37425115681,1145.49090299746,971.092524302135,999.891140674087
"403",976.553901635576,976.59010591405,1357.75809040637,1081.89691934103,960.489118051756,981.431749705407
"404",971.427601903957,972.880446576059,1416.10495731238,1109.34368777639,965.585779863521,1001.83346446496
"405",984.291674924544,983.741632423403,1432.12276820956,1127.17386954281,969.451382851444,1007.00502414395
"406",975.868632338858,976.152300086005,1349.49829744221,1086.47558871738,949.39314575427,979.151670380261
"407",984.184525699794,984.585791231896,1458.11541068889,1119.36642892089,973.923235381913,1002.69614607861
"408",964.862848895868,964.872376072773,1384.53253197946,1082.84871356135,953.834906801066,980.52390298584
"409",983.75441231409,982.594757706069,1430.77262207327,1165.15969011574,958.697057470384,1012.28619765177
"410",974.282078899051,974.617173580172,1449.18583764159,1156.21620130436,968.138822455827,1001.71155945085
"411",963.189965153054,963.09819823426,1365.74967380921,1059.11650192445,943.82772189778,974.912365113648
"412",1004.16964069989,1003.56383609828,1526.87438608975,1195.32573266228,974.61207610052,1024.53261194866
"413",965.637559304371,965.611846682769,1451.12557389169,1089.17174446381,957.569865465604,990.197562213266
"414",952.146451115878,953.007964854496,1385.20813239147,1053.60591509433,939.377228481003,972.274664061566
"415",958.154797576115,957.846412846288,1399.54668956347,1081.43442964029,951.351619356842,975.557300648496
"416",968.526954309986,969.038285118497,1410.17672476194,1106.22725179273,957.360210601322,988.57814540093
"417",984.257894103699,984.121289306058,1477.13156521092,1164.61393119854,959.142631353528,1014.4075486174
"418",930.963320365811,932.935743139592,983.577059903669,1066.18335194352,930.923733763401,960.004064211768
"419",950.427811472219,950.645853207454,1338.44211640464,1063.31114231765,936.796210095556,967.588220315737
"420",974.521983153508,973.915046613592,1491.06166714746,1121.15550141011,958.224137546922,1003.45872516895
"421",949.378618489014,948.598834131587,1381.92293476051,1070.15990747112,939.353446040557,972.185862577644
"422",961.043942037244,961.521606177912,1393.19149744439,1068.82415387896,945.505501756563,978.983084975083
"423",970.377165487257,971.381358424788,1427.90186782543,1087.27145127814,960.632702768803,984.109788914619
"424",1038.11929114688,1038.11393979661,1510.38208067594,1234.86453548452,995.748881009752,1040.12768347543
"425",955.330182722433,956.499642919833,1388.26347073378,1084.22468924496,942.067560531985,978.881092480021
"426",971.635432659137,970.983061172922,1370.17832075295,1088.18399935739,947.107951877775,975.87610652114
"427",947.931689872318,947.499048501936,1348.8223223121,1045.12793738519,930.12456668627,962.546971872756
"428",988.957080985572,988.929124735944,1414.35780799797,1140.95362984473,966.594354030666,1007.1181045539
"429",959.808589997603,960.141752994146,1368.54586177958,1085.39166338101,945.763981328947,988.098894922145
"430",990.097375431144,989.821084859476,1417.12481802546,1089.86174332874,968.97275644826,1010.06092432485
"431",946.67781716171,946.446346464698,1419.45029025599,1087.58264309291,939.62823353139,975.088723881946
"432",978.19359144451,978.134055386818,1485.08062095053,1121.69513544263,968.841362828983,1002.20230423759
"433",946.354345840683,946.092978396589,1412.0972820115,1069.78720129546,934.666941401165,975.554093549775
"434",984.470487912542,984.680136807175,1399.57690864338,1110.81581064095,964.786951617467,998.310768654629
"435",1004.46710369182,1003.92201164351,1459.79904298538,1177.71329216352,978.882047807402,1021.467254393
"436",976.647159971238,976.398368029464,1428.53092692397,1095.18011321053,968.084943518784,1000.23535357931
"437",969.60155585589,970.281119635057,1364.30590245018,1107.65620598864,961.016000687954,994.396117516456
"438",976.457729778387,976.156428180214,1485.87361859752,1125.29050554817,957.14681792241,995.831546389142
"439",980.095200433478,983.01885155076,1458.26006171249,1079.35550281339,947.352420339417,1002.84701428786
"440",947.914292863347,947.923741103323,1393.5195992496,1102.32899635762,936.63745029859,978.714441258701
"441",958.783346569458,959.251263490437,1443.57483554348,1080.68363883472,954.854020389683,983.840349118766
"442",955.693416829254,956.252172372132,1363.38028605657,1100.21492794307,945.630892068548,984.828280628643
"443",966.39550759163,965.496530510523,1349.53071159593,1067.52083596066,953.898360035999,985.936904288873
"444",978.065101293566,977.986998644106,1390.39148385317,1103.44835155233,957.45551374393,990.887293919406
"445",979.859964504351,980.081504880198,1424.08474682873,1140.62347031432,965.32068432151,1003.808426093
"446",980.041851682254,979.922231939314,1411.55101576429,1115.96629646902,969.67502964457,988.427542716219
"447",987.717575211976,987.876904886257,1409.38312642943,1104.26023577024,970.059059316467,991.987028043069
"448",991.559837696728,990.51786471879,1453.10496507013,1074.86925922156,978.046643160966,1009.52540308133
"449",968.325981142571,970.01897270108,1480.80916832317,1111.59172961622,964.115157094262,1005.86542907635
"450",967.419776048464,968.364481577102,1362.94077940853,1084.65626284013,953.429506423601,984.092933855779
"451",959.678154845776,957.803772429171,1399.59297341744,1084.68320220776,949.078342530801,986.082428825977
"452",965.547532900602,965.154691070949,1439.21855387787,1096.74271428377,951.63120190037,985.683770292068
"453",974.028126448788,973.372562030954,1456.53578929264,1142.34447405984,966.018864109648,999.417313706852
"454",961.168641194855,961.521933409029,1383.65444292697,1108.36476959311,953.018259013761,995.007102104108
"455",998.795156942589,999.920101058015,1379.56365974857,1156.68108513643,977.166700769854,1011.31379854748
"456",979.938075712628,978.18531049991,1448.20198918918,1094.99335681241,949.611439916255,995.994892927623
"457",985.151100420665,985.343174696403,1412.16472400724,1123.1632599012,975.716470415522,1002.64752932794
"458",978.161175616313,978.573841761954,1393.3874390214,1097.57878473552,957.158741312965,988.22945132025
"459",995.874224166949,995.859466390421,1437.58311040987,1140.98953981848,989.529460354829,1010.51046755126
"460",955.441123887264,954.719784179727,1419.67513551277,1095.28191611199,945.04898660463,991.875168860628
"461",951.517346135052,951.467215972327,1367.13621634907,1096.44127207752,946.404910257131,986.009019769061
"462",960.837753601672,961.3042187781,1363.55002468504,1098.12020190484,949.038798224506,987.51917681194
"463",963.519915892354,962.92990498023,1448.28653254312,1096.27173143029,950.403280094511,990.884093552276
"464",978.774353259378,978.196545134477,1425.31922399224,1129.76303886457,970.283927555354,995.132979304687
"465",955.24418387034,955.63718911559,1429.01870525587,1080.48972124949,950.666527831257,980.057868603496
"466",964.035982051202,964.060695633796,1380.64960095256,1078.16939505285,953.185562838467,980.934946651739
"467",976.126258228208,978.115168956021,1440.74701367364,1093.50654408028,955.999263604424,997.33229851632
"468",954.873692121834,955.342753572385,1381.41310809094,1110.78726498739,947.104915529345,987.870579070688
"469",966.778526251461,967.307351884231,1466.58139632565,1116.37039595976,962.230056347636,996.205741120875
"470",976.574295323692,976.062500654259,1465.47032791076,1128.12426379359,958.819905941823,1001.78289541089
"471",994.648147339509,995.678763582196,1481.65576277331,1199.97874769203,978.428964438867,1025.24936162172
"472",962.257945491167,962.816028098892,1344.45187932295,1089.77725110655,958.631944764324,985.519133640987
"473",947.704880616616,945.789966567134,1499.31791204791,1080.93968569597,930.790393363125,979.78007632641
"474",995.478827060244,994.127934117647,1525.99775311177,1161.18233527729,979.169634340023,1019.87377731058
"475",968.04187875681,968.757036826221,1376.96052321009,1104.14221121952,958.705055388388,988.391604107108
"476",944.502300578785,945.82190162141,1339.20561034786,1031.9986619781,930.189182682806,965.580317177187
"477",949.851298629046,949.109538229545,1427.77519776333,1064.91554725017,934.247932004521,974.060293661371
"478",945.446452317796,944.348015747189,1455.68014342471,1059.11374522077,934.45274378213,968.442411570699
"479",963.944918510499,964.126409626253,1395.60520954646,1097.67996519493,951.150368877811,984.799808724252
"480",970.926335766509,969.764973600375,1399.48115307685,1092.56009527895,952.396106107753,992.456714773347
"481",960.318745038148,960.487331497054,1429.45442246838,1099.40789754007,947.780125029492,987.82918160343
"482",971.864107213954,971.001289245246,1455.91525152519,1100.71009609763,960.758987278059,994.98498568287
"483",958.243484453954,957.087286017681,1376.85516130411,1052.99677672038,945.582116552714,969.554146884375
"484",959.810320555102,959.719544571843,1437.77027684724,1093.72518293506,946.784075189395,989.682037791659
"485",970.945060825976,970.745784221207,1375.13411413258,1144.91824832663,965.180819034359,994.425702814777
"486",969.305775932408,969.7574237744,1412.74189996723,1125.37515007665,957.095194007124,992.012699109257
"487",989.558709244393,990.028367174703,1397.71548734831,1169.2296492861,976.988255614917,1002.44457932763
"488",968.008709365629,968.995292465952,1491.33051670293,1123.89220551396,965.521689248425,990.724874596894
"489",976.823379596843,977.645519317072,1361.31699119252,1087.34834393183,967.202093553999,993.139374777416
"490",990.845105422522,990.54629750353,1452.0102635814,1151.85425146877,976.588001888421,1004.19393645654
"491",936.771150503104,936.314252303166,1356.24708515123,1067.41430018755,931.007536454151,955.484143926392
"492",990.652373217006,990.289401953168,1494.17931367317,1165.00378623404,970.500310878275,1011.09896496443
"493",977.348310687645,974.764473026189,1391.10350146645,1101.60947703454,954.329762643978,984.263940933932
"494",971.14239007316,971.993481247886,1388.06559888525,1128.14197408407,954.852267636074,1001.01820591086
"495",996.916037215206,996.319665730569,1466.60686524365,1140.34350893438,978.299983604888,1013.07463368062
"496",1003.70864752341,1003.78641029355,1355.8894058681,1109.90763768221,962.379539076045,1004.68166694395
"497",959.440023567915,959.79217616668,1354.44233387842,1084.47329098997,949.874756097725,982.230905012636
"498",980.799576186293,981.218465628613,1409.58034147742,1151.14315999451,973.650025172559,1013.01224174586
"499",973.824263699576,974.00809683232,1432.232180379,1125.00896179622,965.275440568055,996.716665752104
"500",982.535014461633,982.873339325706,1485.65340332644,1150.27237879665,964.78821376473,1011.81867649784
