"","correct_data","oiztpoisson_split","Hurdleztpoisson_split","ztoipoisson_split","ztHurdlepoisson_split","oiztpoisson_combined","Hurdleztpoisson_combined","ztoipoisson_combined","ztHurdlepoisson_combined"
"1",2701.59589715771,2777.56307579328,2715.80501275491,3683.90031950207,6708.07054276241,2663.53396407501,2608.23879560683,3581.9081822459,6616.85957601075
"2",2644.97383511214,2675.28376308776,2569.35995469443,3711.33061661621,31741.1968473665,2607.31841548931,2488.633761089,3743.04676458632,37609.0891940785
"3",2568.20054408838,2596.31598927403,2482.36257456124,4319.85034949824,23840.8158929927,2495.52643710485,2401.01891245543,4352.51348967434,24488.6051754217
"4",2984.29961009145,3265.9855506976,2974.40720294587,5085.7567968224,22379.1988390862,2859.18436561907,2655.02922842296,4583.82230307922,17477.5161975985
"5",2680.74567023271,2703.75877497905,2789.50426017597,3063.05512411996,5555.35515637158,2609.80551788079,2681.03694481275,2977.13232203772,5434.31593274611
"6",3094.09105357358,3236.77451071454,2938.43084633717,4705.04837202266,21388.8399755732,2995.31929204231,2750.94935105837,4481.35332415539,23009.8563577401
"7",2687.803188904,2706.43101262064,2622.63530079723,3541.61136256272,8996.25770634107,2644.22480831816,2546.63809225572,3547.29288191307,9376.59326797054
"8",2536.68246135231,2550.43076374534,2555.77487098793,2877.56553153299,4827.40613812815,2481.29682626557,2478.64037502315,2824.88580874946,5711.46542980468
"9",2786.82664173684,2785.13633268775,2674.07633956203,3650.18296114599,11567.7704177257,2766.68348176403,2633.19905413041,3720.09497858024,13624.1141124007
"10",2734.53350250104,2621.28146209127,2559.40475272694,3371.3738344351,7208.0761406769,2673.99441871381,2587.20338721325,3545.42306909028,10096.8256275917
"11",2728.912628634,2726.94734388126,2723.8347879378,3186.8969477247,6100.4725316068,2657.91019569404,2659.77199600748,3111.0795809279,6194.94366218623
"12",2574.20565902949,2603.48447171146,2514.17389884961,3500.89251768687,11713.7957500065,2519.71858112704,2427.41373209563,3435.96186191104,11651.4203700987
"13",2721.40980829028,2741.92215482052,2715.48541133717,3358.89893999527,7106.31312511946,2671.1367692612,2632.58616484326,3326.16549168731,7645.97509848589
"14",2648.99059509282,2625.64117967585,2596.33605468932,3111.21939402865,5870.586114443,2592.55823068088,2553.81824567729,3131.14890724028,6714.32354116008
"15",2750.80237167332,2688.675695634,2597.54882021198,3300.82959326659,5692.76718415342,2771.14420392657,2618.32961539122,3509.07779262517,7743.02849515716
"16",2630.83418832282,2598.83116097797,2527.93184455965,3394.73146010267,9184.3794951897,2570.76755304087,2477.3968040711,3465.09513121708,11447.6438099505
"17",2592.8097918969,2451.24221666796,2422.32730414077,3108.46697046836,6226.93052721104,2524.26095918333,2462.59726014734,3334.14751273668,9919.97190421207
"18",2638.31266773574,2666.43952742284,2573.15685575818,3560.84487253671,15122.5350104226,2563.63198106855,2493.92547697276,3433.73768349765,14510.720454431
"19",2912.57361356078,2846.79742074045,2594.22944953688,4381.47335143045,23904.2940191408,2798.20918252361,2522.54289107563,4533.88103787408,30232.6683411018
"20",2644.80415133833,2733.18225400149,2662.71868549221,3528.60951042491,12182.4046488136,2578.23220016866,2525.44951845935,3319.05114991564,10629.9850791641
"21",2540.52641373649,2565.39415998169,2577.197640015,3048.10782295762,4775.68568500123,2478.47767181593,2481.90039242735,2946.4728322291,4605.15693246529
"22",2593.97156089091,2617.34202875494,2559.5979932717,3514.53860237615,9974.36488616788,2546.39135460672,2489.53992458988,3476.33814220221,10688.0162041227
"23",2605.53814558937,2575.02009153389,2546.310956609,3268.48873661155,12154.8296914994,2542.38134409544,2507.39218999437,3311.40487155528,15021.2542190997
"24",2594.5678259259,2717.54679533814,2626.7200953411,3670.34571113614,11751.4916339591,2536.80490939705,2472.81698969715,3405.61502297017,9516.49948468558
"25",2782.80214115366,2781.77449301412,2704.3041908738,3594.47005694858,16561.8616412387,2714.35011998343,2626.36351618274,3540.0146836732,17383.6875279789
"26",2988.24510824985,3133.38181177851,2974.29932212964,4326.46762908312,14965.7292519094,2980.44024511217,2848.62006768844,4133.81736272365,16256.322734772
"27",2582.568643945,2495.72133359301,2511.57771928139,2903.02476397579,4984.32337204475,2510.09330175539,2504.76292604792,3085.3360056833,8026.94762767445
"28",2555.25150256451,2653.95481703784,2640.67211495986,3238.75758496368,5449.84142740404,2486.46271015732,2476.41429381963,3006.5359097986,4613.30975489339
"29",2774.50689775851,2895.86494266078,2788.16599017159,4011.16170055867,16740.1485010979,2655.93015719692,2560.00191892168,3731.23660556214,14445.5993353239
"30",2600.33289143344,2584.37383526646,2594.9794124895,2995.58010542829,3808.05790367341,2543.97344584963,2567.15865643726,2978.60572287114,3986.40017314969
"31",2555.20429592479,2581.19085835374,2568.62650599027,3081.52631161424,5287.41809008854,2491.92560642482,2480.66152245484,3003.22044635883,5460.92861636155
"32",2788.22313383872,2682.6225011245,2525.08546907875,3825.11399507994,16332.4634214007,2797.82800632543,2601.49688995662,4187.18270780833,27043.0019770913
"33",2630.77816662184,2686.35885678467,2695.84644893396,3148.96673367296,6644.06222058276,2560.81826740689,2565.86467327816,3015.61607359522,6262.17964901928
"34",3167.26825811607,3366.8114668734,3033.25765726917,5064.39671973812,28459.1431809792,3045.61501740556,2778.09398861213,4788.32404474802,24696.2440479272
"35",2554.68716247665,2556.0051249311,2554.91037032152,2994.7779124889,3918.461266053,2488.0286961425,2483.81202243605,2951.65645387799,4148.45415029802
"36",2739.06260816628,2732.74175360531,2692.54003867396,3267.00403598665,6387.95131362272,2639.63983970786,2593.24504246243,3205.70754564251,6583.08201462017
"37",2624.53169533341,2793.9708893199,2705.73257787055,3922.09069867184,10402.0892663742,2645.60362655069,2566.9005625519,3777.9577814234,9682.31849850585
"38",2648.81217090605,2769.83204781087,2615.87107130028,4676.77120013687,33297.4897204702,2583.57085941163,2458.07816517336,4511.13417060762,32333.6298157371
"39",2938.04475456477,2971.82733203993,2698.70769174554,4390.78212677617,29609.1354819967,2827.64242375554,2577.1138970915,4298.17705625159,29534.262750226
"40",2699.00651254357,2724.90790744402,2610.0994491599,3487.52079703979,9365.29803725571,2623.97960119306,2516.88340768768,3433.71008881022,10197.6154997348
"41",2622.65531744369,2656.44072029773,2661.81156437131,3130.81412397163,4796.41418215772,2581.50278111088,2587.32397540095,3084.7151091194,4947.16496999429
"42",2673.07512821742,2726.85942773596,2662.63828397593,3227.47455164442,5740.3073244572,2596.47208789854,2532.38356160296,3084.34449083223,5254.05075157378
"43",2732.14096800196,2705.91424930287,2685.22886480502,3351.27831879602,13179.4255545364,2688.34401009901,2667.02577165982,3371.31275965952,16672.5190525137
"44",2697.42974598353,2775.64265214716,2675.78764754638,3590.29694984676,17853.8139756031,2638.97461208008,2552.95670963882,3438.27132788443,15978.8446839462
"45",2617.38169943298,2670.59698276324,2692.70179798161,3013.02217524876,5617.17035958574,2571.14548354889,2596.13424451287,2902.85703551576,5449.41349302978
"46",2605.83116458051,2682.37391905438,2590.50753486979,3680.84893991966,8051.91864397287,2559.45708290917,2479.20692264888,3605.15004613773,8016.63291737446
"47",2614.36970260996,2666.20301058303,2634.76189747351,3427.76449865337,9221.04562932685,2563.39854608319,2529.4557712771,3356.69365697185,10050.1289438684
"48",2575.21849065926,2643.98473890909,2653.77612586085,3002.2490307003,4611.84452660413,2508.73725709677,2517.07459737262,2846.1497106219,4312.53874545432
"49",2578.34905467986,2605.47044206951,2548.18739618187,3688.10910281902,12527.3880459823,2531.33382480149,2475.41443370267,3670.1904054098,13547.9229068823
"50",2570.83072488308,2598.05145056772,2605.89291711201,2982.88356303079,5032.74323904078,2519.29927658418,2527.36588670567,2918.23689097318,5222.05887143955
"51",2934.2814873174,2906.93452999468,2741.30498358823,3709.33128071501,8376.9597884896,2959.06735326796,2787.85979678374,3829.73607029106,10215.1225268599
"52",3116.42551851113,3107.59701743895,2978.27610690239,4108.98824775467,12768.8433589774,3021.32507771311,2958.80639325571,4045.2839921101,14118.678196784
"53",2727.21499661558,2814.38866413318,2650.48167021605,4535.34891662191,27249.1430591724,2649.44551895939,2519.23231700329,4379.81489331626,27234.5468220647
"54",2593.44686643633,2716.21124390876,2606.13077018515,3846.70653515262,10776.6014536129,2548.3943429432,2470.61147387843,3644.76952394818,9819.91393574344
"55",2729.11181960207,2653.68048312108,2619.0441918758,3245.87195037591,7073.46402453159,2695.3177536968,2698.32881222765,3315.92730412823,9693.01656910006
"56",2625.43001602872,2665.25626681092,2521.20232810819,3897.62248497801,17007.6978620557,2560.04990775765,2424.97233122129,3832.85873216936,17475.4377926653
"57",2746.40221806008,2707.84871077294,2626.55554327007,3778.85024576532,9982.05812489071,2709.90558044024,2597.27820229862,3965.46150969629,13457.7028207994
"58",3064.954525643,3387.40483153579,3121.63831376035,4918.5098307357,27341.6990590258,3092.98838692144,2855.55411787524,4628.11464520348,24285.0325529408
"59",2584.80731062787,2675.42385529889,2552.96560405022,4047.95161874918,16347.1054314928,2539.44011706627,2447.04510469883,3896.48453604252,15743.3805340107
"60",2884.58095691799,2848.02154176097,2726.23454241812,4083.69052221043,11013.9647924544,2875.47376717602,2762.31813342088,4348.44785220188,17144.5629899939
"61",2524.65052972755,2564.3133637748,2488.44312037715,4294.81654580711,39821.7007397063,2470.31145641679,2400.14819865562,4235.2376562694,42006.1362957339
"62",2485.3593053045,2509.30367559175,2482.65651034048,3047.55541281818,5108.84463157223,2426.15264886697,2396.87860497635,3009.82759351229,5597.18402088461
"63",2673.70889432927,2774.51700901775,2656.21323802892,3788.00031950588,8852.73046681352,2610.81516676919,2508.91097667682,3615.53682583457,8354.55960049043
"64",2571.42954725267,2602.82926281456,2574.92062122457,3125.69621104046,5600.99249778521,2522.96350034339,2485.89499750086,3064.16667652169,5714.41931944016
"65",2851.78306448205,2734.8471632346,2604.27837481236,3901.85666162967,16766.9871370554,2769.99193925025,2603.59494919768,4112.64482692162,22456.5936233188
"66",2577.00868440969,2651.54171420498,2655.83500931512,3005.19416404329,4363.38756927494,2510.74092279556,2516.88812193157,2828.68168863239,3835.51091409976
"67",2845.17268403717,3014.34262915943,2820.00742926797,4215.93639041819,33391.5100706547,2806.57128786296,2630.04480177527,3989.1125454672,28816.5048270154
"68",2429.90995413717,2450.21187306255,2350.37416519495,3442.53203755283,9299.27641662201,2411.51590029345,2291.06450186067,3568.0559546407,11861.4933671201
"69",2732.11860478709,2812.85209991855,2708.00100271665,3854.0738696573,11378.2283622215,2657.60222891467,2580.96843992222,3672.72831171331,10545.6482065614
"70",2687.82918053066,2743.234047468,2664.72388816123,3753.90474296601,7922.32986988402,2597.83577609577,2523.76087726408,3648.12468187653,7641.7110763495
"71",2735.9028364073,2726.0571918388,2606.42671195054,4498.99184184711,24560.7350186225,2669.90992730615,2527.93457088238,4750.71137634711,34055.4650965587
"72",2718.73822243702,2702.8447130924,2678.71269412479,3399.7724643104,8119.40036429069,2683.55839852177,2641.93269183526,3454.30392309238,9655.92428031934
"73",2752.4178768102,2874.08439489886,2730.13652814048,3877.70641325137,14244.7928511283,2662.14054466424,2545.96632933974,3644.64321675883,12357.5958913407
"74",2975.04366860898,3099.78700016949,2871.09678637211,4273.14719744708,14746.4737580732,2936.20816205498,2724.45983654994,4147.61869237911,15185.5090174466
"75",2778.51415293052,2778.57588264472,2735.18892650525,3489.06450663458,8823.73025698417,2728.86530961577,2692.85126032243,3461.97979007962,9515.24761744167
"76",2714.78748449317,2732.20557038639,2658.15191246441,3340.20771623021,6964.36497143071,2664.15970589154,2596.56137793684,3285.69966723781,7482.31682453211
"77",2631.00378737236,2710.65767298623,2709.85540897515,3207.29471983666,8298.49711757107,2571.59499588219,2564.92138951532,3050.6124835324,7536.93077709816
"78",3016.5352137899,2941.18991290785,2797.9732418636,3903.89947214833,15955.9265143019,2969.33368058709,2839.31018356834,4029.90056308039,21914.9358180495
"79",2780.42421188254,2890.72251966179,2725.45669621174,4056.49615036501,18118.2717809085,2736.69956400826,2582.83904341991,3902.85389574482,19324.5000205812
"80",2578.83402884158,2660.85920429777,2626.90345248494,3229.7312572866,5814.57787665127,2530.46734272437,2511.56010836174,3036.87433325295,5203.06804447297
"81",2639.14490888869,2640.30171202691,2646.45255475476,3210.27161128345,6497.79564736704,2570.73937112864,2555.76941413452,3183.87361444395,7224.24679389715
"82",2472.07179347507,2480.87965100672,2470.47515114653,2930.93813350398,3861.76276251031,2415.06253070672,2403.63623732647,2878.07358672438,3974.35391207518
"83",2549.32949238828,2588.59679434597,2566.46138443909,2974.5131704139,4118.4833896462,2505.19031448678,2483.4612818443,2898.60490292699,4072.08180399568
"84",2625.09320198656,2539.05097662703,2542.22275044468,2928.06927524091,4682.53205250711,2572.59806767447,2576.14120815435,3032.07697594131,6266.37982449014
"85",2881.2434994319,2936.08391347106,2809.4626847609,3763.36727770218,19503.1011671232,2809.76844305729,2683.59787204117,3629.00853767655,19235.5052008484
"86",2620.84231111976,2652.20680981463,2599.04255441391,3413.84649304319,10428.1630551531,2573.71670386575,2517.78228517477,3397.20643717782,12230.209727428
"87",2771.69781012175,2876.46125622901,2771.02410671666,3732.28495760236,8202.19231305887,2701.01259285008,2617.52486511029,3516.47881673348,7296.16766738613
"88",2505.27439274849,2584.65270917198,2537.3175008315,3303.76054474234,6322.26605881048,2433.57193917413,2399.13112317789,3122.41507916407,5843.38309322063
"89",2977.55035216366,2972.83690997395,2753.83051228087,4548.35802452667,36600.4491975712,2921.16695337461,2673.64148239685,4677.13666378558,47496.8366629911
"90",2795.80127195602,3066.19720510075,2782.04995702713,4855.9770383316,41699.4709189824,2703.46250603802,2506.67291827244,4360.21689158106,30175.5069848695
"91",2486.21135483092,2548.58903444121,2571.098530475,3020.23118071486,5035.99659636883,2429.98469576998,2453.47094321778,2891.37919635087,4719.97698335895
"92",2795.86043393396,2769.27031659975,2652.14189052779,4018.29478783741,20169.894508903,2736.82421567108,2601.06341165506,4179.04572832166,25962.7746597229
"93",2610.43717088199,2682.13234114786,2634.61361060723,3380.35987956436,15640.9646759512,2549.33067157113,2503.4137712902,3226.26680659072,14603.2581616983
"94",2457.81016784982,2499.46097372716,2494.5528009325,2955.6849519503,3802.76392420687,2410.21481335314,2417.34771643716,2840.78745288299,3674.84769554881
"95",2605.23641921864,2563.21506733062,2453.48599109495,3938.0164928353,16025.4801880194,2536.30157434183,2400.66632273308,4157.12456984447,21093.2399661863
"96",2558.66773189143,2572.19857029454,2564.03166616501,3023.0167926253,4405.46864893096,2494.95523409386,2477.7552964468,2971.12606805154,4552.27550129406
"97",2557.60442339236,2607.30717216518,2568.59822580865,3191.17602131605,11312.072454396,2504.42821582246,2467.1449781937,3055.18131993876,11013.3570548442
"98",2786.77080989871,2808.19560991258,2721.45825794247,3577.40733959077,8601.30751787328,2713.90719133812,2627.27591210765,3505.80193480348,8797.67329136086
"99",2555.38052431169,2641.44868621407,2521.17782169985,3661.13068795235,12392.9877545135,2463.36659882822,2365.02749927277,3456.8829734428,11075.9993775897
"100",2472.73735545472,2439.02456817985,2442.40890274627,2875.65133726619,5174.93008053729,2426.78530544513,2436.32835016581,2896.64972946644,6090.08408152148
"101",2683.7812676791,2825.51825473773,2636.68449977385,4323.04653548456,18795.6081665973,2617.0222157675,2480.37691061156,3976.57446223922,14561.3043636579
"102",2528.66546599816,2559.33171950561,2566.84888653418,2812.19020346328,3581.06444723633,2468.95087716767,2476.79731321427,2709.98325890773,3404.8696408945
"103",2619.49044670006,2666.2444716858,2648.80752030253,3237.66209560556,5967.90339568823,2558.1106770325,2549.21081236865,3082.32330611785,5544.033917122
"104",3098.7493268122,3289.69110875538,2983.49545977377,5010.11455358404,37493.5297849276,2961.24106875553,2736.10963370445,4524.80917635666,29225.6816374602
"105",2691.23602471085,2722.83654496294,2663.69122038607,3205.08811983275,5521.73090910451,2615.2454789272,2534.5489554297,3119.32467030548,5465.6951067226
"106",2662.05339529258,2784.60285951141,2739.84696072823,3435.0747183463,7354.23074903625,2584.20627279897,2548.18918815729,3192.60117972196,6187.9268565647
"107",2931.47705607657,2898.22025141947,2750.12287948288,4003.03386802924,13466.7256544626,2926.17524411016,2774.59039594094,4064.13077892539,15760.3980733948
"108",2619.91859884266,2577.96115724569,2432.74915781412,4040.24959267234,28012.9688211413,2567.03737358673,2391.69075249424,4254.82060055322,39784.6044739579
"109",2680.4350495008,2718.06837861838,2673.97613937397,3526.58228749124,7757.89614905758,2629.50947034104,2582.52067857241,3459.55275392926,7894.32029499308
"110",2433.31457941715,2462.78880881238,2453.48560438987,2952.96397774427,3905.02048406605,2378.27953886034,2371.94274376331,2837.64318663693,3720.39311780947
"111",2636.08449033333,2591.70048657162,2550.93718492955,3080.88409788725,5260.13314251924,2581.46991402296,2532.91097810037,3126.06068285293,6322.39327456613
"112",3288.43900586774,3551.41524930503,3115.32945245757,5554.68237957163,33352.5196464423,3258.1896698683,2964.21825648409,5328.03586858066,36965.2395374381
"113",2538.84228397764,2558.13256115594,2576.24306111692,2756.97868675117,3247.23594164845,2473.06759920951,2493.04250764387,2669.25755909073,3172.43556373824
"114",2612.53425086993,2666.10461122731,2617.36871947892,3304.40062885865,5432.95205248041,2568.65315521656,2524.561582807,3208.08036924559,5628.9604760803
"115",2636.45182953536,2672.17540210318,2608.13932916736,3520.74715188016,11524.0891631332,2583.38269099726,2515.1873872783,3441.24023951277,11887.2277658556
"116",2842.6454323051,2951.66801439101,2642.35575452585,4626.51186639839,26762.1372424032,2754.05403229316,2509.84004532581,4467.94897925854,25080.7461530591
"117",2724.19081869399,2764.59994366459,2647.61973139708,3535.81088201155,7704.3847896878,2659.04909782448,2543.08342176332,3482.61375471813,8021.47622937891
"118",2703.29616951565,2762.60592024731,2704.34917631977,3490.22189154628,10585.2730736357,2645.59917853933,2597.75597697987,3374.43031281394,10709.9851044721
"119",2696.21334905425,2736.87256121961,2618.93608657001,3736.32820551647,10196.882325882,2617.0936081717,2511.65983373216,3660.36132262855,10625.6704540954
"120",2532.89702707621,2537.79463067036,2521.65324318016,3157.79249888457,5533.28352065984,2464.71997538009,2446.57539882447,3120.81980393939,5816.21038117232
"121",2690.71924284793,2708.71893648433,2644.60536430647,3388.13259656996,6958.71689152302,2624.4381362263,2555.37196746796,3349.81753198346,7707.03999464009
"122",2541.70231287911,2480.78059980047,2475.11083532715,2798.58197449599,3486.17088147412,2461.97794552602,2447.17553446052,2860.31607883,4300.89844620413
"123",2699.03704329081,3074.38511790512,2684.42496708223,5379.20637468094,27671.5308466535,2589.16244800178,2381.80972001404,4601.37086416272,21139.5072610884
"124",2743.67165627612,2848.43599445762,2640.68126013158,4297.92624407791,22306.1254069981,2674.85284485162,2503.69638692488,4103.68592245954,21569.260923835
"125",2507.2770919348,2545.66426019278,2554.24018117768,2995.20606172945,4737.41757823886,2443.97238442584,2455.82877897753,2883.860620456,4419.29029473577
"126",2745.4545014571,2823.6057486722,2608.13302155121,4487.02077357042,35183.991468477,2654.96385730268,2472.7717589173,4397.4497074683,35213.0265027109
"127",2716.34169061921,2765.69372796065,2669.35114308276,3526.55293903422,6662.20136142546,2641.11937377677,2558.76877868808,3409.60709448901,6872.66768790895
"128",2633.39611212527,2651.19516722545,2620.17695549355,3294.8372063953,10966.5903888836,2566.68484164886,2535.15285872649,3220.50814526478,11118.1257462851
"129",2638.40149591818,3002.89102169814,2633.19923404766,5882.83278766959,130203.307796934,2593.58761366197,2387.70771107792,4998.08043462295,77351.3961537311
"130",2731.60677378017,2820.89757819261,2675.49734723562,3892.53438726367,12262.539598222,2667.94974748826,2533.24846375344,3800.259659812,11851.9030861134
"131",2517.88439503737,2460.67544419634,2454.36498519089,2882.64452154697,4043.25548362651,2447.9151795189,2431.80008393796,2956.31334572495,4938.39706100566
"132",2651.02781210841,2674.55685635325,2656.21847618893,3215.02788250694,8168.0445203572,2598.2134117645,2580.11055646247,3134.0758172422,8290.45680414426
"133",2647.74809962788,2669.7421991545,2589.28258815307,3506.41491140339,10786.6028036809,2598.84708710908,2524.77899288422,3474.64579012408,12379.8152492858
"134",2540.06934880391,2642.50475097062,2524.48273553685,4079.33428270799,23446.4523385456,2483.8457492613,2391.012348229,3933.34048711258,23717.5111567377
"135",2478.089712689,2490.40016605121,2476.71518720318,3177.43577800601,5991.68415057048,2415.0720261092,2401.42556517478,3152.29545623955,6358.04169111489
"136",2566.62903746726,2665.7559583269,2543.98331163232,4115.40432291633,13425.4520799369,2519.23585088205,2420.97147229766,3929.16772205233,12418.9299939733
"137",2677.18832467476,2715.75615261777,2817.40797339847,2996.973551382,4137.87256471272,2595.07719343037,2692.03658597203,2864.65920707586,3938.65839317827
"138",2555.63997327909,2640.31151821411,2541.46325375418,3474.00356241973,16895.5879697105,2504.96733761028,2418.57123061741,3284.7475387231,13767.6949279493
"139",2663.36724744565,2682.14429637289,2636.27986158048,3431.23227675318,12485.4477960942,2614.21498397024,2563.06397250596,3414.86290993111,13963.3105098732
"140",2488.00118142597,2528.07039060332,2491.27881814795,3625.18728201478,14567.2551852042,2429.50120007374,2395.53048949686,3613.16128899401,18210.8998302145
"141",2837.32052858007,3002.32778598927,2903.52903099346,3875.58899772763,16445.3479025009,2783.17242985836,2682.30494443373,3615.43234913636,13706.7951263145
"142",2570.93387430186,2602.41577899786,2629.12077002069,2871.90830736648,3324.45415746401,2513.60674179168,2541.2642446397,2771.5155542851,3205.41592019438
"143",2898.28165069446,2955.79398638932,2778.10997308194,3847.45687467854,10446.9792319252,2876.58568477987,2708.82148280457,3777.96115434819,10802.23430068
"144",2793.8198314866,2821.02516201258,2823.9626363661,3495.37027283508,5276.60313280413,2740.19821647553,2749.64501901869,3458.4350538286,5686.4363482861
"145",2614.94812055965,2817.75793954165,2741.73996824539,3976.68498178886,14967.4408254179,2553.10955053187,2512.61484553297,3542.54114178623,10818.6462511387
"146",2635.03495112284,2682.57551555643,2582.16336581403,3911.70968402994,30267.5811629908,2610.20801066861,2504.15021013708,3880.75617235695,33626.9158437616
"147",2596.0722042055,2685.35697100732,2657.14288281746,3314.50135313913,5057.5278281635,2524.93728974844,2507.94709708333,3100.04897638944,4551.54390411296
"148",2862.45711225064,2913.09028827016,2721.4980253206,4416.85553447482,20378.0943911325,2811.03356093605,2627.06369135111,4366.12582228138,21698.9517897943
"149",2902.11351397943,2897.80999131649,2711.38080702087,3690.37700469986,9783.78389828053,2803.44044719853,2617.74125547868,3661.41519012399,10566.5482074884
"150",2868.12359973475,2719.42939308614,2585.09969641205,4571.62286414783,24285.0267685071,2826.02671730775,2578.7034336163,5449.92376272609,54955.6297025648
"151",2714.88263156551,2707.72910370212,2691.73286698385,3301.52723179297,8101.59293429437,2618.45748899323,2604.43237511229,3221.95412087278,8384.24286724733
"152",2723.6525189259,2685.68297934948,2669.00500658315,3213.66676749832,7494.59345652534,2637.85803284712,2608.89372374551,3238.49591181582,9452.12699285775
"153",2481.65435777372,2620.24724210908,2542.7148805181,3745.78330884789,9412.67353864553,2430.95923746862,2379.69775652716,3430.89488567583,7243.39567702297
"154",2805.23589471451,2790.9150898171,2597.64009826749,4415.95733797527,33005.598143521,2719.01110532083,2514.53762897298,4443.73994297658,36727.6712036762
"155",2490.11927221448,2560.96862393441,2541.65178728494,3162.59455501009,5958.29406041097,2431.02362257022,2420.11150727503,2967.5103892806,4906.4361594832
"156",2839.17483264351,2874.35511936334,2749.1466158714,4222.7056394618,20322.2641631128,2745.7222361717,2628.19067700874,4200.84298247836,23483.0112030788
"157",2555.85929704864,2583.22013099789,2601.14513433444,2896.4714649136,3635.2751472127,2494.53024588524,2511.2783626765,2795.90662434187,3460.74758935326
"158",2788.52588953241,2841.14037765841,2718.32868947258,3777.91215355869,17631.9001242198,2726.04365709146,2607.50165619176,3667.9767348464,17024.186005017
"159",NA,NA,NA,NA,NA,2560.77669427475,NA,3895.28442549587,NA
"160",2615.12458607813,2641.64548719754,2665.9939515472,2995.15901971855,4411.69456445251,2556.1674190704,2579.3794682662,2910.30954730163,4304.13205058962
"161",2774.30449815985,2865.47655191453,2683.51622324691,4000.6122653793,17789.9567726243,2683.74671158162,2528.32466136649,3825.63242155391,16910.7599620492
"162",2449.11953882471,2474.18391333247,2473.00022148479,2904.43875232293,6111.96096840192,2411.03577763913,2418.07052984517,2823.96005389577,6424.70330400829
"163",2769.2816246858,2781.64850711533,2667.98200153168,3663.10713263585,16196.8882367029,2717.51265361111,2591.24054456969,3698.75734120786,18994.7551978545
"164",2908.21873401232,3173.72587800558,2911.98102789103,4702.50429749139,27860.9942077844,2835.04539073278,2639.32080465317,4252.65281332494,20121.3886095169
"165",2755.72726704874,2802.78236383472,2720.54214044854,3651.2348628246,9563.68678928674,2643.44933138907,2580.1839852704,3472.658415445,8973.47100670766
"166",2704.24701733687,2527.04892342805,2510.469399416,3036.68997313649,5304.32602160813,2635.1189286443,2580.39978263805,3339.83178037283,9890.96733015682
"167",2743.54405736215,2751.60424069857,2713.00452525233,3470.24112133917,10842.8004346167,2677.70556576079,2629.58242291513,3431.9703661799,11005.8250190105
"168",2589.33640999997,2640.62762264751,2621.75072399107,3097.84333358264,4385.62952634263,2529.4200375978,2516.48723025267,2969.31863758729,4151.08141969912
"169",2595.66759246123,2635.12867829506,2618.55106987317,3296.67659783119,7991.69541448577,2533.60316509864,2522.52463054184,3188.04391635815,7922.67564451779
"170",2558.48495295151,2628.15002937657,2576.5510881788,3428.39208305597,8775.76405291568,2504.12157749131,2458.24701335063,3288.29000208862,8525.14842586452
"171",2557.57900424879,2629.27455832715,2571.95621759696,3234.25733234767,7946.09696718506,2470.12895629929,2417.75760077255,3064.72769682737,6976.70688526696
"172",2734.524132868,2850.59180956939,2723.89892140837,4140.05724494462,11803.6664531882,2655.16890403508,2538.24496383637,3957.16268112074,11668.0241626653
"173",2695.29290595105,2728.39256106366,2622.74522971023,3589.73211146534,9321.47163518286,2656.05449102795,2559.34356071791,3554.89537717806,9834.98849480383
"174",2685.26379525738,2654.76103532404,2565.17106931635,3918.55669297701,19518.4144384107,2600.63604745608,2506.6936753393,3932.93914557607,20505.1418155789
"175",2994.63492229049,2981.64501946489,2829.30295949758,4165.58784808629,16280.9741148072,2886.33250421087,2738.22168690916,4090.24115866189,16755.5997241626
"176",2568.9358432658,2616.30934540598,2539.78842874207,3426.19357172477,12155.0578621173,2491.98503649673,2417.22604202415,3314.4707936032,11226.9916537418
"177",2664.26732652685,2738.65109905746,2560.79886499876,4042.58821564113,17477.1713400895,2611.95707312763,2445.3101542168,3925.13491177328,17308.1834638514
"178",2643.03035140315,2723.35758114448,2685.14679058604,3476.38564172768,8386.50164387028,2604.76158026311,2548.26491341361,3399.29730610675,8855.12853528282
"179",2764.19751580697,2822.07472236876,2875.89909413322,3490.21758627323,6449.18549698072,2657.90774040923,2687.35070595869,3336.29772945702,6026.96328779266
"180",2638.45570750298,2749.3247198323,2632.9540213156,3695.38348080165,12539.8099254091,2562.3016318001,2485.06048443927,3421.8956115004,9199.83459562754
"181",2618.05914163731,2569.8832816652,2538.35497918717,2914.52933744138,3780.80494080153,2551.2600506603,2514.10594636218,2934.22709145665,4225.50192744458
"182",2590.5268599981,2602.55196631596,2616.42122298472,2977.03505227551,5205.73063278957,2516.42475353659,2522.78500753177,2913.22173100743,5364.1298932256
"183",2696.88905707154,2734.34811606665,2528.45097333438,3922.95064233381,14891.038863729,2629.32131509579,2450.68796043868,3840.96768186576,16524.2903529363
"184",2600.63810298366,2577.6836984582,2628.65481041312,2816.03991046373,3683.18201432162,2557.18185756917,2636.5264864906,2810.33711604269,4147.30311744747
"185",2645.19966924369,2608.35743291788,2538.93740873213,3330.6516976112,8070.54579075073,2579.74850839899,2502.88488306929,3325.83918657414,8904.42471566964
"186",2966.16386205632,2949.76872655683,2818.75144585368,4033.61920243706,30043.9336746856,2881.46385208682,2751.85337768756,4069.97157716062,43664.3826074502
"187",2874.60459279957,2895.94641888991,2832.05409764076,3627.20239585517,7662.62186602206,2846.83092694976,2779.28010658388,3605.83854258636,8560.75290745536
"188",2612.23450235047,2705.46641487052,2643.73550691606,3518.85784683867,7931.15542144584,2549.72886720551,2503.59866527507,3309.13124868512,7078.86578643897
"189",2700.32338782115,2732.03661914698,2672.5791327201,3343.44079300029,5437.15895324922,2625.31769026807,2572.26498667428,3237.38776732881,5221.84635058934
"190",2539.49439301501,2571.55385264712,2555.10246431906,3191.65598707732,5275.0112148789,2481.55602364754,2468.84963609995,3125.22490751743,5286.37975481122
"191",2679.71490554876,2659.36958469917,2626.56035669076,3266.16249435027,5491.82096498394,2651.43161665324,2600.64963441769,3346.70673264142,6553.32226856047
"192",2499.97717245496,2528.70335360313,2534.29929922554,3004.88162630424,5291.91396069304,2440.11796763752,2448.80851707509,2905.45724654638,5394.43338092748
"193",2954.78735692809,2845.25999524141,2688.97335789193,4346.09899453964,14769.4109859841,2865.55954671693,2698.0020954889,4583.92138992873,20041.3241594828
"194",2663.54451443645,2656.46055534255,2609.35405164522,3309.62783517433,10535.1877777878,2619.77960167333,2561.7322874909,3356.86089127504,12672.4761914282
"195",2819.32728819111,2948.013828794,2823.42087813594,4214.67907085403,14704.3157359258,2720.48694464151,2615.15014312996,3915.1027417735,13183.1477845989
"196",2617.70987824626,2654.86378882451,2621.89293302858,3198.59277476811,6380.99491560024,2550.94172034474,2516.70152172916,3098.20986893039,6400.88205130402
"197",2474.90326948643,2541.65356796333,2502.83115319751,3368.24749093894,11542.1476014012,2426.08432620112,2392.21957995426,3242.65055940089,11113.9370905753
"198",2747.81080659733,2638.94054984975,2627.59334803078,3028.37690727194,5304.62299666076,2699.25429015156,2686.49505004662,3157.61656346165,7584.42039696197
"199",2593.40130148372,2698.12089129251,2554.08091258327,3731.78214541565,9269.3035005363,2526.84074315503,2425.23808677252,3546.81374672436,8256.12923993531
"200",2663.70856670778,2718.36029255012,2778.58221415218,3061.56471901006,4158.02252474235,2599.14739460657,2649.01305991349,2925.00604082673,3860.76132999159
"201",2615.08555875607,2599.90091981259,2636.80440724149,2933.36509410545,4262.96681636326,2563.43899509031,2601.76927079695,2921.13588490622,4680.45210026805
"202",2477.66384369717,2534.52355030694,2407.82331257576,4661.35204578417,42053.8419520283,2416.04263408698,2310.44336734727,4593.98651675988,43326.8351014775
"203",2580.29384808854,2618.41210405721,2499.94277177621,3784.04919208668,20713.632896026,2514.60752417512,2402.95063506594,3706.72358791064,22213.0626030125
"204",2539.58210958654,2577.69824188263,2581.30329578424,2982.2322707603,4644.82737285626,2481.8217640047,2490.12315913954,2862.99835610484,4371.66730049155
"205",2620.97030836877,2667.54976469882,2628.66245053825,3367.41511333929,8725.1373330137,2551.6745935473,2512.54517721952,3279.12787984998,8968.67725534437
"206",2630.1236441281,2670.03098135389,2653.14798322772,3443.17344264439,10193.9975009368,2543.2990861374,2539.80853062785,3283.89448259664,9408.13589126196
"207",2667.09839588362,2663.43048052762,2631.23828341802,3268.91466285656,7540.89404910184,2591.59909472625,2568.63118740782,3201.35246151528,7292.69415353826
"208",2704.7400245415,2705.48658013228,2690.87314023214,3338.37873733333,7179.15161057707,2650.57454891116,2640.46520556751,3294.31386220939,7986.4359382133
"209",2684.87861000324,2740.05082217734,2727.62735650196,3304.76919565717,6970.48161226631,2644.91529077493,2630.88546298039,3208.48323212995,7090.52219309645
"210",2759.99013530723,2802.00381982489,2673.21168544557,4102.11468700135,15871.3183555028,2728.76083674801,2596.63793237356,4209.30342756988,18831.1650623333
"211",2834.50547234535,2900.6671520189,2780.9828582701,3830.92547166147,22826.2365532017,2771.15498076807,2676.77382082855,3684.70064219099,21268.8671415764
"212",2939.03818368618,2983.59119094765,2818.88162208074,4110.73990853715,22050.9620184716,2885.32365064151,2707.69365065356,4065.99749143475,23054.669628085
"213",2866.95377231344,2964.27024366639,2756.00467406315,4674.36055967305,26989.226301221,2795.06343860329,2620.7696227089,4481.80607834061,23207.7442232317
"214",2700.03253926376,2835.61882697393,2680.39734568094,4449.35258877845,13431.882889443,2631.1209379684,2503.17599299122,4414.05855851575,14543.3528885105
"215",2481.6227136525,2531.10497413128,2471.09745498816,3217.10753281652,7900.41890865087,2398.07146428848,2336.70626713956,3096.64223639563,7552.8107065013
"216",2699.70264934257,2821.94808965307,2700.8738833094,3846.1942937805,11286.1405365403,2598.00043755434,2516.35834053642,3582.62872036371,10193.8623491282
"217",NA,NA,2762.01148312424,NA,NA,NA,NA,NA,NA
"218",2544.35343269066,2615.74528216719,2541.94182875158,4018.09092883591,13378.7422393876,2512.68167306867,2448.28153569205,3976.43897655711,13940.6132425461
"219",2815.58078846009,2884.09831521692,2827.35915908948,3629.52863308662,13532.6514842143,2756.60770369561,2704.7558530177,3509.75321885982,13092.2599065656
"220",2787.4680743049,2840.89295867355,2798.39495371017,3538.06593369807,6737.83222962453,2714.60251548853,2679.30517215967,3427.96376985453,6786.29510735616
"221",2712.72735206452,2751.96586369898,2661.81709677102,3864.40026881756,16749.3997398443,2655.98020677078,2586.16774323185,3735.13651244333,16364.1175885748
"222",2586.00235422768,2600.93088578365,2576.82298927825,3302.52038944362,7845.56972001354,2537.01852645401,2505.56446155371,3272.3268342559,8565.27598246393
"223",2651.24438224878,2684.33618548024,2633.56950080136,3176.15116073822,5199.97180772464,2590.82114522149,2543.10114458242,3089.42057863464,5190.76549302608
"224",2592.70954328624,2652.59696918208,2619.04167409956,3256.550232286,7376.70560675327,2526.32268983586,2498.84561551141,3121.05021910814,6880.84422941555
"225",2766.39311531798,2699.72197191805,2643.99035114241,3350.72793219293,9723.91106347309,2702.29324598401,2632.35162481765,3408.57707684422,11861.9655026274
"226",2648.48237252739,2516.36217734731,2463.3238931532,3357.8267985611,8774.95608649979,2569.09899827114,2471.78957020271,3622.93299072973,14468.6235960084
"227",2745.17784759589,2792.64958649899,2711.70520423908,3697.3406291945,8342.11923053284,2683.41820913282,2579.67172457723,3614.43220529954,8629.03031947894
"228",2790.98444741245,2790.93656823862,2635.01044228421,4072.07652453431,25263.1736679425,2764.31895058104,2583.05328782752,4175.54843140437,31238.9922012875
"229",2624.76926107944,2685.00734707984,2518.80486662375,4774.17137544391,45009.9003398947,2545.05800156841,2401.96334659308,4830.41699503532,53103.4663716894
"230",2548.37572826171,2553.93930258609,2543.30944545322,2952.64125882348,4135.74490560513,2486.00962005499,2469.33048190644,2900.37596297516,4232.79680748945
"231",2701.20839962062,2675.18966264382,2583.83222162169,3549.34200033591,11289.7404665548,2672.22114524404,2547.67678452566,3663.61213986917,14013.9522663283
"232",2640.44489430642,2721.68791417449,2639.30427693358,3657.80709792324,9543.22392883062,2597.45771354663,2517.89970872996,3507.79500429158,8498.91323364849
"233",2920.1764430776,3091.5718993457,2838.86309603863,4687.61340212041,29242.0645505533,2842.34856699433,2630.73577792881,4522.25639259662,29260.4600864431
"234",2679.29698291858,2716.42611308118,2590.74612461593,3909.92038822298,12207.6866331676,2661.30742228345,2521.948557403,3991.2228400266,15677.5283814529
"235",2648.17639366008,2699.91981794552,2778.58165976653,3084.26990886741,4060.28959851507,2585.65973017698,2651.71511716765,2953.52109299834,3776.80474351992
"236",2608.47114403282,2565.93446654084,2466.8160714051,3729.9750818533,10432.0567481717,2536.32424575806,2416.86969078692,3980.92341198111,14050.1910405108
"237",2618.48554550474,2677.46881229701,2637.63638859695,3229.3720144237,5058.49404820492,2554.29068886807,2525.24003591802,3075.76926179523,4628.43042445584
"238",2997.90106387806,2970.51337510261,2783.22676572219,4196.06552338942,15175.4208101,2951.28646708245,2728.15602533499,4330.32354678232,19000.7990200029
"239",2806.7335485199,3009.84434598418,2882.71762775091,4152.57351721308,13442.5397610476,2748.41135159995,2655.19936241428,3778.18618702334,11085.533658769
"240",2759.93920128128,2900.15384104082,2610.67470583804,5135.41653773901,28062.5979639396,2678.82135123837,2456.05533324773,4925.64900282859,24296.0667255865
"241",2593.12228248166,2668.97972104129,2572.81588489062,3872.95644650131,10395.1255022719,2514.67696403451,2423.36064288335,3767.13082513517,10637.1957567978
"242",2572.9736891942,2582.98303252173,2588.81986376587,2967.21940272377,4898.46355560276,2501.05492413729,2512.64428647922,2888.88710122168,4971.91326615954
"243",2588.07285279646,2946.27320924822,2645.50926855468,5014.59916333854,26194.9169494215,2549.2417729793,2389.51810447811,4214.55756802336,15041.512304807
"244",2819.86708158964,2845.76238392746,2745.23179367159,3514.68124188583,9874.56404089087,2765.34541253992,2666.54791322362,3436.74123152272,9775.98430296393
"245",2593.73805144653,2615.83300894623,2587.10888895844,3150.4468676386,5264.79332979473,2528.58652929924,2505.63395868455,3069.75919656463,5253.47297975374
"246",2705.40334691231,2702.77766469224,2684.9865171711,3193.23184610381,5878.47738091457,2646.06152584926,2629.7994812937,3153.40986696876,6336.66330099111
"247",2700.61336442523,2714.82784992312,2644.95155878827,3470.99323269204,9781.95168402255,2625.52748645094,2552.84060794696,3408.20838872371,10381.1018935285
"248",2536.05187010736,2567.98312398126,2601.71055808768,2844.66783519992,3923.13942173014,2458.59028578128,2487.12878547312,2730.07426706159,3740.63301352299
"249",2681.23263215631,2722.23391198103,2665.5921503634,3549.80280605894,8279.31640613625,2594.57123126808,2543.20434305882,3430.64845923109,8092.11548489138
"250",2555.63487052994,2546.80753748767,2619.33498652843,2802.88477720602,4004.13239064346,2486.6070325123,2570.95670267056,2743.34006008927,4098.78083443944
"251",2543.74591605173,2450.40870382056,2395.79146021479,3425.89258591173,6646.24812944708,2512.40578881599,2393.6687864085,3944.59564583888,12716.5999774814
"252",2787.73374362372,2952.01685481605,2854.88401980219,4240.52916973476,13544.1787540442,2684.44036891933,2612.44715064555,3883.3421553083,11619.5218113605
"253",2728.09400628834,2724.89712285158,2656.16954726275,3722.1001488438,9754.33146945604,2649.2844593936,2569.43968709466,3676.29941405217,9873.16047894902
"254",2534.58682395587,2542.27505726385,2489.26274955843,3192.12896631997,7177.04771237122,2491.19364333602,2433.1865394569,3165.16171392809,7781.63175608466
"255",2660.22198778938,2785.73063882983,2615.01440801919,4387.2590080761,22652.8841516475,2561.11157154176,2451.91884646907,4023.75481436026,18711.4498696365
"256",3106.37219886694,2811.29325227917,2630.70585773727,4054.80491753962,11017.6128063494,3106.32922698935,2797.06049680028,4778.58422462291,20157.9217662573
"257",2671.32421309678,2757.69481337596,2707.13168646619,3577.75660687876,10495.2055143892,2600.8945435643,2557.17244955365,3390.47483036852,9660.4995036627
"258",2950.30702390151,3014.7968992555,2704.43598068781,4730.57287230251,41054.8489044036,2903.06932477042,2617.27315573441,4737.68579365409,45297.5287940646
"259",2689.33408633141,2933.5798932262,2719.55764649894,4344.40535966112,18903.2338489795,2631.99418108094,2480.79829289335,4011.19250073,16066.7952926652
"260",2556.40385443497,2581.20227789299,2535.19489063913,3252.66122783812,6239.19354286242,2510.35879639598,2463.93059832057,3205.79309382482,6749.29697095808
"261",2874.48668571207,2920.21749236823,2717.95705276821,4579.17981659675,43621.6940134286,2889.11978992263,2659.1443828154,4686.15274956413,54625.7624433824
"262",2974.71810190323,3160.73527301091,2896.69205236784,4587.67621222715,22486.1066770508,2858.64610411459,2646.42358784035,4260.05955021018,20887.1947289853
"263",2592.08293226486,2614.3059104028,2590.22760282329,3282.4681753448,7029.08263950112,2530.68320758457,2509.08554098591,3202.1687818199,6916.81718595488
"264",3256.85089252067,3100.42139128139,2780.05644377542,5048.04433199387,33911.4217516961,3161.31295912322,2760.3572882433,5561.33795059649,57398.7886152363
"265",2645.9902942995,2551.5460290793,2517.27742735569,3004.28652871093,6494.24284178324,2581.59812837296,2531.56728032501,3103.92605417924,9262.33315199322
"266",2801.08064442786,2838.22275652509,2899.40487091878,3415.9536282248,9193.43058004485,2685.69439698537,2748.18614373882,3268.10796210633,9265.4587712425
"267",2602.60407048102,2621.72293646107,2586.52203569805,3518.79829606989,7835.07741599384,2551.03669234553,2510.20217649581,3535.50244181923,8786.54651987254
"268",3470.11169400987,3552.23164691944,3128.59189594354,5590.19693337823,127865.468180129,3361.48379239414,2958.17747726894,5559.26650426403,142367.360024191
"269",2767.51323074525,2543.1861711603,2462.16859969988,3238.6242238749,7049.79236198332,2738.48805618702,2574.18155655738,3648.48760082983,12084.797512413
"270",2811.47227257788,3227.18329592967,2989.20609856737,4795.8016321665,33965.4773414317,2722.24712706522,2559.74699726469,4074.36253595335,21405.2687813737
"271",2609.91280477082,2724.41639016315,2603.56043829432,3794.78878951727,17628.3198188807,2551.43402238047,2461.09046857602,3577.52178293601,15440.3166167041
"272",2533.17469784471,2603.05188813091,2524.0545016457,4067.17133123442,17418.9097235875,2453.77579140971,2397.74009581353,3897.47011461812,15905.3532485144
"273",2781.56259181114,2912.13181374377,2723.95183934806,4340.08053472281,25804.5946817131,2673.67870484499,2537.59075191183,4073.87036706369,23227.8945979001
"274",2967.34136494585,3074.21069931548,2764.50662052952,5612.31605790659,48729.9154715939,2868.8388141289,2621.20902881464,5306.08343601013,44947.0941477009
"275",2575.12277462775,2624.78895281527,2527.31608812348,4216.8671597971,23195.6054445636,2505.56685666935,2421.55956752888,4139.09591417159,22412.9204444974
"276",2876.20317900891,2960.51840916363,2875.5018090472,4081.76746388912,11572.1346753406,2849.42333909636,2750.86198090676,4082.37113005303,13973.4393046153
"277",2501.022996976,2542.69284636052,2440.79495795385,3884.69328160447,14600.2767431607,2457.46957388369,2357.52362724151,3835.78253676522,14859.9259572557
"278",2778.96565805622,2763.59995063202,2785.15711107929,3218.11439190296,5135.30233163653,2708.68158842362,2767.95073194682,3166.03995013012,5476.34418641892
"279",2684.05152895017,2704.51218868459,2664.64799445552,3552.76593186824,11000.7761019654,2625.44764913402,2574.6932554072,3565.91725941303,13024.2164265961
"280",2875.23269733847,2937.21144335857,2766.4798444121,3973.60771422633,12787.4117602085,2806.17983010817,2647.80510956791,3864.33427394099,12584.1293936124
"281",2734.70682053633,2803.70237559672,2712.45153907977,3654.51816068254,9516.6279587109,2664.40005728483,2583.0657027241,3512.47840760854,9660.26394387904
"282",2770.74003048052,2850.97481520585,2853.19002751831,3451.98187836343,9809.07695772651,2709.70061811225,2685.54875776351,3326.55279886004,9351.26671203766
"283",2686.98724519186,2701.3337619503,2618.30092238914,3733.15749218156,12691.0985839957,2603.07141318982,2509.91780909625,3816.00291271211,15580.7519551758
"284",2590.04024063722,2644.80659871923,2580.55973065709,3583.02250937082,13354.4228039704,2540.78245333765,2485.91984912107,3476.48511604475,13580.2319368883
"285",2845.48136469965,2825.73704141217,2716.87357107165,3875.50297334815,12420.6092379512,2790.48145228207,2670.20602079152,3887.3213958268,14789.6455710122
"286",3057.04779958698,3218.49452056653,3054.61964492969,4547.74985829917,38746.631833596,2980.37259234463,2843.65988692252,4246.18835995683,32673.4479056474
"287",2455.4811459728,2402.43813467056,2387.99673272996,2889.25441424882,5499.46949325032,2400.51262263139,2380.37482350421,2948.71215907938,6517.32774200287
"288",2766.23714274518,2680.63178367898,2590.70427436282,3654.9304992212,7375.3720983622,2713.55216341127,2600.91609973854,3835.29399412788,9266.3549584601
"289",2578.86637872891,2569.98413689423,2549.2150320367,2872.69578181111,3529.05566279329,2507.15371799551,2483.25658461029,2819.03718131486,3519.74184633686
"290",2651.08789137607,2614.02075192793,2512.48245860583,4002.62549320677,11644.3831543707,2541.45477274938,2427.13845727357,4105.16027465292,13865.1379902275
"291",2685.064854263,2691.699019157,2622.45081438539,3700.2352529066,13313.6070393901,2628.66058865972,2548.40793241011,3763.91934234956,15994.2627011119
"292",2529.79497245937,2572.30417054575,2575.28320859004,2820.00570367789,3282.24981597726,2474.13575686589,2478.08973799398,2710.43776465742,3150.39895603835
"293",2846.65500559122,2903.31862088554,2740.42689196451,3979.47691485207,15178.0478310741,2756.33485220175,2614.54047634084,3818.35746109023,13714.5797816975
"294",2645.83460854401,2684.01933859535,2702.67568988879,3085.53055557909,5307.9009257856,2583.37537350361,2610.93923887408,2982.84440514408,5341.54722002645
"295",2715.46719424454,2746.15640264174,2733.05426662512,3360.07784771804,8245.78738130174,2622.80995321851,2625.22116793833,3214.28610599848,7336.55024616573
"296",2594.05264046399,2585.64610539305,2581.70679369282,3113.07939033402,4720.00604654508,2542.12962157751,2536.58015339943,3107.30663185338,4971.51780796403
"297",2741.97350409025,2961.18742041278,2669.70318170316,5407.50068376624,38583.5369117005,2708.28963706469,2475.89437279664,5312.7613629529,42112.7985912926
"298",2676.93478186927,2793.51376343448,2608.68572495773,4467.40051145396,28248.2088480168,2619.31827266865,2471.85104446518,4361.10594953894,30637.6747880067
"299",2658.32306417317,2717.2170877007,2655.24659548404,3459.26617153155,11780.1417632237,2580.64947493258,2514.31503028499,3349.88028613389,11392.3545711229
"300",2557.01371532376,2549.43151093332,2549.49588866129,2914.82143642103,3850.50683172097,2501.80760082723,2500.08707762703,2916.6400012397,4312.39999635198
"301",NA,NA,NA,NA,NA,NA,NA,NA,NA
"302",2800.41508503622,2670.06976095255,2567.48662051697,3752.31480489325,14160.979981031,2713.71128967609,2562.46514333652,4136.42976571448,29468.7010502772
"303",2478.56360177845,2543.64446060204,2448.85277739672,3518.74210397464,8815.25769992572,2421.76936831532,2334.13605829242,3433.85488834868,8922.02476906735
"304",2654.54864551309,2711.49582564074,2670.25889635428,3382.13076002184,9041.96749749637,2583.37350566214,2549.10884770591,3230.7496373275,8328.36761326209
"305",2705.37044072137,2724.27938509339,2621.39838879645,3583.40245716629,11079.8665954626,2643.59057651765,2536.73022010294,3553.98752607803,12285.7797231195
"306",2902.25618326222,2788.63848328451,2592.46376815199,4044.86185106679,19414.0148981786,2835.34931097198,2592.90771399413,4231.31379279077,24045.8932408164
"307",2676.22359524568,2819.53623251043,2675.76964913678,3942.95812539987,11710.8350083107,2627.46334060248,2525.91157112756,3709.223977883,10402.094331306
"308",2602.00315995939,2615.94994918414,2580.79502896626,3306.1146766297,6289.99780922078,2554.73807934457,2522.88359848284,3286.4496796431,6607.8370364321
"309",2844.43124569249,2763.51425065489,2591.50999503927,3874.83903744593,10055.5109848584,2829.37034376401,2612.49358771149,4137.31417064339,13711.3434764898
"310",2670.07880550332,2585.82748595198,2500.80714597582,3878.93532117079,10925.9541852114,2593.0220876256,2455.23491249773,4266.0222192401,18928.1718059416
"311",2677.81885453654,2844.56399953947,2644.42330541908,3944.99012405019,16620.6893848009,2619.49100377585,2446.89755912695,3712.75177850235,13992.8295676561
"312",2502.58582162242,2597.95057368121,2489.81789033878,3622.39261813354,12901.1376682762,2437.02092135017,2359.75574922419,3431.22797040573,11237.615415135
"313",3249.96818271769,3271.95638956845,3357.20793018515,3990.50923708694,33105.7602241556,3137.00537192176,3176.60027401666,3889.47611750796,33210.9403008121
"314",2666.61767274021,2616.70253294454,2584.32582603803,3038.37627099763,6263.75968164618,2578.7289999198,2526.03931820106,3057.06241766471,6482.03113413515
"315",2796.38074828195,2602.32788142399,2545.1770938053,3411.13449071977,9763.61736083628,2701.30578662339,2592.95246038691,3702.34536983358,17244.3618432546
"316",2622.07257463388,2658.30393105659,2596.09214335252,3388.45125779999,8632.29983343789,2556.91917543027,2498.11002462459,3322.12084236083,8917.15339834824
"317",2556.52103363803,2596.02717946195,2615.65231392992,2908.3056439947,4020.78130915119,2489.75491017476,2508.69585434162,2793.13667026239,3851.4560980098
"318",2539.34410147268,2622.92937682543,2547.08958462094,3627.29688702456,16140.4593245531,2457.40400903892,2397.83594352112,3451.43275001295,14163.9961366916
"319",2673.02512001367,2805.04152410074,2630.8536131551,4137.79409273313,11468.4605516249,2597.82768941967,2472.83194035808,3856.22528321504,9806.35251423065
"320",2721.73398448291,2722.71020377987,2618.42297722702,3730.44171735991,12353.4543717815,2659.45567099046,2548.47530020664,3718.32410586891,13031.2460992532
"321",2782.28419231656,2685.45452470646,2577.14769757457,3736.07014168468,18080.621526115,2701.10967072095,2579.63997003948,3868.12225528916,24888.5998775572
"322",2802.92530094635,2847.30917733672,2844.68060113936,3391.09772430345,6479.44748627075,2747.85512924877,2740.81278506391,3290.98902141943,6017.71003959649
"323",2676.32526268936,2674.83854696689,2604.7500048036,3473.42034726461,8924.58949994255,2621.67350582204,2540.37357716579,3478.64553640082,10125.4791278946
"324",2767.80121492882,2735.86202870803,2690.44387840617,3482.28886329367,7554.10272291488,2675.58658677024,2608.67244821244,3488.97231850249,8600.3462998755
"325",3328.81919243882,3567.22825501229,3281.7252085273,5346.31095283537,30575.6807869336,3325.82028357122,3101.67977367776,5144.35080551742,31865.03311209
"326",2536.65040175279,2556.01386710816,2519.28352901596,3039.57727917313,4711.76422569957,2472.11522359548,2429.78304413862,2972.31959126137,4736.95724308823
"327",2601.83732097867,2680.35263640259,2599.01621313791,3664.89293215742,19937.8191882724,2545.13641432288,2481.41924871863,3471.50548852111,17504.7377946908
"328",2767.69759770163,2888.47522127076,2866.833588121,3691.73646347052,11978.2859312022,2706.48049504204,2687.20206005646,3473.78306092267,10260.4400194446
"329",2624.57701852974,2586.55764709175,2564.53292432057,3027.35458096232,4653.08399501078,2543.12767255361,2512.94368241288,3029.29762847023,5177.58075909746
"330",2705.27504885922,2742.56468820455,2779.61445505446,3270.67967672712,8590.14376407293,2627.45150871517,2678.54691294595,3138.31769791758,8015.224792681
"331",2722.76386818017,2742.9049344732,2641.35371939357,3655.81013455121,11748.2563939845,2661.55249508842,2563.61931313382,3576.3489181837,12322.6053335811
"332",2484.73649393943,2502.71895553148,2498.7673419792,2798.41798244349,3841.36222612993,2422.22962174282,2423.29478990083,2716.0023464334,3764.51019353209
"333",2832.69368662756,2866.48656595575,2717.59389353527,4440.44071334495,22559.0368122434,2753.08388100396,2598.61571976692,4438.68432677238,26803.4894086787
"334",2603.14677367906,2587.1379188892,2568.049399077,3128.51630262325,5818.91574874713,2535.3870310942,2514.70443537494,3126.92670015126,6451.69040890725
"335",2633.52524891331,2645.96758600735,2626.36342980366,3148.06002443469,6372.23609254095,2578.5124147003,2559.77396565941,3074.76035173443,6523.68474650959
"336",2623.55949226359,2957.91916557719,2644.67454763413,4937.63879695119,26705.8910825233,2582.78776129381,2393.1393472242,4332.90379640533,19796.5603886588
"337",3029.35594982242,2947.66606940813,2705.17467259351,4509.24067523683,18176.0508683957,3032.94287030626,2713.92342545087,4974.28986093107,30257.4686324354
"338",2589.70458078152,2645.19725542457,2651.72294099434,2967.82162252953,4173.96267366445,2535.54405759438,2543.33986264503,2854.32996575209,3945.1674086686
"339",2713.22931534491,2746.75497646165,2647.73485623376,3863.21765581098,9438.79311219706,2663.43820647385,2570.71338662623,3816.76667940423,10297.5521787691
"340",2716.28056245492,2739.4816929465,2770.82237098979,3106.51413221763,5071.6743207036,2647.92061218053,2663.88512155428,3023.18163865345,4892.01208779004
"341",2643.21766111507,2767.95920800543,2629.70877324597,3751.75016483173,10771.9952836449,2681.72574477524,2529.39888455237,3707.77678521834,11176.7638587036
"342",3058.65442109229,3081.08439227374,3189.28465844603,3972.66177667155,14049.8062159386,2994.49256847397,3068.41539617729,3953.04033375112,14513.8787140693
"343",2499.34142126914,2497.13820305395,2484.8677309497,2871.69068351331,3401.35992183118,2459.60656526181,2451.61932398989,2828.76469367824,3479.40212556889
"344",2593.90955570527,2623.41653937527,2481.46705180071,4226.99850418297,14401.5231494758,2556.53444279302,2401.17386007802,4491.35040484929,19931.7511241803
"345",2729.70109743461,2774.69276478079,2645.95536971389,3609.05962714335,10429.9699368551,2647.77875540332,2524.83356688772,3536.41028178755,12280.4135215819
"346",2458.66751336288,2489.03582085658,2487.94987991376,2873.9619695199,4018.58547761337,2401.07708444266,2400.00717150047,2781.42072950326,4015.70997685809
"347",2770.0556995581,2831.61024997199,2560.95407235881,5094.41064027332,46554.1396863816,2689.66211216184,2438.86005985369,5187.9418385427,50599.8797566808
"348",2764.81830552935,2729.05894847365,2663.26043734051,3395.6517338856,5804.47669898079,2702.79871676337,2619.85120859185,3448.10887410892,6629.00103637183
"349",2582.92123708411,2640.71042256937,2615.19906134318,3200.50016699278,7821.1321626178,2518.7821895644,2499.63329002183,3062.09084146822,7272.22415634794
"350",3809.61732579656,3488.02931659926,3254.6111584725,5239.71474495316,53844.518875671,3840.77400951015,3505.53218722024,6125.9726446433,144372.504610834
"351",2930.670832906,3068.44983070139,2976.81250534801,4121.80158603578,15761.8752051135,2884.81955585645,2782.73912290716,3976.87719188312,15529.3589265751
"352",2706.01062248044,2716.9955403911,2681.89464746285,3473.60673637592,6640.44242093495,2654.76048818592,2617.15283370983,3455.12121813452,6971.89020650639
"353",2762.09162306685,2795.11295102122,2721.00518135954,3804.42921064644,16744.5025834746,2677.69212622292,2613.48958008653,3671.29291515168,17112.8169502611
"354",2508.30266667731,2479.99177115924,2425.87587630293,3372.95994146707,10622.9286810396,2480.38516129679,2402.37036339901,3521.4800607443,14774.7673829346
"355",2824.7272096354,2832.3772035434,2762.46825667149,3973.00023235044,18710.1088221155,2776.04223621596,2698.45961933104,3981.80818809878,20305.533513201
"356",2598.15332823138,2578.02201044927,2565.27753847295,3055.18840795189,4912.7336861672,2535.98235979065,2519.54580629636,3051.29349010849,5437.16483323683
"357",2772.81444741523,2802.19862909966,2807.0148953806,3253.25323620981,5508.22552223299,2694.25229226105,2692.21060487093,3149.30074464341,5302.79921875752
"358",3002.30751400266,3150.10970509472,2787.35621858984,4696.33800785815,30018.0485352367,2936.52760066703,2636.43239744133,4403.11611129839,24054.3764040751
"359",2627.95757866527,2645.79345341326,2595.07348500316,3178.71619756979,5128.69332228052,2565.57089395966,2516.70657642061,3113.63786229474,5259.07858814185
"360",2760.66673106278,2656.59387709403,2657.22757930551,3163.05118318781,6848.61862741182,2693.22326649704,2691.07579513553,3295.41854254961,9958.39066527499
"361",2603.73096262209,2582.14652040575,2525.39762809422,3099.45685618638,5570.98944856996,2531.56238468266,2456.74365834172,3102.52907885101,6283.73979510532
"362",2930.41195525702,2980.52561215782,3006.40994915893,3696.62801559219,7194.57445352586,2879.16802007651,2899.27180810715,3613.73023213669,6896.85164102077
"363",2688.15455528829,2726.96768542666,2653.64186260941,3583.0273139941,13094.3775534928,2606.88540349478,2546.01332992045,3448.28453467879,12552.0196471672
"364",2789.2714304704,2910.73355320521,2879.81869414838,3730.84055094205,14142.5032623272,2743.4761520174,2724.99367291513,3513.7202295439,12334.4250216639
"365",2550.40044643435,2566.45883516203,2520.02424962466,3329.84636348556,9430.923142573,2490.22716633214,2441.42046104044,3273.93336583136,10197.7201213622
"366",2546.38289558235,2564.61015588642,2485.00470714824,3524.71204463434,16448.614275422,2467.3312840474,2394.52496571546,3420.04891428824,15910.6378568332
"367",2573.21470397194,2593.63140757916,2556.05369754891,3551.82512279538,17380.8568221317,2515.72007765173,2475.46400136092,3526.3654191026,20246.8377202885
"368",2590.46058065301,2616.70249645723,2650.25860382715,2906.23691725588,4283.1071825332,2524.47921924823,2554.53067493422,2814.32918457442,4181.51527406765
"369",2491.1383529945,2519.49042168096,2509.67415198639,2955.14369578018,4016.3736088099,2431.5945417259,2421.88612177708,2865.53391517477,3849.09120957732
"370",2576.00617544046,2669.37405186601,2549.82139229939,3895.65722963906,18076.9387435022,2476.50237528933,2382.94651148913,3650.9850215207,15026.7392337322
"371",2622.14283338294,2686.21658266217,2656.03253151158,3532.7038901937,5875.41563762638,2570.57112072344,2538.62589148905,3379.72783459206,5652.39759094984
"372",2597.50203931305,2608.1734539053,2605.16439568118,3181.62734967101,6269.64643108483,2530.700873155,2526.31182797463,3120.29613093121,6630.66955181421
"373",2604.70549007533,2815.70092070051,2651.34499682676,4744.91538438063,30383.5554447653,2548.2277157606,2451.11151770676,4312.13268880414,23263.3014695173
"374",2662.2190959904,2704.46351533954,2587.10009020114,3656.66644736429,9581.16235365218,2601.32026624583,2482.63236764818,3625.57854626069,10276.3286969218
"375",3191.22633275341,3442.40515769373,3392.61417818337,4342.23080812239,13213.8815731885,3090.47006221745,3083.73780771239,3953.07931784095,11867.8653211772
"376",2568.66945954757,2623.20482822577,2628.86596534568,2998.77504140161,4462.16951210672,2500.22947337826,2508.1426292229,2869.3708791026,4260.83922176275
"377",2802.32429391279,2916.57267392933,2672.12555978832,4527.64258874912,22508.8802865199,2713.04675791791,2525.57432798885,4319.76061995755,20613.0726254696
"378",2672.73725874358,2685.19896932852,2749.58478265327,3044.83238030575,4681.44527292998,2608.37961152836,2677.5171599029,2982.00584236295,4794.89502787147
"379",2670.12419221705,2764.63617876607,2666.335474416,4185.09564751842,17520.3576914683,2624.07913841594,2541.32641554625,4080.18706812835,17368.7436856784
"380",2694.72570396752,2735.18564989683,2772.25644369068,3283.07659185686,4640.07914423156,2615.73907061008,2670.50400766014,3139.5098438432,4555.22358399679
"381",2467.32040896822,2581.70976631669,2499.31827703113,4097.42119123619,15016.0791791835,2406.02185995073,2357.52902869721,3843.74494228026,12882.3253599446
"382",2636.09460653477,2771.70454118417,2632.73487020976,3867.24087825031,11781.349735905,2562.03214613571,2459.80392615449,3579.32991242186,9757.21855100859
"383",3014.36308020176,3196.86678895614,2956.62225052031,4890.7280088774,17856.5852867608,2873.55877134856,2701.11590842822,4497.63249343017,15475.9022854634
"384",2579.90815910434,2605.78454613467,2593.68527870198,3033.97891874886,4546.52130788118,2514.52216428228,2504.43072558565,2935.42013198955,4444.84597528291
"385",2535.81001752018,2595.37455064019,2555.24503703317,3396.90819834948,8619.45085853822,2479.6106610982,2446.93573444594,3285.51402834437,8262.90942024801
"386",2641.86103452814,2644.76962967329,2653.35708934501,3055.93281275669,4291.7414871337,2598.18309527371,2608.06223950377,3022.85895308445,4620.01167380461
"387",2763.74104982998,2915.17150888475,2725.72842336614,4258.16862106457,23212.4876961959,2682.10569545029,2539.31080292507,3993.96091126506,20446.6939833331
"388",2709.95254094388,2694.07121885604,2549.99368209827,4538.1102414115,32035.0773067819,2668.4864893648,2519.62275338041,4704.85623216754,40769.7912727114
"389",2642.06214411882,2696.63060655358,2630.33513095068,3536.44127219373,11123.9245734976,2567.04184523583,2509.02092470742,3412.5634063341,10308.8273742681
"390",2670.31935679548,2668.99105795287,2668.29249489396,3206.67474729999,7427.54372017253,2611.12989645987,2610.89799980367,3161.93023457098,7993.51479071306
"391",2712.60922245924,2757.55746799355,2654.81253622038,4050.81301275847,17030.0365650573,2636.00702868784,2547.01288619709,3968.65589199109,17894.2791608113
"392",2728.77042045195,2782.76723357972,2640.48944617914,3827.65488353152,16811.1987880072,2650.88117019923,2527.31993636553,3695.48802497325,16717.3070500209
"393",2610.55665726798,2637.32074613534,2667.79099054349,3074.86622352932,6618.31586931195,2546.08057486086,2581.46556262444,2996.133824093,6837.0275802375
"394",2606.23384298393,2620.55267919387,2607.82276427164,3163.20054183938,4955.75312619722,2550.41850879174,2532.1723297177,3153.6895133524,5408.64043273079
"395",2562.0900623543,2552.51260767097,2526.57013496787,3402.64127418207,6161.773664162,2531.08743809956,2504.25200775729,3473.24713616638,7684.8265538491
"396",2674.62025500143,2724.85526869991,2602.65131122679,3279.14934051683,5244.55686649392,2583.37299654062,2490.10070502661,3108.92970187213,4969.30017740719
"397",2524.01931482846,2548.63964348169,2565.29712931909,2825.3195080983,3348.99919397952,2457.05145851458,2468.17776520415,2740.47019887264,3257.56903247754
"398",2706.5557771156,2772.15876641196,2702.02839343115,3581.47711167736,9979.76048473927,2625.07638401451,2553.30036502727,3441.56894280822,9281.23578459151
"399",2690.02254285927,2617.41576030197,2600.62798500146,3192.82516891861,5177.53982032643,2624.8338545843,2586.51017709545,3295.47674984639,6454.64467168863
"400",2722.15956535323,2777.92872562385,2791.77611116815,3328.32947388947,7498.71752333147,2667.57327202748,2693.07983791162,3192.87839300343,7296.90128249204
"401",2705.93807311259,2768.57341596642,2569.75248159629,4139.93887009389,27196.2437723961,2686.90477083203,2482.10811103929,4153.83290617097,30324.1314487725
"402",2566.78014980668,2671.33066715471,2623.77222501404,3198.29385320187,5764.87401860233,2493.1532241334,2453.07512308064,2976.70221884935,4926.74156125861
"403",2646.01906068907,2612.84812422703,2598.72846085194,3080.29472115235,4967.94340650706,2607.21468432262,2593.77318226468,3122.79516379424,5647.34709930117
"404",2661.78745443285,2745.25695051912,2648.89585605035,3664.36867096105,16842.8697091912,2610.54813100362,2520.57029879794,3533.48903080162,15546.8068703244
"405",2729.02128399913,2748.15363729607,2674.07654589635,3556.35876362917,7333.71081346311,2649.6499594236,2576.55960553756,3488.48244873896,7301.45641719113
"406",2931.70755178326,2764.99813239132,2639.2970291894,3652.23247665255,31856.6773992609,2806.81205896844,2639.0565350827,3862.21567284494,50041.4469979195
"407",2538.5896301446,2565.75647376435,2546.38603583972,3033.59125344338,5447.16257355774,2471.99064483389,2456.35521756297,2947.90876445051,5511.76440084893
"408",2617.08088089256,2450.22467197524,2439.31975059061,2840.06390893461,4647.00357698446,2567.70947525135,2529.02239404391,3073.85529867685,8658.53869252752
"409",2811.94857597903,2790.77415622144,2643.31890081589,3894.47133325036,16256.3124355552,2731.05143911181,2586.19601428197,3908.45478882748,18338.1254013458
"410",2742.64000366912,2785.70257692085,2710.18144385665,3655.30382881622,7384.87873608296,2733.82521331647,2667.61813581885,3671.7956765895,8540.46305445511
"411",2633.50225500649,2634.79818571076,2603.63343744639,3259.86099751264,5105.45616419676,2549.88100812592,2514.26391518267,3239.79984816552,5544.17764790403
"412",2848.45555338926,2876.72501474927,2736.47052408956,3735.34754148537,10563.261296958,2761.82877186278,2638.99145891755,3654.65969019321,11069.7803128208
"413",2590.74961220589,2648.72505691136,2674.58429924012,3121.48069119727,4313.60166388322,2551.58974469153,2583.91337406166,3014.94183372999,4366.2408579811
"414",2652.51801153302,2723.8833357074,2706.11382171436,3456.22654259829,10911.2394686262,2609.16707931212,2595.46701967635,3334.98567921927,10578.6857164182
"415",2728.48375069008,2777.34788775582,2710.23877515396,3741.80362694337,9555.16077577731,2668.9738340889,2597.96031558864,3701.9649821039,10459.9794003458
"416",2589.01341036218,2634.76723349758,2663.40383299827,2985.02831010581,4241.89040493973,2516.99774458942,2543.65287053099,2842.80233368473,3954.35513938005
"417",2781.1484647243,2835.70420207831,2717.7248904413,4003.80032265373,65910.7253435079,2727.0867880359,2625.25989728509,3888.63569827892,68104.5688924947
"418",2554.87981575291,2685.33965294601,2558.34682967904,4557.18342156663,15798.4654166783,2500.73199999452,2416.00972251313,4305.77098503351,14241.7254724764
"419",2794.84465819574,3072.92635206003,2850.35152637691,4348.48790438306,11063.5498561688,2805.40791599034,2622.70663860683,4035.65731364265,10137.2194589165
"420",2459.2572116684,2389.39798832308,2392.36563886358,2876.1565420756,3938.04990366863,2404.74571454078,2396.68678540622,3095.15415331549,5690.48355056682
"421",3206.51095125313,3203.9913910576,2905.05578162602,4749.95859891733,32264.2637694063,3137.15597613221,2794.68958868074,4850.45487761068,36680.1218906699
"422",2632.76886484978,2631.86147745165,2551.81695615962,3550.25914073178,8457.03039610241,2567.83589445153,2485.7792560853,3509.75496409628,8990.46524310192
"423",2741.38845762758,2747.60370404698,2564.09946364532,4379.00664412893,27016.2616834604,2637.98231521279,2466.24092704894,4299.88959724939,25507.4547249952
"424",2541.32706875874,2638.58051177735,2536.01390857264,3569.98695808324,8240.08564135421,2488.15555006407,2394.07662248709,3410.94479787744,8053.06482416402
"425",2630.26079819339,2647.05265714823,2553.840578583,3156.3971890836,4770.08275296593,2584.08419531999,2481.90216352023,3131.29484949667,5010.54270071138
"426",2715.39711578983,2757.42842759116,2622.25115532508,3767.10630476221,16858.3034505795,2645.49588926905,2512.6680129536,3710.78573165009,17660.7709763346
"427",2807.90935634023,2821.60439276804,2850.86475827059,3514.75604988659,11135.2782244295,2749.52219192872,2799.1789033849,3455.69925761941,12749.1130725007
"428",2831.67127222188,2848.69546191138,2612.04387419465,5444.23849210617,73945.5766493289,2751.83125402458,2521.44040380372,5719.88116381061,93075.9254948366
"429",2469.23650906714,2541.2374997504,2487.7849533632,3105.02609477032,4581.93206476629,2402.97543771092,2368.80271895863,2908.91542783448,4097.84234698161
"430",2784.33030369345,2760.43922792405,2638.27654758991,4131.38860993862,11865.2515243131,2760.75066401213,2603.70773944007,4475.49072679728,17628.6718752714
"431",2641.36698024195,2657.8940411458,2516.87850461574,3849.46656554226,13372.5668374877,2578.71135110274,2430.1995459736,3852.33716920948,14687.7373690184
"432",2993.16777219932,2983.86727351184,2804.52446772169,3895.55831055977,11463.1491573487,2924.60267448182,2762.1177413135,3833.30270619748,11701.0277325008
"433",2527.71227898364,2780.30727032105,2560.78373680668,5118.90719943442,46678.2193907748,2469.70952869831,2348.94641145452,4467.52054716777,30821.077776335
"434",2615.71255313311,2670.13121734812,2568.50518801653,3882.9920566204,17094.0457876134,2573.97153376874,2476.38490974523,3809.52659039191,17399.7638248735
"435",2824.56722825831,2727.14862113088,2637.0662763059,3734.06202940618,6889.70704362558,2897.49961763407,2737.64304500416,4108.34739947113,10030.458977177
"436",2625.37463892507,2736.29508607085,2637.70054311039,3323.84446898964,9289.50615471573,2548.12501829787,2468.82183688793,3125.58503835806,8034.7643945845
"437",2690.63500184964,2675.91882129342,2624.22005133321,3496.9560171778,7549.20067648403,2612.65421415773,2562.61660440805,3451.04710329831,8084.14774660173
"438",2885.09093525076,2963.7100046437,3004.27775697572,3994.17429533219,13204.148459732,2812.10251544249,2882.14922242478,3845.29480032341,14517.9355247791
"439",2629.7701699925,2727.34488773502,2672.22128731506,3426.13944212198,8521.01770798766,2556.92765530579,2508.29325868594,3200.46089407207,7125.70647002523
"440",2627.92255393779,2584.33433476648,2407.27175702292,3590.33050436122,13478.1206700708,2608.64196132425,2389.85819834155,3725.23790868748,15668.9782787589
"441",2657.23218451638,2814.40540724707,2626.91267624033,3860.6086451866,10405.6897576318,2607.01121266199,2451.52256549186,3616.46681378604,9239.96284088585
"442",2785.00716847216,2789.54931440163,2687.47085280735,3661.24117364288,13173.2432726592,2731.34036359755,2622.4482697272,3659.67451892857,15627.2872248755
"443",2671.85275759557,2697.8050832517,2569.32360532399,4438.70838768904,41396.8554790301,2616.5620756763,2489.22502610346,4474.983098266,NA
"444",3294.22930494293,3473.18869867284,3145.24327345852,4883.66668937683,15416.5362373013,3250.77600176854,2944.13771259056,4732.60409661528,15056.8834007022
"445",2632.36790430537,2753.61065121611,2669.79086964314,3724.73988957668,13135.3871109939,2587.97427238489,2520.93363468333,3551.24313185383,11947.6086134938
"446",2541.90617706803,2554.83289643768,2551.05339557702,2901.68844232579,3641.9439071868,2487.14319517091,2479.7267456658,2861.83793315308,3766.57059430861
"447",2659.59474993484,2708.35894539806,2582.1195415416,3672.01365106945,10519.1190972238,2626.5218820101,2520.31857751501,3562.73592803686,10261.7911396174
"448",2603.00522614929,2648.74071009542,2770.33933910093,2951.71567680102,3867.78244679424,2537.25187303113,2657.0937446266,2833.76421929334,3665.55117785207
"449",2578.65483313037,2612.44005775061,2552.75431692794,3332.3461699836,7147.45512170646,2491.02448672504,2434.69696708631,3203.99534097273,6320.58543109073
"450",2679.53671083251,2699.81859310285,2680.5225128542,3196.15729645836,9585.94438249401,2646.81687898912,2621.53252530531,3160.80494509609,10580.011321888
"451",2780.24578464734,2835.23365711258,2869.24067008661,3328.50526708947,5272.44635420851,2714.65648804684,2768.87802425504,3191.5339376114,5041.76859266106
"452",2658.87250687032,2665.33723227078,2627.82881293483,3284.60025011315,7922.34533904985,2597.88615727347,2555.73165128572,3250.98319042032,8433.85434043833
"453",2788.2065729622,2689.11577048575,2604.14123725802,3479.41297967401,7450.88147826526,2744.32658946587,2623.68588288121,3696.12505727222,10587.3047150236
"454",2599.05290223862,2626.19390903749,2609.34197418734,3069.78058598885,4142.9479077258,2549.25727110535,2536.1252171551,2991.12509966603,4163.84151351734
"455",2673.28758643686,2661.39054150774,2687.53245724551,3035.85320194457,6075.21317450906,2603.0432539513,2623.69644811106,2977.12758701362,6133.22822311831
"456",2689.43847022285,2697.01364651026,2658.58420524163,3440.64969741181,8709.16504417613,2647.2476488831,2589.76638686192,3475.43586524328,10137.1919978769
"457",2596.01558535731,2671.44801908294,2588.49138020423,4104.04170209259,17895.1896221818,2544.6283825166,2481.90579775644,3885.47314143852,16408.6191981561
"458",2545.47229468289,2609.76831677868,2558.64154830125,3010.9593163722,4176.44658158266,2475.14735126009,2439.81651013565,2860.31957188581,3901.47904750802
"459",2609.12424368908,2743.53033301828,2554.42602414661,4700.63751081785,25154.786304131,2545.07713185651,2408.16867992147,4421.4018873256,21016.3842996271
"460",2520.4914623898,2588.80952884084,2574.8522211479,3148.15317666672,7417.25080039569,2443.2809821765,2435.05956283337,2975.38276917756,6749.15178692292
"461",2707.11462208606,2752.49866284061,2644.55702605987,3610.42326054064,10517.1045471234,2602.44315402424,2510.95583659208,3484.6186286051,10540.158308332
"462",2566.79705114127,2586.17143672607,2550.21574018182,3443.97665565226,9803.15986608388,2503.32929198774,2467.74137976266,3354.83810769144,9798.13582748575
"463",3111.95115545606,3485.42872385646,3327.52247229543,4817.54225256017,30703.056496569,3078.89465836356,2922.30374782552,4344.24618323161,22739.1132931976
"464",3589.2236477631,3698.76697067976,3613.45855430294,5004.31658448648,25081.8538659919,3546.68912094315,3321.49329387235,5086.46979758136,28526.8948910293
"465",2666.95622527708,2728.48710482719,2560.87678497775,4022.36693389527,16992.0612726584,2575.70554428563,2396.59881027612,3988.98069993001,17850.8563122747
"466",2837.01792881872,2822.10120941642,2703.5578557343,3825.87615617195,24056.5404271744,2776.44544587864,2648.32537379147,3833.72914893458,27575.2796177973
"467",2833.82875939965,3003.96403551781,2924.72244169743,4017.42736423779,8718.78406200528,2753.22867572783,2698.51251572326,3668.45621534877,7289.07354618707
"468",2489.54151770634,2522.6651806495,2538.88985916325,2845.55886153319,3323.93998583705,2430.7248148543,2445.60650550073,2752.2572237628,3223.78594666152
"469",2838.42540573224,2990.27176791534,2977.56992953718,3749.13978783635,14459.3836390195,2786.28928797954,2769.89281029165,3523.45820450131,12283.9621097107
"470",2745.84678534154,2789.16988077581,2701.06473233962,3687.84028172948,8930.73413458766,2699.3766379864,2605.56841465991,3620.97503242922,8877.22889782879
"471",3129.11888727102,3112.02753099362,2763.31585444791,5529.49851559474,23673.6835248391,2989.91153281431,2661.5693915169,5531.44019071546,29094.5335044638
"472",2558.09131479205,2629.69615633371,2624.60904815943,3174.93396792547,7541.39120620657,2496.71663062239,2490.37537203303,3011.59573708802,6726.93598502166
"473",2666.30621712756,2687.81521149167,2614.87865345445,3541.26706334304,10188.1938215669,2619.9956964081,2541.71987817952,3546.2867677905,11334.1410334368
"474",2812.55668543866,2940.89778437076,2791.98046318461,4152.3172953448,10934.5615020035,2741.20892149668,2612.0462531182,3969.07278427198,10006.1143793702
"475",2680.86620684745,2685.63439840233,2648.31941305065,3174.2077502586,4991.80893767084,2619.73733546473,2576.81700273267,3130.35856981279,5176.03674151556
"476",2743.06483036861,2710.65439973401,2566.52085485443,4200.05406010758,21555.4880467646,2640.14991488951,2484.37280249374,4375.09756939017,29130.9803721551
"477",2877.96779699563,2868.57282951879,2707.66144822714,3941.03604442209,19344.1900958629,2802.92029193833,2621.79041078696,3984.06189226801,25052.857959178
"478",2803.94699698724,2754.52030974103,2578.82344482304,4094.72437015805,14085.6771058906,2782.37458342431,2565.33788916933,4246.42490607591,17332.3327806275
"479",2635.41810973528,2652.03539688535,2637.22541063569,3105.96992073048,6383.7516431318,2587.25786464459,2567.60438088927,3071.22665863294,7174.56273330539
"480",2418.42671223985,2465.13681086473,2387.16631276298,3197.97078445679,6529.3786261649,2367.98456748731,2301.56754464933,3078.95516853856,6172.46281120447
"481",2652.05113364877,2640.58800138202,2608.62873598744,3340.40061917154,8992.26795195164,2594.71142676487,2550.53751454193,3348.98891420947,10392.4290053261
"482",2677.09244831829,2665.76900042503,2657.93355182178,3074.8090405899,4578.65931952581,2621.11430436732,2611.0038832623,3053.40931194462,4954.95276069018
"483",2650.79452214012,2684.78618241353,2643.50146934759,3340.05852850751,6283.63019923852,2563.99129732529,2530.08567391988,3226.5956626802,6177.2773012558
"484",3326.89060155899,3199.27169822512,2776.53877057472,4521.21052178474,14213.598243393,3426.08398252303,2933.48120200027,4873.31948399311,23643.8387571968
"485",2838.46261823439,2836.23159022586,2637.86622140364,4023.18736947446,13092.1527221134,2795.98907759086,2611.23035273218,4125.00362033188,17151.9916306709
"486",2535.18254257959,2610.60616846882,2613.01626414041,3207.23340317274,6114.22910492973,2470.98927722622,2476.03220935588,3043.24444635967,5656.79018299209
"487",2640.42842007714,2674.79879413716,2597.01414215774,3419.33352477031,7864.57444900167,2584.17669773017,2505.22109385348,3328.05046177253,7665.97026767975
"488",2563.6145362968,2548.9739279328,2571.39363620122,2899.36856523358,5407.14465493278,2520.08909927006,2541.15730235061,2892.37304333585,6103.5407622388
"489",2668.81910652766,2698.41003676491,2697.81775242734,3111.54335588688,5642.23391704963,2621.70784490417,2634.69799812495,3018.40180400441,5549.40980454968
"490",2575.55084075669,2564.1171163097,2541.04231254748,3063.19071456531,6657.32751335865,2515.37277838665,2488.79284957131,3041.53889821626,7435.43364361831
"491",2507.62448165694,2470.62556932316,2449.71288196979,2974.6683772891,5503.87113879015,2446.90910700516,2413.52236596196,3032.01352883845,7238.67865929142
"492",3003.57250490524,3021.45526536152,2949.75460718399,3910.62282597586,10160.0315234623,3033.16473761348,2923.34127897914,4047.93538316779,12554.1499768863
"493",2680.88656413934,2728.32659060561,2688.93839222963,3351.23885690771,7929.94474176339,2621.54491391157,2585.76695150338,3247.48943921117,7774.63615565095
"494",2659.7111485678,2683.754660091,2546.15382746172,4730.41427847844,30383.3221183006,2578.75756717986,2452.23663638252,4953.83336646796,66994.4834384241
"495",2634.79170861348,2608.00846463618,2599.79653210065,3102.82126340891,5646.62903201615,2581.9090456844,2560.61110234314,3131.13349450538,6892.45722327148
"496",2549.19530084538,2568.90061500363,2585.78706087334,2941.2961039191,4754.95580022091,2485.7598587661,2509.6754573826,2847.26176855524,4618.40903441579
"497",2820.02208792057,2887.87956569673,2709.40124704599,4001.99006153477,7525.14884809806,2772.10564054725,2595.8272673405,3977.97491445394,8605.23703799848
"498",2796.0181264146,2865.32073112604,2753.51207704787,4201.70489470861,18082.8342561018,2754.75382880267,2635.29062268049,4173.75336584823,20794.7422864943
"499",2588.57118377757,2556.6161309717,2557.45049852269,2958.7451013504,5089.06422355704,2551.50727960717,2542.79008719776,3013.55581747589,6397.35151762843
"500",3319.32270976906,3350.76636477526,3047.89703513406,5432.37434944342,37063.0908281685,3239.94200909104,2914.45990531897,5589.3879113699,49897.6345161029
