"","correct_data","ztHurdlepoisson_split","Hurdleztpoisson_split","ztoipoisson_split","oiztpoisson_split","ztHurdlepoisson_combined","Hurdleztpoisson_combined","ztoipoisson_combined","oiztpoisson_combined"
"1",2445.0934123605,2319.82599267615,1708.87187878328,1537.1927674552,1476.0303460526,2284.9697893648,1676.37204842805,1491.40555135782,1432.38425832038
"2",1588.28041591242,1622.31467014253,1357.61304206786,1327.83084810388,1274.33857835335,1548.11714331163,1303.91594409358,1285.61584779458,1233.20312892973
"3",2255.02585749533,2237.86820916309,1936.72437217665,1934.47214700979,1864.92051682464,2186.65902584396,1880.26892221924,1874.46942946988,1805.85146777854
"4",2003.89682014844,1940.06046861477,1474.89211200751,1502.33777871399,1413.46949001476,1899.09967147129,1440.36065628419,1463.77142766395,1373.50230887124
"5",1910.03108766081,1924.90931818626,1645.71061255881,1593.9586859479,1543.41031005385,1852.12719687959,1588.72736318119,1537.07398343524,1489.64884953124
"6",2093.47925335511,2093.6450004038,1714.93197909345,1656.92455922024,1600.64533066062,2033.88929479815,1666.15338333852,1595.24881178498,1543.26349324391
"7",2176.46169164616,2194.19512912507,1958.6980961242,1936.55150485666,1875.72763538784,2129.04969668091,1895.45559634876,1858.0925406567,1802.20373175447
"8",1972.68684386473,2018.69964097595,1668.6922307805,1642.99463975967,1575.15386218886,1928.28530617555,1613.97661673536,1578.37002077937,1517.81733435461
"9",2313.62397674729,2304.89108923589,2121.06899776154,2172.3046868216,2085.40330312728,2263.11989053335,2068.52944175526,2115.19969985622,2027.70948385606
"10",2288.802151649,2318.0031148688,2175.55660216399,2141.68708920367,2097.74787447905,2235.84147574117,2096.16466827499,2052.21190948557,2011.04394018141
"11",1797.33552425492,1785.27070053355,1421.89171356813,1476.23657419083,1379.89660601703,1765.45912505235,1385.03017892016,1417.12743469938,1331.02011582163
"12",2359.11618670364,2370.24079746638,2067.92996541715,2031.85712733656,1961.46554558065,2310.2788577663,2015.31340979385,1962.6903955362,1896.54432880312
"13",2234.69836643301,2254.88630064112,1944.77051910337,1904.9255876479,1850.72185809999,2179.88084602812,1889.14077555469,1843.7985168839,1793.3031089621
"14",1986.96616454079,2042.94107536856,1724.46485896639,1717.42292579188,1652.33735635932,1945.74313948538,1662.05977533294,1649.26267391437,1593.25564692243
"15",2180.52863688928,2200.01239262648,1917.12887629934,1906.75026531027,1845.7901115769,2127.95017251356,1856.02558884245,1837.66376651703,1779.52892584638
"16",2197.5419273252,2200.01184064253,1922.82758551444,1803.8582244623,1752.58961997783,2109.72680224427,1852.12146893589,1732.38799644043,1685.45081939915
"17",1976.22047020259,1999.70103863415,1560.61118780766,1555.23677415991,1481.83096887805,1908.2743917101,1495.34042291367,1493.1279624955,1423.22695745898
"18",2252.19752784701,2223.0024472795,1819.23727269498,1765.20543245436,1707.72733146002,2232.49017739305,1792.61142270691,1713.39593867507,1658.02086573251
"19",2147.07909482449,2163.88753931372,1750.21845414377,1632.58563940266,1555.23426470083,2104.6046151555,1694.96680239886,1565.34171478271,1491.79865289136
"20",2158.20861761248,2164.83842587499,1846.92483823739,1794.74330000398,1730.57307698272,2117.14675144877,1798.70068607944,1731.59720158836,1670.83841560393
"21",2030.39683009235,2043.00030559149,1607.21482050021,1489.81458822433,1440.31047411745,1957.18585505885,1545.45520137345,1434.1134808837,1387.72924379788
"22",2137.77119990282,2164.96936330048,1630.44841983344,1640.70070086587,1520.77644541458,2092.40381047139,1595.75498681553,1567.24766428692,1457.6555380915
"23",2253.70583777933,2234.63179764996,1897.69762343368,1791.48753622187,1739.0599963789,2195.35459697932,1861.03942436944,1732.69108382096,1683.91209777599
"24",2288.04882810012,2309.81410025454,1940.42507507795,2015.56688043208,1907.19321239651,2222.93622804678,1874.65784661737,1944.68931282941,1841.63401974515
"25",1986.91072758096,2003.22527969376,1485.40459461772,1432.14620680765,1366.82381045694,1953.46093567314,1446.25325339192,1390.25797286309,1326.30724107076
"26",2037.03837024243,2071.89433781877,1580.73760947448,1522.80123732383,1460.53144280949,1928.51877879911,1503.50418220051,1449.82439753851,1391.92990487045
"27",2300.17645673065,2296.57585824398,2124.55549399871,2184.79669789137,2098.2445128459,2244.69923670593,2068.16396055761,2121.28711837582,2037.03005618208
"28",1862.20977841694,1803.0070769604,1483.71165590057,1465.05183973604,1404.16319636217,1777.40629470899,1440.63975522483,1413.15439196484,1353.88512161676
"29",2031.23398530525,2030.11812536899,1677.91611971311,1603.10124114532,1552.04715721849,1965.61387284215,1626.53240755761,1548.33192041951,1499.78697796722
"30",2199.36019032107,2159.96296445531,1935.56754289015,1951.20842840416,1887.74419474976,2154.37491600057,1885.03129089446,1897.13398411644,1829.73197100705
"31",2088.23921013328,2119.03629714742,1795.65867813478,1830.78024354785,1750.1937350918,2039.89454685515,1732.12149076077,1762.9368302273,1686.70418127336
"32",1810.94464584729,1784.1053568191,1425.657451437,1392.20429798548,1341.22179657769,1756.38779751976,1389.4689244282,1348.4047738944,1299.65698586864
"33",1928.93762658731,1874.39637281237,1496.33876575214,1525.59099278688,1449.07662528348,1890.79696518966,1467.43363158685,1492.13420664818,1414.2363442147
"34",1994.53720649496,1993.13304955687,1728.72320859931,1690.77140702881,1647.4486968207,1964.35033141307,1676.90342079591,1630.72769119026,1588.07702383015
"35",2209.52620843698,2226.21287294305,1929.58056368692,1847.18799024131,1801.13419358822,2135.64664497387,1859.9382503982,1771.92637874217,1730.24640085418
"36",2310.09580565505,2119.72603022622,1891.79812058008,1891.15402074358,1837.94298042794,2245.02319933796,1884.42251636453,1853.55674714202,1795.17004635208
"37",2002.35274706326,2058.71702316511,1529.04184272159,1565.02839980667,1479.71956855523,1949.83728151249,1473.14005490392,1505.03078717759,1425.74652743434
"38",2272.39135861914,2222.22424977244,1756.26887847475,1619.26345609575,1554.58660280925,2250.16984309433,1722.14614637832,1569.70343957762,1501.87252303581
"39",2245.78015879817,2228.87430522231,1992.1819267586,1986.33992989415,1919.80719004693,2192.39588424318,1934.83769618291,1918.45882455743,1853.8808495007
"40",2272.62764682693,2306.58812185378,1993.76143661491,1934.16721194581,1879.56661752302,2215.57617451995,1923.39878137594,1863.53210768511,1813.2171861502
"41",1641.31042235254,1589.73111974427,1337.81539012842,1315.00293280501,1265.91897613555,1585.91027067674,1305.6301304294,1274.41828865903,1225.64726106724
"42",2121.40818065173,2115.59486331763,1885.1016212834,1764.90078633137,1722.60467335297,2057.65677280997,1827.6442519189,1708.73434443014,1668.25640963859
"43",1592.43018459514,1638.97717192047,1608.01751765327,1612.82184481566,1541.55743131668,1550.56272667212,1558.99452753989,1549.97503006125,1485.60277078561
"44",2121.80161940442,2168.77867961321,1672.86257307822,1686.27450834796,1587.85380556201,2034.42817367463,1608.02909332525,1616.13254717715,1527.28339973945
"45",2178.00958787534,2164.88279893123,1820.12242138021,1820.27972505822,1750.4635480933,2115.43622054471,1769.9186788256,1770.44384469836,1700.61081250849
"46",2085.34119946998,2142.78961015619,1658.11702047503,1682.15615159995,1580.00274234584,1964.98571563352,1585.71379894729,1615.57171836165,1521.53911596345
"47",2269.0223633537,2292.51481031043,1939.06693405624,1946.59449649807,1873.87422154598,2199.68920210903,1872.55658463501,1879.58798258628,1811.44614446472
"48",1972.04596546682,1910.93134728638,1480.18845043715,1457.97805768382,1330.15891504197,1893.60053460092,1455.85464589513,1420.91286203933,1293.90395895389
"49",1996.22317579766,2001.80920323794,1596.56437654455,1573.41814170376,1497.15785906074,1950.76163775324,1551.50498788606,1521.93437295985,1447.5872721093
"50",2188.56599338824,2227.664826593,1953.7938077078,1933.00573897174,1881.27798695659,2148.38684243133,1880.27298421857,1851.6309826162,1803.86190070777
"51",1928.07472828408,1884.70053459286,1528.45133178715,1521.11628203555,1436.31455756628,1884.21294837964,1505.16115652419,1474.81413190795,1393.56273396415
"52",2258.65564686353,2272.34107682245,2089.27189441135,2138.94245011818,2064.47898955996,2194.66715216,2015.19321303069,2063.81864926647,1991.37288063728
"53",2024.81003906398,2054.89829286694,1709.79316203311,1663.96735415125,1598.31606338367,1975.11873116314,1653.70372744097,1600.54566721716,1540.57966464903
"54",1821.27492116614,1770.71361276614,1565.74403290067,1523.10615923723,1478.63417041309,1762.82151027453,1535.34065881563,1471.01390810934,1428.01756922688
"55",2064.3613200841,2006.29487880342,1698.74519993713,1634.38673894818,1579.38162535118,1983.19113400595,1652.36312751488,1577.28428484124,1524.47847193687
"56",1960.93199924843,1935.15506622636,1610.59064629748,1566.18747261465,1515.02641925877,1895.07867984285,1565.78109640727,1514.56297112236,1465.64584873068
"57",2366.91673324057,2306.3174559162,1933.01406464091,1979.26058494434,1891.26870344957,2310.98814622718,1887.53059968402,1933.93698823185,1842.2691583267
"58",1983.71196836095,1956.88516871501,1591.41130783622,1491.03644023986,1434.64865391008,1921.98069126068,1551.01099798456,1443.37635626068,1388.64032496368
"59",2142.23604852587,2122.84084352992,1867.37514707851,1824.1256725858,1776.37811892406,2100.47064517918,1825.27795285898,1775.87806691936,1727.37925062229
"60",1850.57719684781,1869.68172880473,1505.72699807802,1536.37162737564,1449.14010742471,1786.45329550048,1452.39769130242,1474.25872075355,1394.79583953078
"61",1731.42053468901,1715.63910062077,1389.11072326454,1353.79819209208,1273.63438084107,1697.35930380863,1362.37281845691,1306.54726540838,1228.42171763638
"62",2258.86262686517,2212.15284733289,NA,1807.22485802316,1727.08124203339,2184.78751350792,NA,1755.64325679223,1674.77339768317
"63",1700.44542266499,1692.84423813779,1380.71687732193,1413.39706866556,1345.78553060605,1650.2991497509,1335.74852357474,1362.6981198276,1298.012057756
"64",2238.90068866757,2235.35978895449,1957.54337454009,1977.74284466429,1906.34214609585,2184.34294913614,1901.24303488952,1911.94680424434,1844.16214377563
"65",2367.55924504018,2414.57468378085,1958.35090248936,1968.32391732705,1884.30255219026,2322.90412733032,1885.69451900189,1893.50619747051,1814.16305134013
"66",2056.22735157437,2054.42170965176,1821.23811090024,1830.333230513,1762.23859818474,2007.10055276277,1767.84432744178,1767.35587431588,1702.18245293227
"67",1865.54135017618,1820.42855562593,1447.76323450992,1530.69102895925,1415.9655836803,1822.50639260496,1406.49043717131,1479.369056493,1367.92795618673
"68",2088.75770710104,2023.31320758996,1469.64070561225,1430.98688568703,1361.81787249663,2040.47839608612,1425.04224778269,1391.0017342506,1318.55792194785
"69",2283.63560069779,2221.89980919113,1836.06760192197,1829.27447685733,1746.93607268554,2267.11666988938,1815.79619968593,1783.03426086427,1699.84624107409
"70",1857.5347600009,1905.7706122819,1614.11300954353,1546.10219540991,1495.6210975255,1822.17323207434,1542.21314769342,1476.42755363517,1429.17406818913
"71",2297.91204900116,2324.06469892389,2087.35424295082,2141.23472999575,2052.11815106098,2234.18910305754,2006.85431666203,2062.21323622499,1975.55363130016
"72",2322.48850803117,2318.31647592738,2176.7902914825,2119.07759059728,2071.8957172209,2260.98283633916,2116.43420107715,2043.56613330543,1999.42664691636
"73",2014.06375282704,2016.06821745988,1791.03342372817,1781.35295665747,1727.50974384656,1938.59814990046,1732.12575099916,1726.37079460123,1673.65193653849
"74",2250.36569495879,2221.19651190784,2021.63066957285,1917.33111357518,1871.93773796105,2199.76436724989,1985.285061052,1860.91106205446,1817.81401884555
"75",2116.91752146899,2086.07846378054,1772.22175292316,1768.04804803818,1694.303803053,2023.99772289123,1718.40980001442,1715.03236151242,1644.30508385921
"76",1979.0407832184,1952.46279086665,1747.89366766803,1750.39209067591,1688.43536055433,1940.94698349815,1716.27874041888,1703.93690932704,1643.72857295925
"77",1925.81351661205,1905.29293533577,1588.18801473216,1654.30842771947,1538.46741234064,1880.32296036145,1554.08356912456,1605.08814324809,1493.1483972318
"78",2193.85491321306,2165.65283850617,1843.77884550983,1862.06587087428,1779.29106023308,2136.08800892593,1796.44595551356,1807.81359910587,1727.44570093012
"79",1970.21806841446,1915.86651816945,1492.86762306324,1413.34173730636,1343.14960073116,1862.16294059731,1458.64161371318,1381.89418891085,1307.0908101313
"80",2205.53342161032,2212.33901062891,2025.59661668029,1976.84920345119,1927.92585117389,2135.17300867973,1956.50742984212,1912.23600451968,1865.18630430745
"81",2090.2901439312,2101.63569184285,1825.89394944079,1806.4990470061,1751.47751477034,2029.36221164162,1755.20699545675,1737.87003573223,1683.55797199396
"82",2196.77471671821,2122.29063912714,1817.26943370638,1817.98962790406,1757.65809163235,2163.1786776625,1779.49207797108,1772.74947076031,1708.06948294292
"83",1966.59110610091,1957.31317339826,1629.97404499087,1588.8482683298,1523.47024327854,1917.97496861401,1584.99412679596,1541.60185485503,1476.98603838634
"84",2372.19254535279,2382.6816602772,1967.63720159496,1895.4696811321,1834.60699457877,2304.15725848336,1899.71816956567,1829.05358287692,1769.93167177584
"85",2264.38026391208,2267.07983925449,2034.31142838351,2018.14139747084,1944.00974902172,2193.55179948636,1959.54146046512,1947.03330229187,1873.0572369661
"86",2247.26091972965,2246.4627436382,1899.60561969172,1838.18310455272,1781.22632387342,2157.23811476852,1834.06960375065,1775.84987581195,1719.96409810041
"87",1999.68410211476,2013.24328356156,1690.98952416978,1656.92443791984,1590.96714706361,1974.72843945993,1639.04962341842,1600.46512461372,1533.21207760831
"88",2101.65410341069,2152.06073811119,1731.32483411383,1660.49440981103,1605.75970445526,2032.56167462941,1657.38870616474,1591.77798090968,1542.0012951154
"89",2050.55947064277,2003.92161296447,1673.34877216819,1676.87693643223,1596.37214988589,2011.6498066893,1636.27504312733,1629.43136223875,1548.93530797437
"90",2301.62714187854,2319.03103841517,2077.68447614952,2079.11661242813,2023.80122634515,2257.50024373349,2007.30330614364,2000.42953338482,1946.95583913725
"91",2048.99036856886,2086.86893742495,1831.2727090497,1826.46088009072,1770.00185352718,1997.97646541205,1763.76795805699,1752.25376091178,1700.70460654596
"92",2149.06673869937,2116.39643215963,1912.63065305357,1936.02748820188,1869.96587004602,2093.80822354894,1855.98439484378,1878.91904991531,1809.89044791341
"93",2225.86317627342,2179.0904672057,1900.92851965462,1812.38549272607,1765.51064660044,2160.57313054477,1873.78450630625,1749.59645468742,1707.07423855777
"94",2173.78383901292,2127.66423766094,1781.90890856078,1824.35939204077,1740.86738112193,2093.65906399219,1726.36176818829,1764.38857490114,1681.8893645241
"95",2298.19758082204,2316.20164096577,2095.02954585809,2058.90777530834,1996.90752541795,2230.55342220827,2018.59038899072,1982.63477638376,1923.48305283016
"96",2240.93927915607,2194.50239978508,1791.91052979652,1816.95014396391,1725.83424489821,2219.39229874233,1753.10437234933,1757.93636414189,1671.31059601662
"97",2260.43026049933,2267.22798180803,1867.74671408077,1834.59936218795,1774.81104603258,2186.38833295777,1799.25528321553,1766.64160266028,1707.18659679742
"98",2060.73737512142,2033.89540246003,1544.69673777979,1552.48498945607,1458.84454830379,1981.76848996667,1495.57901028271,1508.81493526704,1413.69930518908
"99",2320.64726361075,2311.6338725111,1977.42851008788,1976.03167530101,1873.24343078034,2273.45513142034,1941.79888329798,1912.423455204,1817.92585013462
"100",1958.21227730282,1873.25349784794,1527.75791994825,1446.53289965731,1396.85254943538,1943.72724388696,1503.64275031938,1406.84900434705,1353.74098781291
"101",2236.30709350832,2222.32225347495,2056.5335443133,2026.8651916387,1981.61842283027,2170.81411139929,1994.94428643245,1960.76968491149,1915.54301864792
"102",2292.78169205611,2305.50419436026,2007.49714118302,2029.5453354231,1956.65339833162,2213.92673668069,1926.74044068892,1946.37066208171,1876.69841811192
"103",2213.55343789969,2146.13357692908,1664.04672120088,1577.70012828115,1462.29822531747,2165.73000156142,1638.61718766714,1528.97299560213,1416.40521538664
"104",2104.63434459515,2125.60746137677,1867.08575832801,1905.49652777087,1810.06543859956,2048.17450382607,1806.70623774987,1831.14171466466,1744.45938157598
"105",2383.5329138647,2408.68710345688,1916.76287949992,1916.09775062182,1829.93085272697,2332.37092529872,1852.97268986735,1851.56383066965,1769.25112255605
"106",2087.31385920534,2125.3961622534,1920.55601917358,1890.29221101212,1828.44337444793,2038.51319356096,1849.75827518667,1817.47894725706,1760.05648452583
"107",1943.08162772261,1933.02523296955,1683.83728171116,1633.87032303533,1583.56354221061,1892.69210462321,1636.036887152,1584.24621640061,1535.47376652839
"108",2188.8853813425,2260.73393054166,1725.94231252729,1623.9606110759,1561.31895290303,2137.02611531752,1649.92058729675,1553.88240834148,1496.14513690654
"109",2216.03662400488,2221.9111663954,1979.32013274331,1914.19445256128,1864.78980110003,2165.76926028155,1924.98415866149,1851.27425829906,1805.8050006147
"110",2179.75043126243,2146.94507631828,1630.06819423521,1527.42074948412,1472.52618403064,2089.25309071486,1577.10834832532,1484.37372988088,1429.3547313059
"111",2247.75803759576,2248.06883155708,1918.39970183896,1876.15024954122,1818.30430425275,2181.58960566155,1860.48518320597,1810.71422013116,1756.56709179903
"112",1931.41320962734,1659.91529549171,1516.38224167397,1543.93451571461,1491.6676308792,1879.24873682188,1543.77046721572,1535.60378511247,1473.3275593453
"113",2005.84111364449,2015.74386784336,1674.57371168194,1677.87754465527,1614.00002071228,1977.37206879538,1621.45564251652,1616.58950626295,1554.68581387638
"114",1920.23977389973,1896.06432835226,1403.26401283899,1422.21948263996,1348.94640058416,1868.51579106143,1368.81824027424,1382.2951611231,1310.30842043012
"115",2236.9652587074,2221.55373919817,1939.28453846317,1954.25493076264,1882.94105359537,2194.30181642723,1885.49048057652,1882.18067300286,1815.93154849886
"116",2057.20092646345,2039.71762125924,1792.33717600345,1806.35543741949,1717.45031087879,2008.89272553874,1750.74453300484,1753.20037165337,1664.98627510137
"117",1694.5825597129,1677.386714475,1384.98589906421,1359.60710069429,1287.01959884821,1659.35757502987,1345.30772043323,1319.6778198265,1246.38210129954
"118",1893.79686963957,1901.3385674243,1597.56726661312,1569.43295293496,1510.9183129635,1854.02311962726,1549.99511418633,1514.20345578104,1457.93191317825
"119",1976.31977393074,1953.9551048776,1745.610766853,1700.76311945845,1651.8571041527,1923.59823646163,1707.24854869704,1635.4227962179,1591.82239814562
"120",1886.51872585311,1876.09889276592,1605.41604780826,1617.78300461114,1550.22256818661,1835.76062076396,1560.95655319498,1566.23054459615,1501.31774570885
"121",2316.03440553113,2296.11303128367,2010.04554847509,2011.65848395877,1944.94042191413,2237.47769648876,1943.75914674272,1944.54990685627,1878.75176422057
"122",2307.37913219817,2374.81215763082,1982.88888028664,1935.48169964174,1879.06277440682,2263.13055224779,1895.85837145935,1858.90153491913,1801.33263020143
"123",2195.21931338788,2195.98382901181,1951.64584407042,1936.50591958276,1884.03543269918,2136.24908021594,1882.64803357803,1867.32505377584,1815.12172468963
"124",1700.89525770091,1764.27205097727,1433.27862220824,1466.10035156359,1373.78008653929,1648.15682329089,1376.55831183268,1409.05981517698,1319.94869691852
"125",2070.29844306538,1956.95033478553,1727.54452489313,1726.7349642251,1675.65584447125,2018.23666613887,1712.43657169979,1682.55519606449,1631.52966511956
"126",1992.14048417933,2026.58589495896,1723.07437682245,1692.19943107664,1625.22035441932,1929.84116169476,1661.58149658081,1638.75216449388,1575.49874308448
"127",2081.15463816332,2051.53072170185,1669.3032657025,1646.46352773173,1570.00763820673,1999.62882711296,1625.40542012225,1590.46718196499,1515.08229182609
"128",2014.50378623471,1997.98982285176,1459.42356559717,1490.14370500982,1394.00912518261,1961.28172346357,1405.79543158184,1438.50128494259,1343.46513181644
"129",1848.88234563474,1816.91285183096,1542.13412176165,1469.73324673318,1417.12437447635,1816.71739465131,1525.94206387047,1423.85203222865,1373.46336287599
"130",1886.00838836184,1905.28327785447,1456.91503952514,1485.87092605268,1401.70096187845,1836.63496476509,1405.77894991926,1430.86679951099,1349.34972659243
"131",2569.68782548609,2385.12818914505,1944.482059151,1836.96190695056,1787.32547716357,2515.10741201353,1937.07238500811,1784.00059796065,1735.27971683708
"132",2052.06296963918,1918.19189916508,1530.24199869956,1551.30408860014,1467.38534971236,1990.27013683954,1514.39503367092,1525.21382272428,1436.24403707761
"133",2180.01295716844,2168.58900000229,1980.93423603387,1927.55280709116,1886.94407227053,2118.90277514945,1925.46002771135,1868.71076719614,1828.27696560618
"134",2232.330057861,2256.64852044254,2014.38711518136,1970.72890954932,1907.82880020375,2151.32227987092,1935.37570913383,1896.00088203632,1838.9192498937
"135",1738.04805027827,1762.95916217308,1479.61802946578,1490.33139727352,1423.21850107413,1683.20465668763,1423.19926428943,1435.598055523,1372.52843831888
"136",2137.79873693761,2175.12068405093,1658.75253959318,1604.4929259558,1539.87435456255,2053.53794183098,1596.11178102454,1538.6170177414,1479.25218067538
"137",2261.3149741398,2244.28859351715,1950.1928573947,1871.66524266316,1825.93140702914,2193.33797615338,1897.212706444,1809.87599090163,1765.63928113486
"138",2005.03695602445,1942.01937129377,1640.60584875394,1660.12097908814,1574.24077021579,1957.93303186634,1616.98378187166,1625.61286079075,1538.62316383945
"139",1737.88451488201,1800.12568707132,1419.11759988813,1488.6255629413,1385.49176140311,1705.74173851303,1367.61617371442,1427.50738140304,1334.24222104284
"140",2204.87574767488,2230.55210584071,1899.64711410399,1800.13827594925,1725.08706264265,2152.98803482477,1843.15911167927,1730.62896791884,1658.66268664402
"141",1923.38842767085,1903.17486503643,1550.3322446817,1605.93468853146,1516.5910017685,1882.0223216663,1516.1588057158,1566.63253715245,1477.44649787871
"142",1773.72440384417,1760.60844396589,1373.07528117322,1403.85312125392,1334.76092624784,1757.11186700522,1335.98734396813,1363.40016078093,1293.65284320649
"143",2252.03190291579,2232.10527730539,1996.87721146101,1952.91428537793,1903.76795507142,2177.09454994017,1932.40036328302,1879.74076179101,1832.34962499387
"144",2209.12715436952,2222.32048498897,1855.28475488658,1875.01914522711,1772.79434565981,2148.11381268415,1799.88767000109,1807.33569710454,1715.12277984861
"145",1986.48753533135,1864.66074399491,1621.30808147165,1596.87329947878,1548.68812248232,1942.78294226183,1615.98203252225,1553.65589075189,1506.06640530272
"146",2240.86200639814,2238.14342181344,1967.32818075053,1945.37580760392,1887.89326090609,2178.27842375168,1905.39582789407,1876.44043310202,1821.30142467765
"147",1939.33403289726,1936.93587109869,1527.72405263444,1574.26234663238,1488.49912528015,1887.6420194796,1478.19613726789,1523.74577719074,1439.54866285562
"148",2303.9668256666,2334.83125553361,1931.50582120287,1980.16377545214,1885.38661038148,2238.11279355364,1859.13979622646,1901.14571893104,1814.4496648755
"149",2351.06781533598,2259.45237867692,1867.38400768119,1896.72882896904,1784.18551392322,2301.03852262433,1844.20995133808,1854.35308368679,1741.4556882722
"150",2328.36304940688,2339.52905795259,2050.04537422086,2006.7226859108,1941.89590321797,2252.64936818707,1970.78735103789,1928.20400163969,1866.09676816741
"151",2110.13752431062,2113.59653276975,1822.83931301013,1752.38226198466,1701.87674826908,2045.72973201618,1765.76594015296,1695.54993302299,1646.72266164103
"152",1783.15996436219,1734.10461258149,1412.7803054375,1355.21112631841,1301.30651155643,1761.01812733899,1395.91802469219,1311.66477134184,1260.57010143188
"153",2097.95251493221,1972.96341123999,1497.15354228101,1471.39107735327,1384.60320698747,2058.55586047532,1496.54214102255,1437.06757782454,1351.97775852761
"154",2133.81840871358,2127.38796516745,1969.04005917022,1933.93696813422,1877.54447469366,2084.78563869714,1916.10829405028,1869.48864899055,1814.96703038755
"155",1886.54325358874,1859.30469860923,1617.29993443751,1588.75794626371,1538.44071978458,1855.11788920191,1581.35121743141,1537.05758727153,1487.99616291834
"156",1917.32067188268,2034.8921448834,1399.09535023218,1459.43771047031,1352.47784552078,1845.505869089,1325.52110246044,1380.16326978055,1286.22904675593
"157",1927.5738260034,1884.69843286942,1533.15178384938,1559.80201229576,1483.31890767974,1886.61803943571,1500.17157648109,1520.67271806642,1443.65030141944
"158",2033.89267780951,2063.88342519491,1790.80591270686,1753.93828361603,1696.10017205329,1971.7622308249,1730.0134657207,1692.12722679268,1640.36488699947
"159",2359.55496257683,2349.24827804508,2082.21409441162,2064.35105696855,2007.87248297952,2306.05496685252,2028.96740358476,2000.08285922868,1944.45382959394
"160",2243.14377060283,2227.208963586,1949.43621506639,1984.51842709185,1896.70912043129,2176.11419195052,1888.8667365434,1918.66415770703,1834.34112792936
"161",2182.48949742587,2126.18612828209,1832.69811171571,1828.07527458558,1769.88685527426,2117.02496180083,1783.85234649703,1767.05983685405,1709.96236093098
"162",2248.60055746272,2272.65482660761,1968.4658718701,1953.78452895975,1872.5677467662,2188.62093025499,1903.47306208346,1874.63130028347,1801.1136858768
"163",2189.11912256824,2296.53137029759,1952.58910338921,1962.72062115097,1888.69065433113,2141.03623369899,1856.76832233012,1866.61552173053,1800.70279386324
"164",2104.14196830163,2083.02603619397,1855.21983253196,1840.38290532085,1787.78291991746,2032.95301618246,1799.17230134303,1780.3323754851,1729.05394551717
"165",2088.64680189081,2036.6252656671,1680.06539885835,1621.2078460078,1555.05281658393,2020.7035032715,1650.17492012627,1566.07642688319,1500.91091834112
"166",1869.695743146,1649.70022330894,1444.72576136882,1431.67722249831,1390.12423142693,1827.96876806953,1463.76220284898,1416.29118651736,1368.00050067663
"167",2247.95905676633,2202.85596674425,1746.53269960166,1747.78310564166,1639.29096354519,2202.2745535707,1719.07103100691,1695.18147046976,1593.10622065965
"168",2396.37491452745,2431.14570656124,1991.97921136689,1916.94386079517,1852.83569381206,2331.09544672728,1922.28759263245,1849.70014022389,1788.27091815629
"169",2112.7014442649,2105.61273264445,1857.18313852938,1915.63768624198,1827.76756703769,2050.52425370525,1804.20053957487,1848.60974863213,1769.08517332196
"170",2350.74639201412,2298.21000485891,1755.7909805149,1806.47587007304,1709.06749479169,2276.22094293865,1702.90150405475,1755.61683964607,1655.96127309238
"171",2060.36647025436,2076.25938305287,1860.85716423376,1853.83863384025,1785.59663930285,2000.93971415294,1798.30447014378,1788.08940297411,1724.22950396314
"172",2215.57894012497,2179.03434381358,1933.13200278618,1843.54037163243,1796.92838531909,2176.081804064,1911.23919360855,1787.40103862791,1743.90266081696
"173",2256.89247880171,2250.0215315626,2053.79629812925,2027.52169489185,1971.16664580872,2214.90595759985,2010.18218505601,1968.62455781233,1912.97731817322
"174",1984.39502186749,1972.64019218225,1633.52438637045,1561.41100238348,1476.33276540856,1924.05591571123,1586.75610876477,1507.60117087363,1425.2562974769
"175",2199.62235560406,2270.64182180798,1704.05181187473,1636.11590226917,1580.30666115039,2149.81284185507,1637.38343266854,1577.28536355591,1523.52939715373
"176",1906.62072736181,1872.75012173587,1465.14823966755,1440.35795294258,1378.62314085108,1845.25177055394,1426.92416249553,1393.25620945507,1332.97439715378
"177",2236.4334820912,2187.74629710736,1784.61359976259,1736.58550116848,1634.61697391915,2147.62540361485,1734.00646298593,1680.64550011447,1582.54775705776
"178",2063.25534930531,2055.1825019654,1748.7779034052,1802.25225185515,1718.81064922221,2010.77476110361,1696.26773862082,1741.82148624165,1660.83964514329
"179",2142.6434941077,2143.860299704,1946.23984190858,1941.68522775186,1882.21750668789,2074.67010817512,1882.93153121808,1872.97951092696,1816.64657038438
"180",1980.94015564515,1927.20827790653,1656.54035720248,1606.68343300618,1552.6593170181,1936.15322679477,1631.39793393432,1555.08355746443,1504.03404363687
"181",1888.40887360565,1834.96852421818,1564.44485688055,1545.40169467321,1489.12698536879,1851.08593163824,1542.96128355323,1501.35666039091,1447.00709949942
"182",2235.26438838938,2200.23990241276,1947.34323967956,1973.29152460629,1905.97347285899,2164.97078912515,1884.60421172689,1914.83266759195,1844.05224777182
"183",2044.15918569728,2076.82536584038,1643.6032296354,1652.68508965903,1563.26544086717,2005.83452567537,1592.79792964028,1583.38242937157,1506.42163184896
"184",1918.31900497386,1957.33712237577,NA,1667.68540158024,1618.65176425633,1866.13849779754,1633.90111048529,1601.81711865842,1557.38446879346
"185",1939.05484571298,1911.52848747585,1577.40257191846,1525.7378104931,1470.61241813271,1878.48582230557,1532.46301198408,1477.57635991733,1422.17398491918
"186",1879.4271785938,1914.37643580211,1585.96901877684,1566.31625256785,1505.85334277913,1844.62475019373,1532.20137912036,1499.67430661168,1445.63042258744
"187",1982.26520147785,1956.62134670426,1538.91927688742,1631.29910137126,1527.0450012317,1913.23793165781,1487.47358588054,1583.57459669666,1476.44714561793
"188",1848.52001213087,1847.1463150053,1530.51353290096,1474.77909089997,1409.01122687145,1812.29675293524,1491.51239495978,1428.05710582004,1363.80133080857
"189",2060.83379844065,2054.47041010805,1794.33431300496,1817.55625614548,1756.85818523214,2006.75619502153,1716.32654049381,1738.77068351265,1676.4297716393
"190",2155.10006303194,2185.75608227779,1813.72803800477,1748.75876688023,1688.88745662326,2082.63492935995,1741.1311260775,1677.61385511166,1621.72171987043
"191",2088.5777973604,2074.09741593416,1663.48760012733,1630.11197130896,1550.96873502297,2050.55917897198,1632.9282203231,1577.64457171848,1503.2719927063
"192",2212.08330628011,2211.08245571969,1875.35241474445,1858.88655148738,1799.94065904538,2152.22419052471,1814.17023120991,1795.16379894664,1736.52654403548
"193",1928.5669472003,1922.75258901702,1506.47962033111,1535.58617172351,1424.88344393025,1902.39180959677,1469.53413881303,1494.08404828295,1385.7274528828
"194",2387.77306889922,2356.8551185025,2106.89596803815,2090.31015780894,2025.73722305442,2319.61463485875,2048.89778951418,2027.47612383635,1963.27505238092
"195",2048.95855853533,2084.58188795098,1790.83913985212,1806.70826992233,1724.13954398988,1979.92678397069,1720.5094018477,1738.8783016593,1660.14722829632
"196",2295.7812449848,2325.63742940891,1945.1299646485,1911.49089054844,1849.54189235083,2246.11356628909,1882.96894533949,1845.23210426999,1786.20485591756
"197",2087.31363616373,2056.72153826251,1797.09775116615,1734.64332436631,1680.7278606795,2028.70078420498,1755.87469536299,1683.73621169068,1630.77169596045
"198",2338.8919059445,2255.46280544343,1846.56970187631,1834.59696997927,1770.08698645867,2293.48939756301,1809.99858497895,1787.92201174145,1722.07662457153
"199",1929.24435487129,1891.98183526366,1615.880871776,1602.64314995049,1535.27243250975,1892.45514639292,1584.86984803027,1561.24029214529,1493.29603147537
"200",2188.16466702299,2218.58164731441,2007.00548013673,1998.73810667438,1935.2702567349,2136.50450632449,1938.25144460684,1928.71825363627,1869.18538176294
"201",1760.48372172761,1715.82660394036,1390.01351711765,1374.95621387685,1316.43119461556,1729.66870120385,1371.95795710973,1337.8610911344,1279.54260418457
"202",1962.96541826308,1952.09956282551,1642.75183036368,1610.34898560983,1560.14915206299,1907.15660438868,1589.64299854486,1553.88204943792,1504.85743705997
"203",1937.39975539198,1917.46877178574,1536.2102015923,1470.55282688851,1404.24647746893,1869.63661306498,1495.8505492966,1421.85644989865,1359.45405690149
"204",1902.08077205232,1884.29341312033,1453.1382007179,1404.69576712432,1337.48296179257,1838.58811285129,1400.48091725179,1356.31356439741,1291.63187035755
"205",2040.104363647,2087.48267223866,1548.6652797588,1611.15046125766,1511.24229776624,1986.74800489532,1493.48014623031,1550.33808068645,1457.32338473176
"206",1944.86408514916,1988.8423628556,1464.35392943963,1459.39085410816,1378.50823460379,1903.41348376922,1419.12188904861,1405.23884866467,1330.77329519376
"207",1662.62830879666,1595.21639432004,1347.07212378477,1405.86684560828,1323.0792734537,1618.87709921574,1321.66535556842,1382.6009994986,1293.13176442189
"208",1889.44243330279,1878.16391799561,1558.24822951508,1521.27129240051,1454.73961191631,1826.72154577713,1502.6061617997,1467.30843961659,1402.14571102109
"209",2062.48335783859,2074.68537531881,1760.31784295397,1747.30617142994,1679.61288903405,2018.39683607595,1706.44654385098,1689.57911847374,1623.21023820519
"210",1831.90370377958,1826.73259486966,1407.81440919537,1457.25028160509,1357.65929688775,1751.05735496717,1353.9344822529,1401.28847197805,1305.96941286314
"211",1775.58886188556,1746.45939794209,1425.79261670065,1428.8236835585,1368.37925723717,1717.09433341494,1390.86851828551,1389.32707909903,1329.85907041353
"212",2106.23026466521,1951.89021142368,1538.02882080173,1608.30718543436,1505.44409151972,2073.70518961506,1513.80276057647,1584.23988455353,1469.09132410539
"213",2267.67172361634,2260.1975438253,1946.57412418738,1972.78926794999,1891.7203949765,2228.76938722519,1902.26108753066,1916.10056653088,1838.70279318055
"214",1812.5125097903,1763.64591774437,1389.20267223667,1442.21404036654,1313.38410903584,1771.44718087899,1367.2449577304,1420.90064354994,1286.07946317865
"215",1762.28816326798,1731.52283376048,1379.27845297441,1409.48297810451,1334.16684032306,1700.41850498676,1343.84177649403,1366.51369289117,1294.0234772505
"216",2219.30293850051,2198.526753548,1903.88313953698,1900.44229942906,1837.86715437066,2183.19265468898,1855.16735550888,1840.76576163039,1778.50654029116
"217",2282.26829351955,2239.37280656418,1899.17578474419,1837.44243782891,1783.46611880132,2241.80762092061,1868.72542144136,1790.45413068468,1735.55328672043
"218",1647.70408230093,1644.20249660665,1459.19074817442,1423.73903724541,1375.0223551712,1606.26558138162,1437.31328222947,1380.14125261643,1333.96846292686
"219",1745.15713443918,1811.6621224964,1353.52759297499,1409.31500746742,1311.3640523785,1692.29390117135,1299.51385048718,1336.66398038285,1252.16591214439
"220",2140.03391291078,2122.160972418,1901.7511473216,1828.11491519193,1784.75724392916,2086.08349773923,1858.10191035197,1776.20326332559,1733.4347413744
"221",1859.46368012932,1827.50826377118,1417.75345104022,1385.78562393685,1320.43770940991,1800.69765478049,1376.71678543685,1342.7196037288,1278.10345829904
"222",2247.492757081,2245.5888555289,2062.37327193025,2058.85278277482,2002.37011118974,2196.86734823121,2000.80074019148,1991.03155626565,1934.18935858942
"223",1948.29671042187,1957.72582688365,1567.23621986425,1545.62321500683,1482.0159420852,1912.02019205626,1527.30430163635,1501.72600477164,1439.6569635343
"224",2194.87470625841,2082.39872201965,1687.8681923704,1736.06233694879,1641.09755275318,2134.69349900617,1646.4554886489,1690.2378595726,1589.20141988492
"225",1627.25296814562,1571.59046351764,1375.59238184895,1377.41918223344,1323.59976063172,1591.53244474521,1356.79596872243,1338.6347207055,1286.31901023353
"226",1958.38379971149,2002.08452120649,1584.04375625989,1546.51301731658,1454.83780763651,1881.65845424795,1498.89859124316,1478.46460269027,1392.86508559195
"227",2132.2380553636,2080.50291691149,1833.98700887104,1801.67120991058,1739.53771886807,2074.07941916421,1808.55723641623,1744.30859283175,1684.9186538471
"228",2242.73964879898,2215.40679606621,1727.32932702795,1669.05512047283,1604.24554921956,2218.28244471946,1702.96552683556,1619.14936706545,1557.91262193214
"229",2233.14110762485,2256.57962981387,1909.4861157891,1955.41786065661,1872.44010789751,2183.94280442565,1845.48223565483,1885.06805511756,1805.85535546088
"230",2275.10321534162,2167.4156334943,1669.33084175824,1546.27870806503,1463.86796057501,2258.47223196518,1654.07598843869,1502.73136974142,1417.48623163459
"231",1881.43095050028,1829.85362112415,1549.74527321795,1495.03314297717,1427.17430319721,1840.93612504477,1520.79717136555,1460.06876797541,1390.13979511663
"232",2210.40995834921,2244.13037790436,1833.75719581542,1804.50383921947,1732.57551532625,2135.26802338219,1760.59584221034,1728.3781206702,1662.59375030122
"233",2012.66250753861,2018.23663793939,1647.7196789098,1637.23067822434,1530.39442661767,1968.49000616578,1609.04878425469,1584.40903790929,1483.11810154284
"234",2103.91353004411,2160.87576142483,1707.03466617275,1731.35759810811,1649.94285512558,2040.64764726064,1644.42966899984,1661.4982614352,1588.45971045072
"235",1627.04734558794,1649.28853666009,1311.37633773327,1372.5744651774,1265.65480403816,1569.96224499292,1259.52583636371,1308.37877277875,1214.15434488569
"236",2320.12353017614,2300.84030212043,2016.65712407422,2074.86118883994,1982.35810241606,2256.47073217909,1956.30280629659,2007.58134361647,1916.80028171246
"237",2371.0639344236,2397.37512146023,2209.77979158051,2266.08751521348,2165.93538784811,2305.94020533361,2130.12662986354,2175.90543656337,2081.70898725838
"238",2202.3694767995,2178.22733098776,1789.3149178974,1789.98855523654,1697.82271646095,2124.08797996646,1732.92446948611,1732.88114143823,1642.35369118311
"239",2347.22629661473,2341.12990162285,1958.69058350082,1931.74779365521,1868.74687584837,2283.33696304238,1905.90300651535,1859.2523479968,1802.23462043429
"240",2189.378257793,2147.11870770971,1884.84959845829,1817.26111720239,1776.93275668813,2151.00857633132,1850.91184624155,1764.34317395792,1723.85481117942
"241",2375.56202799854,2308.36376435775,1756.03257701803,1547.49173049938,1487.20672716265,2261.81308663999,1750.39014908008,1485.51852890733,1431.46027746646
"242",2338.75897328036,2273.97492126865,1983.50321093904,2004.36681367177,1929.89675382634,2284.24373435299,1939.66954693907,1959.06781127353,1878.80093833718
"243",NA,NA,NA,NA,NA,2094.84718457546,1737.24871486059,1733.59371188207,1674.50231075722
"244",2363.37269130264,2401.24174938432,2056.69904052405,2072.89055649548,1987.71987279793,2280.33499068215,1968.44924140649,1981.0297463214,1900.94436598953
"245",1852.6801720996,1823.93570636327,1383.0474287777,1399.39095341211,1318.96415890237,1799.09241551765,1338.87878807961,1357.86069012731,1276.1821834181
"246",1706.70802956565,1741.27723567696,1378.94978579772,1400.23700411323,1321.38113214557,1656.87690022854,1332.7712443282,1351.03349801279,1278.19287365816
"247",2317.67546863951,2195.96766027451,1885.66531334135,1900.87844235555,1829.06852384653,2283.70997523714,1861.40062407406,1861.09086167206,1782.49245559744
"248",2453.72093511556,2474.00450022451,2010.13250301018,1849.4154058226,1799.50260381135,2399.21556255426,1949.0146135262,1769.26700477058,1723.88721390613
"249",2051.23106211499,2041.95442029575,1675.13226631498,1618.58677767294,1569.07116956488,1972.65228456592,1621.42118775721,1553.56844282773,1507.61838050496
"250",2292.08310618323,2261.50438970345,1903.49232837002,1940.98705228024,1843.58649239027,2248.04799935702,1860.7162757126,1887.1307279288,1790.86884299349
"251",2278.36812705897,2298.74659226748,1964.18091189652,1891.85586085752,1828.97428960463,2207.31770854369,1892.57643585093,1819.61472676098,1760.28692674709
"252",2160.10498582898,2140.01906612964,1801.83076835913,1830.439375563,1753.80577870429,2095.53882305038,1751.73386138044,1772.92748101153,1698.77198825904
"253",1811.80296014071,1805.63054336273,1384.13493898149,1360.32316705478,1271.61599380069,1778.89739521444,1346.79706513324,1306.42606776181,1222.67436796388
"254",2169.7202562291,2164.76467189859,1835.69970334948,1790.72530512057,1729.01136259025,2098.641746382,1770.8091309951,1728.78700714345,1667.99920178635
"255",1896.54002055842,1944.15147839297,1730.76076606105,1726.65641444686,1659.33734448855,1844.96810347311,1661.53650026949,1656.67023393882,1593.07569186014
"256",2046.73247101558,1981.43815581272,1503.26080282141,1449.06727777122,1380.77103458204,1957.87551274419,1459.68695067502,1413.05286657584,1341.04427135035
"257",2345.98416952571,2340.70261695835,2083.34445377554,1957.422600534,1888.69471493481,2293.85876295401,2041.64787500086,1880.39559759902,1817.86487020368
"258",2087.76852421212,2052.2752959096,1889.83827876744,1881.67417060203,1833.77490963915,2039.64113553939,1848.75050801914,1829.52930397875,1780.29193824332
"259",2060.62540159884,1991.29004011247,1618.59516116094,1633.74869745858,1520.62459122218,2024.4680099192,1612.77689693236,1603.53165456961,1489.46200508739
"260",2067.9708442188,2056.36236398687,1777.02461919884,1769.64974834716,1712.1492859987,2018.2133432293,1728.55038207119,1718.04569891603,1660.60058243736
"261",2314.4285245759,2194.10815008681,1889.02919482306,1837.07668310578,1777.61103988232,2233.70299040752,1880.58937426134,1776.75649164208,1722.85947578303
"262",2172.62563816504,2198.80102425916,1726.71640157122,1682.51497524589,1576.29616056861,2104.04452133425,1665.16435274199,1609.56588329815,1512.34322257211
"263",2254.07447681315,2204.94155194228,1768.25561939455,1791.93590276006,1714.21044799802,2191.73326797409,1715.53459450548,1732.45747887145,1654.0190540988
"264",2307.0434322744,2328.59621131186,2094.96149204205,2062.60387043033,1996.44550153942,2241.094383096,2011.90718301907,1979.45679293057,1915.31111493889
"265",2175.1778625789,2245.97468349398,1746.65980572342,1771.26599434939,1687.15554032491,2140.04369849567,1689.67965565629,1710.80478908008,1633.16143211337
"266",1792.56512133804,1773.25905952735,1350.09803292759,1479.11197398502,1275.48655450091,1736.17501757552,1316.86968266755,1432.75309411115,1231.77020079555
"267",1849.99938806869,1881.56831386737,1554.30034158875,1567.7379705869,1479.70445374503,1783.84514864764,1487.06330931174,1509.96533789907,1426.2689601836
"268",2105.79026385541,1963.55465798045,1563.62565715719,1512.57372720228,1448.75319968278,2125.57526752582,1571.03586942075,1470.97278009316,1406.77571843955
"269",2307.46582950643,2300.29759507906,2060.39144533463,1991.52925928391,1944.5279659401,2259.53060516126,2002.57277217423,1918.83049918976,1873.77641785862
"270",2323.3765023491,2374.62841274222,1901.71211956494,1864.8616532851,1800.34857508144,2279.6536749113,1827.21471160205,1790.22891987187,1728.54956877134
"271",2254.43105432784,2260.33195190311,1997.30695889284,2029.90939028921,1950.71022106511,2179.50907198598,1931.11414896125,1961.44240755691,1885.54926885365
"272",2335.2384417278,2383.96774734431,2075.29349970782,2100.13231488421,1996.01711457812,2267.07641723003,1994.6888992603,2010.85426548197,1916.21544795978
"273",2020.3062553949,2062.48324427893,1578.45528247649,1584.13573262506,1509.01644016843,1981.71296219164,1525.63842858343,1524.99303416261,1455.52162903194
"274",2328.96002146446,2350.14955563229,1990.12089998368,1869.46709034737,1800.55397984879,2259.19725447967,1928.66858763388,1800.64425875986,1738.01163491834
"275",2110.24352174867,2027.4558743365,1550.13735575566,1527.78476299479,1440.01131568968,2061.50529488851,1530.95896704097,1484.67918441015,1397.73404377489
"276",1972.92056505827,1953.78566797958,1577.84430502795,1490.48181483723,1436.617921143,1887.86052985647,1525.40406580722,1437.05672901807,1383.43343149429
"277",2271.22565937738,2203.35572869203,1932.60727164029,1913.29342511459,1854.02570425209,2241.20836871412,1894.85906347093,1862.23506163855,1798.95369649267
"278",1791.81606073436,1780.22099731781,1467.57804765789,1522.16743827678,1405.98687577505,1725.10570591541,1424.1088736245,1465.7925366577,1357.19293539156
"279",1896.02040454471,1904.23305602819,1620.84842001471,1630.41551756651,1568.99584766987,1847.91921868644,1560.15998925758,1567.30053919088,1509.30669911698
"280",2208.21641478885,2176.70828940083,1803.75547208201,1810.54536227517,1677.16716739976,2190.01594646524,1772.26786799278,1786.4128716602,1638.04151871081
"281",2282.11852031818,2310.90485740597,1954.71934909817,1862.74540081136,1809.75873350999,2228.71047552282,1881.93810023414,1792.61151426057,1742.32525725534
"282",2325.57458416486,2290.45847890393,1892.1652848975,1879.56793775274,1809.62126752204,2277.92334854804,1840.76035853878,1820.37953929511,1749.99455517581
"283",2201.66077498749,2205.13649391334,1849.41264708404,1778.22163093735,1717.34340208783,2135.44325764233,1800.37245410587,1708.60246104515,1653.85590907802
"284",1760.06930228939,1745.66863727755,1505.43692944879,1489.44324736709,1442.49351729054,1739.79161837793,1474.24749925742,1446.84260571074,1400.74801899213
"285",1714.95599043509,1728.41196708473,1415.99021891205,1476.73128784552,1382.61208309726,1647.64078175047,1366.08199764689,1425.31290473462,1336.17316449467
"286",2106.56288763483,2078.91990669178,1815.05749128997,1783.55360639733,1738.92295811853,2042.14798535951,1760.72237835259,1726.67043616049,1681.46079611942
"287",2178.89094058,2157.8410291407,1606.3041000183,1558.38028544669,1481.84610778815,2087.10146173451,1553.41356666228,1505.67474135982,1430.13191708437
"288",1778.50713789595,1786.4110322375,1380.78554534804,1456.44487770792,1333.97844091675,1714.10316739039,1333.1315914832,1401.92482729488,1286.2632745531
"289",1806.18649480913,1891.76635231038,1428.52625474437,1465.36953395647,1373.89366015589,1752.15963341234,1363.56112856764,1389.29070847286,1310.5211486348
"290",2228.78228566741,2245.99191392319,1872.75584421271,1871.59974691302,1785.34083250598,2158.72429778931,1801.58764077352,1803.85722083315,1719.90237144678
"291",2052.63881634882,2012.35158347603,1559.84213825423,1519.05881073719,1456.00581306473,1994.83271767857,1514.76517477006,1471.13877127244,1408.81248398014
"292",1914.71976992229,1930.23266034916,1544.98108782511,1485.68669032623,1431.14470790806,1859.15824801825,1492.02776073356,1430.24749298933,1379.13481411392
"293",1934.75150484521,1844.63913693461,1486.21374952603,1432.38846546074,1382.20193889287,1899.38050501076,1474.94800404053,1384.67461737602,1337.46322170242
"294",1784.08639770938,1770.37868786039,1395.37411857053,1383.75863186203,1291.54701456926,1721.75551795323,1356.02898338729,1333.5025863529,1248.63921744151
"295",2338.53068710536,2276.51954713825,1945.11917058491,1890.64133777473,1841.48670342162,2290.99886976432,1901.78724017789,1832.45878599898,1782.02903701107
"296",NA,NA,NA,1526.68687771597,1466.49267014934,NA,NA,1466.41722749657,1413.22241462575
"297",2227.36768477299,2218.49019926796,1948.87110665116,1843.303947933,1800.10328318558,2162.6919678274,1893.28641181466,1781.40439559175,1740.20285955264
"298",2274.73460820574,2280.0269764672,1820.01645490882,1740.81022085665,1673.72833580358,2225.84737314692,1767.11804221151,1681.82918254173,1618.38299917751
"299",2130.72174060264,2110.67860916685,1863.1223107185,1853.41929672052,1782.8206519047,2089.27763477411,1831.74142660166,1790.71375964759,1724.69687475051
"300",2192.19137444668,2173.51097318052,1881.39716243586,1950.17309692285,1833.35749746886,2128.42891154463,1828.01518601311,1898.40929401549,1779.9997584785
"301",2413.38231387516,2418.57175541093,2081.92787627136,1968.71713171808,1921.91924299373,2342.39431520936,2022.62028098069,1911.90483884993,1866.11614183258
"302",2160.91117429239,2086.94987952014,1718.56344494909,1764.81219435601,1674.10966493168,2156.25463477402,1696.57882919781,1729.00036732656,1633.78042148165
"303",2034.76875956412,2072.29375000625,1786.75441486548,1795.62720175486,1734.97670736788,1978.40868851506,1721.90410383565,1726.62316467946,1671.78204141823
"304",2255.57254715657,2221.98511055683,1943.46067588393,1964.45869703056,1898.34597113473,2192.26855560123,1883.9539486838,1909.56805674871,1839.03332886398
"305",2156.20493133133,2129.28925266895,1737.00223643864,1684.81001549631,1592.27659324324,2078.44690736699,1690.21718660706,1633.65524834221,1539.23871461752
"306",2031.11926761261,2017.63476866816,1710.62531964588,1719.34130006956,1648.39846656018,1971.2693229314,1658.36328830906,1663.05571877144,1594.07737612248
"307",2242.06077824118,2256.84002675306,1870.58423955419,1780.31810798745,1711.09340035715,2185.54729105934,1809.31149742576,1712.91296389582,1647.83628514776
"308",2096.09937042226,2112.10843347384,1809.43551982617,1826.98254409203,1751.99557992267,2025.03978864389,1749.46476614982,1761.27512268765,1692.25873716513
"309",2003.03113636466,2036.44078063715,1691.44841237987,1660.30652765306,1600.08444206621,1970.57804021328,1634.44639700416,1595.59351740076,1538.79033329593
"310",2270.90256047781,2381.50647713314,1820.22165498309,1821.93333179031,1735.36159680031,2215.65318862963,1742.22698137363,1740.23729855473,1663.05251356046
"311",1973.52560159754,1978.18021037616,1636.58751052011,1553.2578150436,1504.77406302327,1923.27191765573,1589.44323486912,1497.70063908832,1451.33930148919
"312",2321.55355749312,2372.04477539771,2122.03546910007,2054.18266858819,2010.67701069329,2263.96468634158,2045.81649164863,1967.36264177252,1929.6471332916
"313",2040.67582131412,2070.6725374751,1640.66449515257,1649.94905517679,1560.15292917547,1979.39942272794,1580.52552573242,1593.13825468416,1507.39636718844
"314",1846.23206601632,1772.22577953804,1432.76447159593,1454.47372580035,1371.5405723456,1791.88690910973,1409.36296427523,1430.65809189607,1343.68307783683
"315",2064.06077662222,2030.5577717076,1635.76711781689,1548.10816491565,1495.74189887748,2002.15824499088,1585.97469533848,1493.31135192552,1441.57260669809
"316",1579.23727536286,1649.47565694892,1396.64804036623,1426.33300301135,1338.63525459744,1531.85035882168,1354.20233868152,1377.81420229923,1296.19058781858
"317",1964.67821420597,1906.86149817448,1621.86433685846,1671.42687753795,1572.48061786811,1934.82645403959,1597.95512281396,1639.11524918285,1535.37275926326
"318",1725.85037312913,1735.7755422314,1388.96578043766,1374.94137564669,1313.79326460898,1669.86765228886,1346.10278836597,1321.59680429269,1265.98504706903
"319",1806.62153909784,1825.67220043818,1525.97390007187,1552.53685800257,1480.82873148491,1753.59640431112,1470.51453334576,1493.65897566746,1426.91404987827
"320",1829.28963356473,1858.87907169735,1532.85294219643,1516.64513618763,1465.24039440978,1785.86671421634,1483.08131561911,1461.07109708015,1413.39825555994
"321",2197.18591498982,2188.12226791148,1937.52206231748,1932.59621832927,1871.6812889687,2142.2224883703,1874.94802224967,1865.34197920821,1805.63600586579
"322",2156.75978558306,2177.33891850682,1877.87023630168,1889.13863126451,1816.71622613177,2099.26814211244,1814.87442842317,1819.55130311149,1750.84597022928
"323",1747.06949922154,1740.62665717884,1425.16361583404,1371.11270986828,1295.23179096657,1717.40348655637,1389.12797561989,1319.92522653828,1249.25882595366
"324",2057.15176385028,2032.60608078846,1748.59807607125,1712.30744005212,1660.2865481765,1996.73634110979,1695.97149663305,1658.22407377888,1604.8383786101
"325",2045.55938493407,2051.85100935578,1752.5445566119,1786.05000932458,1700.77109688905,1990.45681308373,1694.61522675593,1717.29495698895,1637.10395525001
"326",2272.42428004879,2320.10851278324,1995.93074516797,1948.79158441621,1884.5980396186,2159.09901108444,1898.80109362057,1869.39153190721,1809.92524304596
"327",2164.98026071289,2190.19877541865,1546.1044591683,1464.31086204522,1397.66115439803,2119.22744388707,1501.65021467317,1412.87534030804,1350.74527306276
"328",1833.00334801605,1828.856131361,1431.93805419269,1458.36789090247,1376.91800938159,1775.24477162922,1385.19179462302,1415.52334971511,1333.860175071
"329",2076.98891360071,2018.76045041194,1691.58510909981,1634.2563337418,1584.07262988444,2048.4199977652,1657.7606360398,1593.50647723936,1539.5240364712
"330",1784.82568904903,1763.26370418942,1448.76511267976,1419.45266809714,1322.97645675186,1731.16815249515,1414.61192878484,1379.0165582793,1285.4126627792
"331",2197.3441193451,2155.07999670371,1781.23916012663,1744.71057623338,1683.88303863953,2136.95367526656,1745.59503958649,1704.28971896942,1643.46760486327
"332",2045.79872001131,2026.04918907385,1687.06074977313,1577.3424352759,1522.46662808139,2006.08743785209,1646.52375038112,1521.4297499535,1468.82401370264
"333",1805.950589765,1723.60629627134,1433.2903832301,1418.45929063273,1335.49438623163,1767.61740417801,1428.75536154871,1387.77314183806,1305.16568801747
"334",2101.63046635836,2195.56867439152,1819.17838950546,1770.4358681036,1716.46660772937,2057.13805895662,1737.61809367011,1680.84675056115,1635.68916751004
"335",1956.14573443443,1973.47832859888,1422.5846717486,1454.41871621599,1351.61912850627,1906.25778801749,1373.320791265,1397.69278939747,1301.29888299649
"336",2094.34244452044,2102.19235184357,1854.28916704131,1873.15320000605,1801.15167744035,2039.91450247951,1792.68781596868,1799.92031361592,1733.56737291942
"337",2274.33625083715,2287.2387658502,2058.63481288508,2092.35826101071,2006.11169414685,2213.8389845428,1990.11300137976,2022.55921688408,1935.636378213
"338",2308.62343718942,2302.626675959,2093.7939429515,2057.63602260851,1989.56921948274,2242.47763935784,2035.9305997345,1983.05708843255,1918.60994363467
"339",2359.76276561471,2342.15710159,2057.74291676718,2028.36942032525,1946.92711645179,2300.51830358767,2009.98145104829,1965.49449841854,1887.25184353602
"340",2369.82674638825,2372.55751886179,2076.52929486615,1996.43213528077,1949.37587118791,2293.66798105017,2011.71261077262,1934.16571527407,1887.80983289141
"341",2360.38166356697,2331.69888709906,2149.42342818371,2146.42267234806,2077.21112739461,2312.46791452862,2108.49653711077,2096.41225216277,2023.8579343023
"342",1884.61457516948,1829.13064380291,1568.58720485851,1530.81653840623,1459.69763867731,1833.15614684238,1554.38969914046,1480.20123478749,1413.53833098729
"343",2153.95378020808,2076.99055207069,1775.35194313515,1797.70142701917,1717.19498966336,2081.02373876645,1745.49122212988,1750.1415393008,1670.31687499763
"344",2247.70178711375,2220.42035320117,1711.76991866146,1576.46608280404,1517.22505886864,2177.57971891921,1669.341532231,1523.51005955001,1467.99852984047
"345",2165.19783185358,2142.53716732458,1894.40970528891,1897.76987003882,1826.30577787903,2099.03479971993,1844.87460064069,1842.00922558435,1771.69153572775
"346",2156.37926297462,2194.26330102394,1914.55337198205,1958.68129261998,1870.10833679707,2108.22750459647,1846.61694164138,1885.9881329425,1804.57167288779
"347",2121.78592814205,2115.24927885612,1821.45214404196,1761.57448890163,1708.40607219591,2061.50749516244,1763.78204605653,1701.00887767038,1650.3379283482
"348",2072.61029941689,2063.90274767044,1628.18784561423,1546.65207257799,1482.5370234511,2004.57527249913,1578.41450732668,1493.53303302029,1433.32941770153
"349",2167.37189111529,2096.74177461136,1750.02851760651,1683.29627348523,1610.50852933654,2088.36994938421,1722.04126173025,1629.60430876713,1558.84858899729
"350",2234.99563197806,2173.73707476754,1783.42132080644,1781.21340667063,1701.93738942925,2189.06145060275,1736.64332812525,1727.87128841139,1646.52282693393
"351",1850.00795927081,1835.15631696517,1421.66490016531,1409.55294555443,1334.43256910452,1771.5555887318,1370.83037639098,1354.57616981575,1284.09990268907
"352",2169.74696796911,2179.74816927575,1867.62276747906,1841.18885758999,1781.21091550989,2107.46219386645,1802.10927857476,1765.07537545363,1710.30302987079
"353",1931.36678044912,1918.40272292943,1632.63729321735,1656.75512882288,1587.90111696751,1885.21474726531,1582.06390863281,1602.8929107642,1534.24086159414
"354",2276.83472638903,2255.10436357973,2058.64999604891,1983.95839368761,1943.93005901143,2231.08322337686,2012.43282658685,1921.36629324892,1881.28237745508
"355",2115.17121050441,2120.27728401091,1886.794700911,1811.81385710743,1771.60392308733,2077.50909109703,1828.59557011175,1744.61493572453,1704.98597911476
"356",2104.0900880726,2123.19963933383,1679.85001002448,1605.7218405511,1541.36349092088,2040.95326947896,1624.29752640341,1545.68906581348,1485.34068115446
"357",2029.04507347787,2074.47417683353,1634.73324644188,1682.62606093823,1597.02686647127,1983.0322948043,1572.09641318586,1620.26172482897,1537.09255804946
"358",1992.82142885022,1945.1107165856,1717.79169111973,1664.7032458562,1614.25234079276,1942.24821071407,1681.93919048824,1605.45895397403,1556.86657286915
"359",1962.70558469469,1916.68306473122,1570.02507127919,1467.24878488433,1418.00725897414,1894.26335910688,1527.88975624894,1418.14230909683,1369.55998524189
"360",1822.18744432674,1736.17686698353,1457.16146184404,1441.78848732603,1360.67140479296,1770.42107285809,1451.18813783743,1408.97493976988,1326.62557395725
"361",2174.43617009103,2118.71338681766,1820.53183933159,1723.61692208141,1668.5085858458,2130.14409044832,1792.34142085671,1665.36796814737,1611.98349899092
"362",2164.07270543816,2114.39742658585,1646.57407636602,1564.31475737506,1511.45352061387,2103.29879526299,1609.87433294611,1515.92384061913,1464.91131743954
"363",2111.71779922024,2101.28856927116,1753.23888003295,1628.47501445515,1577.31781498213,2071.08135798414,1714.36729718152,1578.28115048757,1529.77272917736
"364",2212.71062652812,2184.99645061572,1947.16744097153,1935.15321784105,1875.74175564123,2146.87409148751,1890.99701653107,1870.52955085825,1811.77516826065
"365",2200.12341245513,2204.23806013194,1870.89176963868,1928.20279563939,1825.28453124051,2148.0282884041,1805.69284653191,1861.68353872652,1760.17379180709
"366",2151.96547129787,2133.02901098082,1800.03806029716,1800.06932216994,1735.20905767502,2095.66165106134,1748.7140522279,1744.1180346087,1679.98181331946
"367",1952.14532042181,1916.39345089773,1581.36082953824,1601.92849787173,1532.00448947405,1887.6789237126,1538.32578941964,1556.23616003569,1486.87743303422
"368",2057.15437680765,2053.92734466978,1728.63618585656,1746.29844478989,1640.00327166041,1989.66348422672,1679.22740335457,1691.18224327152,1590.36016107103
"369",1831.96901928747,1822.16030417975,1500.67710473832,1393.57163239423,1352.24015164713,1762.21864500567,1447.03308637619,1341.71483265859,1301.11701880484
"370",1963.32700973362,1905.37236504041,1517.9372234658,1401.95074770073,1354.27803526025,1894.82081706727,1478.56945308143,1351.77779724843,1304.74525846002
"371",2131.00879271517,2066.61868026664,1726.03849697262,1652.96479790645,1595.9736437094,2087.82799912009,1700.5422447267,1615.20006081046,1555.00950871216
"372",2278.01892891598,2237.70361635566,1640.20793984203,1504.26869607271,1439.44341137229,2209.24982289869,1580.45126376969,1447.40627375533,1382.48073803811
"373",2306.34617040422,2338.1275751465,1953.18863700776,1937.0383556412,1875.12727702715,2221.9051730464,1879.27748209726,1856.41098748872,1800.58252504984
"374",2188.05280389781,2209.126450858,2009.07777885826,1978.10540031612,1929.8742231385,2126.22670603332,1939.60626097149,1909.08408171846,1863.95480214372
"375",2045.83933738898,2019.72553546087,1654.06209903665,1568.02220383371,1501.89743366515,1974.05651248961,1614.33986562724,1511.80282440535,1452.06746366833
"376",1596.66253415653,1567.55651188188,1348.74487720029,1385.74544417329,1309.46779685751,1556.24870135,1315.77263056344,1357.89583064076,1276.50930725204
"377",1751.51433295216,1702.35195226322,1403.5008680072,1388.93846237438,1307.02197795864,1707.69153003611,1380.37616842829,1344.82575933124,1266.98498838123
"378",1757.90672363965,1761.87510377875,1368.35215520384,1432.03099748126,1343.40784899192,1670.25285764936,1324.34076215903,1380.35040606278,1298.42227619263
"379",2265.81882824892,2266.45384478377,1631.81441515733,1557.29244542568,1464.02929464998,2202.38965370157,1576.83203529603,1496.49648970802,1408.85104180414
"380",1950.56403009601,1913.270671293,1598.09168869405,1555.25351011522,1504.18519823731,1889.26832468162,1554.42592859251,1504.81145688356,1454.82418030167
"381",2126.98443196117,2131.93926867922,1862.12503943259,1928.36466790789,1835.80177700797,2064.64533503548,1797.15689202053,1858.61800243065,1767.97214290856
"382",1924.55990638009,1853.70081281745,1553.65099984034,1476.08010717162,1426.35417596224,1852.09840808097,1535.89711805014,1440.36763312119,1390.85524253009
"383",2203.87162634441,2266.79006875019,1780.11154344957,1800.55852150877,1711.30554940644,2143.31576005023,1707.99795283852,1726.59656080073,1644.05869077792
"384",1999.94420361408,2005.65345928395,1803.46844588301,1766.08918982131,1714.42784325335,1938.38826143141,1739.79537850682,1702.10992056218,1651.10989339443
"385",2395.62308406697,2384.02523529513,2013.08726960538,2030.20639190284,1931.49563500613,2344.58966398264,1965.13430258733,1966.67632099751,1873.91245885991
"386",2393.83298325169,2399.83673666583,1831.97823479246,1871.11465568666,1746.79555080668,2333.46227301676,1775.80361746498,1801.54416130534,1685.07076100077
"387",2321.99420110073,2314.28825526457,2035.07099051701,1937.96120837139,1892.71027741857,2249.84047800658,1974.05180106004,1878.3529443331,1833.72074936007
"388",2319.29777002691,2274.61639277058,1835.65464998964,1907.69834959298,1803.62820775442,2240.92048022282,1788.1663314281,1852.39678450654,1750.97880527927
"389",1851.00668523612,1796.31848913299,1427.90235948469,1494.37014247425,1363.06903946546,1809.50072182565,1400.70725932596,1457.38104143332,1323.07160975862
"390",1951.59694417753,1925.20529558534,1548.78705934194,1483.8687416394,1431.83808625064,1923.52405283232,1508.20491147712,1432.88489733535,1382.8737654163
"391",2011.1248664797,1933.82286917793,1563.1111589052,1574.75031210865,1492.29426390694,1968.22434281574,1525.21394476236,1536.73027268561,1448.20489739208
"392",1663.52762929481,1664.85916091165,1341.21178820286,1380.08206048265,1294.74565641943,1640.01713141785,1312.70184281521,1339.09347012069,1258.42760037477
"393",2217.27201159728,2240.7503955899,2055.2384271462,2038.48906732851,1973.65364294984,2160.51182515447,1979.90447355942,1957.52696202394,1897.09233758203
"394",2091.84630524474,2017.58291652129,1791.66608648837,1753.15422915327,1703.75267745327,2041.68012182313,1774.82578327969,1716.31175919445,1664.77041556932
"395",2358.93992968101,2370.02872154647,2169.63103562843,2184.05975101454,2120.67308151912,2299.93820405649,2100.27352856511,2112.94485480056,2050.58656560263
"396",2210.52370741044,2208.43337481989,1710.24000577319,1678.43673396303,1612.89822598627,2142.75010980247,1651.31539344775,1622.19817468101,1558.62290843376
"397",2055.02983468981,2096.67654134034,1848.81849996006,1814.89411878543,1761.43789525835,1987.65017480942,1782.02554043514,1744.29134975693,1694.71183664116
"398",2060.13918907048,2001.50162209228,1627.12860364784,1650.95611307378,1573.11954976528,1993.29596482464,1585.54786619411,1604.1929740759,1527.09294146055
"399",1721.31451990213,1700.00096013855,1337.46163724425,1391.46596848399,1283.63834362625,1660.44164062841,1300.91966487008,1348.3436241627,1241.99688990112
"400",2170.21869168809,2181.399444667,1922.50165948753,1897.43242208347,1846.18296465574,2115.92764006715,1856.54569755303,1828.28474485039,1778.59533565235
"401",2364.37869657503,2195.65708721615,1820.11913267783,1717.52098575176,1657.26923351061,2335.81364801682,1830.122809283,1686.16960720091,1619.93939609604
"402",2210.06477226829,2224.42947481931,2023.97288417048,1947.37702680224,1903.01091851835,2160.43888899951,1960.45347647491,1882.9943101438,1839.8521351999
"403",2349.93716740099,2386.9668880989,1952.05397860911,1937.17567016239,1872.28737187929,2289.10400865267,1881.54316813687,1865.17994214829,1804.1924309639
"404",1896.06258584039,1897.80734854504,1810.3907434255,1872.33375541051,1765.51906652715,1817.79523191706,1755.54837227241,1803.21253476921,1704.41980359114
"405",1928.801871803,1864.62479337004,1504.60345860464,1442.05988520766,1361.88460835484,1888.79679745496,1492.35231907337,1404.47632125509,1324.4101583726
"406",1990.12487006865,1985.10841464578,1592.14020307953,1597.43337145686,1521.12396062103,1930.56459818659,1530.84518967895,1540.63147267028,1465.57742605052
"407",1828.27280620637,1856.76609424209,1589.20843202128,1619.14157864296,1533.13483839772,1795.4713405835,1529.82665542842,1560.56141408305,1476.56482915174
"408",2175.64126860817,2200.52695849022,1722.57864470841,1752.31085783999,1663.69384501765,2127.69756862379,1661.32293091106,1674.19396085761,1592.46416428546
"409",2211.98683778188,2171.20643397307,1722.98505947584,1776.36869753882,1621.9063287098,2176.51210806104,1724.74904774611,1722.53640859322,1580.90252547928
"410",2077.76119341206,2078.23630433224,1566.21259404157,1633.25644134765,1528.30370119,2015.70163052782,1512.2852901545,1574.46466754583,1473.6989165543
"411",1692.82090621907,1630.83748574947,1340.51340803458,1386.34325416892,1311.9739266265,1667.50246428269,1313.09265638567,1348.40853511901,1272.7116536296
"412",2057.60033680777,2072.70682537886,1804.32279659906,1797.33748983368,1734.92620078509,2004.18704421678,1751.8225877058,1731.67809492728,1676.41927378677
"413",1869.16541258498,1865.21630006158,1577.2211959698,1543.08570284666,1488.19003024707,1832.50842712963,1538.77130863589,1492.23602500156,1440.15029751978
"414",1811.11462239509,1781.44405707859,1438.87381286753,1353.62490981914,1266.50327570421,1739.44401302147,1403.2970638369,1302.2766305346,1222.18387755954
"415",1818.17035639543,1827.63162135156,1461.48556059561,1489.17650277348,1393.56609382084,1770.40719127145,1420.52184935411,1440.18256448714,1351.13116653145
"416",2334.86512134312,2330.19694287413,1954.57994419556,1973.21064890345,1842.39576015142,2270.66644986945,1899.08795358217,1902.29934767849,1777.95259204094
"417",1951.045179026,1990.76790144285,1607.54591028552,1602.39312944689,1526.68530670144,1875.03369773291,1540.21484190289,1534.39759648594,1466.44839189152
"418",2403.94085940522,2405.70378473841,1950.39253175113,1828.04168085128,1720.15367951509,2335.98773949676,1897.82821245574,1757.06255559157,1651.37527874685
"419",1939.60436432209,1952.39907239103,1594.36216033959,1618.71177520571,1542.88094564529,1913.03610149124,1548.10314765665,1561.8566660647,1489.69931374113
"420",1973.6657123819,1949.46833202572,1472.26564775434,1428.55754426653,1373.93755884207,1919.1521779621,1430.27757879388,1374.94222216568,1323.59537393816
"421",1984.41332779889,1949.7659807102,1572.27959078324,1545.10966578555,1474.55294645255,1939.90612978139,1533.82430231116,1503.14122616463,1432.00833017753
"422",2180.87017193569,2135.73627539108,1635.45719873312,1583.92397917281,1513.01827534898,2148.84831727174,1616.80937124159,1540.68343522604,1470.86531485137
"423",2086.9089243301,2092.08788675722,1796.28272614963,1847.16025064947,1764.36144865496,2025.83452468423,1733.31963016918,1784.60901248282,1702.89173003616
"424",2467.17589356706,2461.70632926072,1905.60063002605,1916.93085401866,1831.91892832948,2421.02930659352,1853.8805421044,1856.69668594987,1773.29492149869
"425",2134.97097092239,2085.65238057628,1606.06694846254,1619.10413804326,1527.60468196574,2070.59803404516,1560.85872528078,1559.07973805553,1470.45647488063
"426",1910.29100220183,1938.67097970164,1582.4286393028,1507.05951574057,1413.8620511647,1853.86851215134,1523.04374347844,1434.57192939327,1346.48023010444
"427",1944.73775319037,1963.40280832722,1448.98490378054,1424.00916544674,1365.96991323352,1907.0219814664,1408.23413284128,1372.6619581955,1318.59885010235
"428",2080.41115052152,2037.48579608156,1632.82266505514,1601.05785775467,1533.50013473481,2050.62608954943,1607.30066021621,1557.31193427374,1490.30275861361
"429",2202.04486038484,2145.27560317635,1777.99475636875,1767.01134337172,1688.28564335437,2161.04173639832,1749.47440629083,1711.10060887774,1637.99418266604
"430",2105.08903919302,2124.8789231321,1710.07417007083,1626.39718343389,1538.82169053022,2045.61133100172,1645.8504504428,1567.37897121447,1483.64274113918
"431",2047.74879989146,2083.40856228726,1609.38857029376,1606.62805509821,1530.02305481043,1969.40339347836,1537.36069235929,1542.09482797405,1468.27970655432
"432",2020.39065113806,2021.50269324628,1705.98490757233,1657.3883227642,1606.07769006046,1953.93046649738,1644.5698298515,1583.32729103466,1535.58076224802
"433",1927.5581312555,1914.39644819239,1480.24415049429,1530.74888892647,1405.3967741994,1852.28155942428,1434.47266048196,1477.49797324291,1356.62631862592
"434",1887.91567592192,1864.7024860394,1542.63600160026,1539.79382515588,1472.65656222283,1834.3064845875,1498.65505483742,1489.75031576916,1424.88891304313
"435",2207.55476422352,2186.17722824412,1906.29541917434,1816.82595270736,1752.76613458582,2136.31881885738,1856.92120149941,1757.20395858137,1695.23975403835
"436",2040.24023555365,2068.62320445648,1783.09813392848,1825.850825305,1747.42447670292,1991.85665548903,1720.83744493679,1761.94032084806,1685.86011121152
"437",2164.08201263417,2221.5047956191,1886.9423847609,1967.91563107157,1839.26218690896,2096.95977699044,1806.17075408597,1876.14755271558,1760.25595517765
"438",2216.22094171423,2202.67920799499,1964.65730351421,1945.48273753198,1892.4189136643,2128.25386370379,1900.94240498338,1865.73188240377,1817.13154940672
"439",2013.46283625691,1998.46286431185,1760.18528372603,1733.91030047012,1691.06176377844,1961.87919406667,1699.15385762984,1673.18607664731,1628.91290226443
"440",2222.72451913195,2202.84562218399,1788.12432876195,1735.6632681397,1659.27180636614,2197.49134826102,1752.88167723763,1677.63786593771,1604.76552338089
"441",1758.78298917736,1770.78277061258,1550.33455092342,1568.37097049623,1513.55146649052,1734.22363760492,1494.75220899961,1510.35987949649,1456.61663635062
"442",2300.12390244088,2281.60521743619,1943.37260223549,1979.35336454494,1860.22721294568,2265.56862042072,1915.28870267776,1909.2339144649,1800.19037261148
"443",2372.61564420104,2356.1240632278,1985.18157337888,1864.2369980024,1803.48852704012,2305.67690703196,1918.67696504938,1799.43962764146,1739.8019993472
"444",1903.58763024881,1841.19596364937,1407.19251674555,1385.61962678334,1331.79189305065,1880.30834507562,1382.39468474557,1341.96858851037,1289.74906893678
"445",2061.03049879816,1963.67354334563,1464.61848632269,1413.5989967824,1345.11525071325,2015.33698561672,1447.36636197078,1362.90646337164,1298.75576203968
"446",1627.94402132633,1606.05097403291,1359.81308241727,1332.28619807586,1280.16337104166,1581.394521698,1325.85684391759,1285.53735396934,1237.43256811425
"447",1927.96329914863,1874.93892102167,1604.28923510292,1532.13802636436,1489.93433201498,1888.73571437319,1588.04746915388,1485.02614722135,1444.70953928663
"448",1993.56190629986,1920.44777602292,1488.04648029842,1525.79110608852,1441.86486767568,1904.79411578164,1448.66157484347,1478.54196784236,1395.41686699406
"449",2282.34845475914,2254.28483434414,1941.70898789005,1981.13789560038,1887.61915625393,2213.22667373068,1890.65283836164,1924.36450941383,1832.08027110164
"450",2256.88707174697,2309.70626039704,1938.50131527885,1952.83001897699,1874.94265476079,2209.58668958224,1869.91266488019,1879.0490577969,1808.25126401006
"451",1865.59199134035,1841.96007850496,1524.15375486421,1540.94313193839,1442.39427495511,1789.02338212384,1473.67696220909,1487.44345337731,1393.12958801264
"452",1998.95274475463,1821.82193126926,1535.26391524473,1552.20068309727,1481.39340975124,1938.87130781509,1540.34058586948,1520.14621821763,1449.31516553744
"453",1840.64512528186,1839.37323761586,1466.35987133794,1523.16986115705,1417.59730492731,1783.82013953594,1418.98197273637,1476.01777651577,1371.90174319747
"454",1922.57548646299,1959.69312887107,1463.04769162643,1425.47755440533,1354.5046223331,1860.2820953888,1401.32803845021,1371.93400605019,1304.72283519963
"455",2204.34359431638,2184.26351699706,1628.17623895688,1643.07873103856,1548.53800761698,2100.43931696588,1566.56481212367,1582.26039897023,1490.21109089311
"456",2204.76469077876,2205.42427238536,1940.57411279989,1947.47044438982,1883.74982503828,2156.57984599441,1888.99931944628,1888.71573815702,1825.94594986514
"457",1702.54163961698,1721.00704473483,1380.73299913642,1375.68235864485,1290.44329573173,1639.25814229764,1328.15754292913,1316.64825921845,1240.32945963527
"458",2172.35555934644,2208.32849062715,1975.01163566328,1978.13568406497,1918.93518554437,2110.03509949829,1896.74336796437,1901.20046172218,1846.14152474209
"459",1994.08776665138,1972.96774162229,1567.97111027508,1593.93274850919,1460.77943192957,1934.62299997357,1524.23486211584,1540.46306119343,1412.51214407972
"460",1975.02767519509,1968.22701877887,1563.38585014217,1533.30878998198,1430.76574393905,1935.14220829056,1531.03261167859,1481.93148815827,1381.49958153091
"461",1849.27794490903,1770.39288617012,1413.87645349712,1321.50321191614,1276.01681181516,1802.09259320757,1391.98133294619,1285.12046281845,1238.45441846448
"462",1765.50256742458,1801.08968767364,1507.44835393373,1577.33664318746,1490.35478419762,1717.16520539761,1454.51334213481,1519.4488242732,1438.71175664045
"463",2300.52113152853,2277.6369979534,1998.02337572924,2030.83164285658,1941.22409672345,2263.12085072388,1944.23708202351,1968.30328596166,1878.75306365344
"464",2115.3695349992,2068.87483699754,1753.47353912206,1763.11779835693,1692.77459533395,2081.71386427158,1721.78637830165,1728.06598427012,1654.3092585088
"465",2234.98564535235,2237.92013854514,2003.22313566062,2029.90156028843,1936.70886711491,2175.75736007651,1945.54224395521,1954.00696411668,1869.17725460978
"466",1927.52271389401,1904.65066354329,1464.00230199901,1432.31025635991,1369.84086026531,1887.61238774737,1430.61071851598,1392.79859826421,1330.62679456596
"467",2215.77930025391,2147.75653032306,1926.35709240451,1962.49789389743,1888.18704190684,2155.08478624069,1892.91683124486,1902.70830040788,1832.65363662978
"468",2256.30168442733,2301.65169258582,1980.00796851925,2021.86368698054,1913.93408230385,2180.5208732839,1901.37462511574,1940.60585725865,1843.33852550765
"469",2030.64411599448,2068.49302252467,1683.32459024026,1713.50035129073,1636.92595960704,1962.89653590536,1620.4871189898,1645.07095860683,1575.82213616146
"470",1682.34549638996,1704.86974968134,1426.86030465175,1372.83513324926,1324.63973431482,1615.52045310273,1375.69508273598,1311.07437273319,1269.00532917797
"471",2124.34423362813,2135.18631282369,1707.40398881497,1707.37331381884,1629.05272770311,2067.22151144232,1649.82862700324,1653.30035234438,1577.04750316615
"472",2129.32110118977,2061.69457506023,1773.19791272455,1703.02001864565,1633.83070692861,2097.95329321092,1742.65486607456,1663.9876882692,1589.43746977773
"473",2276.18825135507,2270.68197183643,2058.99877144586,1983.39795873419,1932.49250590496,2236.0892933675,2004.38463458306,1914.32045236797,1863.17868751964
"474",2082.84196898435,2122.49624287794,1702.41723284374,1795.94512626674,1636.37464444801,2014.82113269611,1642.00728864194,1705.91840634571,1565.61311742471
"475",2165.55321944896,2156.36149107975,1813.15761745167,1824.9472443134,1738.68031594687,2104.91623736539,1758.66491863761,1765.14087045258,1680.46339235632
"476",1860.57420377703,1842.62842975054,1446.14592036579,1491.22718924103,1409.90464810737,1786.38589635112,1396.09233037242,1442.06990326479,1361.30079540472
"477",2297.94266361578,2297.94480303649,1982.99884034469,1933.70901044443,1880.50002355575,2235.81696229462,1913.97846481172,1868.04731799891,1815.05772058882
"478",2202.10009193325,2215.16618837183,1912.81496181214,1916.69818720181,1854.06181444159,2145.84881740212,1844.62273337912,1848.88486118548,1787.16450428296
"479",2247.38551817429,2277.60703638712,1818.7760353048,1799.91337710683,1726.54020138942,2172.50902645579,1755.82275720868,1736.31395358931,1666.702662949
"480",2177.84658260072,2227.62506877871,1986.3899707302,2012.34487728083,1922.88692520378,2121.00792389353,1911.93652564809,1930.20210776902,1851.64341180687
"481",2134.0857378273,2170.37453242948,1795.47841772876,1856.32726882391,1759.00968639584,2076.70749562685,1728.5048165682,1785.09814241905,1694.13958183202
"482",1829.24852809539,1782.71974148152,1377.33906697239,1436.73044481288,1343.77570037644,1778.72393316801,1347.84945993806,1396.14724469754,1306.2479550914
"483",2354.571905283,2236.80891152258,1696.47956442559,1696.43919471177,1616.42258762376,2327.63934221899,1670.44682336897,1651.22626930066,1571.91855260124
"484",1985.15912523091,1968.60831331539,1632.13646077773,1561.18506246678,1501.24398671355,1909.84520891562,1576.77314270869,1504.7891343104,1448.01565573137
"485",2107.96696774754,2136.39430807046,1634.86177020483,1712.78507863475,1596.8880652356,2062.76771700908,1576.31164234693,1638.73790969303,1533.70429227081
"486",2312.06135004215,2275.17012667267,2039.0946859504,2008.87995821998,1940.33881936726,2247.33436528507,1990.05817326156,1952.50218601937,1880.93525787991
"487",1762.87852738063,1817.36904036049,1492.43246572293,1504.29064237449,1445.23983318725,1712.16190612299,1422.92684447465,1431.02542387988,1377.6041213164
"488",2343.47557386664,2288.93253184176,1931.71455492961,1863.43575017579,1807.5107269926,2297.69686988718,1897.35684845846,1807.25989648837,1751.69242811607
"489",1691.61634779789,1702.7489804657,1434.37096148842,1505.77915201044,1410.52107706069,1638.65738120633,1384.28000803535,1453.7538169782,1363.35885615355
"490",2232.21061262268,2218.43777870225,1987.89819035045,1936.39827918598,1891.197140634,2181.45916902939,1938.13601663932,1867.75827002091,1825.48184928667
"491",2310.18056987585,2324.87251790601,2145.33293449691,2176.63491080905,2100.9614762367,2256.65260587271,2084.75760496333,2104.88875422349,2033.82579193147
"492",2109.54258016242,1835.2096314042,1752.44665285876,1760.39130165069,NA,2053.48547250658,1793.9542375802,1765.07039522589,1717.20860227447
"493",2126.8870336959,2099.58579318569,1845.44255610901,1816.28245651913,1761.34935138818,2074.17864258031,1801.68131402457,1766.01456338388,1712.01398136763
"494",2197.49078905935,2233.42716943368,1828.18878445033,1752.12589587197,1686.87409476037,2137.38597047137,1753.91652178438,1680.54145614255,1619.83022185973
"495",2094.59149100945,2110.53446096816,1891.00962942415,1868.66063519949,1814.00935675662,2048.99588644858,1826.69300771252,1795.91151583011,1744.10189166779
"496",1916.46651144537,1934.05566125911,1453.76109603855,1564.78014279445,1391.39263263556,1864.81296255949,1405.17151508919,1510.84804373695,1339.86867766262
"497",2188.84802065304,2180.76341765761,1985.32847379879,1923.3468561553,1881.58018432067,2134.40590677986,1930.65470586597,1859.5230316738,1819.0935380264
"498",2179.80694269056,2144.06778952557,1773.84380485687,1789.66639305596,1716.8919493799,2126.32665388194,1725.24811142729,1722.91464870481,1654.67127240824
"499",1670.22687435893,1667.68206086825,1495.48368515153,1494.31911722565,1448.20844435876,1633.2186198367,1459.49070708714,1436.12146960759,1396.16169616113
"500",1793.15030943554,1765.65054049765,1518.98844675278,1501.37418668081,1440.60065407251,1749.33519693286,1486.27927373113,1453.32644456632,1397.28597786518
