"","correct_data","ztHurdlenegbin_split","Hurdleztnegbin_split","ztoinegbin_split","oiztnegbin_split","ztHurdlenegbin_combined","Hurdleztnegbin_combined","ztoinegbin_combined","oiztnegbin_combined"
"1",3595.45742312147,3963.38454122232,2254.4078891833,1960.40897145356,1670.21562203126,3690.21668115134,2031.7889494227,1830.4340707158,1570.52923721787
"2",2304.6735285134,2500.2561696069,1664.06672282495,1519.38670797289,1383.35382576839,2325.60530830079,1562.24165839422,1416.43392515323,1299.10698517311
"3",2443.21853275305,2900.39041403523,1803.24478617751,1643.50265610604,1517.43111664093,2399.26411338114,1606.29796681487,1514.86330375134,1412.75234757563
"4",5122.65200164229,5897.57278889518,2642.75070405104,1661.04282784096,1481.47219292076,5725.58552463118,2409.00144432216,1566.86487095156,1400.40313919194
"5",3506.79184036201,5489.97525488575,2677.40838424851,1967.61684805831,1650.82479419736,3255.28460899271,1820.71677316698,1649.2071790283,1442.50884758105
"6",4335.16465615419,4796.05163714505,1884.94584631727,2085.02018341222,1765.29011111458,3929.85944471941,1652.13741438219,1873.67000725549,1595.46875420253
"7",3523.76354882719,4776.55909359625,30236992.6232993,2229.46110349848,1953.47212608636,3436.83512598703,2191.86824876427,1957.37433895592,1762.81585778294
"8",3101.98398868573,3946.95162131333,2662.51172377293,1990.89180941849,1809.57274253818,3087.47788705504,2235.17749641932,1792.08195868356,1663.7619408148
"9",7425322085.89119,6657.29186333954,3384.25372415925,2372.60746307034,1977.01220473607,4353.36927906957,2136.86589773333,1812.23595414785,1565.07449864276
"10",3747.03199595478,3437.93135795038,2329.13491099928,1754.35311222539,1584.95987839862,3653.92795491066,2419.20470468285,1671.68865762861,1512.50456259051
"11",6168.55213739464,9215.58533246318,5405.42041370275,1834.26692031949,1545.77603410034,5628.62606372327,3319.64921318156,1676.72276751717,1435.10907565452
"12",2362.93831200322,2458.4773999429,1715.85234304898,1637.54986019394,1528.68327744167,2276.844759158,1607.34538885803,1560.66110409884,1456.23593204301
"13",2704.59527093238,2804.51541782163,1532.25330816626,1532.193153819,1341.99670253066,2741.2673068569,1464.59370852893,1453.62320008443,1280.56520882934
"14",31262943.8354889,4382.49667003733,2341.53168061712,2079.8359279641,1886.63294341378,4007.85454729527,2196.5081267324,1947.60630102265,1774.99841219621
"15",2621.78289798658,2749.40316401321,1917.09366924949,1789.38597209156,1681.95667890799,2568.77741615474,1809.80975258329,1698.80653268362,1607.10538075724
"16",3507.55738644877,3959.57748919974,2590.33113762999,2137.93156221151,1953.7329843688,3231.61031737893,14573632.0961152,1935.18872916534,1790.12053555706
"17",5223.39055249224,10686632279.0432,3580.06704441503,2408.05591002309,2040.61724817793,35959170.6344023,2227.32011374615,1909.10657975438,1670.99089566902
"18",3198.14509179311,3565.95833961077,2098.36076640938,2134.05470452317,1860.10234990379,3258.28149044732,1975.73200165393,1982.8674503397,1763.89776851098
"19",2743.52282112518,3189.94923420783,2072.75658455978,1675.31423688882,1518.65961343921,2745.95858805134,1865.13746402345,1573.76599265571,1435.83563201849
"20",2432.65782230985,2882.24659703955,1587.51847649509,1570.7568569417,1383.14191389093,2461.24765592401,1415.43586214169,1439.78255700555,1285.10396066672
"21",1996.46503739091,2303.0591541378,1455.71126094884,1378.44556823541,1242.1324869066,2009.35801616593,1342.99632168823,1274.34684171216,1165.37851697045
"22",6660.08210029676,12826.3380645226,4465.71292275571,46726357.4462707,1527.81481170964,7548.20559383894,2748.33972873844,1510.46414377427,1358.9149638754
"23",6421.28036915903,6666.73489611188,3478.1921913181,2523.60727786714,2061.10001810552,6859.58597367071,3478.9542852483,2445.15241397506,1985.27492603344
"24",2933.19265573117,2944.22506462779,1766.00834283104,1595.18893653859,1446.35628906986,2849.59421153401,1673.65846430362,1510.96944979754,1375.02120424965
"25",5353.034403737,7071.70361188734,4210.01562982132,2072.67472527407,1853.04701313809,5613.69450635479,3425.87185939629,1935.85546062945,1738.97718429089
"26",2758.40321516354,2813.73847257669,1940.89572064092,1650.47251550264,1566.28868747895,13459555.3066874,1849.72237866457,1581.38523874857,1502.61856982381
"27",2915.3038778225,3238.96448235525,1716.45694929851,1718.84882115299,1529.8983728509,2822.7517840927,1560.14730137001,1592.82469008863,1424.99297398674
"28",2699.64760288679,2775.93079415584,1666.85491780028,1439.27206231457,1301.84401517526,2541.54264741481,1557.1101416857,1373.81205385336,1247.66625735783
"29",5099.48985530036,6862.6799054203,320476754803793,2231.0395899209,1881.35597228254,5005.89224169267,NA,1967.68845886297,1698.77082866023
"30",2767.36484785129,3324.51105284123,2090.66734882517,1883.2371375637,1657.61299411975,2717.4575195614,1794.68464765307,1692.3028229112,1519.74453786932
"31",3650.85029273707,4248.45919738856,2167.53771740713,11077714.5076701,1659.36757191284,3572.33669441219,1882.19421207991,1680.83642998805,1541.35521569624
"32",2517.50971004886,2678.2050256716,1699.17025896376,1459.47300005676,1334.86957890503,2384.53662512001,1553.90946915497,1364.6879312977,1258.63192125206
"33",4763.03474076327,4799.39276599055,15685203.018233,1837.42878467075,1559.77539424809,5260.8632119979,2101.0943814951,97512431.0524825,1531.60544360176
"34",4825.68744940158,7017.95537893332,2905.19668140266,1498.03180696945,1356.66360830463,4667.99526350455,2059.6586490085,1338.93556613798,1236.97240360595
"35",4176.7845730006,5822.80520769853,3178.24700773849,2802.6165581385,2296.12776427624,4197.35641860374,2504.96980262197,2372.72211665284,2002.99351416691
"36",2680.20886424372,25844787126.9982,1937.34975381672,1999.05271617121,1794.48717408183,2593.15810709584,1791.07086617256,1856.59264077285,1680.96797656621
"37",4484.2039534149,5773.80005629255,3072.55642768746,2209.60803169352,1882.82050283771,4560.3864528004,2444.32461085584,1925.21741373195,1694.28102339785
"38",5721.49794256517,6505.25802855023,2921.3671006189,9707087.52787126,1618.25083453982,5513.19919745819,2488.11460997216,1757.53324529372,1494.9781405169
"39",3289.77466567196,3631.16634986336,2647.68675485896,2105.81439468031,1973.02967086949,3220.96155987278,2411.39163128459,1967.32426071615,1860.15535777116
"40",2425.913514797,2976.59100288601,616885352.64386,1957.59831815096,1686.09386807335,2404.23093088934,1654.71448835718,1741.34496674816,1548.33869040957
"41",3265.76804900811,3988.66190111646,2352.99946292381,2022.58636284361,1748.2899946763,3285.10151241287,2061.20456605756,1836.44412553808,1627.56352525601
"42",3933.41825863825,5579.9301308334,2771.69162205214,2135.9286879893,1831.84670899865,3721.9824525107,2005.09662643329,1852.27628895925,1620.62444804403
"43",3473.22667637321,4313.55291345607,2028.6129666404,1823.94914072433,1629.58818498029,3342.31999804365,1716.83088794316,1629.71589287234,1478.67112672595
"44",2745.47999954452,2652.21088793099,1706.45001219822,1539.15831009002,1351.70988315432,2540.48371201613,1633.05995413172,1453.0900450999,1287.91111800992
"45",4047.60679990478,4593.49110548866,2502.65035496564,2368.93213816107,1988.20953729285,3816.76729220135,2178.80724454812,2147.75447397518,1839.37900899427
"46",2965.32618879559,3535.3475688785,1950.96042227196,1583.73985945081,1455.0665071347,2736.08247445845,1601.20342051774,1388.78691424913,1291.5679441471
"47",8936.62868333273,25846.5850356469,11306.7320942624,1655.96318364444,1404.55947220874,5475.60139539074,2893.93145821685,1411.24003516451,1233.72190360373
"48",2661.22006606911,2650.87534296758,1633.56455975846,1488.09102591339,1362.80341700721,2687.7823288303,1628.10647363042,1430.10391580942,1313.54720818076
"49",2745.89802091867,2963.49684812232,1862.97572794822,1766.75261321788,1579.93919954224,2712.58742829737,1708.11332334347,1651.28751798671,1489.36316657997
"50",2701.30632834973,2997.43495475601,2048.63669213089,1590.23098638595,1502.22985828498,2634.12357848116,1879.35814494972,1500.91048296987,1423.58645609944
"51",9533.02519232245,11613.2966396072,7317.26520137276,1705.51619694552,1478.18364953674,9731.00718145498,6068.02218610982,1580.28430417902,1390.73878085539
"52",2878.77931007562,3935.44003888534,2130.85289514562,2099.85190892028,1755.58341989537,2812.37532872802,1719.01457157574,12154781.315223,1558.89813088589
"53",3440.8423795434,3623.3034289215,2237.5034580403,1968.42449927085,1756.40027338771,3338.37876286014,2052.04451177907,1827.04118238402,1640.51328659103
"54",3116.70189257042,3670.0353178199,2181.85412325605,2123.48760640457,1814.82797435464,3178.01025184682,1927.14544411797,1975.23031472676,1690.73248945558
"55",4318.08408875633,7016.79209908165,2763.0860318918,2123.85984050141,1868.94366139693,4390.15128005742,2041.11437874648,1800.89207038158,1640.49863103214
"56",3376.51745925781,3433.10366709389,2203.47122411461,1626.89476484897,1488.42544012164,3448.97010322135,2182.39438481149,1597.07962306531,1455.23730937981
"57",2625.84203789576,2629.5544495615,1926.1726346453,1887.10615960841,1762.48352162119,2554.68703753108,1867.41132785111,1806.19781728203,1693.61787402194
"58",2528.1492809476,3134.19945162343,1865.09810736374,1648.60964142098,1503.0966248491,2408.00610834422,1599.55155667714,1477.60976258489,1373.6964527359
"59",5510.7938901728,6636.19312470044,4017.8340349887,2089.879337005,1868.84721174012,5621.28563376517,3379.83293251273,1952.12769887446,1761.13118642861
"60",2355.8463657976,11956619028.4956,1930.99724736707,1944.9826617102,1747.18375322389,2360.50927516041,1758.09878327872,1777.9374132166,1622.1566203522
"61",141593288.903074,3055.55274428384,2118.08528292138,2024.97145734337,1816.38863652314,94116227.7714238,1883.73241014938,1812.17793222693,1670.24096877134
"62",3406.20912150023,3970.50897874378,2120.21529634281,2215.79789173996,1914.84472087712,3382.59498198362,1929.67923682814,2030.33882510999,1780.30364508197
"63",2576.55669783893,2707.42946477638,2095.96910536984,1984.0147552008,1820.36806558026,2608.59915559354,2021.05419414191,1895.00245672552,1744.78924587099
"64",2000.67242933354,2092.41927473578,1390.9321849095,1207.45967903823,1114.14628374418,2023.1888452597,1352.29321701627,1152.5805457584,1066.91530332752
"65",3826.73751629125,3881.12522334809,2108.26273309379,1761.37259901441,1650.35994207783,3786.06675872492,2022.4864431553,1686.48837237865,1582.67957217546
"66",4656.35470694117,4954.55848247793,2547.99710602758,1923.77136508653,1730.30985210103,4576.78317361538,2390.64116936266,1842.61592216174,1656.70452560603
"67",6495.58302622996,8171.7654894313,4467.86841450277,2062.38351086854,1763.0348351963,6678.32909436206,3671.69377500037,1872.78974959577,1615.89962555713
"68",3515.41697098713,3624.07953498272,2215.17619203647,2238.1245508735,1916.35351137483,3592.33761298099,2139.60765339747,2109.18492315541,1815.92622598841
"69",2992.88657432027,3254.29156412772,2316.94330768316,2151.51675642173,2009.99612838144,2904.88181567192,2116.55535090909,1971.1477940786,1856.87450473345
"70",3747.26788076897,5235.79876516428,3079.75810375517,1906.25692485367,1697.44308839409,3413.92972309117,2297.60129176164,1707.65290589814,1555.27290481754
"71",2898.59536232129,3201.95422366588,2159.39379331743,2022.30687130422,1828.17523716568,2829.28124758757,1962.92857546506,1880.50651887076,1718.45297210736
"72",5509.73405431994,6804.2677684594,2226.51764514158,1612.55837708928,1437.07441421242,5248.54970548212,1910.27488152706,1471.8711382054,1329.50400856808
"73",3356.08826701213,3654.86065882349,2384.59032970424,1962.57357185369,1835.2247413107,3264.83132630915,2179.46662442783,1810.56915316445,1707.77120162754
"74",5128.2723615861,4331.58055729429,2717.79713776635,1694.16270214943,1545.48064953915,5242.71974476485,3233.9185675474,1687.49743116632,1527.70761467041
"75",13209.4030031056,12990.4469893084,8415.11270023964,2037.3853051612,1695.03315811342,9892.69760937159,6415.28859113043,1870.45009962442,1573.05969120847
"76",3579.84846910327,3477.93790689739,173993002779718,1661.98153501929,1471.43592664075,3436.98818645212,1608.72359246931,1604.54533701859,1415.25587907434
"77",2691.01559249655,2796.89816297958,2017.24026251093,1912.52720700343,1779.34586098371,2707.64256552956,1953.71266949487,1829.14582332832,1705.46894587009
"78",6145.01181708995,6460.55835504871,3027.51773639136,1895.66642387329,1732.38939092173,6470.53065955443,2936.06006102647,1831.11671151506,1673.68426008958
"79",2779.03499202559,3322.87755698668,2307.24757908078,2227.12059850581,1967.05637645435,2653.04419804337,2039.98919117322,2018.92028878627,1833.11638731972
"80",3696.18042073877,4377.78663667374,2239.31955475175,1812.18405276717,1606.10792799584,3560.98930403173,1872.70852136597,1630.77281377938,1478.91346082565
"81",2859.87827318762,3130.34916123489,1704.31603507925,1575.02288559824,1389.74164828087,2936.84392550986,1569.35338490867,1479.6755477124,1325.75415273042
"82",4490.98577145208,5709.35986649919,3181.47665571557,2430.93966405534,2105.80148937183,4707.92729958455,2685.21176790413,NA,1925.48013207414
"83",3273.65104817503,3447.87854061108,1907.04324142292,1957.58471715612,1741.79207174725,3115.64167150642,1768.28939491558,1839.01645011298,1637.04530609151
"84",2940.83468334291,3441.62802072387,2157.34822444675,2142.43997889416,1982.62525202512,2871.73311198546,1954.92297263457,1946.26250440501,1821.7601737873
"85",3855.75496656316,4964.08788812232,2099.71819336986,1922.50582613805,1700.59119485904,3417.12434206918,1706.87238226774,1672.72093573171,1506.95439084837
"86",3761.26295669904,4012.35044812723,2446.80930391794,2529.16719746707,2292.55869921427,3554.51816337858,2246.30417462789,2336.49244689703,2115.31133492345
"87",3413.54606916737,3571.04017161663,2032.523056864,2168.64126689822,1895.93004714576,3368.41029229601,1899.43748551379,2042.80716410892,1790.11742572324
"88",3399.27327114309,3556.89411987637,2018.6843596295,1955.80689568454,1707.73275497491,3213.08329611841,1852.92140855068,1813.37339811109,1605.12049654177
"89",2639.97168110027,3093.47298952962,1699.37121817396,1603.24955917778,1426.10322796974,2636.73734917425,1557.15110353559,1479.7017765049,1333.43057729762
"90",4203.63278376487,4192.80517058971,2666.11293659755,1856.62209174977,1711.01872777687,4144.56677089618,2476.21384883706,1772.56180897619,1635.87770737992
"91",4017.00674953786,5231.03316395002,34222816.8430216,2209.78179280017,2003.27122399825,3716.1167331858,2408.84545118597,1940.27317101616,1780.63121145956
"92",7023.46423878452,10841.1648381459,4610.03708815807,2257.67310233625,1834.62880962659,6572.06858476239,2930.94478943677,1904.7688974153,1591.30547317355
"93",2345.21454271566,3197.31977803887,1825.46620304633,1491.42449502989,1331.76675782218,2274.44898934236,1467.43261937063,1338.35281181859,1225.83485465914
"94",2675.50180013146,3743.05982614974,2090.52532495449,1851.23048816184,1628.28801831998,2644.14196169944,1630.2241472294,1568.58489000629,1427.52306801968
"95",3523.31406985255,4720.54145673293,2498.4214891248,1942.06528275797,1537.27845518791,3691.58452680242,2005.41383651583,1756.77499249412,1428.1047939632
"96",2964.78380900336,3088.45909413795,1994.69163279138,1872.26178236575,1726.75132542089,2883.94368614728,1870.78669784773,1761.68259375146,1626.18310160053
"97",4020.4196686511,4878.06015221012,2942.81446060967,1846.18068102822,1652.79909516261,3242.77955581719,2083.68556770063,1653.13962518354,1507.20640651791
"98",6282.97839400777,5466.18363122161,2493.53302723271,1799.67147870741,1492.92433559168,6291.17112825677,2820.13319940906,1796.65181792814,1471.51371701302
"99",4680.66106965083,5023.31938401154,3125.23512138819,1630.61541092731,1490.8456719293,4750.71346827508,2977.25434907638,1542.85231126079,1417.09248642062
"100",3763.31230200621,4168.75714848374,1986.62498129129,1535.44729285968,1251.12194090626,3450.62953105863,1719.80879997191,1367.30492685952,1152.22012383737
"101",3379.04043113429,5317.76202319757,2619.73575498909,2071.64791975129,1695.81966983777,3328.85262664051,1893.70420605029,1628.12667122205,1388.07570322459
"102",3945.13956394287,4213.80453103436,2073.54522886291,1522.57519832672,1395.1771229108,3543.80660726701,1836.67378330474,1418.13520056877,1310.30837273586
"103",3850.50838225187,4713.90464343337,2984.35170214737,2153.17583249137,1937.63860088544,3775.68390233301,2495.80411092432,1939.07158440679,1773.16803922096
"104",2984.59072861908,3354.04855757625,2191.024660709,1820.66726282461,1701.37771509663,2866.04150201838,1958.54810845734,1693.23525822569,1594.03169922111
"105",2958.58544092836,3266.89609068058,2250.26461578829,2104.92509836442,1902.55172930128,2944.04286729733,2080.79186607312,1964.38073610271,1790.49022453899
"106",3211.46830580032,3398.90698288816,2269.34716017399,2073.54435071456,1891.74799053384,3085.1496910935,2098.89498640752,1936.84635480334,1780.94025701431
"107",3386.4018859802,3782.96434865317,2101.44130779313,755518608.947115,1746.45000211448,3244.07997336901,1929.63767649612,1755.49544306085,1643.73673957528
"108",3222.767838754,3561.5197775385,2038.38298112684,1684.70962291751,1486.45044891516,3235.45172989077,1847.95668250754,1590.15367342878,1407.94964107601
"109",4258.32326282964,5134.16338407997,2689.3365743226,1630.41200302196,1490.16351716909,3994.86426368651,2147.00407740029,1498.76106401003,1380.80525354884
"110",4451.61313276156,19819200473.8388,3024.51105993722,2250.33736705474,2006.04585482763,4485.56570861267,2618.32277174488,2059.086505148,1854.7393898799
"111",NA,6539.20598938243,2540.16370120083,1543.37638569304,1430.19037801988,4281.42675795671,1807.55396751559,1338.72178542094,1250.31068224551
"112",3483.99514035049,3698.86358203697,2494.03178144,2222.39841393686,2032.98414352485,3320.57882795755,2282.1309062534,2046.16751271815,1891.57526782592
"113",4573.97101500818,4006.73142926483,2071.50762967849,1571.35971474939,1369.7138728236,4467.5760363122,2251.11333222969,1536.48692227643,1337.4608254461
"114",4345.4864793816,5791.45467475759,3124.21566270153,1947.90048321073,1755.78443446541,4586.76736012707,2447.84945162016,1729.18444595442,1584.9280405389
"115",2593.01631893273,2671.86635775484,1778.74466062476,1795.03211893529,1642.76665228212,2564.19500544834,1698.8634346121,1723.59897729442,1577.12907417568
"116",4174.7197657695,4107.70111795841,2795.39812119866,1792.68609555697,1666.5057486255,3825.37784350365,2685.46315096081,1696.88802259066,1587.58093202135
"117",10996.3537773041,13758.6748469556,8430.34894791171,1642.52321238633,1390.37058964868,10002.7263513696,6094.39111262565,1513.81342764634,1294.71692403917
"118",3602.96838093162,4457.97017913853,2293.21903823466,2058.51508763151,1788.92980692875,3436.05648547378,1971.3741620475,1864.15983185709,1654.48018707708
"119",3103.45680059141,3683.93826548363,2406.87681123795,1798.47847142648,1651.6167001252,3034.25105574984,2090.55837640859,1672.11025807334,1553.9358145472
"120",2887.64819955138,2997.99672781842,2028.12031725696,1962.75183557819,1798.55723568718,2932.58221502976,1936.28632916329,398974155.565818,1710.42780348008
"121",3392.4154333025,3972.40132757429,1753.66422379254,1554.65555872664,1344.31089901844,3115.00328121539,1486.87054587946,1409.90406758268,1247.43990719665
"122",4285.31503369626,5128.16420196679,2824.45546996017,2587.24254826188,2165.60735765144,4154.68802801244,2444.45705989105,2350.82146591411,1990.27998411756
"123",2689.20972796149,2912.12017765419,1802.33680256524,1644.0758715894,1491.32054087102,2663.55267833743,1686.74326548715,1532.02361657094,1404.22570120352
"124",2877.04634174141,2933.35454409391,1877.38219883975,1716.33293490587,1587.16947883107,2708.04228804752,1776.47036800577,1628.02833998302,1513.14480149121
"125",2273.0213177383,2395.83329230587,1528.78410617991,1494.67547961857,1379.00402626895,2171.98794660591,1445.22666526752,1413.55090731498,1308.36936910337
"126",2527.99501001843,2696.33416902768,1758.01874308597,1626.60462386131,1433.14257533939,2360.52050022185,1626.41029823086,1495.7663891807,1347.12390986066
"127",4043.10747077225,3764.14949171481,2332.42718577279,1849.37478275106,1693.93287320168,3765.65005208732,2260.57361881395,1765.95637317815,1619.02436886653
"128",3917.73601405496,3635.15947429743,2048.74841613226,1356.25345575792,1270.21765133714,4056.89322350585,2236.96639476455,1323.561020887,1238.50531448146
"129",5860.85872991811,7060.4859087208,3196.35062831209,1782.116602931,1545.79617703754,5360.72900263193,2413.34758204762,1625.73541519506,1418.56106483506
"130",2955.92571091073,3408.12345697197,2146.4976993067,1791.0451246664,1640.25345510161,2909.54713798159,1891.68690425715,1650.06997614807,1524.11926225436
"131",10141.2900174613,12545.0252175257,7266.29126408293,1786.54027296544,1548.2283652675,8597.01494547459,4671.85041084754,1640.25586042919,1431.3577540383
"132",4003.47451374515,5176.52780724711,2848.28157025947,1647.47621311702,1406.6756823963,3479.86589131054,1936.99758576573,1408.0659464159,1230.21092426044
"133",3706.96625511215,9989000657.45001,2950.13544684193,1801.43068032839,1662.581984352,3690.62423278466,2469.32090460313,1658.68479040814,1547.10878683757
"134",5142.03632834323,6373.2310861539,4108.93539997499,1812.46907377455,1618.06312780118,5160.12774226807,3203.42068352877,1681.52672433787,1520.74609380989
"135",2800.63402569747,3415.75069655622,1812.43754675483,4798271.18475774,1645.59321908554,2781.96949900911,1668.79074224612,1669.65106205612,1539.30766818556
"136",4941.65591957216,4773.57373866849,3040.07496813302,1993.18408031538,1783.6515197161,5235.60377392275,3279.26529571833,1940.53531021446,1729.07392609517
"137",2576.75454073714,2833.29338503314,1793.46532621603,1817.84662135183,1642.20065087418,2529.93412782838,1640.91349053574,1674.44233613842,1525.54294965529
"138",4170.41876882293,4062.49917417423,2310.94062900646,1841.28266328921,1621.86088514674,4172.38748365913,2334.10744482774,1703.09030372421,1496.72897180359
"139",6550.35102594526,6884.21402563336,2540.9895988576,1806.36013217646,1644.184557008,6191.02613838702,2282.73350607907,1698.18333441355,1557.13443308784
"140",6937.30320130586,6671.06045906712,3251.95146296487,4638194.22114197,2123.16149496483,6740.85483335542,3395.87076965799,2267.11003237628,2034.65920969644
"141",2171.79182065856,2460.1571930266,1434.9409772394,1569.36541865967,1357.76966791516,2189.83112213195,1337.03629781421,1432.62929768175,1263.63407054435
"142",3916.33108094824,5704.37465840336,2967.01919594843,2130.38756738239,1870.88783658934,3497.0273328786,2138.28549484637,3904569333.03101,1658.98745867697
"143",3522.73461841723,3825.91788970485,8340847.06818732,1588.94667783859,1379.87151336988,3594.09940668712,1585.63228956028,1487.33850886985,1304.78994766237
"144",5863.71354042846,10457.5305741609,4653.02464460088,1993.02690846103,1656.71259814085,5132.47199359975,2071.08761784523,1506.62290672969,1306.89998694798
"145",2808.22532948537,3084.24030303073,2110.04193221566,1988.4723099188,1844.02452540193,2753.84874058194,1945.41841353382,1850.83606860048,1730.9405666648
"146",3780.46126191712,3952.35641703151,2298.1098317767,1711.04225548251,1544.20159530257,3560.51871677853,2007.57302295007,1575.92055657433,1438.93581061018
"147",9795.05873292569,13148.2286204468,10052.7015730063,1391.00016738054,1269.46961258906,8995.09631025028,6425.91676690675,1313.28879069685,1205.21825631456
"148",3118.91604639936,3729.40451910451,2533.99903652548,1900.87222018456,1756.8197907082,3089.02336186587,2129.21186956937,1755.44184813479,1639.78309245399
"149",3490.50216970258,4698.87140014447,2640.34335017251,1748.11608789868,1589.46197582525,3271.83240268615,2034.54064002302,1586.88801792938,1462.0486763985
"150",4456.46339528195,5905.9857410259,3264.4019260954,2180.28348626859,1896.10465628341,4640.04538402768,2711.67500124059,2030.04466355288,1780.42577103578
"151",3498.59081857945,4461.70863232106,2684.28897580349,2467.60607088683,2124.52144457649,3470.35338383442,2277.51245704714,2167.95794476024,1921.95705259876
"152",4245.94594502437,5317.45233790121,2311.90970982726,1588.96884663421,1372.50994502813,4051.25841035349,1881.4449446178,1404.16506579184,1231.7298225762
"153",6682.20998342033,7875.48615361696,2878.86470182555,1804.63038191835,1603.56063256646,6635.96580048053,2239.32714006453,1611.13883049886,1450.70547282598
"154",2631.60027142572,3011.94106875123,1972.45979110132,1566.82338214471,1462.39599276967,2684.93157348228,1824.42238366887,1479.75085565969,1390.43506549319
"155",2782.30154143905,3047.23887742308,2289.43920755952,1972.161579631,1860.6306581469,2777.44946463241,2114.43049268368,1866.85542639255,1764.52378124145
"156",6721.47430549635,6371.19548071134,3098.48133255986,2001.34975605886,1804.28403782413,6545.66726503399,3265.03773523881,1963.25614579787,1761.76440576594
"157",2573.00688909914,3155.18134119558,1659.97829200459,1538.8247627301,1380.03338061633,2648.26935140423,1483.75165318714,1406.81466119224,1286.63861015056
"158",15605.6901879863,29136.2256867048,19880.0810926685,2086.19854005089,1688.8220079708,14658.0456657306,8396.8010343723,1894.88826689278,1561.2014087939
"159",2967.12824094422,3249.0829719333,2089.40601106244,1680.77824650391,1566.26784338335,2915.69109764061,1941.32913312342,1599.92250747597,1496.85014380465
"160",4139.29062697374,4385.04666856843,2521.29126455603,1970.33312033688,1799.88966691872,4022.55548298274,2360.92319854881,1870.53763482059,1714.23000057025
"161",2666.44572064339,2921.11044117853,2094.64386980937,251296409.414227,1749.60315120696,2568.11081964103,1938.82765421028,1740.60913214471,1647.124793908
"162",6598.99191428089,5078.47211571107,2888.06297720252,1806.68611615782,1662.21474170384,6682.75623602659,3627.5975270053,1808.34149441646,1651.37993101642
"163",3100.7968204734,3524.05006208346,11088220.0875964,2481113.08235527,1545.57138912041,3009.03731962971,34073759.1476596,1575.49068478522,1430.47395049346
"164",3088.89770074544,3227.19453297381,2081.68703673815,1794.29580544324,1650.24262118272,3017.39322221918,1971.75102703834,1716.38733414588,1581.73528484457
"165",4470.69093847707,6013.86913690181,2247.92637773546,30123466.3661431,1909.04229453225,4383.30027239873,1867.42531556781,1960.03312012913,1693.67140276747
"166",2852.02937887617,3291.34082070316,2169.82713909601,1782.43009761444,1591.50384334657,2859.71938402232,1971.66166059599,1680.14164881743,1514.58462859023
"167",8525.84043330571,20056.4266475133,14195.7017168601,2210.52239855681,1870.66198583452,7326.36634394896,4088.70644096683,1760.734032666,1536.282547543
"168",2558.2777361304,2679.76082892852,1814.50330387567,1874.37287058133,1697.66745231301,2446.29085034125,1693.83825421191,1777.5700556513,1607.08699935458
"169",2660.75317009723,2793.94717476758,2027.50630213613,1923.27139289527,1763.8746945615,2593.64883718603,1906.66412701367,1825.00424434944,1680.84893036824
"170",5054.47210666993,4914.94504730554,3000.99988356356,1789.83516700838,1613.84784075502,4577.95729751666,2755.97532708778,1680.04496919723,1517.00783167066
"171",3039.86441942821,3907.46143087761,2425.84741831659,1479.59249908592,1323.49676705859,2997.92361056137,1974.44532774538,1353.02921950564,1220.47487127752
"172",5778.82683784786,6711.25392135936,3457.24757654083,2190.49475812626,1839.13714590079,5137.69086204063,2608.23067445634,1927.03971965861,1657.64659208207
"173",3395.72096040577,4266.81774474417,2770.97640207562,1786.92812070411,1668.07717613787,3368.79349369639,2281.0963162823,1659.98859316826,1565.75705739284
"174",3333.22530151921,4089.31337588849,2436.34528718532,1913.6574158555,1704.5110917539,3349.25825665891,2071.18556132888,1744.08533966154,1580.07282341324
"175",6590.82564855409,7673.22426363823,4012.98625975759,2395.36736445565,1963.97454211171,6775.80933153108,3592.70563987915,2296.78109461873,1875.60950682236
"176",4361.23643862988,7009.38146546128,3334.6182664205,2564.06044908443,2063.28953299341,4103.93322426427,2127.51693162212,2075.57545546237,1733.82493061302
"177",4112.06306128677,5360.17110421877,3153.90734170117,2001.22574905488,1767.8281652669,3862.46153561131,2320.42739031142,1795.62723722234,1619.06113699239
"178",5770.80112670949,7832.62401107198,4232.41903820042,1977.98759379487,1761.65507652337,5876.19655976369,2784.91114591717,1813.8380823371,1625.64464548368
"179",4880.9047366822,6216.49836112693,2703.01640401442,2765.6313492229,2184.8009519133,4378.00359527178,40246633.7889904,2182.94205674428,1815.15369680491
"180",4320.84443623222,6818.9541808714,3017.36767975458,1882.1842224743,1643.82181803277,4123.67105385554,1918.04806093177,1587.1541692043,1431.96992507771
"181",4286.93080158689,4270.53617407928,2651.80306061593,2128.38588822592,1973.39091191009,4193.48761106472,2536.05460315935,2011.65365017784,1869.8119813426
"182",2667.13455066184,2769.47135009193,2005.95696917783,1967.10557819732,1825.7281166994,2580.41384333624,1894.7746964925,1850.56732901155,1723.29317280392
"183",9902.79514735288,15761.056860131,58221313.0348302,1724.48525121324,1500.86446571921,9110.80577365147,6416.03140452355,1545.51688922313,1369.28825386277
"184",2468.34727688873,2517.28570774794,1688.21224307054,1822.72280863791,1618.31932632694,2413.30859613213,1606.80763103897,1729.94033927862,1543.57538292118
"185",2519.03879054652,2814.34910898605,2106.75706064174,1720.55235449386,1589.09126087584,2432.47396130235,1915.72923346056,1592.35716930719,1493.10109838892
"186",2770.40031194504,3111.77732735449,1985.11095987799,1843.42674532185,1670.49668208773,2693.41509533506,1815.49110378996,1709.69120815734,1571.57537865387
"187",3822.65966259823,5723.65121806981,2750.82201991769,1762.71359590973,1556.1737452672,3847.13234988261,2000.14544549806,1600.89629161946,1448.33149692336
"188",3392.7495593165,3872.70682234622,2259.30294320169,2188.63093640432,1966.40068318822,3337.76077745894,2057.98936411551,2005.94201947166,1824.07617253083
"189",3131.65719570391,3154.90895739627,2277.00260508859,2046.25156538436,1931.59780629525,3182.13158420527,2237.31159501657,1957.90808919567,1850.14528364373
"190",3427.23916715544,4649.69357010573,8353308776.63604,2212.94409969121,1887.11398331013,3281.94414424055,1910.72368184961,1919.99572507051,1694.06606004488
"191",2507.72202864959,2939.29319945631,1844.85587830615,1999.58649363103,1755.98683414872,2410.47704789556,1651.60410912916,1757.70799852309,1584.3305957159
"192",3346.7929474244,3683.48795094316,731160482.049397,2285.17321822425,2001.68002603726,3341.52950137944,2098.57524196941,2131.45442013032,1874.02778715409
"193",3693.53629553482,4023.88588578517,2471.78203323802,2114.52723217759,1879.7089747692,3730.55535108597,2312.55706601027,2021.78191737261,1799.57549858991
"194",4399.87029999281,7686.65376077276,4843.29397423477,1850.95825607576,1517.75597960089,4315.30828096191,2236.69574437566,1552.49831100632,1320.58174516847
"195",1906.05082061787,2236.48789335062,1552.58159053442,1609.35431980114,1420.48764098828,1909.26383073419,1420.58607035536,1452.30452956005,1319.2035621733
"196",3588.78660419059,4441.83292849308,2018.53720284986,2017.96066160384,1792.61972153285,3408.39891110234,1773.97200519786,1810.96986236337,1636.17480105066
"197",3384.93140945743,4700.07411578712,2117.07135280032,1877.92768939598,1619.96547492403,3374.68324489091,1735.94718875431,1617.82200681583,1448.74901120051
"198",2464.24934926714,3179.83984103905,1774.29407542269,1929.8553284429,1668.4666332558,2421.71599122257,1566.52209004074,1684.48304373612,1500.20186002085
"199",3148.73020175691,3145.84234224096,2275.56012094052,2089.17731149257,1956.98954214007,3114.89041478721,2189.39000430234,1993.55875746283,1872.46570275315
"200",2852.78976366054,2971.76367240705,1861.26354274889,1791.52516056402,1507.96587528552,2588.80306921256,1656.26898635272,1649.14604012372,1382.12495484898
"201",2795.63604218456,2867.9692305667,1805.49336118991,1660.83469447032,1554.09688612019,2704.08480963085,1704.05874416376,1588.74198614124,1487.01360913427
"202",2821.88277574067,3085.1417873184,1990.36030745247,1716.3252644447,1572.56846736551,2695.27818330468,1787.35812694581,1606.08251384504,1483.34027706747
"203",2526.85295421319,2664.89636286719,1998.58018243115,1879.49976969596,1735.47945314313,2466.7499266174,1874.41207313472,1765.52957202434,1640.13683166679
"204",3050.879327926,3244.45372959714,1917.0210001926,NA,1435.01199639997,3024.38594064399,1777.74674635555,1513.14256620497,1351.68996904915
"205",6361.0204548729,6934.33272275452,2207.53822072386,1763.90344642393,1627.31699025533,5775.32317185164,2001.03486749019,1632.26656585054,1506.05855694116
"206",4958.78049339252,6874.11941066912,4073.20991455859,1915.55076714631,1704.62376194212,4916.30931237552,2770.37113108367,1721.27076861045,1560.4671842552
"207",5669.6744776909,6813.73358656578,2716.26536588924,1800.25430028744,1557.3748804598,5244.78339087399,2066.78064901027,1602.13455508422,1406.41030824673
"208",4054.86338079541,5240.70265424078,3205.62115201209,2571.45142963021,2230.21192986666,3727.15157200053,2499.20332958694,2178.39611759293,1939.42430295465
"209",2633.97744793205,2836.40351512266,2115.90956674933,1875.51056456538,1764.03484137214,2614.28332573569,1998.60065046292,1765.54001182831,1672.83567014517
"210",4760.95507324836,38172446113.9192,2149.48442345666,2005.33450209022,1701.28921674378,165682050.845188,1845.49236164436,5767167242.56492,1554.65055478927
"211",3160.54805970148,3265.09417080438,1971.03327734833,1772.59919660974,1580.57070799037,3071.84631567811,1870.58852075416,1682.61816483077,1506.48669771152
"212",2236.96588854907,2256.44701443187,1785.89117770362,1700.43862340874,1620.28014416285,2209.9103717234,1728.89916290899,1633.51055506258,1555.20940340902
"213",5771.22621587917,7138.47121586091,3430.10639059736,2098.80911865137,1768.73820568344,5351.65934193976,2405.58803704315,1833.42571678503,1561.4971948454
"214",3421.04650755568,3771.49158186555,2512.82804297309,2002.36142523955,1783.87181443506,3027.09376550372,2128.72418802483,1839.72697299808,1666.09356826189
"215",3362.57402083344,3665.53648410778,2100.77881795326,1948.86607834759,1762.05847792749,3267.99954950989,1923.12377880825,1819.90974207002,1661.27776261341
"216",3024.89832175973,3802.97611938838,2397.77494335254,2120.7116317547,1864.83452052765,3006.50668639756,2033.29367860461,4937036.56651351,1728.10029598188
"217",2498.2748123208,3133.84310330192,1765.61438746276,1663.23188069049,1484.32677883186,2492.71742127206,1554.21855866551,1484.04005264713,1357.41240094015
"218",4052.59372239073,4506.27001099518,2713.95780585602,2060.20768992796,1803.97885946078,4057.26759369669,2462.67706321779,25833388938.0267,1675.27192552328
"219",280692554.931734,3531.28065261484,1970.51357821107,1744.86951984227,1603.24760880881,3630.56806847478,1888.7030568689,1660.02067488175,1533.39651280086
"220",3711.9265206267,4782.79553686322,127771867.824482,1977.21991110985,1755.52585901965,3603.99241651693,2052.80986154125,1780.82250428882,1608.43230912349
"221",3155.09826235164,3425.35646958284,2237.20861326723,1851.55351064864,1680.46929933525,3041.64884792423,2034.24029908178,1741.25152504644,1588.80444818526
"222",3295.02663359706,3468.27825005142,2283.0950985721,1700.99410600817,1574.70363780865,3224.08100599256,2047.36108214109,1611.73573453043,1494.79736447106
"223",4445.27835504914,4789.27194950347,2964.40707150204,1772.97062125113,1592.12147439332,4476.31868911596,2741.1107448388,1638.95629730027,1483.96491861889
"224",5582.36379994954,5708.72437813981,28121385.8057299,1796.48455329185,1619.04577743555,6156.09748213794,3474.11864307877,1705.42213149745,1544.97153034783
"225",8232.22130900806,9912.60898981833,4121.18136096397,667765116.373626,1826.01215097406,31756873.8859213,2936.50241863571,1922.93134179996,1664.79342975711
"226",3149.42856721447,3695.49173625933,2029.19292062572,1779.1270323235,1559.47450941637,2983.63213879398,1728.39004248956,1597.81691049735,1440.56147011232
"227",4108.50062008927,5061.86830382617,2562.84751016635,1619.5015242287,1488.10470907885,3794.17747202971,1879.93436348484,1457.03288978294,1355.43260719424
"228",3247.39607628663,3678.46625032653,2121.90338818576,1878.34506890031,1712.29154572744,3212.19049125742,1924.3705066022,1724.96208975586,1584.39799789373
"229",8938.35240103983,8700.63672466449,5804.55932363255,1547.07411932337,1380.78910724823,8800.8205956857,6007.86830922874,1468.24290123265,1312.12606647254
"230",3675.2732553161,4226.27913649858,2650.1809737484,2184.96295428863,2014.65812269396,3643.40594358765,2365.52237234261,2053.68558069309,1904.72979961589
"231",3195.20479072796,3333.86830107113,2344.92895842653,2106.21078212136,1963.25612048358,3020.21796885277,2174.98862209359,1976.0480721784,1844.79765860145
"232",3638.06430101385,4209.78823775409,2109.99274200776,1946.70994869248,1634.59791806948,3749.3336162286,1950.58161263993,1727.82004268316,1465.26546328125
"233",3148.44015852288,3418.81578883643,2576.43302655697,2119.23758564192,1981.82634924821,3103.79281504466,2394.8829326877,1986.68854364075,1872.64172648067
"234",2374.58183478489,2470.49143912536,1459.48799799888,1439.60968001851,1321.58149182698,2345.6595505036,1385.71326477141,1368.85235531634,1261.63467351188
"235",5016.35699286532,5893.64439968936,3045.78276214323,1687.55850613008,1439.02224924754,4596.45138245016,2496.47104850932,1594.68299293734,1371.0641786446
"236",2915.04830265222,3507.82488403259,2241.96697125691,1838.82769530748,1663.79800079251,2738.60127135715,1917.95805626809,1644.09247738582,1506.43434017281
"237",3502.30380118842,3773.63484914614,1889.28826333448,2058.61383047723,1759.8732187565,3446.50228255501,1738.56839747139,1914.87988803988,1642.93266675057
"238",3912.28616101053,4318.02768021172,2022.57695451928,427077723.221169,1749.27452180978,3799.23332479946,1855.2983274492,1774.67512559528,1631.77278882724
"239",7290.22961101212,8154.90800222303,4704.0458777344,2370.78947200765,2090.36712547606,6826.24351298876,4116.4311913573,2183.8049907539,1945.4873899406
"240",3335.54291684381,3566.12297074367,2422.29121869216,2173.73341806444,2017.87222852584,3210.29656203441,2235.37494680194,2043.70051266129,1903.59678187364
"241",3611.30190887396,3481.83233373883,2117.08648878005,2113.74504831279,1824.34951235187,3568.92614322538,2109.79726878384,2055.43947641888,1769.0215851688
"242",5260.7034711728,7381.15694265982,3516.90913704468,1679.1138037236,1472.73823737813,5092.56496672491,2330.72273302492,1447.30280608507,1298.63770651017
"243",2850.39438246473,2809.31635626485,1587.03527064023,1496.21807140682,1303.42010878923,2722.92094671652,1526.3649342707,1427.86703941438,1243.72192624967
"244",10965.352698751,9834.18911361144,5281.75526414487,1645.69723220965,1484.56759856253,10339.6791362473,5859.90746755,1612.50456518141,1449.84378272146
"245",3181.16693455765,3998.62459115515,2110.34460422825,1614.23629690374,1405.03237422795,3094.75956957257,1688.85875460897,1475.78689326403,1294.90299007745
"246",3402.76143076583,4157.9852720672,2080.1248758237,1662.08441680284,1464.74229970107,3147.50490217998,1690.38483424997,1496.59110943793,1345.96888107788
"247",4072.80582439451,4959.2562939501,2304.74845872264,1390.74407946303,1243.37308543658,4055.67954139641,1852.67223115633,1284.84533266918,1165.23493383771
"248",3203.44357336435,3582.76643018103,2369.49525587509,2233.6692544591,1970.67236327089,3190.19163302301,2189.35930193384,2086.18224822011,1860.86090640688
"249",3876.50613311642,4981.49183832082,2400.94068354906,1880.22297288141,1629.58617609359,3412.59791321701,1786.9631700036,1633.1970793098,1444.81140754337
"250",2658.20682542295,2722.30265083354,1825.12283385198,1456.45367093429,1316.78102699294,2556.96885720728,1801.3921422091,1374.03996130359,1250.90061018389
"251",2387.16442058988,3004.03274716546,1632.06917349484,1676.66962016351,1455.16280715352,2299.77566344776,1408.12579994118,1479.98584388485,1315.36698779474
"252",2584.30929445893,2663.62507548801,1961.71700174241,1720.17071317249,1633.67408841756,2515.97695577059,1865.81728066336,1641.81189580289,1567.39185329516
"253",2976.85381855971,3323.28936164781,1776.08644289857,1523.05868637109,1358.34447259448,2848.44562721914,1573.55881456995,1433.12245949213,1283.43772931262
"254",3602.61539932123,6469.91222757743,3759.77362196688,2110.83412535836,1784.6926472012,3493.08323239864,2092.4294309553,1761.29276142188,1568.28035759663
"255",3473.95346074999,3961.38929763208,1915.59703124623,1426.64494355536,1271.02241411253,3321.44304130445,1658.78816158536,1313.55282584965,1184.80469586345
"256",5369.1962953733,6145.5323564773,2457.61193338701,379681190.947708,2119.46021142645,4927.6967396582,2193.63015620077,381428193.002073,1952.1384983758
"257",3463.37407093148,3793.38861675134,2273.78133861475,2221.66529908212,2013.64002058144,3373.36953455017,2109.00826799156,2049.97927006094,1881.71699615444
"258",4203.4212722488,4346.99790828491,2289.1843505722,2016.2989973172,1782.23289003802,4452.23426651033,2305.76206239151,1984.88354418728,1747.07671423457
"259",8632.67913798204,8870.50969218313,5636.52496805918,1737.50865503072,1510.25312970732,7632.4633915627,4821.55810899195,1630.58218032659,1421.21783120934
"260",2774.57419783107,3397.76776990684,11084032552.6752,2020.5649709801,1759.01562278472,2745.23375828761,1826.0556604912,1769.94482073058,1599.93054318264
"261",2452.85832217375,2892.03097098496,1996.10932734841,2079.9061763076,1799.17301584365,2448.0445605528,1784.90710400902,1858.46694488696,1644.22012583476
"262",2451.27800297791,2855.32319150261,1870.98703145976,1486.32465417802,1372.828983903,2393.76732421534,1633.76209369123,1383.94024034532,1294.3070958413
"263",3812.18117018581,4399.1084482262,2436.58821544242,1585.6123156718,1401.06022969608,3723.62312486739,2107.85435826422,1471.15438237675,1310.63137830088
"264",2315.25539389377,3415.02992853512,1909.39922646548,1448.04888041667,1260.71388900105,2170.98014916147,1397.02622265629,1252.678742469,1133.94282851059
"265",4113.53028457149,4394.26054609792,2667.04569896535,2109.68209347109,1843.94013960204,4252.74026709516,2571.67888749334,2021.89510754612,1767.50589824668
"266",7923068138.00455,3779.49318951157,2316.90361902803,2281.47378947745,2032.790647704,2930.19139293011,1942.36694882614,1970.25451942209,1795.17616282129
"267",3557.20621753766,3572.35710584449,2602.76530185734,1946.71829275536,1825.41923886562,3372.96122343005,2437.63523195977,1857.14718389349,1746.60832187496
"268",2851.77997955958,3170.60212960394,2235.20961162662,1771.36352578849,1648.36403261868,2827.76458797547,2017.22380187838,1667.05326812117,1554.33119378756
"269",2662.91327675138,2969.1537949939,1992.79327747008,1783.79272030472,1651.26320932451,2544.89916538136,1790.64476735698,1631.13882060187,1526.78729940254
"270",4866.25091578149,6786.71557477585,14989456.938364,2964.9489434551,2464.03089986448,4539.64407115747,2563.19187337285,2450.47257256227,2092.78616281625
"271",22015308518.2954,155405644.491451,668256.626516349,1906.4611381055,1512.18444812502,275172.970690437,15933990664818.2,1732.13655672266,1400.96901368593
"272",3383.06973742585,4517.27146776811,2361.46464085091,1423.64790153037,1322.21979489863,3403.99242176617,1853.98147200233,1316.73973838429,1232.44890874572
"273",4261.29931142306,5938.70274038171,3612.28685278404,2294.17788849677,2018.27656315848,4186.26873867785,2775.36755035186,2081.57938987267,1868.80506386793
"274",2859.73723698227,3287.81801470302,2053.28544442582,2083.88606623277,1814.90557695961,2801.22091564223,1843.94852133921,1901.86382918503,1682.44325216424
"275",3930.74456572107,3915.78393940332,1886.48106820173,1727.03172658455,1541.97755372682,3627.17109762099,1754.44310655261,1624.83715895402,1455.11048990644
"276",3618.85479508863,3713.88304232258,2394.13886644567,2170.42209342554,1924.44093201865,3660.37215972641,2346.15203712759,2111.74507943983,1862.38386818768
"277",4177.27390033076,4572.36607447847,2606.36906284498,2381.05587131704,2139.65978440301,4170.07164636699,2372.3240416459,2210.43019768962,2000.23256460143
"278",3481.45003245352,3711.55483489411,2161.90259924882,1948.8613744477,1758.43007407029,3369.38728583249,1996.70528034627,1822.63275216584,1654.87622582347
"279",3668.60850872134,4034.70644624278,1785.25827298625,1399.39950021646,1226.67694509334,3869.83319054743,1747.05730817834,1352.05651760566,1183.92691762622
"280",3641.14899029404,4164.9830111603,1982.7415623409,1526.86139615916,1309.79046420142,3475.19111334839,1701.10032299817,1417.38035480734,1225.24919385611
"281",3347.23719667119,3385.36483119808,2204.59549963681,1957.7968038245,1798.35958522871,3405.13388237523,2148.4659762324,1906.01152890821,1744.65693768568
"282",3011.82445336551,3036.23788921013,1965.91217228696,1931.18875714865,1768.16111293631,2965.56720268102,1875.72448234381,1845.88691244974,1687.8178733356
"283",3252.93682584387,3528.40667757954,2310.45685252125,1728.35222276024,1589.49314573246,3334.42158879662,2188.89439423364,1647.64642500891,1516.39665876229
"284",4370.89626190426,5623.58440538235,3148.69854131031,1837.08427598455,1570.01092357968,4292.55169779468,2451.58132055123,1662.35881506512,1433.10934453485
"285",3061.2034911981,3744.77390712004,2310.45772965248,1901.40446119235,1729.93405824838,2873.96826443422,1942.03561065929,1715.05568032007,1588.44014883482
"286",4507.44955895259,6692.82988028446,3771.95016845662,1719.81432077137,1532.11800060538,4517.45406654476,2534.30277695433,1570.40637504809,1423.98868121868
"287",3176.6267402822,3545.55879285752,2347.5028886243,1646.39870778833,1532.25773946296,3103.81786142962,2072.312738878,1543.67038444927,1443.31923813229
"288",3404.8746436278,3277.68529356507,1765.8269319689,1402.90954609812,1281.15104812994,3322.35443420247,1678.26771761336,1332.12472459878,1218.57128926457
"289",3503.94165813422,3713.04128998832,2459.33032893035,2031.52872200305,1880.80827739999,3581.16920599258,2305.16485497518,1911.47035455798,1775.54543905806
"290",5579.55150205637,5384.76004911702,2804.31705486275,1620.50744895151,1381.52977422999,5411.72909946568,3047.8019662981,1524.93612907192,1303.53073718578
"291",5816.37487849442,7997.27710195487,2530.47864935971,1695.14142375379,1429.05626782296,5224.22965977528,1829.56346465944,1497.34198657276,1292.07581114747
"292",5177.3369941481,7289.4971665163,3591.82779827241,2577.89426893789,2094.98390856863,5327.99728888789,2570.20334289646,2194.08047746366,1842.8021864316
"293",4418.06898594069,6433.47061339195,3622.83973750019,1885.45170680752,1597.62983697161,4775.39847298097,2835.87460947138,1697.41351840446,1465.15653762742
"294",6022.26696576023,7561.80978833491,4405.71871916435,2204.26978099682,1982.56154815137,5775.83246966875,3421.69573283849,1977.37060004013,1808.43658872221
"295",2664.77966432003,2854.18984887514,1973.61430270757,1979.10758031911,1830.98343051867,2658.59728706308,1867.72678372294,1868.91299553714,1734.00171824171
"296",3196.31002924224,4991.26524402766,2897.28361947375,1683.22360077454,1465.24275230384,2776.30795874069,1855.37697971693,1461.02306522433,1316.17224692908
"297",2835.7654193067,2862.68950999584,1948.297402647,1439.77341249097,1336.27215111004,2857.99326198955,1903.9233220751,1374.8597193708,1277.05517661827
"298",2651.09359442121,2993.32257597735,1785.188698283,1357.73386547046,1268.43026474997,2507.54476421749,1538.73974005142,1253.06587115229,1185.44313581146
"299",2729.55127067131,2911.88477665075,1882.43759512786,1697.29180961302,1600.71097204994,2613.54248473824,1731.75092952405,1567.7145452255,1491.12709690824
"300",2796.17646189382,3284.51218456417,2155.95116115024,2032.36483651141,1828.54324303971,2672.34674317175,1939.2302250072,1830.66993712402,1694.27549677916
"301",3090.38667485005,3480.41345741864,2227.37577715089,1561.3896653365,1457.1703074784,3050.01218152994,1984.96509807441,1445.62234969588,1359.38901459882
"302",2644.16554603757,2569.74290765449,2000.4013518878,1876.32861337848,1767.60742710201,2559.7797532068,1953.06975092482,1800.58475720415,1698.51671038938
"303",4828.32333030828,5329.74616146793,3003.90256516406,1661.03537091666,1420.54328487747,4590.54699620223,2507.12501805357,1571.71569916914,1351.31166425272
"304",3048.44566811722,3938.20224228129,8134524.25322854,2219.07239533688,2004.78615504864,3002.74174477586,2127.10175049848,1956.58802956649,1806.40522904035
"305",3948.38356760274,4293.38144144311,3060.40649720384,1974.65407067762,1834.63167728497,3897.0897456901,2816.28093954631,1863.53066854703,1735.19478376049
"306",5368.38883281181,9726.21540753569,2469.23145401399,2121.49685444122,1728.80426222434,4975.34465104176,1556.90075927849,1659.57681707754,1390.24556146081
"307",2698.54101092017,3036.77986897451,1699.72016333005,1506.33036581344,1365.71969344158,2652.30991756281,1517.18734010242,1391.93525614309,1271.72352246946
"308",2624.41809381947,2798.69695551467,1939.4459067521,1819.11815346837,1678.62765718463,2554.72377786697,1811.57174192339,1702.20316120709,1582.99218381726
"309",3603.39734781991,4022.70050585424,2667.82768213536,1885.12117530949,1775.27727314854,3437.22281477724,2350.95705044334,1749.89075421709,1656.22217987987
"310",11488.0737599729,14836.3694929254,7748.65962233277,2074.46697592511,1715.42514601772,13844.2104527594,7342.77963102064,1921.05629512241,1600.94577173161
"311",2932.45263249656,2972.54123892697,1957.6069913513,1963.58998441743,1805.92271593018,2903.90529287706,1870.32112251585,66709524.2554483,1720.89758414059
"312",2717.93459353428,3373.90782697508,2276.43168771058,2238.71475309008,1996.44240232747,2657.27247730668,1995.67349671878,1983.46239284271,1828.88359543594
"313",3470.44632749159,4792.27358221569,2568.80444220334,2618.3465938493,2202.17104729385,3443.15714573746,2092.17378527486,2207.24698786439,1915.98865732074
"314",7821.93974161721,9367.38679014393,6196.54737403083,1630.85526417735,1421.19520725092,8377.53207970246,5293.00046762061,1532.13473188183,1332.92775416513
"315",4278.93698581101,4449.26280411114,2621.20506832632,2102.94585652105,1928.54178899748,4049.014005024,2403.90374082406,1978.0933661056,1822.94988543222
"316",3320.20978453508,3589.54152714678,2287.37907896335,1719.15714772877,1555.13864586529,3318.29096392225,2124.24001123886,1615.96425349454,1471.22809100399
"317",3805.31712510154,4517.9529580825,2762.93464025394,2197.77522603137,2004.57260849427,3856.00793919307,2437.13450044208,2046.80299387545,1878.60886612181
"318",4910.08585795248,4696.7889510111,2067.73382504204,1868.14037191388,1663.49417303343,4768.53870489503,2110.38614043663,1824.60012804517,1624.25444801022
"319",4087.14734738679,4420.81280890971,2036.15771755693,1937.04617014407,1771.7064626941,4163.51019946128,1902.55983849174,1805.66587823386,1666.8648595345
"320",3564.12617503196,4513.41642787219,2309.91575838045,1665.59913027466,1416.63569584671,3398.25581822881,1794.4343672825,1509.33742080802,1315.75102875879
"321",2950.54551356262,2971.42758489473,1880.06996290669,1545.26540930051,1429.97197525579,3017.77932979768,1829.65978971048,1480.43510115236,1366.56707335964
"322",2817.08631791749,3126.12489247113,2022.49350850791,1980.54641696039,1813.01349754268,2684.30753356594,1841.24020793024,1807.49990087593,1679.07009593141
"323",3352.6784836666,3411.70218520443,1978.28571289415,1490.0794289412,1389.55326883039,3410.55536547066,1982.69914148666,1431.65403616165,1337.65559828989
"324",4249.31269751103,4119.44193238291,2072.64983090298,1650.83558243442,1455.2505950425,4361.56423889497,2222.95830683883,1596.99997456229,1408.62855983134
"325",36179671.6849634,3830.30118906188,2033.10818865084,2042.13873893055,1800.12858237174,3844.37285052751,418681462.879632,337264594.321097,1700.140145014
"326",3607.75538162647,4270.43640315761,224273327.421504,2398.2870549633,2067.32871972178,3439.67111823621,2052.94244269742,2128.25979367309,1867.48630643135
"327",2995.03628795145,3262.46599238159,2187.51353375365,2228.07771878781,2012.22936286675,2937.80179012717,2020.8303427637,2070.43132909919,1884.89434202312
"328",3217.16321184036,3602.74013004762,2038.63015320176,1970.55548838961,1802.26223397384,3095.04501151349,1837.72408377402,1802.10509569961,1658.51952474723
"329",7219.29266466704,342588098.084295,4319.41385408272,1707.24268570559,1559.09918577411,7452.63308734269,2738.03494436469,1515.76752271714,1403.49142179808
"330",3271.31927521537,3679.89808554408,2383.27388066738,2115.77431039836,1905.24261951755,3007.42893203762,2082.22856774226,1907.87581346602,1749.42858135248
"331",3269.43993895759,3449.82756138394,2172.62401140957,2141.60533808614,1943.29426980855,3304.06701999096,2064.87669016272,2028.23294551414,1844.81872617106
"332",2763.56754670647,3114.37156732685,2296.78048339563,1937.59338789811,1812.26093053066,2815.49424432134,2114.4147199676,1797.96438911121,1699.38836191267
"333",2439.76981178225,2393.33687956449,1596.95354228269,1554.10031804097,1416.73643234289,2441.88502110915,1599.90715563487,1537.25630593022,1397.44161499988
"334",5951.97252975054,8216.40260782484,3608.94873499051,1775.00710001223,1533.04640527464,5708.41072936303,2571.86691594273,1595.14236908563,1397.84637262369
"335",4232.12887167637,5346.30495752184,2312.24303149943,2217.98579470929,1885.63287103089,4071.14668145638,1878.04887411762,1920.17819074409,1659.84909808821
"336",4139.38760738191,4185.54808715713,2062.80448672308,1744.34910641422,1519.74684884699,4818.94575094455,2107.92177107558,1676.14232267618,1472.57660591295
"337",3282.43464160146,4416.2972962408,2249.25209556548,2086.28115627263,1824.5291022555,3169.63357676906,1782.21068123063,1769.51814521297,1588.64637496267
"338",3660.10664283301,3786.71080341895,2551.7363837182,1860.5862813477,1690.44431944233,3386.08666765947,2343.93764293471,1753.99820104136,1604.50316150013
"339",2755.03460795308,3109.07619380495,1699.80283850254,1829.89575842945,1586.54422721114,2688.17504278859,1578.72123352651,1713.13373948327,1491.2619573478
"340",4114.12798133153,5302.07929101785,3163.21978780216,1970.53064487878,1664.66022259584,3768.51911013349,2391.27533871233,1718.03662239068,1490.13340099649
"341",11193.2837239757,12142.875148925,7629.15271232813,1973.50919712816,1668.31323327628,10655.8175159485,7178.99390573228,1830.9562708895,1548.00227182811
"342",2436.88060472368,2646.69677330594,1950.23357726507,1718.69535635631,1580.32862474815,2342.22845389937,1780.45025317948,1582.17120504558,1477.0509033621
"343",2496.64799882021,2818.45373870389,163925139.88123,1922.10158525036,1713.02841502364,2416.13590395056,1759.17858254516,1759.20799398113,1609.05140314252
"344",5955.0892641441,5950.22926675505,2314.26969048712,1657.9598525035,1511.29114487583,6042.03168661439,2317.77642554863,1615.31860230022,1468.33837998009
"345",3706.9519762659,4391.70427450944,2144.00977624006,1717.96855272477,1507.86778874401,4098.44509182514,2011.94460829424,1606.41881606725,1423.37495328054
"346",3872.49363256768,5794.14350420746,2974.21787161484,1883.34365545877,1639.10883525609,3696.18979344711,2073.03906794404,1589.78884644285,1442.89790436686
"347",3706.62531749009,5312.57417306952,3306.48769858365,2116.19713942927,1900.83606732161,3360.3972620864,2296.36608925237,1817.73976630103,1666.86565683389
"348",3793.79964176472,4111.85178964124,2608.4833188398,1793.77164318543,1651.36979578906,3679.90023939049,2303.01816414667,1643.39355741967,1533.57667277316
"349",3538.92624120398,4346.62707922735,2510.90964048449,1704.90263412141,1492.85814473395,3478.26237136585,2046.53728279349,1523.64031938861,1358.51247331942
"350",2343.90936360343,2482.40746295646,1785.52182196052,1646.59352383767,1531.0680865414,2288.10268500044,1660.2806722743,1544.18583668426,1451.46038981015
"351",3790.39157233317,4222.80925273556,2204.8274244635,2113.24233717153,1749.28120863225,3768.49018401169,1925.54374111799,1954.06753216273,1623.78741361635
"352",9255913180855.14,6138.26152868441,2029.63614588493,1712.38081312763,1488.34996499792,7523425154750.96,1841.47193985334,1604.94130452001,1398.89987978342
"353",4786.70559181067,6044.28718885482,3414.23169307672,2296.94980860433,1986.70890762129,5360.59381704545,3000.3436346448,2121.07688740947,1842.264015925
"354",7901.9270032113,6375.15274497512,3888.55363477212,1518.41363522298,1373.43697723307,8250.7517863682,5037.77190775398,1517.03499463367,1352.26559223161
"355",3691.55606117965,4575.84947978088,2701.3955717969,20371653.5332203,2052.87587742004,3457.43742866932,2255.14748216778,2084.77376271818,1865.17848906233
"356",2716.34840549173,3141.16336539581,2088.17835383741,15369437.0956823,1679.36749793036,2639.85642700367,1797.03068802141,1669.09787014623,1544.32543649299
"357",8753.70441229534,11383.5575947473,5211.75056502918,3149.91845359896,2547.52575227993,8371.37748186099,3788.21137050803,2724.09670358797,2234.56429080371
"358",3373.79518695099,3616.8701750653,1918.16801896749,1731.37104311788,1553.12005235742,3181.85019504534,1768.10318913134,1644.17700318053,1477.14604842967
"359",3137.84800921615,4436.7846766252,2084.21553001326,1554.02142477754,1393.64431100419,3304.20419172585,1780.23113455372,1433.5764981767,1293.38217256195
"360",10797.2279454485,11735.7260155261,5636.72694695181,1784.48138348556,1513.88816151036,8729.42628338921,4013.04051419518,1635.58755734034,1399.77883051099
"361",87626891.1864703,7422.59718118797,3747.15663990862,1823.85474955387,1605.78436631941,5930.07996129017,2893.34797774451,1659.58277636844,1478.15740259474
"362",4476.55806103451,4517.03467572424,2415.86449574894,2011.8081359013,1869.9396193111,4673.70383499433,2336.48097141092,1918.21753285482,1791.92515976483
"363",4421.20600930022,9253.40138027601,4503.12786350729,2203.09947251672,1909.29994938383,4019.98926794884,2501.48665862869,1872.06826328544,1691.771667512
"364",4582.78327870075,5214.74982105659,2247.31351863295,1947.53886820777,1757.26882468204,4755.93494041971,2057.8164067484,1808.86687851321,1650.26861403117
"365",2896.437226868,3466.7494654511,2188.90552748557,2097.59861551783,1904.32110850896,2792.33929473481,1994.49313119656,1890.37135576088,1758.36552415112
"366",4080.11095628277,4835.57121199317,2117.79184258871,1637.01087073758,1451.06838992283,4655.6351463756,1743.41735656053,1460.8067294429,1332.4834824739
"367",4636.0262546332,5271.61313529348,1681.28214720574,1488.71968208973,1372.4006080997,4762.95509970367,1549.81525597213,1403.40496189551,1297.06013603634
"368",5554.09075949168,6665.58433648371,3855.89368051501,1996.48984173718,1766.49751318579,5620.01154808839,3335.88290678307,1875.7552957801,1663.77203711588
"369",4623.95657283554,5733.412151137,2992.34775435111,1530.19274400694,1396.27791497317,4281.95455520341,2174.5309975125,1403.86299067182,1296.87545188123
"370",769645453677.869,197999547154.297,4625.00871348034,1874.54465835145,1634.76445916612,9670917886.19446,3495.45183514232,1679.32860735028,1489.52207182974
"371",8096.90429413912,7026.74107698295,3374.31390104401,1671.09605230626,1511.13976463105,7240.6405963753,3589.21126338208,1644.51766477643,1479.72346766495
"372",4338.47380142087,3957.35027215013,2358.53065468358,2201.19816571986,1890.35131207026,4415.86947667218,2401.39495455796,NA,1844.61281355072
"373",3014.71632396887,3284.22450475255,1966.42543511467,2149.11180651561,1894.30263880464,3013.3935536574,1837.34667531166,307176545.054673,1783.87241902576
"374",3340.02122230063,4357.52303397941,2574.39952665104,2027.90027820822,1879.21786811736,3282.37525026745,2155.56754084816,1814.04126204688,1708.15014259666
"375",3205.73366470321,3805.97106280866,2653.43449006273,2033.43469578413,1902.46355883479,3096.95451988578,2306.8157998129,1884.94121560525,1782.65696842823
"376",4778.95220244837,6667.45470521966,3056.68072340986,2123.56957659491,1848.85798259498,4927.98754730365,2422.81165190713,1876.46743410366,1671.15328937169
"377",4449.67340697605,5228.26141962281,3029.08493382372,1880.62831107846,1644.28594325097,4345.31259736466,2547.65546228354,1722.1893049194,1520.17340023388
"378",7068.92471954777,8239.07853592467,2340.51244357832,2263.11633180577,1925.97901421507,7123.83802715383,1976.33523330012,1975.83444333809,1721.88441734621
"379",2788.64959742782,3212.2742416134,2043.33800471625,1994.07376144026,1762.54031296291,2644.54413518615,1821.95020936093,1802.25605067282,1631.90620655203
"380",3400.8885253761,3916.55081953523,2259.01824805227,1722.88457513621,1588.44603725634,3464.72982071331,2057.96428606887,1612.79473490351,1496.07179195238
"381",3213.9793783052,4103.81512289671,2514.82761171081,2168.08559092315,1907.89081854696,3083.86110408285,2037.43163893777,1847.52677144379,1677.4222675513
"382",2284.48018448493,3393.20651006361,1955.03796255819,1848.17405883655,1576.46272760285,2188.46927066174,1496.48592942623,1505.30177828368,1367.69418890672
"383",3569.09291761915,4490.94025218804,2317.83308090815,1881.13788777905,1699.33581795802,3637.27982836387,1940.36729537226,1690.97793227403,1555.25011719347
"384",3021.93008923576,3526.32102925757,2148.05117221636,1869.54085229073,1726.68817063066,2934.39390288294,1923.44961498934,1706.4774373563,1611.858351955
"385",7386.91170687998,9973.63472852311,6687.31408412977,1918.35621212932,1723.56345594461,8267.50974887295,5569.91670111671,1811.20699468611,1639.51046088309
"386",3296.26125107611,4268.12985878948,2545.87289357903,2193.33895347963,1980.66449052079,3168.30216978399,2114.44086512733,1503394401.01272,1777.74591509393
"387",4337.40314992569,4561.84320809574,2953.04263772992,1843.36820427413,1694.66275960807,4833.7769027295,3080.49094270744,1768.14359446294,1629.57191376836
"388",2479.84596317933,3019.68438511196,1851.50711502261,1521.74649547946,1377.38199406291,2241.57225327009,1544.42414964589,1394.91849822247,1287.21501099343
"389",2824.4635936933,2900.65975024831,1792.70500503423,1362.60672488169,1224.56243865227,2663.64618584889,1595.86346833862,1298.89984194106,1174.01760142406
"390",4387.34277404707,7826.76382798719,3696.60978546896,2027.03418961766,1822.40370756472,4487.68522439782,2247.48443363598,1671.73210734368,1538.11700853235
"391",3872.77269081219,4919.38790248304,2824.31848266261,1492.89445995562,1278.13777765099,3666.11064847139,2044.04950724442,1364.86789653426,1194.33439622305
"392",12488441290.0581,3874.27998300353,2358.25821458977,1873.32349689213,1707.53205881495,3636.38202529965,2249.73976761546,1759.60428867609,1610.89939675368
"393",2267.21197375808,2259.5932050345,1525.71310915619,1376.15451466102,1298.90459955343,2252.81593172333,1494.25857537679,1327.58486165842,1254.0429644941
"394",3329.80119981325,4094.35504268037,2761.47319155888,1780.38567181553,1663.50086817913,3407.85983563014,2327.1471721191,1638.86241335177,1543.70237157297
"395",3284.7567797735,4603.87017124511,180690380.526781,1731.4728938133,1512.18228391722,2928.65021194941,1582.2153385177,1478.61210958334,1327.12123609789
"396",3804.3160635658,4106.54542165657,2307.42281442964,1773.71398794224,1626.42650627268,3627.03021097914,2053.57345946051,1651.36606882494,1528.5845635227
"397",4155.42661337319,4892.50673235976,2928.21262222892,2308980114.08019,1929.34681253806,4056.56914332312,2508.80206261567,1936.78992157406,1783.33693324431
"398",3062.03854520356,117329233720.572,2617.60364019266,2226.68339767082,2051.97841995752,3027.02453588887,2208.5494030868,1998.7215765207,1873.06769147931
"399",26619042.8638613,4544399271.8093,1979.09855798372,1917.73164293426,1771.42789598469,3097.00245193624,1951.77440523351,1851.13352498797,1711.88106216751
"400",2681.76344533762,3701.03883759073,2390.10321055206,1983.1610789877,1756.42609526667,2664.26698560407,1937.87878732352,1769.48265874272,1619.82314092477
"401",10482.3267925123,7384.27958489736,3829.16137454725,1712.19243491153,1430.11420868331,14664.8591293513,8635.86359863059,1815.29618967992,1475.43112903419
"402",2890.58838514141,3147.97893608858,2170.68745207451,1857.79718806534,1720.75311802349,2878.1154805848,2068.94680976504,1768.26069536643,1645.46626214219
"403",3142.33963209252,3308.62927265549,2028.08048496266,2030.92467717582,1851.79752554297,3085.3475579874,1931.9093862641,1918.69449155572,1759.42118815335
"404",10378.2483987474,11107.4060292781,4533.64774184687,2630.29925424249,2163.75008844993,9928.90641193361,3750.42974423438,2388.13372024365,1969.51752783652
"405",2945.6013820806,3349.20174330742,2140.19037356789,1871.70428054541,1712.7394062468,2800.57212162982,1897.57745919483,1720.05368067788,1598.82021858351
"406",284722555.296919,3292.84290800582,1950.622956755,1926.29530955544,1751.92192062895,3206.69358321109,1820.00650467482,1793.47195834546,1643.00101132082
"407",2861.2897076167,3074.5743820002,2047.89533553998,1895.11967378693,1776.36143074893,171086822.4875,1900.22021812155,1764.3948223649,1662.06402996852
"408",3699.17252139002,4536.37886759353,2625.93438465489,2289.73697188392,1958.02687839599,3597.10347813872,2208.13744069254,2004.61219939425,1760.59255629051
"409",3324.27072300607,3343.04084046459,2271.53444509402,1613.60851904594,1508.70333687748,3291.0156379145,2189.40343537663,1539.2894966164,1444.81877384464
"410",3094.18845247141,2989.13683244228,1862.29348897807,1689.13935456306,1540.75427891511,3140.79915328612,1907.77437247113,1629.92581355961,1486.12936035119
"411",3479.4571628329,3403.85589027571,2236.90937667699,1700.57316161242,1560.1990100534,3479.07872793025,2243.99780455147,1641.61893079217,1504.32275621111
"412",3126.71334031416,3810.33856880819,1838.58723455344,1677.83541062869,1517.54876560714,2896.80202126897,1531.15853289672,1452.72167010171,1338.70688531846
"413",49005607.8949239,3527.8328140502,2332.02641327189,2099.63874666406,1896.52765149959,3035.0354879526,2059.08026536919,1900.4324291829,1748.14987664363
"414",4130.4876196617,4044.55934796388,2410.90044831426,1818.18273027514,1711.44867064356,4094.74933315726,2281.87188317043,1732.00902523503,1636.29864832792
"415",4429.1648151235,4693.39013293634,2674.79183986705,1506.4246193773,1363.40455031992,4550.21221079126,2598.61264315652,1462.59789255403,1314.56109460568
"416",59913232261.4808,30895784.9871481,2258.814114015,2237.63630433208,1966.29786142593,3000.15901161334,1994.15673770962,2001.32976105939,1794.08353879723
"417",2718.45588734657,3211.54980700714,2282.69110870299,2021.20616632026,1836.81857217709,2642.17848043921,2005.19103578104,1847.33581371234,1711.63149435339
"418",2876.2149908044,3355.65262409571,2282.87165201548,1954.51495859695,1790.99959665172,2823.7996036518,2033.00732767081,1824.72353936729,1692.52383267868
"419",4014.49979917876,5385.81972359592,3425.9632697483,1762.3069914362,1581.1963264573,4114.05298923632,2674.69781444338,1624.61975725065,1477.10577052481
"420",3862.63173814231,4466.33873881499,2631.00999267027,1461.10464184962,1279.29494269268,3578.95166245375,2056.03056020794,1373.75591611323,1206.70768715504
"421",2711.45906352636,3100.32590567999,13162822.4347717,287276412.505994,1715.04956543467,2671.03439931948,1795.68477247292,1718.29115191071,1592.64135475956
"422",2620.55261691953,2892.46748941419,1960.60014002175,2072.51003861817,1855.08234925885,2553.42423088843,1805.4428200644,1909.01280237666,1730.862320531
"423",3431.14886596184,3798.95258880045,2153.36650102222,2086.61468672915,1882.65783925647,3330.15027826842,1942.0325087505,1917.71730009364,1747.07775403466
"424",2564.05808933023,2885.40129205542,1668.54598385566,1676.80351538408,1477.8761130755,2435.19171746933,1492.11146801063,1512.21768129988,1362.2437295066
"425",4747.06364559339,5091.50584908227,3069.90311697489,1500.11552738839,1381.2343661191,4567.11984513804,2859.38574289784,1407.17663894152,1303.51934216099
"426",4251.59786245904,4588.74254908216,2476.22000705633,1801.74369432448,1552.91559562266,4148.33828457704,2238.39541128861,1661.90794968269,1445.7337014564
"427",4134.0813986868,3923.78585194705,2523.6900168159,1616.55398438247,1490.68656260315,3905.41935354425,2459.99619459445,1558.91319407956,1439.0868195829
"428",3557.86180704688,3803.19428493449,1839.30090611072,1504.78186564936,1419.43324598462,3435.55687486377,1690.55396094433,1410.67230725183,1334.56270487998
"429",5237.35358727974,7819.72487087522,4865.2503468517,2285.16724406017,2049.39264479092,5075.4585617593,3167.48089796285,1993.81158068373,1824.34600952141
"430",3002.30836719589,2969.15316975758,2121.84157048112,1839.53528135029,1713.02717337663,2837.23664140355,2022.50214372639,1759.07775556362,1639.34756757978
"431",2745.33602926622,2864.65849153744,2188.35263108974,1786.91549804757,1701.06673261086,2627.78940804305,2052.84996802316,1683.95717676361,1617.65901547166
"432",5133.68139512979,5043.22486729996,2142.92157113358,1832.26091617266,1610.01668395464,4958.85456937976,1981.84915739097,1748.19442914991,1535.83136017655
"433",3494.68032650212,4074.44176050954,2764.38797380405,2468.56797647686,2230.75593583273,3383.56983011643,2436.47116095916,2222.10456179389,2024.54326934847
"434",5654.2091209003,7169.96626245221,4201.43556701641,1904.57392416273,1704.11377221896,5588.61627631272,3231.78265312573,1724.69647427327,1574.72738939286
"435",5071.94512866782,6031.16878353804,2625.0176709964,53077537.7910635,1976.44517933053,4683.61602418517,2208.57008409531,2019.42204511078,1788.37073839776
"436",4131.83466618237,5072.85099933347,2965.35254643074,1504.94647689194,1284.79060068879,3549.67765006893,2200.40278142182,1358.33552897476,1188.73512237789
"437",5210.44534509962,6033.09793855667,3875.29978022418,2255.40166609406,1904.2889898723,4953.30601446232,3049.23403403497,2114.91984001448,1785.26892178806
"438",2669.4556871048,2962.65242890187,2019.40202303048,2051.63587254503,1799.53488470685,2630.44778454681,1858.31139073286,1903.75200542797,1694.86293152805
"439",47251020.5686556,3622.26313462749,2368.9449742845,2126.20126401891,1945.73775646936,11435972.2630646,2133.0027547878,1945.25445767198,1797.9979486126
"440",7178.7214620851,7761.89533034605,3188.21481883721,2172.94871201958,1829.95291483197,6753.46935849675,2700.83726943272,1942.68658647915,1657.78311647601
"441",2962.52370217148,17444110053106.5,2491.73703245724,2167.66203711313,2011.91904968484,2913.40625277381,2199.35014790299,1961.28262533377,1844.68933020144
"442",4278.40132116963,4140.44250041404,2442.66297465695,1869.59563759533,1586.46587155294,4917.80280341589,2762.22788457461,1821.58959040268,1531.73056803516
"443",6139.60200796142,6639.01025669868,4169.02664323497,1445.35283622319,1300.12215405654,6430.48462320918,4228.87219844027,1376.29466951672,1243.26678219086
"444",3732.83386894068,4138.69864147237,1880.24293916991,1895.74898480903,1690.04853505467,3806.36277182749,1780.97076802294,1752.81717977466,1585.5586583374
"445",5927.58378484276,8305.69262792918,4366.43159753386,942195350.024274,2149.38293255286,5685.0373471381,2850.37074894799,2197.01890889789,1847.3442068718
"446",2887.07715081419,2947.30603856289,1981.12967506713,1714.39848122243,1577.80964913455,2733.7098491311,1869.00006092368,1633.49302842734,1505.88693534258
"447",3940.47787853217,6237.47812866084,3203.787829442,2453.98630941496,2128.51296456785,3849.93426006958,2279.14891337972,2010.93913058703,1820.33872910254
"448",3858.86203516491,4225416057.89475,2350.6352124099,2008.51885450149,1821.083072655,3811.31760549779,1990.7042589572,1790.25623331417,1645.27046873249
"449",5638.55980393779,12089.9275146301,8009.64161813328,1750.82277098331,1547.33573316683,5447.35223162299,2954.02206633707,1467.06494094185,1327.35409317592
"450",4877.4741089175,7347.36126015221,3467.34038508448,2274.8579045391,1996.97857200366,5106.78064514649,2524.23224094481,1960.48229282625,1724.03000090005
"451",4264.8823601323,6974.36088558842,3431.58655928763,2781.52122984315,2194.91720507876,4211.54831861729,2260.30304768376,2129.89125289009,1779.86551737776
"452",3179.21577663999,3534.12036711388,2186.61979271148,1806.90729631348,1622.66869352945,3002.75401930231,1950.90696247217,1661.94955049808,1509.9631387611
"453",2257.97807042145,2701.99242461302,1886.99394450952,2032.1630251264,1804.46621428673,2212.68926431507,1681.26010728562,1777.32418953361,1630.18386664134
"454",2818.07737563382,3164.56134154935,2246.83965296208,1914.33315006679,1779.56518623369,2902.47236778204,2075.14597501879,1779.36430207205,1670.79981267213
"455",3818.0194987273,4306.47976319653,1872.33828244342,1567.88037583717,1390.36864760502,3812.4651271335,1669.58284416295,1448.7692033553,1293.39045714517
"456",4917.69051520374,4540.19761079577,2593.724068726,1640.55187361614,1499.59254273711,4355.66564760406,2408.72519393214,1531.04066941551,1409.66831480647
"457",3306.13459611881,3813.12201552716,2222.52819537183,2211.74011225292,1936.83264390923,3286.92904719586,2015.58233359224,2061.69681689765,1811.33110410536
"458",3092.12755433537,4725.39129816362,1942.64400949626,1758.0262101712,1527.04238160362,2939.06794845231,1596.50732919728,1539.46844227193,1382.24744324441
"459",3104.36308392419,3523.38952393873,2080.05406229698,274670595.964563,1771.5511283436,3215.59318590945,1983.49403995243,1887.89813323574,1659.17046258094
"460",2665.4019840481,3215.51424289569,2240.05612883776,2186.44094730529,1967.55654773006,2647.90176243444,1950.41258885876,1928.74223145895,1764.02993755796
"461",3154.51392115711,3353.75865814579,2320.55518686578,2106.90015387331,1883.92951280643,3044.27517343614,2162.1124491912,1998.25232854828,1803.49542615918
"462",2198.39821417409,2488.34055669792,1690.92788988241,1513.25484089532,1392.9262730338,2236.51947201427,1557.81347810969,1414.31047983537,1311.81766338879
"463",3331.86657268014,3570.0040079827,2655.66787868567,2323.01221321745,2139.05541875641,3294.20034225998,2483.15975947322,2185.60862573941,2022.25798059351
"464",3936.99835837743,4260.16840498162,2201.53573887042,1906.22755641367,1737.28550649794,3799.30758477592,2020.78858071657,1773.87373582307,1634.4569152736
"465",3875.19235017887,4394.58893019533,2781.38600308837,2091.29331955137,1899.84734373485,3862.42770683897,2453.46810628829,1937.02710846572,1771.97577366176
"466",16005.7960943869,23947.3744558156,10894.836105695,2288.57340101688,2257.99379242274,8730.73754956026,4426.80487242568,1830.46512766051,1777.84982095506
"467",3750.29200305807,3488.95200052304,1857.689254021,1537.01989621071,1420.75565927759,3823.7221669604,1928.2257030626,1510.95861848266,1394.34254307063
"468",3441.7838686165,4067.03548041882,1862.47268765271,1494.94034932867,1342.62974162645,3421.40452396004,1717.58351249966,1388.31584207657,1262.2575196728
"469",3038.24970905031,3109.7161056822,1930.68777203602,1663.95009185547,1500.41187457341,3151.61528863538,1893.13298219786,1573.15526773391,1429.22520368154
"470",2559.48109488423,2904.243188282,2078.04501787355,1733.35280396275,1661.0778749917,2505.07613955368,1899.74884969751,1626.74929068351,1571.44986924023
"471",5214.88510742695,5489.22643482095,2875.38394767162,1685.43442104904,1512.89269670129,4996.72203365668,2518.76260033824,1572.40301355745,1421.97475023507
"472",3258.32054947091,3654.37219001522,2511.62960953234,1962.00997338909,1834.91037914074,3135.7009098817,2192.56812156928,1818.54685974708,1714.48475277827
"473",2619.05739037717,3199.30395546594,2175.96601467436,1792.57041845464,1663.92642716466,2454.3187651651,1831.30801191459,1631.1882883295,1538.51451885925
"474",5427.51962045862,5678.12951631939,3407.5936702343,2447.86662179216,2093.80115622405,6003.45521496049,3614.52929442457,2320.14342425085,1988.50916753597
"475",4386.96453696116,5007.84618759505,2896.75790473148,1887.60353400286,1675.68746569053,4459.134449001,2566.46052738043,1774.51761645541,1588.35694008426
"476",2602.03232055908,2834.49915822536,1926.94408282705,1776.86274166496,1582.77230631377,2688.31675313144,1840.25937545989,1702.54152402471,1520.60959976512
"477",3241.60339398758,3248.75838523914,2324.84518093957,2086.22839043197,1871.66656913566,3404.38822826225,2344.00005455532,2022.09727622947,1807.46790336738
"478",9012.31639239315,9457.00195277332,3004.00675994807,1726.08289344026,1563.0677870607,10706.3523154208,3438.965320658,1680.01449512078,1516.59753461582
"479",3500.52732252862,3690.9437029761,2585.46430881334,2098.82952255969,1943.83934943467,3329.64784101878,2388.06368196116,1979.42297833759,1842.04820754563
"480",3449.48370134053,3590.34046483865,2015.27523052171,1527.1552030256,1410.00437215037,3422.65793514774,1901.51599295477,1444.94298765388,1340.67256672163
"481",3125.76704169955,3396.98653700961,2002.21090520174,1682.92285587183,1552.54342213833,3149.98307606123,1832.89565443926,1552.47465624936,1447.62814538501
"482",4185.16543317696,5102.04839909813,2685.7661088423,1877.10880554198,1711.09520143567,3972.44031527746,2159.75259621726,1708.45874281718,1582.54289244667
"483",2628.17899367214,2664.56605126712,2150.28167817691,1962.33927829229,1855.33186723724,2526.48355334665,2048.49220303242,1873.2709876909,1776.28830367381
"484",4374.86763232136,5710.67295040317,3413.58379816589,1592.4973402513,1404.29986519516,4542.59760048674,2780.72565611279,1464.09639464303,1308.95553770445
"485",2969.90918313279,3149.21862759622,1800.68465903172,1756.38502703222,1617.8051358452,3066.15715225161,1712.48021573832,1662.31068631007,1533.76768641783
"486",5328.94585162919,6259.00119751508,3599.14333380157,1994.90924848783,1724.80826458855,4987.66071559188,2981.64837495186,1818.23966524284,1598.72857645936
"487",3701.21385246728,4148.40056296713,2694.26748327765,2213.71478031616,1993.09845443564,3565.70122173517,2408.50857242222,2049.00119964598,1865.42531746182
"488",3934.58420676108,6411.50100470905,4610359549974.23,1879.2736398833,1572.56797144033,3867.7218316193,130242505505973,1592.74809880525,1370.69877638261
"489",4605.80018612181,5624.04389836352,2692.20236492582,1899.2064446656,1659.49139623905,4482.82490972456,1072641.22559574,1701.97863663846,1508.8908743134
"490",3185.93985271721,3552.4386064302,2335.39717007699,1992.06432013747,1804.72604234741,3140.31342422866,2119.6064645774,618014257.505749,1682.33317307806
"491",3879.88295960616,3985.81293531102,1786.60825743937,1615.58582582041,1470.29475702894,4113.95598026601,1742.31229165875,1541.37140672598,1408.66564147603
"492",3416.54595029825,3521.66180056816,2405.10461278835,2056.14080496639,1894.23500341693,3365.86289312248,2285.35724769295,1934.25138078128,1791.98940794275
"493",3713.2427878906,4070.17994495337,2316.02886072103,2174.01856701655,1956.23269911884,3549.67927204101,2115.51494165738,2026.518456126,1833.88949400341
"494",3186.1217235951,3960.55615500966,2230.25207998787,1775.42973583585,1584.10354679331,3103.81760941595,1886.1458565892,1618.1410484427,1465.03654025704
"495",2688.96162387301,11062461887.3969,2342.2737668912,1875.16596044298,1671.24928954595,2525.16174071763,1811.44587845919,1637.1424616881,1508.79292550186
"496",4951.21922303424,6174.45652194799,3734.11268753138,1683.6762958558,1493.06904161068,4988.63178159721,2897.86460272228,1554.55696391546,1387.50599563128
"497",2706.64395278132,3113.75101597587,1996.37643441914,1881.00696292982,1750.46853915092,2686.41820227111,1811.37739749432,1707.00644737072,1606.62184016529
"498",2548.76824140456,2817.93231567613,1776.03329826265,1810.24646621228,1602.12220695059,2563.60137161502,1660.11096593959,1667.74700692922,1499.97642732751
"499",3206.84114995626,3277.28509544843,1949.15349372471,1419.86175411609,1294.11667097747,3205.91086822847,1901.05491555392,1351.36798995057,1234.80560448725
"500",14263.4880899864,16049.9196639842,10083.69267517,17403926086.9807,1703.43888506802,13648.081835305,7750.22825745495,1880.68840595363,1590.34625104873
