"","correct_data","ztHurdlegeom_split","Hurdleztgeom_split","ztoigeom_split","oiztgeom_split","ztHurdlegeom_combined","Hurdleztgeom_combined","ztoigeom_combined","oiztgeom_combined"
"1",2196.85925130918,2268.04504797963,1626.67470350974,1863.72165545365,1613.4594028845,2128.17139566399,1550.82396097778,1757.71836147297,1526.58944437191
"2",1908.16162251853,1926.55220904536,1372.79629419157,1534.03497218494,1333.55285709308,1873.21983871604,1342.30232486881,1477.6215573653,1295.29321874964
"3",1750.4164422944,1777.15927744114,1349.97539212612,1437.3785717569,1310.11422942872,1684.92260222375,1297.83693242245,1370.73911026098,1254.50301415704
"4",2053.70065556937,2102.5869998105,1386.03002809926,1561.770605564,1317.76034381264,2030.70746224657,1331.90087790151,1496.19472487663,1263.36325621112
"5",1700.21336329877,1730.44393948867,1277.61957683892,1336.73456819015,1193.47011035073,1651.4758655389,1224.51996934421,1272.14585900789,1141.69292011954
"6",2169.34397133783,2217.08999242241,1496.81888279903,1657.99642438076,1404.14386257588,2078.55794853711,1407.12796682074,1576.57881924898,1335.45900541983
"7",1979.57062438414,1956.68517860055,1460.42632955972,1571.04298059773,1392.32033554959,1939.1468838787,1432.29825494731,1541.68966119132,1362.8748534754
"8",2118.32087101049,2112.44466077063,1512.97471996589,1599.93884905683,1443.64382078038,2040.17708331286,1454.99519703642,1525.37390725491,1380.91645774557
"9",2154.36903361117,2257.47362799148,1652.16221997811,1776.56019707686,1563.96249969482,2105.01238463578,1558.81739033087,1683.59682245988,1478.50776397592
"10",2078.73070206056,2097.81360339086,1519.18633751278,1748.53727397121,1504.86724211033,2031.06264452336,1464.60215188018,1684.45082361282,1450.35992918577
"11",1938.47934349689,1945.27574383048,1484.68758193242,1662.09499138728,1448.26817109416,1904.30749564338,1436.89977395465,1601.9138442374,1394.90627269966
"12",2370.62328292666,2415.07965872785,1587.21097650556,1704.15425444524,1496.95360274108,2239.07202165641,1539.8782476321,1635.71301002944,1443.45692787299
"13",1784.98485414994,1768.71646154125,1331.83158985387,1517.42964712812,1312.6812070616,1741.68613797431,1292.11798580796,1448.39460400008,1256.81604933832
"14",2065.16747428795,2127.29029257161,1572.3594664915,1709.64450390495,1488.81426703953,2020.41494513156,1514.18006280807,1629.19361627198,1423.86156512201
"15",2294.39896282118,2331.28962339635,1831.58532971446,1772.22990003631,1600.0571212228,2247.74436006516,1617.24730267602,1707.42096885254,1534.40591695388
"16",2017.53158834885,2028.58609379704,1529.04669104677,1703.50943822154,1474.15494397459,1973.63752516338,1484.21051663377,1638.83162696532,1418.60274635391
"17",1970.6388855217,2023.61619681144,1539.10088571306,1729.44767981906,1513.0162650895,1920.00854939576,1477.97919573561,1649.47078727054,1450.5053437295
"18",2040.53846266021,2093.06727956722,1596.12164678428,1645.96173587516,1486.80810286382,1958.21069466386,1517.07945634845,1559.92687994443,1409.59411384221
"19",2264.21263506942,2289.16591148258,1735.99529548122,1889.05012492896,1666.89830815073,2203.00539813909,1674.51771377805,1821.25944853002,1607.24390951244
"20",1926.2150389403,1931.21342917514,1342.312856854,1427.77955870232,1213.00842621704,1864.15071876288,1301.58682320613,1372.86487306454,1169.6387909875
"21",1961.62986129088,1927.16904545087,1387.13535624855,1577.94196062399,1368.5617484968,1931.89418729828,1359.31707557475,1550.4035099382,1336.16352189885
"22",2297.48173072642,2282.74585210543,1801.42797551905,1807.5776587871,1661.83404437107,2238.21241917696,1741.79716937755,1745.99887831097,1603.02920843195
"23",2075.12926923008,2154.01392040668,1460.67817519283,1693.36177199248,1413.21236671465,2018.14082859665,1382.31785085496,1600.35480303304,1343.8693225996
"24",1885.83625966304,1865.8619128135,1321.21162697408,1567.93621512329,1310.99018500517,1864.80220720763,1292.58230617009,1540.59089965265,1283.24492880515
"25",2086.19114418026,2119.42341402998,1476.54799921445,1697.35378624998,1421.90659240449,2033.63950263476,1431.31388931902,1620.09239251541,1368.41020257924
"26",2079.55765927819,2114.08102893962,1667.2881600475,1820.12309788686,1616.18892691739,2049.9471113248,1615.01996659213,1741.15442392041,1550.54308059871
"27",2404.29434704674,2411.4638344894,1649.17463907338,1714.655886736,1524.56685541842,2307.33088576329,1573.20187384225,1632.68406557321,1462.27150986924
"28",2109.74528502329,2165.60561850705,1683.65903070914,1782.63651274094,1601.90257532797,2074.0182457938,1617.32414649223,1703.52513926317,1533.03855824908
"29",2041.86458777527,2004.48030193612,1403.06843139623,1476.56037627467,1308.21636254916,1996.04743195195,1382.98154306161,1443.43871999555,1275.21084621423
"30",1916.31834187369,1959.90729866977,1339.59664414941,1584.73280892843,1294.70104875143,1861.55313655217,1277.47191952986,1505.98607565369,1234.89186237612
"31",1913.5777096194,1935.54066776818,1457.44568885404,1566.9845380434,1378.73511052986,1860.40860834331,1392.31072168913,1501.9824105089,1317.1859184339
"32",1926.1862367357,1956.6917523417,1424.02154939694,1584.02617756491,1411.33567939869,1891.51472060217,1444.0075610521,1524.58253292886,1357.81961559538
"33",2200.53678381135,2202.73395015831,1505.44634088399,1705.0666037673,1441.01835917988,2132.52511844756,1455.80743276724,1648.82902359244,1391.3139633671
"34",2037.13171585312,2032.96890266492,1430.09620124993,1472.25015125773,1331.4549456943,1959.22619450118,1369.8775153316,1413.35807228936,1275.06788369831
"35",1939.67356204607,1926.32262436897,1400.59472381611,1527.56511594803,1335.48571251149,1900.14101733631,1352.86181853722,1471.74030850892,1286.34932781223
"36",2340.96579513016,2381.46225180952,1774.29760777318,1863.61325557664,1649.64315338692,2252.25124141251,1692.6600647814,1771.34498677456,1566.69927042343
"37",2318.3108071421,2302.96794927937,1631.72385681007,1870.90062007482,1597.91647918676,2279.02203343728,1566.7537196998,1822.62621433521,1538.50779084182
"38",1823.4924794602,1864.51420966609,1299.2987360811,1490.14638911536,1253.31624770382,1784.8295134185,1244.46958888517,1415.58383570661,1195.83600484932
"39",2149.57084953748,2217.06584978189,1709.1774795472,1833.50974416656,1655.43614431667,2084.63801992041,1621.44223018479,1740.74894951825,1572.376806162
"40",2140.55183644218,2076.66141609454,1557.60542101416,1610.94644364039,1468.09037709456,2089.18691942677,1532.39478017402,1578.80111686525,1434.02409553149
"41",2301.67590092439,2328.61133067865,1758.37627615041,1839.74874797583,1673.6210219017,2240.30233220767,1698.1112965945,1751.12558650354,1597.90369695535
"42",2088.07191991902,2168.1114114245,1494.78501333687,1538.96116022385,1358.50950815196,2037.0728697103,1421.63119986714,1452.61005916934,1284.10100336765
"43",2146.20999576869,2141.35467283492,1462.16737277631,1666.06235651189,1427.70559721649,2103.70436592591,1406.61812859999,1602.67571524996,1375.59673289353
"44",2136.452931767,2191.50179730138,1685.54674345625,1785.65674460446,1623.40334136902,2108.41730714064,1628.27240385399,1710.75431619336,1560.36605330964
"45",1924.83561061685,2013.06871658934,1364.99471345681,1589.38175246131,1338.07465167122,1877.0298395506,1298.57487910941,1510.08929361585,1274.34478873214
"46",2052.55804855347,2108.99959505541,1376.3070854178,1523.20149630977,1344.15501840649,1984.80453418146,1341.44308888161,1459.11944096527,1282.88471089016
"47",2239.42909649076,2310.81341893798,1606.12278873261,1748.20728310433,1536.02123253407,2193.89773355146,1557.2363271683,1677.63995256195,1477.31673238603
"48",2246.14131104272,2270.39236187864,1529.24217362358,1744.01388254387,1448.95716052446,2181.75836535873,1475.22538165527,1656.02131694381,1382.50168521972
"49",1785.87185067756,1773.39810007183,1239.39670953536,1395.30988374515,1198.60868997902,1777.53465998376,1210.79197057046,1373.0914570363,1168.57560233016
"50",2369.02619196397,2464.48269058224,1771.13638862634,1899.64500862075,1718.68501352919,2293.92839395413,1678.84164814288,1799.17168745534,1632.16012056927
"51",2092.1524122853,2144.03795854801,1654.50158006312,1721.1763616315,1568.35440751749,2031.28421040548,1568.14969691928,1619.87169246485,1476.51903625669
"52",2160.70231429188,2190.38304695006,1644.65773141058,1705.94626562171,1547.10761409062,2123.86849742538,1565.71692918848,1628.88989565216,1475.15267091782
"53",2331.73353400965,2357.08870255659,1652.6768171409,1835.1787721101,1595.65850994188,2296.52154060042,1594.904225867,1757.0271517685,1533.96071246157
"54",2290.09460754965,2260.72208030463,1620.31914004609,1656.58073588647,1484.57809521629,2250.44682445618,1609.31024031455,1614.51320096754,1446.6170187218
"55",1750.79200724494,1807.56882324642,1318.82999435841,1470.83249941317,1276.94038676645,1731.66425286413,1273.60854504791,1407.7273641212,1223.74255384763
"56",2262.45214041205,2231.78372236126,1585.43173290212,1749.23783762788,1501.0135165529,2208.15960084576,1565.52115293362,1720.38177673634,1468.44445048183
"57",2283.74750872641,2328.93006828248,1585.30771936585,1860.8511731783,1543.00642634919,2231.66525020098,1522.64061607866,1782.14204385774,1478.41196104121
"58",2342.72047004684,2401.49224782595,1773.94113051095,1854.6841838585,1646.95349764719,2283.83304691489,1701.40043918162,1773.42780107974,1574.09535164823
"59",2155.90912834166,2221.38601809946,1645.76359605283,1753.67965014355,1566.26142825828,2131.98097955288,1523.19873757294,1672.4344919092,1493.46215130813
"60",2165.25449408635,2112.3694159617,1589.3597202521,1629.99848694798,1485.06747425884,2107.44674452851,1562.58574080469,1587.76657789293,1444.41447854647
"61",2428.2699698254,2481.54070408663,1745.18894057524,1913.47564202953,1674.34538632027,2348.26214236762,1665.74656319551,1813.26792992752,1596.8405069287
"62",2094.64308535688,2110.06021988724,1658.15227986766,1812.25101292321,1618.3876530728,2027.8439132116,1593.2553983369,1731.0816945892,1547.74265799575
"63",2221.78601427648,2256.44255863528,1662.33475641093,1738.08066326999,1545.46728531286,2214.08614492095,1609.76517184621,1660.46781271888,1479.84914839944
"64",2151.40844557272,2167.40189964252,1509.91322242722,1616.77392725469,1438.69629317629,2094.34791974935,1461.13765009934,1545.89058545539,1380.540198872
"65",2115.18157966494,2153.56109880124,1706.87636849558,1791.87630564982,1614.55987131145,2051.22233079797,1640.08389684961,1714.92809283694,1546.71206551364
"66",2139.97636437377,2163.918092975,1683.80796451841,1774.55909951099,1601.7447743625,2090.16070261397,1615.51549206204,1695.31880583887,1533.63243961868
"67",2219.62498783354,2238.22092196182,1621.29312110744,1821.41049615504,1583.87587567808,2160.97375292824,1557.96084734781,1757.12436745362,1523.90033525575
"68",2453.99036221819,2411.35306794844,1700.14521488874,1892.46284276504,1654.35382922613,2388.50923611913,1640.69476164934,1823.16441087162,1588.56779078838
"69",1963.47527598388,1928.20355470135,1368.45092927203,1427.25411374454,1289.93302726417,1931.86497295665,1339.51602685594,1384.87023167515,1251.84568936864
"70",1932.66259095181,1992.63911843137,1333.19542224956,1545.53905662544,1267.52875245003,1872.47142226111,1256.58486314529,1459.3558475997,1200.19058350834
"71",2034.13398847387,1964.47610130084,1353.32053084929,1454.81893793741,1282.15673877804,2019.03374130292,1343.95401215481,1442.58345583557,1262.3168209092
"72",2199.98473143344,2213.89192144152,1713.53921510757,1823.38951245763,1642.92051035289,2134.08971908169,1653.1199138923,1750.54744426044,1578.39965711919
"73",2094.88140712658,2197.0321675713,1477.26456922381,1582.78530657057,1406.27312793927,2013.92922185064,1418.46670923628,1512.5472171912,1348.50669596298
"74",2320.81056400906,2363.21851518042,1761.12391782271,1952.8723511945,1701.46467326663,2249.04025913263,1685.625394982,1866.68902294166,1626.87401931649
"75",2297.06257627363,2344.5301349084,1659.2389186363,1739.60236362618,1559.65636343307,2212.54679175323,1578.82121702796,1671.53846116962,1498.40476326136
"76",1892.70035779953,1942.3044597802,1310.87122019917,1513.24580808426,1261.64041562344,1833.98960340453,1240.43191982659,1430.15262849185,1193.70911924782
"77",1945.29391274772,1959.73502404777,1393.42466464199,1499.79049904501,1287.67708092267,1881.63722193276,1340.95123124115,1436.93699126119,1236.15483519915
"78",2152.94953994338,2186.84068403967,1507.39049160222,1659.74893487055,1446.48079908623,2097.97489622125,1456.69038049998,1600.25516023475,1394.26040284263
"79",2009.70807251725,2035.44110691702,1241.10560661388,1427.80507685994,1203.07134194445,2017.56541921806,1207.43275431631,1383.29669888451,1161.38535980172
"80",2187.44518227606,2231.15068401414,1484.84180560149,1703.26096599323,1475.75566454388,2107.29452380516,1437.18851708503,1631.45299860844,1417.39622107917
"81",2001.961041145,2021.42033590533,1568.11282165056,1677.26719586138,1508.63918367961,1966.33554079441,1523.67972362366,1606.41221453744,1450.48652633754
"82",2173.63931101003,2210.3282532527,1802.70553873925,1870.96091056753,1706.25471059202,2100.46740469549,1722.4238083534,1785.77094370126,1628.50895567205
"83",2079.48601511212,2078.0578294037,1728.4678412836,1766.64433561175,1616.1846420728,2028.50604422092,1679.99570735386,1700.21814981,1555.94990099992
"84",2006.34056959383,2040.82520317638,1470.30887050599,1589.26074941719,1373.42374644127,1951.65085522898,1408.66352227651,1520.92025924139,1315.53413131119
"85",2266.55245051966,2209.58759029692,1467.01673220127,1686.63678935496,1414.41523521762,2177.13356845744,1411.2651969663,1604.37660430684,1354.05332897483
"86",2131.4512481284,2152.82725795662,1661.92183428841,1760.79243661674,1605.86978301604,2049.19892665961,1610.77109784543,1675.83444949196,1533.34758690873
"87",2275.36760962511,2278.39355114357,1727.24254540466,1825.08210535198,1650.5700821182,2182.67273736492,1667.66180586143,1756.28278988182,1591.29915874315
"88",2308.43951035625,2380.89583024743,1731.24105391189,1974.8382033468,1692.42084359051,2241.9981152405,1650.75024446228,1874.6760206975,1612.18200782963
"89",1834.46644081647,1853.15839784922,1366.51782521637,1457.90045244508,1286.00425985096,1827.56029380151,1319.10103141296,1408.58133017366,1237.32879042025
"90",2039.71595623124,2060.98611122066,1684.22876324444,1792.03194027154,1640.01761852566,1985.82526017385,1618.23421428779,1717.27997060964,1569.30095357429
"91",1920.50464802464,1980.71378921968,1504.41467190045,1547.82797992023,1385.11788590799,1867.61811324248,1431.56813186856,1464.81002748458,1314.30152320123
"92",1810.69671177991,1853.56759921662,1212.08273561826,1413.86004489083,1189.63835763222,1771.1256188198,1157.39502572317,1345.89786726964,1132.15593337154
"93",2246.10828014267,2298.16267269332,1840.71102464381,1965.77999708488,1782.0221299549,2189.89665619898,1754.24392014185,1876.44969774019,1697.62393002435
"94",1985.14539597895,2027.80460492413,1508.73075197173,1623.37872375444,1459.26117947015,1937.27389396511,1450.91612864111,1549.86122060761,1397.50400429685
"95",1844.37394058642,1861.09315207289,1368.41776161074,1529.67754068996,1317.41917970903,1814.54142248846,1318.49339906348,1465.68054797027,1262.8084156043
"96",1825.63054300179,1867.35496092073,1390.56537365266,1458.471143518,1308.85230036003,1768.14107621556,1332.91860605675,1391.03413394118,1251.37023670606
"97",2255.14994566996,2225.27018975274,1586.72696615284,1643.76118809228,1467.75212499739,2203.81828028032,1539.87972553557,1589.25475032446,1414.49873674188
"98",2146.13257438726,2216.68329855297,1593.80416701359,1849.30142037107,1577.15073195178,2086.42557268074,1513.65272878433,1754.7444746129,1500.90139007747
"99",1662.00381286569,1721.9398937069,1199.11760346662,1344.19790984235,1158.58834092196,1648.44474095459,1193.67880527414,1274.21767670285,1105.81357620902
"100",2191.95959520693,2218.85744325028,1581.61942478667,1661.09791712821,1468.87079719746,2149.69902015987,1533.9661801376,1591.0274982876,1412.46925124969
"101",2225.74891922994,2224.21081038989,1706.37088581558,1760.946133549,1597.76056212143,2194.61549843869,1657.35465419978,1705.13736217542,1546.31749378028
"102",2594.77869134439,2605.04217978925,1841.96031029455,2033.35666261233,1747.48987815156,2559.20449596359,1779.3295570297,1959.23189383003,1687.04837037795
"103",2038.07628867168,2051.8993298048,1557.29861320656,1704.32945583948,1512.4263871654,1984.81619148845,1501.0046324385,1641.61748846342,1454.35902794733
"104",2015.950451289,2048.13811772041,1390.44848529704,1569.81335171019,1334.92492352725,1965.56610493189,1334.40842089877,1513.47626812027,1281.61155962802
"105",1935.58929958377,1971.7366621681,1536.61430446788,1516.49953398547,1367.08025581229,1879.72576745457,1469.4587709183,1454.81947829694,1311.48268670234
"106",2193.50157228008,2238.07110757571,1780.56525787096,1864.90598699424,1665.09609868504,2158.9186057928,1712.28052562398,1772.74725370629,1589.61303345957
"107",2101.45726651865,2135.35408793227,1486.77455832268,1664.93957371151,1439.7555919953,2063.9547907837,1421.28620290573,1588.40619176698,1371.9203616045
"108",1707.92397737811,1714.960143034,1186.60440477711,1388.65762149443,1156.0139089222,1681.91850878316,1140.21138864668,1344.49466943852,1126.41944669866
"109",2117.83520274886,2151.86374662466,1557.97056591496,1628.16754721425,1431.08305418336,2060.09531611184,1493.53945424276,1559.02731305625,1372.81934132922
"110",2285.51169786361,2321.74398056783,1464.24789218095,1606.21543938612,1369.80891636753,2219.4528512553,1394.73601649976,1532.09672211014,1312.52780797887
"111",2055.20440472705,2121.6946757709,1500.39199016722,1646.38734180052,1434.91201628172,2001.77680748345,1436.30152954922,1564.69730114379,1367.94682071185
"112",2172.54772600468,2223.53198401341,1707.81923871521,1891.3953470583,1655.77902382546,2114.62226126271,1617.95964139218,1786.47537109009,1568.20863901802
"113",2196.0689244024,2204.43102277231,1570.25195806202,1758.48177787531,1541.79557068415,2168.78160100928,1522.09925418409,1705.51799729002,1489.35318689356
"114",2119.62512753165,2125.41615807018,1724.37423856694,1778.20929794455,1632.45507174978,2043.28811069337,1652.86939331649,1716.40911526051,1570.95042037392
"115",2305.92196437874,2326.51548704094,1845.00448466071,1899.05805547048,1734.65707335952,2227.96435549926,1774.57072509609,1819.40011285263,1662.66015194689
"116",2139.34053312674,2170.28873858018,1553.33367350596,1607.92034501112,1448.88418956336,2107.42184325568,1505.29245807604,1535.40452508052,1390.85012334442
"117",2098.13073606835,2087.81845278086,1653.02338785966,1647.26109607109,1529.87028675154,2050.97221676717,1617.5779676819,1579.15323064564,1471.93831741526
"118",2070.11352386354,2100.89528346107,1471.3027038087,1658.39084286903,1409.30054266589,2016.51421337927,1418.71400041997,1594.1571168631,1355.11592355485
"119",2247.0546428782,2290.81898413662,1800.14444176526,1862.77731111869,1708.52552341941,2194.18348072761,1725.81488296399,1778.91309379935,1630.23441835234
"120",2385.08397858868,2387.83485119406,1648.07430028223,1799.7644618703,1533.93536207658,2323.2018642536,1621.61926330021,1718.54305144948,1477.83548676131
"121",1934.11003027997,1969.04979477351,1369.99685393113,1412.96400274047,1221.03797903181,1870.71210790521,1297.25714781623,1348.80795064473,1160.54462736053
"122",2166.95264837898,2137.66633384682,1407.68022971039,1624.59837073189,1334.19430915541,2129.21971805765,1405.95772448381,1631.93460233456,1325.09645932585
"123",2193.87791855756,2248.85627033684,1588.30135820258,1720.55710853806,1480.65990694462,2128.52251000452,1517.75253108332,1632.54339536011,1412.42887218645
"124",2267.62204564223,2273.88741749045,1737.50462576694,1956.44652568441,1730.27064564705,2231.57571115826,1681.22636391373,1892.14224165418,1669.56558109672
"125",2200.75526027695,2185.41775190234,1707.61729654338,1803.87833723922,1595.8678523303,2140.16307129887,1641.21561841711,1710.22185110263,1520.18565105889
"126",2303.67344060584,2293.62048391942,1656.23633396911,1637.67175038778,1443.38693438528,2205.35427105834,1585.21324107066,1575.59487660508,1387.82158596628
"127",2063.05201731459,2086.43306840166,1455.11979727292,1624.12032726085,1393.02852896453,1963.33175048315,1408.62250477336,1548.00863342547,1338.30449101225
"128",2047.74458744297,2064.70663316022,1446.3198187404,1619.71406214609,1388.48311964129,2007.21320668395,1392.46257419103,1555.58761370255,1336.16450134328
"129",2213.29074420507,2234.28946067577,1703.30167767183,1884.85430919902,1671.81784122436,2152.19319119804,1638.1159803677,1803.53795901617,1604.55628991997
"130",2091.59253735724,2108.27717919253,1499.50632789924,1694.64459787971,1460.38055047885,2039.81027383478,1457.16068061631,1638.03103930639,1411.62811262714
"131",2257.90684647731,2274.32863408367,1654.67186089498,1811.03793422004,1590.74148749721,2195.22026429109,1597.30141835834,1742.91361206385,1532.41090744479
"132",2117.03619039412,2099.54661554273,1442.24668857378,1538.17996413655,1351.93250020917,2059.54074933437,1388.91681223947,1481.07310985274,1297.31848976916
"133",2274.17194529748,2274.34415795677,1682.2032696484,1803.1409254313,1601.62177568182,2188.87024643636,1611.12247288692,1738.37471503624,1536.97543108602
"134",1969.77471419457,2011.23864156782,1604.00207973272,1764.44104763934,1567.35788099738,1925.92664222776,1539.18282975147,1683.38126949333,1500.21221664385
"135",1814.60784654165,1809.87051924873,1314.04088948009,1408.33412545791,1231.70000698141,1774.69821070055,1271.2004437114,1382.05775738615,1195.78780824087
"136",1975.32754017334,2010.53615983323,1432.05909655944,1656.05514402753,1404.5204231243,1927.64989842363,1371.22623494256,1570.44334957002,1336.30474806073
"137",1802.52572596595,1832.02034466579,1387.59632923192,1517.30683578129,1336.84000926422,1743.11149036144,1325.84795254295,1447.01950970935,1279.38224313559
"138",1901.57728979951,1951.11323058891,1458.53287819983,1591.18623596549,1409.27956280533,1819.2436247861,1380.92327858118,1508.22096539656,1340.17083625149
"139",1857.33073677501,1848.61869831381,1351.89190104287,1432.42051511144,1292.91822652074,1808.79596421217,1321.68349923865,1383.80419566838,1249.28282937483
"140",2192.45615393499,2190.80522647439,1624.63916628503,1769.3356529071,1562.27735595717,2129.84869912171,1562.17779944804,1705.15154523946,1503.49027790557
"141",2474.2870792905,2481.48670899768,1827.19276596467,2033.66603705099,1794.72659795868,2406.77828418881,1762.23157420561,1952.67439858044,1723.40045491015
"142",2096.10695762449,2111.75676176851,1609.46443469201,1766.10650395815,1558.8210874983,2043.80467151502,1548.74110040312,1704.88496575254,1500.8982315628
"143",2215.89089837872,2251.48361286399,1683.65540991001,1790.25112176208,1583.64674444966,2176.6508312305,1635.07451843007,1725.38787107685,1527.71823264285
"144",2030.50389128228,2032.73563735544,1288.29106968746,1527.69862710425,1281.2870721898,2028.35478497098,1249.41141692231,1483.94311350917,1239.98656620536
"145",2173.11111181117,2173.40037973201,1680.49612689408,1780.39385722793,1580.27493692308,2137.57604443002,1639.16250381632,1718.00741167384,1525.59941743612
"146",2122.70792788137,2189.96058154713,1656.98221451359,1798.68959818725,1613.0862825176,2053.19250672855,1572.82197402917,1720.34346531359,1541.53556645502
"147",1966.26377754614,1937.8903591139,1382.64645148356,1387.04056252422,1242.57768075911,1920.43003215419,1351.31984689463,1352.62899919295,1208.81844270267
"148",2155.92933419389,2193.8944277073,1584.28469607356,1729.40230792975,1506.59076466721,2096.18151033093,1515.86978547777,1650.89344418951,1439.75694599949
"149",1973.6597095875,1964.42878683555,1427.21359902107,1650.55613550618,1428.39003008049,1912.90937016762,1370.4913965157,1597.47109965108,1386.20134484037
"150",1839.69475070091,1851.95901589586,1242.0147981743,1408.43584079457,1164.50154684111,1779.86504404119,1199.14227355547,1353.3056116199,1122.66285337714
"151",2137.705987705,2181.84651607197,1548.98433712625,1784.3392559587,1531.86004280395,2080.8680410625,1498.73653966602,1717.47281712167,1478.07186857667
"152",2399.99567328392,2415.09790692482,1733.62600068675,1851.18977282002,1669.68477158757,2303.6638755945,1654.04563504036,1772.23348048967,1595.35719943885
"153",2413.78278809593,2460.62191326614,1669.66983320655,1690.08199265715,1491.97657268103,2332.78712980167,1603.01090593884,1640.21968486034,1442.04137312817
"154",2240.39419348167,2195.53659709795,1611.94299453866,1741.27687133159,1541.02100896485,2170.19428404096,1552.38774887506,1689.18408142561,1487.04154359824
"155",2163.16462624891,2185.74961958952,1551.03105788836,1579.20029138223,1377.31223570625,2099.44738544324,1499.85598275924,1520.22738049079,1326.17371225372
"156",2096.48385106942,2140.18692359116,1484.34011279655,1556.72630124582,1394.14043235353,2028.83477917721,1426.38074019538,1492.55328943906,1336.78106991199
"157",2439.69039093109,2484.08618669994,1750.37173577429,1954.05323304222,1692.2688934029,2382.23571591242,1686.64381668074,1890.55641344882,1630.96794469027
"158",2147.91053542139,2145.37718011821,1677.86062267074,1755.63369086808,1618.01882925512,2085.99436275586,1623.41389219929,1694.7048300511,1561.87656838606
"159",2276.97972391551,2362.8916030948,1768.88531349165,1911.45010193067,1687.16608747952,2204.34611998033,1670.30617954875,1812.38944208587,1604.11801238927
"160",2418.59543768444,2454.58815958493,1775.53799196065,2008.64822722385,1723.20029376954,2344.95770209763,1704.48950286228,1926.26218715261,1654.04327040163
"161",1796.89076454443,1837.37218409508,1214.73356058408,1409.94035541355,1168.27409615014,1761.19637544074,1164.69070609989,1340.55158014221,1114.04987815358
"162",1826.38968881543,1967.82140018608,1234.12546286689,1419.70104830919,1192.23379951787,1796.65970658897,1184.265845771,1351.85048040815,1142.85701020143
"163",2036.51535933698,2060.0363559438,1394.86485565943,1627.88938413979,1355.14912300881,1972.22474949398,1332.08234272783,1563.4252140736,1296.49030581105
"164",2254.52980548677,2273.65642064654,1743.27977289142,1914.02095431396,1675.76894438488,2205.43124336488,1686.99203826458,1837.2678476361,1614.51092860819
"165",2389.94505304771,2411.4048227333,1785.14107162672,1924.66068108879,1686.32199246451,2349.31943709147,1741.01629180586,1855.48052315316,1628.05188102403
"166",2396.73894677676,2373.86979659463,1653.63584371818,1718.0711504411,1522.87935072147,2318.27075010562,1601.70762117658,1667.71204569745,1471.21554810335
"167",2208.52167137224,2223.7278611066,1491.37410612668,1487.78891041422,1319.83226790123,2154.94367679288,1456.92411823095,1441.35775764817,1277.2328431016
"168",2253.13091230772,2289.27662387397,1624.05213049395,1851.82377868634,1623.19188771836,2186.81365332361,1569.07238749897,1779.74175623698,1561.23636131799
"169",2014.02495250876,2062.50470743791,1509.24210909427,1742.5051456667,1530.47584191476,1960.91862504619,1497.51205613456,1674.90865101631,1471.43665108416
"170",2020.15918267019,2041.97013683919,1434.60942256677,1538.10876287965,1263.42702143071,1988.02945514993,1410.25247770268,1415.61277097824,1172.96004411399
"171",1965.78911324388,1964.87651334105,1359.38170710994,1435.55808637545,1244.41573566002,1893.52938360901,1302.82826627026,1375.31333807614,1192.21151214289
"172",2294.22133627276,2349.95548416384,1695.55008575828,1693.07845804669,1527.44764098162,2236.42809259444,1620.06360398063,1612.73020666877,1455.04863590001
"173",2452.13241615432,2534.33550158928,1774.56354225559,1977.16914195937,1704.17891031044,2370.55387167348,1710.88220377053,1871.03386307978,1625.32476661259
"174",2291.69864819625,2315.44069707869,1683.06278926177,1883.2088499176,1620.09409665726,2223.14664831953,1604.06363315035,1810.19014524195,1549.1188295937
"175",2088.24573381723,2101.31793175706,1535.30029717936,1593.76880054541,1418.58136843114,2031.34125505722,1475.85690886961,1540.18124006466,1368.17021121958
"176",2034.7593430707,2040.2448588467,1605.78547126394,1628.23354546617,1471.62822133807,1975.08878579791,1554.09049370618,1548.47903894922,1402.10696072938
"177",2268.98183177487,2316.66072825591,1726.29806117834,1927.48009871734,1675.31735295056,2203.29133407902,1646.0217763317,1842.65874487544,1598.68932409395
"178",1925.9051612741,1937.8386231642,1379.41701873452,1487.07770904261,1337.58894537018,1867.54651760616,1174.40114431036,1427.04736045028,1284.58089013846
"179",2104.28364564742,2116.88611833249,1636.42419239864,1894.93854138944,1625.2584465667,2058.45039216729,1577.79777568902,1838.95511960039,1566.0326937785
"180",2157.35221151215,2135.00694570365,1625.95099509166,1766.95072959938,1540.36162344854,2102.96026407007,1585.78088828366,1713.69192037816,1488.55073187419
"181",1948.35905343504,2006.70288219846,1541.14957574639,1629.14583135591,1448.67943727383,1891.01598651753,1461.50105087553,1540.73912696379,1372.40201924992
"182",1954.93320087205,1964.48287203532,1526.0967419367,1650.83228283605,1463.72003201471,1904.21688285696,1476.40148036006,1584.76565786695,1407.28387546908
"183",2216.01005538455,2180.06306508605,1546.38486071138,1719.26250599011,1511.17281701406,2160.78266948855,1493.24935170927,1650.21096166307,1455.51799022901
"184",2211.47247164999,2243.04064817313,1784.81793322303,1864.67979374026,1680.39125756335,2150.85898962052,1701.5759021022,1785.72675451388,1601.76729337044
"185",2174.61746850423,2184.5341573074,1630.20355642652,1750.99727628066,1562.51730148657,2102.57559753371,1586.05394211382,1686.80423645992,1512.30248663642
"186",2230.84836470401,2347.8183594134,1852.82471820197,1971.58790372327,1763.92554432882,2172.25931482728,1732.2701857019,1862.96511616451,1668.07859311038
"187",2142.71038797731,2153.53194959709,1638.23332250187,1682.29211000405,1526.1115146214,2106.0755746174,1561.10775674987,1624.14806090775,1473.64080092159
"188",2291.41623063473,2321.31310980987,1769.28581549722,1805.14837310444,1608.3238990397,2225.88104140569,1703.02745557079,1732.45595519337,1545.2655889056
"189",1814.74816776642,1823.34276379994,1323.76745966847,1549.10333905023,1289.47931576903,1753.01994139318,1280.53611902658,1511.38625590909,1250.52433609983
"190",2313.8174510311,2324.85280228103,1731.91718420639,1800.08830044048,1644.16099283959,2286.43086620214,1666.38597655557,1715.56145493042,1566.76975215081
"191",1928.34213793432,1960.40036824842,1430.05777831926,1595.20635712101,1375.56440631448,1938.38035035204,1379.83408753055,1533.16117414031,1324.09270070567
"192",2337.65581399135,2373.05877366891,1703.9638013068,1939.35453084169,1643.82408357619,2263.02432685564,1632.87020055708,1840.69341915246,1567.50741146893
"193",1838.15498426676,1890.69448592258,1219.31662025961,1429.5006077946,1202.20735191896,1794.78431260904,1133.00791858946,1358.96008134114,1146.45345340554
"194",2268.41950771539,2300.0989596753,1578.23673103253,1819.43003241403,1550.63741891928,2203.7853786872,1497.44779987938,1729.02549822467,1474.44888594779
"195",2023.57577433623,2029.24524721275,1486.65158505018,1559.15509961534,1419.94952766907,1953.70422772268,1431.64426740458,1490.86780838841,1359.63734263393
"196",2132.42862262421,2138.51581577412,1583.45065037314,1674.16018721726,1508.0025120524,2082.42366067578,1536.99092241041,1612.09798476049,1454.43164971227
"197",1993.73930382839,2027.21016322492,1391.62148325095,1615.98943754616,1368.36853738164,1934.88536299019,1333.1363996539,1537.56228197783,1307.64122662008
"198",2261.82555751087,2314.29824755842,1676.87635714278,1880.20181708886,1617.26095631593,2200.91478621039,1611.73967527018,1782.81987094453,1546.41960536733
"199",1932.85348504484,1964.09236424139,1384.48071497548,1543.84917873179,1335.66602060897,1854.28170700782,1284.40378310711,1470.23202328342,1275.45326592756
"200",2103.6678916877,2131.75096511325,1661.124319446,1800.77013195996,1599.76456274907,2065.06595251906,1606.36933397963,1735.82045578331,1541.88890626627
"201",2184.70740611231,2218.74181316129,1555.18137314344,1546.17723444113,1386.47740567342,2148.74497402439,1495.48105593906,1491.12261269078,1332.62161543133
"202",2282.85040153372,2304.68894026197,1828.18864526854,1892.72065842916,1728.81583712894,2240.3614598091,1771.12444163124,1815.28785646666,1659.02921082042
"203",1715.76228220014,1745.79302128522,1314.35479960138,1518.22819399756,1288.30880981803,1674.16250625276,1257.07222152064,1445.7849953104,1231.80813734837
"204",2192.74860793954,2202.30413347532,1502.64738902715,1672.73733305715,1414.03392587446,2105.88564014699,1432.28169943522,1597.14516200843,1351.57996524957
"205",2321.19444121914,2365.46105425191,1688.12798485559,1867.72099175174,1594.89855293218,2259.56142358792,1604.36233705086,1766.57776203522,1515.09387828039
"206",1985.63049785506,1985.28298783139,1277.36554786488,1496.02697053919,1239.10595594283,1960.66084147655,1259.71591607761,1458.96380895797,1210.25997835269
"207",1996.54696793805,2040.37134118319,1358.48523934581,1534.78426002254,1270.01673643135,1933.37516607959,1283.84150851587,1463.92577116511,1209.02982734182
"208",2156.48476355693,2245.87450651536,1730.36132434595,1819.51035618826,1649.37295078062,2072.94061961513,1652.70725354401,1733.39787910547,1573.63837517491
"209",2245.67353057641,2226.88609709792,1774.21527708335,1895.62622758404,1698.41633265707,2205.50653465013,1737.24384419769,1847.74991080575,1648.20341088296
"210",1808.2204588935,1858.80392345316,1390.77233031629,1424.9577586019,1284.79015458589,1766.02102416974,1329.95080393972,1360.48923538363,1228.11323277225
"211",2283.81899216788,2341.82621345524,1756.77880685522,1834.56550382756,1654.92618221413,2199.27497850134,1654.81977308727,1749.66374384467,1572.35057546229
"212",2295.27420884651,2314.29835269714,1853.95229149369,1874.71482349275,1724.11970364131,2216.73914585582,1789.69123877831,1802.28853542306,1659.73768184438
"213",1915.9960759518,1897.3487133415,1312.91651750959,1424.54756569866,1249.39137192484,1925.73839856864,1289.13250953221,1374.57971451324,1213.6238193689
"214",1560.39803189692,1576.95689749271,1237.4876758231,1372.06446514255,1201.76777654696,1514.67895533507,1201.98127431618,1332.04018884397,1166.35416699331
"215",2476.74442263595,2448.8368946416,1780.00218825223,1963.54146017581,1731.48652532634,2425.19708929094,1717.18011223824,1900.18300710146,1666.09214211912
"216",1885.45402414666,1977.08533256247,1502.87393853041,1608.76996757163,1441.30450924211,1830.44285688996,1441.92689623406,1524.6850841514,1374.20913241921
"217",1945.54806029842,1970.2107656465,1493.57017395942,1623.31300981349,1431.83167344689,1888.83619833075,1425.87988121426,1560.18590448849,1372.04971415324
"218",2356.7637402645,2410.43740851153,1604.43204890567,1960.02327715962,1593.8199058523,2284.57819182637,1516.95555937305,1835.01291943018,1505.74966002989
"219",2182.38558633194,2215.98310712571,1709.40011266917,1794.00019627502,1610.40316333406,2149.57224307006,1652.77561394255,1730.53838656221,1553.41687005154
"220",2291.29127078788,2280.65359240554,1720.0483915778,1864.42953369562,1646.36907772041,2248.26986014257,1684.44093868268,1803.22379682917,1594.89730666324
"221",1812.07163303905,1809.925314669,1506.04874102687,1604.69025612915,1459.06310972099,1777.26957980517,1462.70355226395,1536.34889204404,1399.01656153065
"222",2218.26594854278,2246.79897593547,1576.80711558685,1778.39854716168,1551.77920699169,2206.25731114971,1531.50647390759,1721.61184007392,1503.22582948827
"223",2455.6679505386,2365.71772039018,1766.42538772406,1913.1967713227,1703.75489254322,2355.41446245846,1709.69034564095,1851.58574491208,1644.62278468013
"224",1991.13919574725,2028.99033419382,1459.71171013622,1535.15618020441,1354.30028922022,1917.53539981931,1406.45497332867,1469.01546755204,1300.83643071891
"225",2462.15879531804,2539.24396336312,1821.1526508791,1885.39803065761,1678.72926791028,2384.20162506901,1731.37700535559,1793.01864573771,1597.4849353706
"226",2190.88469964673,2187.03410573851,1552.44887453864,1624.28551378556,1460.03699193276,2163.3669778442,1505.86547288602,1551.61253439403,1397.92762670785
"227",2233.47470644176,2246.92490321044,1518.02890597201,1772.64564899545,1511.02631225386,2187.70331662061,1465.82879625091,1713.95910466039,1457.97515948463
"228",1978.38863414946,2075.07102023391,1503.29081433046,1605.08734193303,1455.7655964778,1905.74490844706,1417.30019916364,1518.60449255418,1376.58299292268
"229",2315.86080940835,2249.35079127107,1417.52727955535,1509.34686785246,1335.83029684195,2243.16875731083,1384.80087263435,1466.03064478077,1292.27890431437
"230",2164.85043186729,2234.56468112529,1775.85032434569,1845.50862482443,1674.30778861641,2108.57803322547,1684.65899419592,1754.3180236671,1591.47290937428
"231",2196.93020200896,2256.37804728261,1567.31782590637,1764.08922210282,1480.26808759056,2133.56132165835,1490.70006564762,1658.9507728523,1403.72947724678
"232",2183.02962909702,2249.7952829917,1647.99539258166,1502.04084247302,1351.52914345217,2108.71042828266,1551.95276534626,1439.1880655166,1290.8635931955
"233",1922.37823061945,1941.55504618951,1395.52162848454,1549.93210255789,1339.14322214982,1881.5681236462,1350.60721941786,1486.29465248574,1287.11263347154
"234",2031.38665886751,2070.37812863827,1371.20589824283,1449.41529348683,1276.73668375981,1997.4185209946,1321.40954947219,1389.33314108448,1225.01465735178
"235",1861.11224233187,1929.53040116859,1312.59675928892,1413.25306482753,1256.76503519439,1790.20822688151,1248.58130391436,1349.0669193335,1200.0419908486
"236",1984.26074296345,2006.1214958303,1458.97700193149,1547.09674024181,1370.73081325635,1912.75422208639,1407.73657319548,1484.26381912794,1315.62673203065
"237",1942.94486094472,1995.57919522671,1308.84470904146,1450.31014118628,1216.681942228,1864.89795502055,1223.57292709609,1380.26352676759,1154.96650747683
"238",2286.49623483752,2258.74376899552,1622.06683039771,1740.34772706886,1535.63983222464,2219.78425496698,1561.29140292079,1676.18516027012,1472.09989293291
"239",2446.64493568437,2467.36855907897,1801.44004973048,2001.78288950268,1717.87850712194,2389.85958132188,1738.16606981867,1922.77539904509,1652.55058032433
"240",2045.22203527575,1984.88599616278,1431.68076688721,1535.13191335577,1322.42739403996,1981.36367218683,1410.76699191892,1495.2429052865,1287.0965994315
"241",2264.87019055633,2247.03284190924,1651.113393249,1738.1638594594,1553.3238376731,2226.96158693172,1613.36233949942,1691.14465114617,1502.99679921847
"242",1952.61357614381,1958.40141517403,1511.73465183265,1676.25848084104,1488.65477111246,1916.51648731952,1459.53175209447,1617.57918124874,1435.90809553445
"243",2258.10255940662,2301.28272147576,1564.40849381956,1822.03050561164,1517.29778668692,2209.95130054357,1506.19677596586,1742.63218640417,1455.83863753704
"244",2276.7021970895,2335.35863379485,1707.15368592913,1814.56856056934,1567.94116550743,2218.06805186575,1627.136184471,1736.88554126222,1499.716646002
"245",2019.36468250879,1961.05640802417,1345.61660379582,1480.33667038896,1298.6346760115,1959.30254167832,1329.2911343241,1456.20416545765,1276.07295005705
"246",1999.93821310038,2043.16511027068,1560.39653471554,1663.0069593162,1488.04057811025,1936.20003957829,1482.2924554108,1589.02616003605,1417.79796202734
"247",2371.18889328616,2408.19302802841,1778.53409273791,1798.60069593917,1635.72806004531,2317.66776710296,1718.6605587821,1724.87071447199,1568.31100665726
"248",2051.66163627325,2078.30382007299,1490.4820313712,1654.10827221042,1420.53552188234,2001.9121983476,1432.12638280351,1582.01346523744,1357.32365273881
"249",2040.89471675775,2074.3965109086,1528.84440460904,1665.69369043748,1452.47788610196,2002.6221368806,1467.09316687003,1598.38492202099,1390.35547040597
"250",2375.30197013642,2432.31520441816,1645.61113706206,1840.06723753375,1594.21354951683,2377.9664158124,1578.81513295667,1745.4799805846,1517.74295286861
"251",2157.84050253897,2173.11239841647,1721.78512896017,1797.75646032434,1625.4701603281,2090.33773532215,1655.99806375649,1726.06032537523,1560.67279704579
"252",2152.21642214256,2188.83923654446,1486.21706152953,1723.61773131021,1429.72880329874,2109.38997963343,1434.45629469467,1650.02067121303,1372.78840251652
"253",2120.10910844186,2124.05214478962,1597.56265209599,1677.82027664567,1494.66976315656,2053.91598164234,1539.29761663006,1615.84812960686,1437.37989267869
"254",1989.9166656306,2037.33446825834,1476.41781267801,1559.73265301012,1357.74280359276,1937.97540954855,1424.07643774019,1471.68446366641,1290.7342384303
"255",2108.15985071255,2100.36763865234,1618.90023120124,1751.63422214679,1574.52646568778,2054.71002703029,1584.98038829901,1691.01526116689,1515.60536026629
"256",2190.56144292434,2203.80120298833,1738.5960747545,1797.37150260229,1614.63507469993,2147.57421094012,1672.43897682013,1733.15845868373,1551.06730645996
"257",2191.03706353649,2227.71576392786,1488.11190945412,1677.20680768285,1433.53200868814,2136.38439175519,1421.17557829837,1600.01653129346,1368.10659783678
"258",1805.35167636337,1819.6302451265,1309.20525706706,1381.32808964609,1204.11704064951,1754.64913827947,1264.20337206574,1335.05225000044,1160.71761078236
"259",2181.8527928358,2173.18050125653,1508.86627316984,1704.03785780263,1446.25067390775,2129.29906984262,1460.9553676665,1638.22154541608,1393.51690984833
"260",2016.70856864463,2103.67779027233,1473.83848560977,1593.3265864411,1376.30512082472,1928.9363982696,1375.23702184528,1493.20814816951,1295.26739694616
"261",1863.38701480263,1919.40212597489,1355.43497881398,1417.50519338286,1255.48322996414,1809.31185550612,1311.7848446361,1357.40854651824,1206.71916812568
"262",2212.56350286315,2209.75079345448,1723.36315646927,1767.67133324615,1610.23180132072,2169.24057672206,1670.69082663104,1721.01893761935,1562.60287053048
"263",2365.49779128806,2351.00218701343,1696.87068162357,1881.95991095915,1642.29423818599,2294.38041774292,1642.92359301802,1823.50789037562,1584.79493109697
"264",2263.59329929487,2337.41141238602,1847.76769843897,1884.13252254162,1723.34665171512,2184.82567865058,1763.18242247132,1776.19301809594,1632.53122162869
"265",1985.14408530971,2066.47993924797,1463.76465810885,1640.2915705309,1413.20631019576,1918.82304941086,1382.56766829943,1549.07794632527,1338.45938786648
"266",2212.85073847123,2245.77006541088,1784.63346008004,1902.69406243735,1698.19882181396,2155.75837765493,1712.92799565917,1804.43694521375,1615.31142056243
"267",2096.20149043928,2125.68567421204,1408.049585885,1536.59386176413,1327.17868482373,2034.67942858363,1343.83565334269,1457.13375827886,1261.10011230819
"268",2491.42251840124,2434.97797370898,1579.49583053474,1581.38195284632,1379.12464413498,2432.22749044299,1550.40033527628,1539.32979580624,1339.90195711742
"269",1946.18350914064,2015.7541806752,1366.98338379988,1553.95444489788,1320.308986658,1896.35462840614,1306.33184257012,1482.74297652838,1264.31448330275
"270",2244.63089218383,2257.65026325806,1723.43265355165,1913.5371886103,1680.02120269817,2213.1334352724,1655.0314461389,1842.31613675284,1611.1701883068
"271",2418.96492217392,2534.88976900639,1679.38583014945,1912.51372768514,1656.84548663956,2370.7524641501,1611.32122951921,1811.3490448427,1574.23830930136
"272",2033.53451058982,2037.34892495551,1558.63476461147,1633.97197351868,1473.90900996577,1978.37242335154,1503.86186602887,1578.36060319016,1421.80822241758
"273",1756.67698482415,1774.9264010917,1201.51266659924,1384.39567311817,1150.55493865716,1712.59755661025,1144.68278345515,1333.57626978196,1102.65896543007
"274",2167.92456732196,2186.69077624508,1661.33755843545,1838.02206363191,1621.10335149658,2100.71701631727,1591.20092172932,1762.43893860491,1555.11410033487
"275",2037.76680003363,2104.4059239799,1577.67424018719,1699.46517065554,1523.65541388595,1976.47437774661,1489.59923708348,1602.49557262899,1437.36943294211
"276",1966.04459111841,2020.16081288117,1593.39793121062,1711.71409302077,1515.09874167232,1944.17808738138,1519.08738654656,1631.38345731487,1444.22167547557
"277",2378.98257691933,2500.80263323213,1701.09792234943,1703.58428693612,1540.5618159415,2278.63236241829,1560.1345877597,1604.6047230418,1449.88138838191
"278",2015.51720528142,2048.87281189572,1492.23313248254,1717.50840799547,1473.78314177396,1952.63323562834,1431.3881852481,1646.05973054928,1412.85301742393
"279",1933.87745412259,1908.01290807771,1381.77134532685,1452.61523942477,1287.13025100979,1879.62966446342,1344.55170702631,1408.55476140489,1245.64678702063
"280",1776.90154696977,1818.13497382461,1243.75784424396,1409.44441327737,1188.7312548957,1734.37565841336,1189.06596661987,1350.70465448294,1138.88187934799
"281",2240.2818715178,2197.10770428795,1597.87628214044,1590.02552370476,1421.38716916699,2170.5804426359,1560.78629116781,1563.00495006645,1388.75032552191
"282",2072.38347024235,2104.32167015773,1480.20835374749,1699.24418438367,1431.62552526708,2013.99692584372,1410.90629032398,1627.5155208706,1362.93779721678
"283",2309.51013100521,2335.93946310153,1735.85292907326,1847.28552796019,1623.46892530662,2240.70717659173,1660.36784914601,1763.53012168942,1545.87685294681
"284",2443.47795376603,2499.1976842202,1980.62487411908,2082.50986074015,1859.674147106,2405.97560255355,1900.31976183367,1999.95855438236,1785.53105782531
"285",2185.14664147634,2203.6570573884,1566.91811709896,1544.0002111829,1396.05765757861,2105.02061284638,1502.59061290115,1488.52908978336,1341.09519726213
"286",2355.84029600165,2318.39904824793,1523.47441992788,1664.51526235291,1450.24521278956,2323.19894005914,1472.1173232253,1601.75978368853,1392.53525314295
"287",2374.45493059215,2391.52757714307,1897.4781845991,1928.8326879008,1765.23094268405,2318.0446004037,1838.06743359763,1845.72804873849,1694.27160064397
"288",2026.94055151015,1965.24968748979,1340.99822668402,1520.80082364777,1302.21298880451,1961.31544418798,1303.29408987589,1490.73664074263,1263.1569846507
"289",2272.69283398536,2331.99063939838,1867.61317575138,1988.80336189474,1790.43093112505,2211.77888323439,1786.39741069783,1890.44077471942,1705.19506827507
"290",2205.69946701947,2208.65617405038,1693.21425285079,1771.46249658413,1581.34227945805,2170.43058045705,1655.76993830806,1720.53569925007,1533.48722137413
"291",1919.77784184066,1960.49175709788,1206.98837565094,1416.67506661827,1261.85104070173,1855.94676686612,969,1348.23343999367,1205.77317526568
"292",1927.86894293186,1985.92616860571,1086.07397436263,1446.17600142454,1256.17353551697,1883.59402116961,1283.74150645585,1366.53721581041,1194.77161296663
"293",2296.72780276025,2240.88151060276,1681.99663262748,1658.05967790243,1505.55507080373,2238.26268898701,1643.24180483248,1605.58568985508,1455.16563945578
"294",2102.77473308597,2145.89564841471,1664.11518095464,1777.80634954834,1587.83370533996,2039.14946234596,1582.56258909389,1693.00516648558,1515.99061869482
"295",2187.77596508159,2196.1222895415,1691.54672222113,1694.57638556111,1523.06085647026,2124.2407181067,1614.10549914525,1611.33936454514,1452.44494022758
"296",1963.53649984568,1945.9995451076,1396.2974862056,1488.87229979012,1319.78677768349,1879.28371961549,1358.86592509823,1414.04554172489,1264.77270654307
"297",2136.2209294906,2155.06289723635,1478.38810410258,1502.15349346772,1347.54023010043,2064.26537798034,1423.27274568249,1439.7215408672,1294.0746331765
"298",2035.88161469116,2047.23939069256,1457.39731557347,1545.32069020088,1362.70146930779,1972.1681411129,1399.00486641262,1483.12285731947,1304.33220013011
"299",2115.60770964258,2162.35679640759,1328.96371065725,1505.58132508283,1228.93358590607,2017.53069586701,1279.33737986175,1453.24318369604,1186.9163444916
"300",1987.33490012638,1997.81284110614,1470.98646083994,1674.1685061634,1446.91213046135,1976.04023815927,1426.44677885223,1616.80821168428,1397.49578135189
"301",1715.64507003653,1738.00118049496,1250.78198655196,1441.57088000904,1233.64046099299,1663.78972668849,1189.12262487089,1369.51975349066,1179.86161505016
"302",2035.72663452101,2033.41894234304,1578.32287516783,1726.80213779663,1527.89421933534,1989.3466622362,1514.20722064377,1648.1036629079,1462.35448441236
"303",1842.70625165056,1870.03334880429,1395.24282477942,1512.80128840593,1326.97905916598,1783.32453574562,1332.75536956346,1439.55543402933,1265.17941617577
"304",2191.5547806698,2201.96345649338,1802.96039875921,1839.38799597079,1727.13157982413,2130.502848736,1735.96234729984,1769.44567817031,1658.79494078995
"305",2064.30071650908,2115.9075373803,1533.73055742375,1675.17174329655,1457.66121194238,1932.06801365972,1454.86782357866,1584.56017551794,1389.61286868233
"306",2327.92420412841,2316.71705772373,1589.0158640226,1533.63035083958,1350.02566020829,2288.3761444115,1567.31790191931,1464.08985263044,1295.16632502701
"307",1493.33303841009,1473.13510684557,1094.15176276741,1252.41319585861,1090.1295955183,1455.31882698051,1065.88187829456,1226.34314266871,1060.13325914595
"308",1610.19785375105,1625.60247484779,1175.08552911538,1369.29723794918,1184.50617644805,1613.99983417338,1150.43381856935,1316.29723094299,1139.52024477302
"309",2033.4728994497,2021.33693889145,1528.66570015791,1544.30336930588,1380.9292276745,1976.7218775831,1485.80875437447,1496.15444747497,1334.58578780053
"310",2216.16535147263,2241.81720793897,1549.6691922622,1515.16569629406,1363.84269097956,2151.41006392157,1493.87945904892,1449.93088312678,1305.59567083445
"311",2318.26022808326,2345.8032405777,1790.58127681668,1956.57165152807,1730.68331718208,2269.75669929383,1737.61373551313,1880.27425668739,1670.70125138297
"312",2090.69916930467,2106.93558281527,1561.27340471165,1595.15832192971,1435.34778282888,2014.59691673287,1483.07187462017,1527.40383587127,1370.73488252696
"313",2171.3040674124,2216.8977588754,1546.35756988517,1521.71916364273,1338.76513785508,2113.96000772589,1471.97744648701,1460.6175440671,1281.07613761823
"314",2084.04901975051,2141.78883109944,1363.74711262992,1542.94690142509,1295.87406369516,2020.51070315152,1303.16122723927,1466.26087628768,1239.41215078089
"315",1743.61175731697,1739.90741143908,1192.10775662126,1442.93808375756,1171.46051136916,1693.91843753786,1130.06035701098,1371.74334569326,1123.54173938182
"316",1969.45974048927,2007.45288204999,1657.35977215216,1679.64029486683,1551.55281419376,1921.30419991937,1596.27625743921,1619.34451383037,1493.25922418325
"317",2227.42859313015,2287.49831093949,1682.20321461925,1878.28930836329,1626.93604953144,2147.3096478806,1598.43434776823,1782.89766169711,1548.14647653354
"318",2036.30422749275,2072.79250509988,1421.39165200453,1505.62481327294,1327.38016595223,2006.13989876571,1370.27343498038,1453.29752274377,1274.44602434186
"319",1993.58981889231,2047.29937548685,1502.7913359873,1609.76389693249,1442.84743476336,1931.72436764724,1437.39143312007,1527.57849863118,1374.22956313428
"320",1971.5713875574,2000.2927604788,1325.5037692544,1367.5510414221,1212.94830381981,1930.92150050547,1285.01351848071,1316.87522717829,1168.70683393299
"321",2151.75038498965,2190.06519597921,1487.09457163025,1684.62748299452,1407.15820462929,2093.89093524807,1418.9111680565,1613.39172209609,1344.28572969831
"322",2357.78551978121,2440.73761092803,1828.99561236248,1943.13334455509,1728.83672364558,2269.42866089727,1738.05960004061,1847.16785971796,1643.54715442483
"323",1936.93246126189,2018.40424794801,1345.94094193769,1499.3829710999,1265.81279197888,1874.66760638449,1238.65936840033,1382.06548924967,1187.24216591314
"324",1910.20535168805,1857.25171659612,1332.71974194418,1519.89529281556,1297.5027922631,1895.46262301704,1310.78007101036,1474.85120083673,1256.45944513617
"325",2362.26827018715,2362.65691540584,1784.62875824678,1875.79286935058,1722.23115746357,2301.87324226273,1662.63247258209,1804.71024783824,1656.20633300866
"326",2273.57822206266,2302.26266204322,1911.3073187139,2022.0187117195,1854.43953517487,2208.86329570764,1828.65875628023,1939.71643564531,1773.25978789468
"327",2060.13220099845,2108.75642359747,1646.40098789875,1845.86077287118,1618.28634919322,2007.64079341314,1588.92831209259,1765.8372583858,1559.03585979328
"328",2152.8312069216,2119.74588380804,1459.75996598741,1519.67484885628,1345.01140859075,2129.93208965696,1451.94744192143,1484.90130087977,1313.1659084776
"329",2407.05979801152,2425.10365007775,1762.01920738489,1977.92567069942,1703.79681476549,2352.20481802716,1705.9181014321,1909.79409013147,1645.32737274158
"330",2183.09786085554,2212.0675177632,1560.11624337041,1752.9733557857,1509.4481196031,2126.247507226,1492.65039581987,1679.78855014441,1443.86474777068
"331",1876.09749826157,1854.83718332919,1284.23412180463,1423.71781994156,1231.64025944021,1834.84103841671,1264.129856317,1382.70592637003,1192.75181149233
"332",1766.72818975366,1799.38610704106,1374.56605537688,1444.82107964976,1309.47048882713,1717.73582477926,1310.16760548368,1387.70933420862,1251.61632545749
"333",2003.73076852734,1962.01652082956,1402.57658049887,1557.29126879422,1341.59561760673,1941.749668705,1380.09399125008,1527.66302187179,1305.72067208251
"334",2132.35424017454,2121.5967665128,1666.34096105351,1648.98896795682,1505.72266018496,2067.41706745181,1626.01129784913,1597.07891570164,1459.83330905126
"335",2216.71485303489,2277.77148272087,1719.14640906499,1806.78055510344,1638.51635433888,2146.17685626446,1634.78075489889,1734.02203087873,1569.7900421146
"336",2241.43715648464,2270.50434081471,1708.50346042637,1839.59681889307,1612.67843639038,2191.00473595041,1651.60403284407,1776.30463610974,1556.14277085089
"337",2220.88970635426,2231.24873997488,1647.6702187825,1821.77165003563,1597.849883197,2153.00875788606,1579.20058152855,1739.80362828637,1532.18109250192
"338",2297.04243060429,2336.64068239496,1779.98198589537,1735.40827229568,1561.74689520507,2219.83343727672,1635.87462015454,1649.92663166453,1486.35285546886
"339",2038.09877458602,2029.16367011172,1494.75179977012,1588.3313578278,1438.15972966973,1977.41537681528,1445.38411716392,1527.94047780356,1383.74684243309
"340",2207.54477567105,2240.73530864348,1724.92428343653,1857.86934854743,1660.11700396687,2151.08904476381,1651.57706218473,1778.2509560965,1585.6378560719
"341",1995.67932829566,1982.86641257766,1533.60928036741,1546.51352021642,1392.16008361296,1952.58457918409,1489.42575796285,1493.11684370956,1344.85246675194
"342",2387.01727257619,2405.11452530779,1887.03782063899,1975.98013845954,1787.35614108122,2341.58217237645,1835.27701846119,1895.90431008745,1717.58660769007
"343",1794.82294577056,1802.25751749774,1217.18547289165,1421.34213612426,1199.79017722108,1797.08038841371,1206.3240269734,1393.02026977726,1179.984139507
"344",2045.96465921275,2077.33884818567,1547.70350950832,1704.87981838084,1510.69936201903,1986.6759952304,1487.61964649148,1623.26429743615,1440.45624659853
"345",2236.59579942862,2242.85309288281,1525.65112141081,1596.35427698341,1385.67616142822,2163.15489323125,1469.69964695646,1517.52543696861,1321.94361712224
"346",2131.40880385057,2157.80082800826,1524.7374983108,1575.84607920775,1379.62550396588,2075.2541491519,1477.23334265317,1524.9650522506,1333.48815737021
"347",2181.99592489994,2161.56426043835,1596.36624056756,1697.30029269132,1536.85122218988,2144.60010556454,1550.59148619749,1641.30804551273,1486.97376962807
"348",1895.06566567381,1878.00934460194,1504.40243347073,1608.11139902965,1449.12855443708,1852.64234089608,1456.64192251814,1564.22742132885,1403.41607691106
"349",2091.3030654708,2117.07235252462,1533.08784398792,1591.39637939598,1415.24196722032,2049.85479161375,1482.25812106311,1522.33171737301,1354.61792392603
"350",2181.86826189366,2248.49282855349,1796.29633920775,1931.05201012863,1729.21886473488,2122.80101628359,1706.08454581709,1842.5939586548,1648.39049265651
"351",2134.1801038652,2160.63941369875,1588.36139914336,1625.22322523191,1451.01054094883,2067.46956942412,1534.17163757511,1571.75431499086,1402.3113203386
"352",1820.30118561643,1843.96297998763,1239.81981133557,1474.67402308844,1225.98005108042,1764.65546167441,1194.7472823132,1403.16895227583,1175.00358646285
"353",2239.43570383772,2309.03343122538,1626.58565002173,1792.49747819547,1528.86050504366,2175.65340496457,1534.74775076993,1680.51461023846,1438.3004730885
"354",2306.16528736337,2308.12543679591,1782.15260547148,1946.93306277921,1734.16852734777,2243.65729232998,1717.6094906344,1859.96628341593,1661.47084402738
"355",2175.26628969606,2151.0863807356,1550.93745588213,1586.15348787621,1426.88801316653,2137.66078801137,1517.45281368922,1536.67893787643,1380.26204328273
"356",1845.85222035321,1824.25240566652,1512.26864073074,1554.18149366037,1416.2180927472,1799.41374606695,1480.4917038251,1509.22360948773,1372.89401652637
"357",2227.76588330857,2219.74073890614,1538.47979957861,1574.48097016822,1391.70902639608,2128.15648919671,1473.83352986701,1502.15177190943,1330.63772225052
"358",1986.60114932483,2015.71668642447,1440.80465713302,1570.43603785942,1390.70023668663,1918.49550694978,1393.07386412104,1512.43168869515,1341.47351369604
"359",2165.71390745746,2218.99213188648,1548.91828543228,1713.70143608045,1471.57539194077,2097.03990968441,1469.51630172573,1635.2619838128,1401.91475203691
"360",1996.73979924189,2042.41677912644,1364.37319913625,1573.1220022163,1308.33480469595,1944.8752967116,1299.00614430987,1496.69589044901,1247.56166643285
"361",2124.15675214374,2173.45189718236,1446.82848800726,1571.93095897314,1365.33843781246,2064.02248055672,1386.85033286312,1503.82500767521,1310.76884788518
"362",1876.81749847459,1906.64000601919,1453.5103110866,1537.60604855251,1372.6109749626,1840.84452607711,1392.77061072345,1477.30928741154,1316.64511655712
"363",2476.29027794262,2531.52064498139,1982.09325575304,1971.56419540213,1817.10269181128,2448.04101249113,1914.07230343119,1883.9230945227,1738.0790169226
"364",2061.0673403681,2043.26789696242,1475.47687903749,1600.22971429425,1370.07022112609,2007.09221453172,1425.88541129228,1557.39202653653,1326.70246454497
"365",2128.10259625509,2190.12185490201,1613.4688187601,1691.0384082082,1541.9724581385,2067.41862741285,1537.67265306824,1609.41817858841,1465.72936223954
"366",2226.91894381684,2226.89196451154,1670.30958627165,1759.45097115517,1579.32432865112,2179.93650259962,1619.29682262651,1705.50393533351,1523.72661910881
"367",1566.86560007778,1547.18866488375,1094.09973143561,1265.07622353965,1072.51194935493,1534.6637446,1071.81104718768,1241.09594356505,1046.90510082573
"368",2208.15134031721,2199.20346323886,1549.8439266478,1758.39312519277,1509.99234075164,2156.61024893715,1498.62582507535,1706.0729175376,1458.25246146751
"369",1794.05750027877,1855.40396481796,1303.12108575486,1493.44599197332,1247.31204426517,1753.09528018282,1235.95537315033,1410.67612807529,1184.63776080703
"370",2221.76604901612,2227.65407052796,1553.84467556875,1707.52993409733,1503.03094023938,2169.13356130254,1498.14412755643,1646.41776609099,1442.84642591934
"371",2505.23616073515,2539.87381064865,1882.74379374226,2054.32943318134,1781.54665679108,2437.6825298217,1812.43895210527,1965.43746094311,1707.31029826685
"372",2373.85664705355,2383.59675989373,1827.34455514638,1911.10538482027,1708.37143334927,2332.28613375935,1771.17951407927,1847.84383844055,1647.0292766688
"373",2111.65823662973,2154.50841319365,1747.55877542666,1862.73054560054,1691.66046136743,2054.72811717637,1670.35641967727,1770.28430599798,1610.68510799397
"374",2292.09912380869,2276.93277628733,1577.47821947723,1475.51849500365,1309.19309993041,2202.33643640977,1508.83865740747,1421.16382890844,1258.37573564542
"375",2323.90890548263,2312.51714190076,1763.65203019205,1816.15494016131,1633.24587632147,2237.59959829498,1704.84254824921,1755.08226838107,1576.67609028706
"376",1765.58878646781,1759.46115891618,1231.9770147815,1393.95500615555,1188.71894549706,1740.81593833779,1184.32466430507,1356.39408161598,1144.06903632599
"377",2253.28564735439,2334.69360872293,1691.82720475281,1800.7552241076,1615.49939276533,2149.5088844204,1590.28511676123,1688.95069955102,1517.20002838469
"378",2033.65003057214,2065.96197493901,1168,1596.25960958354,1434.0751465911,1940.50804179584,1356.91100421231,1528.31168117254,1373.24744446034
"379",2157.97960740413,2163.55288939761,1526.82641823503,1604.77196824622,1402.98364284192,2109.02975362538,1493.3002132481,1550.67201229319,1359.45811992674
"380",1854.77230200392,1879.52746509381,1342.74937019674,1532.50373470573,1303.53175001404,1818.062283641,1292.28639926089,1467.39914097074,1257.26201401463
"381",1947.44464475761,1938.29712013902,1331.30417761759,1499.63842771682,1266.71665307898,1923.55079725685,1285.48428742944,1444.46146499492,1217.90969202557
"382",1916.32892639499,1945.57855789034,1323.1705409321,1453.76090503202,1207.73840680988,1869.85721945423,1269.32911512071,1392.29822470257,1157.6353866576
"383",2183.96896655815,2166.05434308292,1488.53840317363,1629.27608632412,1393.00180582573,2132.39053371226,1439.70627782182,1581.82758276751,1344.43906041816
"384",2169.38807090587,2133.44849067014,1649.61874228886,1716.21216737181,1543.35472795063,2089.25384312018,1601.92182972749,1668.40826923354,1498.03412963663
"385",2018.77328921086,2044.95674795616,1428.29196701178,1571.22682743246,1384.16835356554,1947.84654369751,1398.2880415774,1495.71661922915,1321.99841113958
"386",2036.11165451952,2098.30111063325,1480.39084811062,1661.1743433146,1419.98453039888,1979.80734036218,1406.9553123367,1571.2500970739,1352.46105275158
"387",2258.95619636344,2266.62560259312,1697.93479896463,1920.77955309733,1675.73142412322,2199.26340175901,1644.57208918009,1856.5824532914,1620.78984878124
"388",2186.68626285365,2240.89491474632,1749.9277483537,1862.71604794144,1673.47800953985,2102.89204174349,1657.97070346936,1762.61234098434,1587.39352822817
"389",1960.4782801423,1963.78333636305,1335.93632840901,1373.10727671604,1208.0654973615,1899.80231635853,1281.74034063126,1330.37408035963,1168.98338018463
"390",2021.07633129413,2040.29088035762,1370.61027549966,1632.26710538564,1367.30220271869,1978.92509826524,1324.04306101323,1572.37269119996,1317.33606944755
"391",2303.07353560206,2322.56648702499,1714.28094063288,1934.41545043254,1680.49131567396,2259.59732515366,1650.26861774041,1863.35328608936,1614.55045257206
"392",2092.48689841655,2107.22717355074,1515.70969352702,1777.0389892583,1523.84049142623,2041.6581891738,1461.07113578864,1689.25117956162,1448.36635834022
"393",1799.4476266476,1749.4889536409,1188.62599084161,1368.53097300456,1127.73018227681,1747.89088767725,1150.8023011559,1316.79764054947,1088.10316378584
"394",2392.49094888539,2333.81970067964,1756.25057342256,1889.24815996862,1706.17293135242,2343.62225709836,1680.24575747939,1823.21498368092,1636.46646544572
"395",1672.71922191594,1679.24857553761,1131.90159872078,1372.21027379527,1183.5787325161,1598.34867671259,1116.48650002766,1315.60282405136,1138.28920571441
"396",1950.38526008165,2015.92365238927,1367.33136666489,1474.00928356167,1275.21256768691,1906.1599141756,1297.12118956042,1400.17235335092,1210.1327408279
"397",2007.43999539477,2016.33626387847,1372.77033658697,1545.03346470181,1337.64464110605,1978.40249910486,1295.45915828382,1490.51183287769,1290.3303479861
"398",1920.40538994581,1913.53594743954,1321.97697371345,1479.34494048066,1280.05168918916,1831.64451357799,1248.79728829107,1417.34394210029,1218.933958867
"399",2025.2850004731,2051.23979881553,1376.96768112339,1621.67585511571,1363.4366033724,1977.17842247571,1331.48272794123,1565.05426674071,1315.52267249872
"400",2251.03838269038,2299.46861450135,1575.31845972344,1725.80652632419,1533.40619477396,2183.49109042261,1505.95537430919,1646.5628272166,1465.61928496166
"401",2161.14003318199,2184.84409429642,1727.78430318272,1883.02840544473,1694.87581777812,2094.80078035834,1657.53889184294,1802.18356776744,1624.10674854086
"402",2235.79771674476,2249.19015896869,1561.8438976219,1769.65683748284,1485.72453843104,2176.84568709018,1512.82698037152,1703.27844216534,1432.62244126715
"403",2111.36746037072,2163.21809556523,1660.64801864186,1863.67737778455,1632.66319387573,2059.08198111566,1596.78659057846,1782.62601847727,1566.42975752669
"404",1913.45919489179,1917.4506235716,1439.24520743738,1632.81213825426,1412.33455476282,1857.75318791571,1400.7231881599,1574.82682475454,1369.63702581421
"405",2137.53741886793,2149.77822948552,1638.07817399482,1805.46811930524,1605.3546751815,2078.66274148524,1575.61229028165,1737.49484082562,1539.73806820069
"406",1933.35500152589,1946.36737271484,1341.68396366244,1501.96929578582,1284.60406862112,1865.69751496325,1273.60133269085,1431.62735990917,1223.03627428963
"407",2276.14444631036,2298.45645503918,1833.85488140072,1934.93320222288,1742.52635116389,2217.74193077857,1779.48880348276,1850.06881159017,1670.69011987026
"408",2235.66660221046,2254.28544012227,1510.66810520983,1706.97141823892,1460.14131219475,2191.3371073061,1452.4294184661,1635.70316730026,1401.42195906777
"409",2023.99373002447,2094.01898741744,1497.66085691406,1595.43104578274,1405.65654042974,1949.91689777267,1403.6728604811,1503.47440163601,1325.02435895643
"410",1773.26829924773,1776.48152345292,1236.50004204474,1352.37658397754,1127.17783979172,1722.77727743477,1203.13436437861,1287.54375945379,1082.83564861295
"411",2049.27362346539,2040.51084228132,1455.35403063386,1552.96996362244,1376.71202834094,1985.68477440731,1408.96696815468,1502.70703779963,1331.51397069125
"412",2005.89743594527,2040.36891361191,1609.37646168168,1741.69935529821,1554.98254760157,1946.47925457805,1545.99215885038,1651.64487716602,1483.80746236426
"413",2383.3341614414,2473.25111791438,1752.09797230888,1760.73324854956,1600.95910362517,2327.81225716009,1688.05646545252,1691.18100384526,1537.58149051157
"414",2049.96791825817,2129.85203264554,1480.58030986491,1577.9456267484,1356.85311297688,2032.48801106577,1408.24975544814,1504.82292493529,1291.21011767655
"415",2099.76783749223,2085.73108690415,1469.0075595427,1645.77563177854,1409.96743141564,2051.67028981485,1403.2759827076,1587.95327602322,1354.72162165167
"416",1944.97505400674,1982.04740943686,1351.44232249574,1496.0298332879,1268.46064239137,1885.38540192959,1293.42887348675,1423.51657336462,1207.77977298139
"417",2152.98121778835,2157.73494371321,1483.84999306409,1769.43742541871,1553.85340677548,2109.83847732985,1535.88673950039,1705.67733662735,1483.53510469794
"418",2299.53764358339,2339.4426609437,1558.54000881246,1639.95672034489,1469.4989454009,2225.30185417389,1454.12311562392,1556.3484039247,1397.58935581269
"419",2105.80220025467,2142.34533520033,1601.6357582861,1683.82578940128,1520.45296882738,2029.13775892378,1532.12852127843,1604.39847796915,1451.29557215851
"420",2132.57156603346,2181.0138380184,1676.3247107714,1783.35060620793,1595.64614147838,2072.6280623423,1616.81451278968,1701.04211744473,1528.66880734061
"421",2144.17923222616,2140.08064512289,1475.6455070539,1670.32908286173,1380.31056992193,2103.81066663827,1447.47379655917,1619.45858428083,1337.20331180314
"422",2487.90945154175,2602.10483594722,1812.33766939426,2008.19992023833,1750.33732679471,2419.72438555763,1704.07824963809,1887.80573334266,1652.69330854341
"423",2245.28961523707,2258.95199763117,1716.90909970292,1953.33737590794,1689.17635299858,2192.52350633125,1664.60387779551,1874.45301302932,1629.33706571848
"424",2164.76715561587,2165.30676353541,1775.24367466191,1839.91778867635,1693.2778277244,2124.97369833571,1713.84088456039,1761.93869083369,1622.53512820678
"425",2347.31987438072,2440.19106013258,1933.82254774763,2013.87824058126,1811.89169742062,2298.3825658535,1839.11814094222,1913.40370752953,1722.18216448274
"426",2159.38361118167,2152.31178037572,1520.4746237109,1662.09065081979,1451.03652941412,2105.46519875899,1474.48845288181,1600.79808551991,1397.41670893543
"427",2190.36476136116,2222.88510074138,1635.12524329223,1669.66678992903,1520.40862734683,2096.29324020811,1560.6250699435,1586.0593032303,1446.33659585011
"428",2092.75417397862,2119.27933715882,1542.15489724908,1665.12570223291,1474.18802036641,2034.87082007351,1476.68603546199,1589.35731781641,1406.17901366673
"429",2336.41332267681,2330.67526864898,1664.82860519557,1738.24819289603,1508.13817772129,2253.32900742459,1585.64749790207,1650.92886938428,1437.9047747809
"430",2229.1446034671,2271.64310764979,1720.98362581969,1953.19868072629,1694.68747422437,2158.82012096208,1647.53099202581,1867.95888816693,1620.08926601835
"431",2337.47298096163,2388.30197560605,1757.41168818889,1922.50854704107,1703.01115355806,2291.12444918735,1699.56540745558,1850.8057600897,1642.5697939399
"432",2248.92050714208,2303.94909472693,1460.81037516921,1628.28995555062,1414.57427234633,2199.83678932836,1388.8961260033,1536.93285815761,1333.91263311593
"433",2316.43839678704,2260.60256749228,1602.90522217051,1670.36122619519,1461.63656092312,2270.9119067404,1602.79275448231,1635.70905223447,1429.68892002853
"434",2046.32001986261,2063.66612702022,1428.83316477934,1623.41892122124,1323.02713958584,1993.42015462954,1391.90273919305,1578.31396322311,1284.44783911791
"435",2198.5884217951,2237.8863180252,1757.76436731505,1870.46263297148,1656.10136766137,2142.57602019473,1687.77409094152,1796.86816255093,1589.92935570494
"436",2052.47502925621,2111.9414890237,1526.94913342143,1608.75009495022,1450.76195432251,2014.05440173433,1463.32153513182,1536.09108330379,1387.65757322974
"437",1804.61776946334,1855.32601670316,1281.9229391501,1492.17532172917,1268.30590619071,1717.13791699919,1233.72542160574,1419.65080010349,1210.43280756144
"438",2139.76825925424,2211.73201212368,1545.12461285017,1661.59452387416,1500.95393153925,2084.77460905208,1478.89091286325,1590.82661296932,1437.71667646813
"439",1967.82933118462,1991.05638618717,1640.26549702999,1705.98389712959,1547.153242912,1925.14243070228,1593.51120140423,1646.18839094553,1495.14561010978
"440",1755.96894014927,1805.72947051525,1205.41840665444,1334.17938504746,1109.62538667718,1710.65779507718,1144.0602372361,1243.8490250936,1043.27718336598
"441",1992.57827694952,2020.19896034666,1432.99775667483,1621.28198411845,1378.37720207648,1939.10353702038,1369.31874070409,1555.79373336816,1319.33343540433
"442",2442.38181897352,2460.45298776109,1798.43445359015,1885.35029259821,1709.7469928731,2357.87007814902,1722.35311744929,1812.04335963254,1636.52798090483
"443",1849.44448108721,1892.93507941954,1235.18965928731,1534.53322662251,1289.30679150362,1795.99708563767,1261.05270241667,1453.90128579851,1229.26491158877
"444",1980.59584110645,1994.10443065481,1356.0361351051,1554.46494752367,1301.82261531321,1938.42308931897,1339.12495130298,1494.56454301544,1263.90396073569
"445",1682.84622627539,1698.04746253233,1298.92549208031,1466.50037449784,1277.76550738502,1646.04922030162,1258.42732611984,1411.7419062166,1234.35370554572
"446",2426.60418830741,2477.1580505286,1883.88150388375,2056.54185508743,1806.5305084216,2359.06535227107,1814.72621962922,1967.36653099288,1732.74461119599
"447",2484.62747833597,2525.28270555281,1791.4528528238,1941.91305648204,1667.56308406858,2447.99386128832,1719.49601253443,1866.42101771614,1595.62277931706
"448",2219.79429569191,2306.9550435518,1747.38116167633,1883.31578252121,1671.47357548281,2157.61538626604,1659.90163467246,1790.60640073215,1588.65880740459
"449",1770.37972827811,1822.45623573216,1274.29135099812,1478.66739058353,1257.77512044917,1729.19384190266,1205.87462582287,1401.38283407366,1191.6069225931
"450",2443.75092949033,2537.58749795272,1749.98070836656,1874.77316852681,1666.30869041796,2375.2212564047,1648.00937740054,1776.22595318719,1576.82981602849
"451",1912.7675662283,1950.60965761325,1442.40372760475,1524.34515543545,1354.41233315944,1868.16523766316,1382.89739012329,1457.49683762762,1294.05808788044
"452",2216.24811275479,2234.49940302573,1707.45834908986,1787.06579001949,1618.69413998415,2143.54985165802,1646.09855688645,1714.90459692529,1557.81860036806
"453",1910.04409334516,1962.31478493481,1388.4797679856,1605.75089812893,1364.60332378462,1875.22254497134,1337.38414849629,1538.22968915758,1311.1697876179
"454",2184.61742998893,2193.98933393926,1472.68610370006,1650.05862436894,1403.72872289747,2157.58088836599,1412.95393171644,1596.99394224747,1354.50515259627
"455",2029.01271099999,2111.78804061618,1580.39929247451,1663.36607546485,1491.3745204906,1985.13484975119,1528.2385835261,1581.49450053161,1423.11401089321
"456",2405.46094493158,2401.44814668253,1829.898561676,1802.27196308032,1635.88651606839,2287.52830169003,1774.14347563792,1731.33288975537,1573.14451593392
"457",1977.29912078072,2016.80756116789,1435.19527404007,1574.90808329296,1364.6951598526,1931.6541856412,1389.04953822125,1499.54104146234,1311.42689411968
"458",2297.45040078206,2366.87065089355,1736.12372548448,1959.6068044499,1679.7243690483,2220.17025604242,1644.43259997485,1842.98309931705,1589.01667546344
"459",2310.00908408633,2515.90967755468,1542.99339989054,1588.02369978051,1427.2844681012,2242.32599973133,1457.54105684882,1494.1830418564,1345.37522772991
"460",2269.0535506488,2312.6252549593,1714.4187200609,1913.74288022736,1684.08906085065,2184.6318315152,1638.68924998564,1823.44863506317,1609.04884910023
"461",2049.17987248384,2029.08459974014,1493.1853564293,1549.61682085469,1391.61179429422,1991.45524187953,1446.04124640022,1484.83241699038,1336.02972326848
"462",1765.2947795931,1775.74876012876,1246.5157054802,1423.87067212981,1196.34813672614,1712.99883492734,1196.27931397295,1368.21141935519,1148.045442455
"463",2092.75597048732,2106.6905469065,1609.11772550395,1805.70858541867,1574.86442237894,2033.81183651886,1562.16948856513,1739.95045093165,1524.47203984059
"464",2134.10979214816,2177.32135546648,1780.51963655288,1954.38166061989,1742.68081497074,2084.71096152919,1705.00950413895,1870.1250955492,1664.07221951979
"465",1809.48555339009,1853.85028325156,1355.80573994798,1436.9743831453,1267.26587477374,1745.39301312737,1283.73515115885,1377.4711690554,1208.59627865781
"466",2101.01909721251,2115.1345804959,1631.36233703748,1752.22631400614,1564.68272630191,2028.2348681247,1566.46499259622,1682.89362345182,1500.05963910803
"467",2126.96961019333,2187.74961712845,1548.46684152371,1702.26660587972,1458.67327831775,2067.41200145046,1478.47770334305,1625.55985617608,1391.98800833405
"468",2086.05843799297,2109.50115714786,1427.29450685167,1593.64192558627,1339.3180638494,2004.78284047607,1357.28789948341,1516.99121405913,1273.47372037736
"469",2199.66690069316,2203.7293060566,1384.19440867839,1451.63016250727,1268.45465909843,2154.92571750262,1331.46217281722,1383.51391266882,1211.52523848979
"470",1968.28831809863,1906.04053126556,1459.1197222134,1638.79125170131,1422.76926580428,1957.71902881765,1438.30595281661,1622.94178485583,1391.56763494969
"471",2354.3831384125,2291.67247786707,1721.14743903893,1780.43773956841,1607.07509198721,2298.86190498739,1672.16491725235,1712.88678068055,1542.61811958891
"472",1991.27756948434,2002.9476180122,1494.0042594231,1598.97529523549,1447.35127267482,1929.15658096499,1397.87731490166,1539.07236804688,1391.36617487508
"473",2195.66484533373,2207.53006966053,1529.82543511397,1536.43410650635,1325.35444701053,2121.55410905091,1457.5497793359,1470.81100893823,1268.54674864584
"474",2047.3768701108,2009.2188939653,1498.60417418072,1628.61821195942,1489.41439916315,1965.17871970827,1345.00381375956,1570.9979998724,1433.76671192088
"475",1982.48381458407,1961.88357276851,1457.93535613903,1582.69808324193,1386.07611175258,1964.09538373409,1432.26523602828,1534.82766064972,1345.39802741059
"476",2075.70127161882,2146.20805468648,1630.31146714763,1713.41231806411,1518.97559308129,2028.17143255022,1569.54192601371,1634.50922071584,1454.88502858562
"477",2261.99980062781,2280.59137053353,1672.14507501498,1787.42158580259,1580.19652208079,2149.82870078348,1609.45270663905,1700.08265134228,1508.36549595569
"478",1896.22776667269,1933.50699290914,1549.06860398404,1628.47461491271,1476.52084312489,1826.15273036071,1447.46667877853,1548.02760314653,1397.53069303484
"479",2216.95579646824,2207.95229349663,1583.66054248414,1743.17860837351,1500.85191394635,2161.74652643066,1522.82483437302,1671.14419942458,1437.83280350301
"480",1963.4894849847,1976.64743754096,1487.72892207162,1625.28017364022,1438.39184524784,1913.50690004505,1431.07187099428,1567.50322066642,1382.18535997886
"481",2308.47725315438,2297.00049320836,1755.79079752812,1908.8595088183,1710.90640747413,2262.30349541529,1701.68044806434,1845.9465676903,1656.60374318591
"482",1958.36345086464,1993.13325388181,1431.08007945277,1580.9599763376,1366.41560207803,1911.11696151919,1377.00832373061,1512.30587746232,1311.7705793429
"483",2134.20338806658,2172.68717913669,1662.64619966061,1663.1273988586,1542.66143519487,2078.83847758377,1584.58879069284,1591.94059870866,1474.77801176565
"484",2265.09030612923,2305.55794076436,1621.70794645143,1855.73839898011,1569.00564404968,2227.52136344085,1555.37326988871,1775.68902258523,1498.83957972083
"485",2378.04023363381,2399.37692398259,1699.12860921563,1920.30003247125,1643.61714162818,2309.3375937928,1623.11846136959,1831.96505554392,1568.8772262977
"486",1996.04728927329,2051.03098418623,1578.06529261945,1648.36452669053,1496.39962367995,1937.8908718685,1508.62269850875,1568.96222348618,1423.66582671176
"487",2049.6388812302,2088.95391931106,1662.06767298715,1798.89036061092,1605.76168678887,1989.5672296716,1588.88843292334,1722.05148823262,1537.53040327255
"488",2133.09377947258,2147.85234453802,1790.17987029601,1832.12524080335,1683.68992315958,2084.71946093136,1735.632534869,1769.37876251203,1624.60636346394
"489",2105.39548418967,2071.04797040658,1340.96980288142,1543.19545819673,1272.17055859105,2063.98085932456,1332.67328174299,1481.52137712509,1233.03072034469
"490",2247.80563628924,2292.30284733045,1769.7308013742,1827.89321125791,1663.48819456853,2160.62537222688,1685.10292080024,1747.3164663485,1587.64899904572
"491",2185.59569081228,2226.8867601026,1421.39937386156,1606.04032712772,1315.84147232682,2124.06508215541,1376.91485328903,1520.29474436473,1255.60410299528
"492",2123.66878328335,2195.90881421086,1582.20274517581,1595.38138475618,1411.05076545685,2075.00489142384,1489.61425772955,1510.90222182836,1336.71243520901
"493",2237.14069070342,2240.59165028888,1750.90201176087,1886.57978679137,1711.08010604886,2167.00081087137,1679.23006696856,1800.24677517771,1634.10754016887
"494",1548.52404626534,1616.10564461502,1119.14893640795,1327.13198074605,1098.89781703494,1512.17353975511,1068.53734573702,1265.69721394085,1052.11691599172
"495",1992.46541842692,2065.39453544711,1412.67812246709,1658.73456897345,1379.23496005426,1939.86241689219,1342.54753767093,1564.84077009772,1311.29435870177
"496",2046.34313532938,2073.85133463138,1365.69012044342,1551.82175742407,1288.69212552314,1971.9484492753,1284.46213800991,1476.99540950293,1222.36770938078
"497",1910.91430729457,1929.51556291273,1411.00646390824,1654.20797778688,1488.42940661867,1854.15669701338,1472.00701201205,1588.44762651231,1429.94037128508
"498",2064.79338439953,2071.28158544178,1654.74494843434,1697.45752401827,1543.78034258685,2027.51776429069,1597.75792906991,1621.91522075045,1476.22800668211
"499",2354.50657825113,2371.28428748088,1765.46448364645,1957.7305556141,1707.34780776629,2291.07287593574,1705.05131083306,1871.96799612321,1637.7343521161
"500",2078.36665319435,2146.12122253889,1529.73204366017,1746.91348119727,1502.52986023077,2027.92321672275,1458.51647152078,1657.69805462472,1431.21513580072
