"","correct_data","ztHurdlenegbin_split","Hurdleztnegbin_split","ztoinegbin_split","oiztnegbin_split","ztHurdlenegbin_combined","Hurdleztnegbin_combined","ztoinegbin_combined","oiztnegbin_combined"
"1",1618.37431207757,1624.79681663152,1374.16779570978,1492.02986574751,1391.30124862831,1579.71950017598,1333.60556557285,1426.99097953572,1333.85575636569
"2",1320.29730974605,1337.58251092118,1226.64089185146,1256.72200054669,1205.24848312022,1281.61478899144,1177.57943843826,1198.63951322372,1153.0633309094
"3",1461.60545019931,1510.1272805205,1369.48917475658,1401.12748542539,1341.75013374676,1420.4368069967,1302.09649862788,1326.10750951137,1277.45560276208
"4",1286.48683575493,1238.88290302901,1095.88387263273,1258.66637135155,1172.73674847032,1191.55169107779,1073.99653318325,1208.62288344148,1127.16157326324
"5",1390.50410334893,1314.32785646573,1208,1405.59319422274,1298.23321068568,1342.97253681299,1224.27107309705,1304.74076316434,1233.31900881506
"6",1619.26666158693,1680.68483264165,1420.61398817612,1550.88407594904,1412.79557039912,1558.24030931684,1350.31914621439,1461.40577465548,1341.52578201622
"7",1863.23883788497,1888.50000896752,10980182.4199414,1724.42861455758,1627.71733970599,1813.59677039048,1600.62007907866,1623.14989811047,1548.30126769409
"8",1717.18938160791,1772.08641835139,1609.51443404334,1624.20390301818,1558.84316915795,1671.10426076275,1539.61189920436,1528.31210069159,1479.57465346427
"9",1085,1142.04716147338,1097,1280.64815312044,1183.71234939981,1298.09483183356,1119.04168134351,1237.9861355546,1154.55364738585
"10",1440.03811388989,1460.8310825429,1347.59667075668,1393.90266761725,1333.40990412259,1396.49633234358,1280.40132272251,1340.22367194345,1283.74287128603
"11",1174,1186,1186,1312.89288855551,1250.86971407549,1146,1146,1249.05839605445,1198.85929301146
"12",1596.81841437305,1630.77693874193,1419.55382747102,1434.85483592792,1374.68349380113,1545.29784380332,1355.73615891837,1375.64878264201,1318.3448128582
"13",1262.98361819931,1272.65435235983,1137.31294202882,1203.414362844,1133.8774365948,1219.99123782464,1100.85282152555,1160.36717050063,1095.29692152696
"14",5398455.89507823,2240.98009465461,1800.59393681201,1799.64442217961,1688.90718783492,2094.70487561802,1709.45584620841,1701.44968468153,1603.04162746715
"15",1757.82715310679,1783.52170084004,1599.6710056947,1598.11309817008,1545.67312461299,1712.89669445532,1543.24243268814,1538.1126455096,1491.97005202698
"16",1983.53697868398,2043.54411080393,1758.43773412089,1757.25894785143,1671.75997748995,1914.03817920486,3945547.09920983,1653.15811200711,1581.4775859708
"17",1679.1734961205,1232,1266.08544504051,1524.74244194093,1394.61068547562,4566918.99519626,1340.754309948,1418.76347178591,1321.53437451836
"18",1892.32754072025,1925.43429051791,1655.57961836138,1726.22407279248,1619.88767339132,1854.60729794025,1601.51970233773,1655.6933725762,1564.11003597971
"19",1496.19789310154,1535.68063104251,1380.83591952722,1398.72951266128,1335.02262496159,1461.14904018035,1324.52072628042,1337.18435585049,1281.06453660956
"20",1340.85659256511,1353.80857107332,1198.88549487942,1262.89539871315,1191.35449186713,1317.14572985067,1158.18910621316,1206.98562598474,1142.66814340143
"21",1208.06612071862,1237.34147304926,1114.96566174115,1152.40355489144,1096.65940164902,1176.72640449979,1071.18830272096,1095.87373442696,1050.60993435121
"22",1092.97214719765,1053,1053,19819071.6205449,1182.47306950748,1015,1039.42446957177,1174.00369075142,1112.58092984262
"23",1310.10558748413,1301,1301,1517.92167328316,1402.49438782168,1253,1253,1460.99188884819,1346.59207095778
"24",1451.36660659808,1476.4937197438,1299.91838610737,1337.06918115035,1271.77088481049,1408.35166705876,1246.58566298571,1277.50159323417,1218.70712587283
"25",1697.0687734592,1606.34911431828,1473.63042161071,1630.0736031322,1539.16503418538,1617.07367363227,1462.10051947129,1548.60406491524,1468.47941523413
"26",1653.90094669505,1683.66017597657,1519.2672380392,1482.8554327947,1440.81675343905,1693314.66862713,1456.58822355877,1424.1954537037,1385.48296274013
"27",1594.3400509778,1639.20736148404,1351.55293846186,1412.59936046086,1321.80479710536,1546.86492454036,1289.23909951129,1343.29493306264,1262.27641659464
"28",1237.75776439845,1249.62616838412,1160.41869879262,1209.21408746633,1159.79938982854,1202.62986020961,1120.48154191442,1163.24748771855,1118.70264344738
"29",1924.99320199065,2043.51064383599,1404,1710.32860461536,1556.71725482073,1859.57892764046,NA,1591.07409454256,1471.00606204351
"30",1510.18160301175,1521.23409764814,1390.56266396886,1450.17892195816,1379.87571687133,1464.78423771823,1342.51936494,1379.75952766873,1321.1275413514
"31",1799.63250818311,1842.19994357818,1514.22438468839,5712540.06985686,1450.06927225944,1752.48517666418,1458.11417246273,1460.3536647413,1388.34700626515
"32",1346.09973860607,1368.53344981334,1224.86260088909,1237.08948695271,1184.97643505022,1304.4009182268,1177.00267745154,1180.15955965717,1135.47365068747
"33",1434.39628501543,1454.02825463414,4707720.3765673,1343.76620686736,1232.98720573486,1373.6712304902,1178.88247640762,40908291.4263873,1196.85485164854
"34",1258.75046025235,1108.32474197289,1113.9351838319,1218.75358862776,1158.31409492207,1231.39268422296,1152.01497599349,1145.24955268449,1099.04275389753
"35",1980.76906083116,2010.58901022617,1741.31712514056,1964.55720167,1791.45479146623,1928.36955995327,1680.90889400328,1817.25455195405,1683.62309156276
"36",1804.72717166215,1479,1617.19785691386,1685.2417198386,1588.92683600714,1750.41170413742,1537.59612831315,1595.84681940216,1512.1345579574
"37",1828.99332638307,1852.65107980641,1529.36614118627,1675.74219156804,1561.67647017904,1783.77466615963,1517.14232879563,1571.25652509216,1482.70084004569
"38",1083.1064222343,1072,1072,2346567.82635463,1170.14942632527,1038,1038,1199.5676758427,1117.45636504319
"39",2041.01800081596,2107.59705475545,1905.52440096396,1845.0268007985,1784.08630292159,1975.17735289254,1810.12656472543,1754.97607406783,1704.72902136994
"40",1598.59692831174,1673.4965910708,244396060.89578,1561.45666202163,1466.15380096343,1560.25953455974,1412.72237111396,1467.19374487975,1395.19254009082
"41",1565.62674390791,1534.85706245274,1465.67487331773,1578.21385055867,1499.16828339684,1518.82668145359,1437.80083119397,1507.19275174574,1443.17538098487
"42",1645.9370090691,1654.27179361391,1347.40508809193,1540.23873112791,1426.6858875857,1591.91029397818,1342.75654888129,1435.84285276027,1345.41233936935
"43",1703.53408582169,1791.78945541334,1418.9756484195,1456.23621947962,1368.1489559868,1653.62657480643,1345.74862436135,1370.13614274788,1297.2600819134
"44",1249.05610706753,1271.41405970899,1212.09054469146,1262.28564155887,1209.03988421194,1217.7891443976,1167.78051143507,1208.27908290755,1162.99286934744
"45",1769.45836223012,1755.8126911744,1579.07786656199,1716.17745278419,1599.14920006369,1727.98626079214,1537.48371617943,1639.69715644185,1538.12116585361
"46",1318.9723832554,1346.04358770393,1154.53272086351,1217.6325263325,1156.68053601886,1282.24954640678,1117.12631789283,1139.96996843242,1091.92756402514
"47",976,978,978,1120.12866596664,1053.00337085505,952,952,1053.62252481369,1005.39250779958
"48",1375.35967950633,1386.42605825656,1202.92813180964,1237.98382451338,1175.55636708047,1342.84531646048,1167.35480875479,1193.72078532137,1136.24165959109
"49",1530.33598967253,1546.22774224728,1405.18786358984,1461.33195842317,1388.4860065678,1486.07632719765,1352.90749837799,1398.28106945485,1333.83269433486
"50",1539.44627675707,1590.02205372806,1407.40028144629,1376.05001147465,1331.95550531752,1494.65463292733,1345.63446119967,1314.22418837451,1275.61083453148
"51",1115,1121,1121,1287.82402761045,1214.14371559964,1089,1089,1233.90730636126,1171.66395628166
"52",1550.32796604535,1539.14391627962,1390.04001797297,1510.20849030079,1408.6739199816,1513.34828596101,1362.28568201193,5242893.38875443,1352.87189708222
"53",1808.9547657139,1853.79489751554,1566.13698447182,1612.72539223497,1521.15871596611,1749.71000306604,1496.14249663525,1527.17184371208,1446.81743383247
"54",1626.95151586844,1650.242717567,1466.26875836196,1580.71861877121,1475.78943358498,1580.85372779674,1407.68232908435,1507.46686141741,1410.28261446608
"55",1729.58669544662,1663.76645562012,1526.25352748182,1634.96746104173,1537.95005665465,1684.17884938299,1500.11232407402,1516.805369489,1448.54509155939
"56",1435.37385423795,1441.8146511587,1268.62001184892,1304.6050962023,1248.20743922247,1404.04128524032,1222.9346372043,1266.50007382252,1210.04314530566
"57",1876.66507237305,1882.68379611421,1676.20237029605,1694.45398668481,1628.29534369448,1826.52153974778,1622.44569436454,1630.93902643371,1569.74894473214
"58",1483.38644781395,1566.15164039031,1367.54803936495,1373.41566620156,1314.93906423636,1435.40888299299,1289.40036390133,1289.3325924879,1245.13169800175
"59",1902.44653450359,1878.29561129967,1618.73223813144,1682.70041287175,1596.66290978323,1827.039971017,1588.03521915435,1604.20180885613,1529.97959201646
"60",1653.54450584462,5218259506.21096,1552.86506981775,1605.65679227536,1524.55743217311,1622.37469740327,1478.7631448897,1519.86141957841,1452.82764834403
"61",58474530.7756665,1817.30589856513,1639.20912345948,1676.73885948208,1599.71532651244,38358320.6617848,1561.14270733283,1579.1364628816,1520.46055143014
"62",1927.81843423732,1995.19230984374,1637.9206023291,1743.4268655725,1614.6993983384,1881.75208107872,1572.88359172264,1657.53230153604,1547.05044686003
"63",1721.74337577495,1752.9321725738,1614.54274418761,1661.42886235875,1588.79609010892,1686.54130363866,1555.01865193369,1596.0059561221,1529.46072851767
"64",1015.6294144336,1030.65868800472,979.892739309149,1015.55396188788,982.055901164621,989.064046889457,946.95140640047,978.472075199169,948.240551265542
"65",1839.86837412033,1814.88990558139,1487.58673785376,1483.21206255588,1417.73805566847,1796.68585108999,1446.66786080856,1430.52446803163,1367.83003770086
"66",1836.08355681023,1882.51626344443,1526.96600125701,1575.11577681278,1480.74725612621,1772.2042015956,1466.25019743146,1509.46473381867,1422.7299924709
"67",1254.95688646634,1171,1171,1377.8021002171,1286.84043830514,1151.63795150513,1136,1316.67653879424,1236.55121677218
"68",1720.35282243498,1731.11415158991,1545.00768780485,1651.7928918319,1548.94066435579,1669.77633754646,1490.88218187924,1589.20613124818,1494.20441516001
"69",2062.47604452138,2142.30487901949,1851.43484254442,1854.63368591462,1775.69621465251,2002.35363656682,1750.22577726852,1741.5062314831,1676.0354180424
"70",1503.51131886322,1415,1423.89622261287,1581.33861223652,1504.48168550105,1475.58971827816,1421.38238551109,1477.31956664226,1421.3313568802
"71",1843.62428844961,1887.88535936164,1673.59759211621,1709.70556794354,1631.91969907611,1789.57170386986,1603.17560575482,1629.67214044504,1562.84054038031
"72",1272.48806092272,1198.48342167523,1202.44817612768,1265.92826949833,1193.25306969167,1233.19841185764,1169.35899266136,1197.09814363867,1137.26035691131
"73",1944.40120462643,1989.09124226873,1708.62769939118,1664.48947089703,1597.28703478757,1888.0298857077,1634.30244013329,1575.79870311039,1519.38447240238
"74",1226.72399389679,1349.45598498917,1242.33468118416,1357.39655078721,1291.43914788727,1153.84411084998,1143,1314.41733784369,1247.55683779221
"75",1188,1203,1203,1385.56046811033,1291.79263031309,1161,1161,1318.89354617698,1239.09774576243
"76",1524.71845713768,1531.0107966423,1055,1272.86921418561,1176.10677383243,1467.61403620009,1146.92602369738,1223.08292569433,1130.22032407404
"77",1861.77864614624,1915.78601748719,1698.49940994464,1700.7460739972,1636.46883916514,1827.1545142527,1633.18868406424,1629.86452164296,1571.60692411654
"78",1852.74808839079,1856.83715071145,1594.84297550296,1560.12337674096,1483.06762817336,1791.38544347801,1547.07607129087,1511.47517200894,1437.35668943946
"79",1830.24551044124,1853.39133050503,1746.19396111568,1828.69202729067,1745.36401783195,1781.70134258817,1688.9570829963,1738.7846105543,1677.5894971296
"80",1624.0348958983,1660.66298658104,1383.86132814483,1441.38364138278,1354.9928481803,1569.45272698657,1344.4119529961,1365.60927772529,1296.46405700387
"81",1282.43475999031,1256.71337255984,1191.26704824037,1258.35791996916,1194.75658563614,1244.24654523509,1163.76376430698,1218.28024015298,1157.70386906892
"82",1960.36968303133,2001.42491562237,1645.22246384167,1815.13019720494,1681.1548540549,1903.17560537326,1595.17656530622,NA,1595.45748872671
"83",1806.34446626119,1863.91417165918,1526.35778555568,1595.20543692053,1489.62419280455,1748.75423495357,1446.74573601629,1512.83983044352,1414.47808980361
"84",2030.07204688748,2176.73006257578,1810.97869966889,1857.77822542289,1764.15720389266,1975.03000892409,1700.00646334677,1733.65071206883,1659.52508569751
"85",1595.41049563198,1654.71991338147,1396.37804455203,1479.63256624328,1377.89475397427,1530.97739729019,1323.56364871236,1381.57539042641,1300.16310995182
"86",2149.29659837244,2220.16226026856,1817.50610930114,1943.27908728404,1804.81212634142,2057.80030785574,1721.96431704821,1831.24513973998,1708.16153652147
"87",1922.23564053806,1957.55666809629,1627.80136022275,1741.08385242278,1613.09403376114,1865.3351406295,1559.27728924509,1664.01468413214,1544.92248377889
"88",1730.6403265586,1741.18813707105,1492.83451043592,1568.47317455647,1471.19319230353,1668.13884208968,1438.50207559413,1495.95072633865,1412.36885370108
"89",1362.47667566614,1397.29177593475,1201.79043425921,1272.18790628186,1193.78027750226,1330.18335477102,1158.62815848155,1212.39824159745,1146.34803120337
"90",1712.94940822092,1704.07546630722,1471.33829402354,1493.35643992558,1431.17044928182,1653.40875297947,1417.16528483274,1437.04916904775,1376.51991258874
"91",1932.72696981902,2015.98460748386,14936774.8167916,1697.19207233116,1605.81777547903,1853.01395675122,1576.36210317982,1579.96163757728,1506.87480717091
"92",1121,1130,1130,1304.29957017499,1207.7211443254,1094,1094,1241.93958187755,1162.93215716283
"93",1227.80464834431,1212.28820218875,1157.4499654559,1216.62568327338,1166.15722868734,1193.58977482245,1127.11820151096,1150.84053324786,1112.27537817716
"94",1492.42205626935,1516.72880344767,1339.33619188609,1415.3924965241,1334.50995197383,1460.35730140825,1285.22347974923,1318.60861678324,1257.05588609713
"95",1176.76603350898,1160,1160,1276.36794887724,1204.98630891472,1126,1126,1228.42745230696,1165.75413363217
"96",1823.32096504864,1871.25393280099,1557.67787921831,1583.42756819716,1501.67964520429,1769.12239127222,1484.64965958817,1505.2681056755,1430.03054910681
"97",1505.82393834961,1475.87010536937,1336.23000039808,1457.91142874943,1386.8543635577,1467.33309534515,1334.19352277232,1372.92916124622,1317.58277293653
"98",1056,1101.56875144421,1064,1235.63818682975,1143.55476627602,1032,1032,1206.61282767554,1110.92775835096
"99",1386.36581442509,1367.3718290045,1127.73217669783,1261.20873679913,1203.56432316363,1340.19527237465,1099.56834865395,1209.56718777609,1157.41304162047
"100",935,942,942,1016.71024465738,969.863932992483,914,914,982.269305641469,942.43768858188
"101",1008,1029,1029,1128.12378487363,1064.08125968584,985,985,1083.75632528197,1029.88579396304
"102",1284.66392350935,1296.09778247961,1212.58535737479,1253.80202269456,1198.58222013524,1259.40613934307,1177.76385990075,1198.39088537601,1151.67138010447
"103",1919.6619940709,1971.15942315977,1706.73541654207,1737.65145439167,1648.52167004277,1866.09775897231,1638.05952059884,1632.42013192598,1560.64671900771
"104",1766.27481501137,1835.54829148534,1610.69844223078,1584.61247118363,1527.20922976622,1705.95122742212,1527.61756150305,1502.16731461056,1454.98489830443
"105",1987.03765386033,2073.93331063634,1792.97914880109,1818.2902092026,1723.40571876146,1942.72174725145,1702.62707557081,1718.69504939542,1637.37089956987
"106",1965.72619206693,2016.79070252528,1746.01474851869,1762.45410631347,1677.94758570831,1900.59195272225,1662.75574348019,1672.75257431816,1599.65267171827
"107",1950.16998652641,2029.58041003239,1654.31842292467,1442,1566.77837886371,1886.20018981535,1578.56683047393,1558.09100321676,1498.89608902703
"108",1376.39000619638,1392.34251612932,1258.29007863595,1324.96284020898,1251.32060999243,1325.98528710459,1207.12900430937,1266.91026699002,1199.77526566941
"109",1333.82967491688,1295.55990967685,1145.71163219181,1275.61928939734,1211.70922058264,1295.97933805312,1151.34648047104,1213.4969852306,1158.83194124132
"110",1938.51837395809,1381,1626.91242140252,1678.37098013145,1576.44854022001,1872.33914192272,1564.05690942431,1590.94423040512,1502.95656838797
"111",NA,1489.1455614574,1165.64893763257,1201.69766594928,1136.25395541549,1410.8056923066,1133.93274387525,1109.61756904158,1058.67606405476
"112",1969.99836922277,1996.55867290602,1742.96083025869,1787.56060553601,1696.76271797156,1910.02992833176,1670.86395519402,1699.12564426785,1621.2503898245
"113",1040,1046,1046,1159.38388779502,1098.16089447739,1015,1015,1126.65357272714,1066.19952657592
"114",1655.37995518665,1687.83862597856,1440.42501105422,1515.409231257,1440.43613202724,1588.18701223145,1414.40596993835,1420.32573652064,1361.00245431887
"115",1658.12379332823,1683.13234092661,1468.6452811596,1519.99893724042,1442.21069055638,1619.34039302983,1414.36911539837,1464.97967033628,1390.57268961656
"116",1532.87058792229,1551.89766106785,1420.42588504237,1487.28640413783,1429.10012348554,1507.28068727983,1385.39369648653,1425.89800325197,1376.17441136862
"117",993,998,998,1125.63158542704,1069.91515785365,969,969,1081.28952650666,1033.72384768283
"118",1746.10660391613,1774.18839025651,1537.5938610128,1615.9263768214,1521.14158470377,1690.68098604222,1486.1356468044,1536.36691594878,1457.49234661268
"119",1642.55261937871,1671.81223893451,1498.97377298049,1517.80536861404,1456.3996536642,1604.72650094882,1453.7732829444,1444.65483296545,1394.35128986093
"120",1911.27027404616,1959.27038895929,1692.11494878961,1717.79340815208,1633.34066912351,1877.97194360429,1623.3113791008,1461,1563.65726214777
"121",1357.46850044677,1386.55305255363,1163.52452835424,1234.20128944205,1152.51342365186,1308.93665968631,1128.2075672217,1169.47502412181,1104.44630869929
"122",1916.20112052406,1933.62509106236,1716.32204279495,1882.74007864969,1737.26300176863,1856.99616139716,1658.77764014532,1786.21972983482,1660.95383565054
"123",1486.23600174044,1517.52945483521,1322.73191071995,1357.26609493678,1290.47683197488,1448.21234070948,1275.2372100318,1295.87505456402,1239.36090261405
"124",1658.70888393445,1681.0176821051,1452.05400958979,1464.92959831359,1399.61409082556,1603.35362670456,1396.94644154952,1403.87908189598,1345.98477921777
"125",1374.83957224978,1409.42354059008,1234.06887436053,1269.64537932598,1210.56617641923,1329.0947296371,1183.51284104415,1212.5317714943,1160.02635968602
"126",1382.90972441628,1394.29125284824,1272.22893671899,1316.58976364242,1256.29607160555,1337.16464861451,1232.71375513284,1256.35481952878,1208.5254985573
"127",1836.03200669418,1827.83540780361,1525.73204913661,1510.12116212821,1436.63358800359,1758.07034865802,1467.32450234031,1449.17459730681,1381.56163018603
"128",1272.44572315264,1275.31141072273,1155.17002927912,1158.32808052603,1115.2359734648,1217.22397008328,1115.15422313508,1125.23071152033,1083.40961520454
"129",1169.46473553563,1093,1093,1287.63833816381,1201.09397536718,1148.84508962393,1079.42968192995,1220.34778723516,1143.17555053636
"130",1604.43470072216,1675.3731336878,1453.66955508329,1465.89372139219,1401.32758273795,1562.48027053138,1383.06829284121,1387.38480691948,1332.5802524734
"131",1056,1069,1069,1236.04875247984,1166.74976405936,1030,1030,1173.39976653599,1113.0137139638
"132",1030.6049414476,1021,1021,1157.55376786685,1090.67577090048,985,985,1075.99315058193,1029.3365790712
"133",1743.69376019969,1264,1480.32085126202,1473.12325408437,1407.63945511144,1698.31459615814,1446.50243667234,1396.59037161793,1343.02045894719
"134",1472.38006006674,1366.77230194827,1262,1429.10973030689,1362.66910456498,1430.79587778667,1234.2808258539,1370.51517336023,1312.80657400815
"135",1667.33869146095,1754.1862683594,1499.92712003424,2066560.6030429,1458.15622047138,1629.15340982125,1424.38968533802,1459.13990670736,1389.73302481385
"136",1531.8616529894,1571.81777101594,1455.67365096965,1560.01652087881,1486.4491017334,1441.29401584844,1358.87046193943,1512.04259158675,1440.92269470519
"137",1634.32208415853,1696.9544796452,1432.33081264566,1492.43768675717,1404.40385086646,1592.03003002251,1361.84182567048,1411.62047975217,1335.81621495328
"138",1014,1029,1029,1146.76768708262,1075.65639618212,990,990,1103.19421772252,1038.68269836472
"139",1721.71754280072,1733.07385167829,1500.32355944408,1487.52912053534,1405.66977359192,1666.78172577382,1446.4499254989,1424.00752053327,1350.58567701117
"140",1142.34302628548,1219.47090317087,1087,1087,1209.61824910934,1049.05331725315,1040,1245.9760314512,1149.82818383649
"141",1309.70335891379,1353.92928306937,1183.83963587157,1256.751776772,1174.41373222902,1281.30590312407,1136.85295004846,1192.7470294834,1125.16940509203
"142",1860.4958130659,1936.96392673187,1616.30626265873,1665.9982642395,1570.86748710968,1775.89125690667,1550.67251353317,3202677432.91341,1478.40495591155
"143",1234.23600687521,1229.20647461081,545760.410391255,1204.10316524666,1137.23952359072,1199.40998115903,1105.8648908757,1160.78994891274,1098.8835203331
"144",984,1000,1000,1150.54653632537,1072.60108108941,961,961,1090.28653506094,1025.87901875943
"145",1911.92209356995,1990.55977874263,1725.1661965033,1731.70021215503,1654.75900943881,1862.57309201644,1641.68167749803,1645.45841175107,1580.2921783944
"146",1515.71251729558,1512.08851028762,1312.95869281751,1363.03349436562,1297.79139087261,1465.12293419942,1277.40827395336,1300.46497096512,1243.73702223089
"147",980,987,987,1115.06297647005,1068.39847959292,956,956,1069.2650003239,1027.88340875637
"148",1870.6374906382,1933.51414568059,1664.30578060598,1629.12752544235,1558.7010596761,1833.1474708196,1588.38236954055,1546.20524083312,1486.56342543451
"149",1572.05714271738,1624.36290885274,1368.9908504066,1435.20219450486,1359.12069887805,1530.0488430954,1333.07938671974,1345.99455909639,1286.52883569156
"150",1747.86603476186,1702.27261326714,1554.57910135348,1705.51758213143,1603.09609624893,1656.20776892877,1525.83516928963,1621.05161050342,1533.5778142954
"151",2049.9221612155,2143.58668980334,1827.8527911177,1940.25779323112,1805.28477277997,1984.90145196908,1744.04274068326,1806.54969198794,1706.12070800514
"152",1021.1896498869,997,997,1131.17905657658,1066.43839215323,1001.76330327051,963,1069.97159404946,1017.68036745508
"153",1291.06997888298,1232.41880751274,1130.2622916681,1299.69965496749,1209.70651014539,1244.64557731652,1149.65626928916,1236.13551563053,1157.75317417904
"154",1467.04932037479,1491.46277497238,1360.48415377066,1352.32961675344,1307.41076652678,1428.20565141195,1312.93648441505,1295.0667189534,1257.1732589092
"155",1906.80857501646,1973.58332993899,1760.62154625581,1737.96731535629,1673.99412203928,1869.12369466309,1677.85418987415,1660.75954734065,1602.79274779128
"156",1537.44622300579,1613.84845610469,1277.62115539867,1456.25110149762,1356.06901557396,1476.25577842352,1177.15253132449,1404.95677690844,1306.81368359946
"157",1319.24792332524,1328.6936294798,1227.11104945883,1266.84734975935,1211.79304098924,1281.00852170425,1181.66256812313,1207.74109198494,1162.19075503302
"158",1120,1126,1126,1295.92934709956,1211.25265833267,1092,1092,1244.88605047356,1170.32133165265
"159",1655.52198852698,1698.331637548,1471.33305816554,1452.9034429643,1392.92882580517,1607.5597315116,1413.83390377332,1395.68213268336,1342.14911118976
"160",1830.67561366135,1858.96006011626,1590.23815662116,1622.92934062923,1541.016888967,1775.58167694376,1534.71814778574,1555.96835477761,1481.67714281072
"161",1876.29151139528,1944.1613681569,1698.11907946813,54632473.0815303,1597.21399791581,1816.6223876675,1619.70010234636,1574.67656585526,1525.48718644115
"162",1776.00528821949,1799.98148766052,1510.47894201612,1483.12456681236,1420.67940268487,1703.35492988809,1417.51177262008,1448.21414931489,1382.42275311867
"163",1661.72314432417,1751.668239511,4543483.62936164,536282.448769123,1314.92008688301,1612.61583955703,13832657.7399246,1319.18562616081,1246.07391949215
"164",1734.46878258334,1776.77851494963,1540.32648640568,1537.3929113046,1470.01536019524,1687.89334704306,1477.95968441115,1477.57618344433,1415.81766639275
"165",1889.25625369034,1997.22058884766,1562.74078206402,16148090.4873287,1540.55892625794,1833.83656521284,1478.21990181694,1572.11610007237,1450.94053178476
"166",1444.64662669292,1442.40725568086,1387.70146646906,1456.53558874866,1396.45337472302,1402.84682256058,1348.58997220805,1400.31375096417,1348.42567568704
"167",1091,1100,1100,1322.70728758317,1226.49926629705,1065,1065,1237.26516317398,1165.11860675629
"168",1683.72045847858,1729.06990427976,1513.85685304587,1576.96872827791,1490.71496814773,1629.41304288968,1442.57288417518,1504.34815825349,1424.7927572573
"169",1733.63568871158,1760.93742922153,1593.73327212884,1636.48753509374,1562.81387443192,1686.59621864234,1532.02684835876,1568.6408531879,1501.73762151707
"170",1478.42596651614,1479.44012776874,1185.23932027026,1339.15765121553,1268.11790776281,1436.96963126691,1159.36458451665,1279.92219827247,1215.05547118589
"171",1066.60208368581,1011.05094957201,972.225978434431,1087.47162094512,1036.94209246238,1032.50875875189,969.08954676609,1035.74640751976,993.003990156488
"172",1452.87643389205,1341.22115918202,1295,1525.63314214783,1413.21904141237,1451.02949824328,1310.96343263002,1449.1351244612,1354.19158823059
"173",1747.96562128275,1791.03403660477,1563.69460604316,1542.95719678934,1486.56818547215,1712.46273500458,1521.01552665354,1469.62751420455,1423.52266610012
"174",1683.87604555171,1718.00993545769,1487.94903076556,1537.11269458102,1452.96801669545,1650.44742349031,1439.7654856086,1458.0659199191,1388.68329409424
"175",1383,1399,1399,1600.34502088277,1497.2899611613,1349,1349,1526.89851565974,1433.58751809375
"176",1622.04538762305,1459.49268298706,1383,1632.26708947375,1491.08750151181,1576.30049705776,1400.4062873374,1522.5910129756,1414.00111209336
"177",1710.20021079776,1668.91268932649,1504.92457615338,1604.67991916996,1520.63934270103,1662.99304719636,1491.87067901288,1511.94499928312,1443.80667085174
"178",1712.66039010789,1587.34807438719,1206,1463.97280753219,1366.35920816253,1637.34685605771,1267.83194206515,1390.99133631349,1304.08595767363
"179",1763.90799881593,1684.12966049286,1477.026650557,1704.7279931857,1544.61572013215,1724.27664206445,13210606.4121168,1616.72415406154,1485.79746208921
"180",1390.08092399385,1185.02707080841,1163,1355.14133219825,1271.65858997857,1352.82544292381,1229.25997467766,1275.75916361009,1210.80801247688
"181",2154.96610423384,2173.6436305056,1824.82469169402,1781.6911984632,1699.1189217447,2090.90996841999,1751.49782776404,1698.65775926836,1621.52376292547
"182",1904.21769241931,1950.00143847403,1696.07287356741,1724.93267574886,1643.89949396261,1845.89851235613,1621.94576245272,1641.7872324781,1569.5425611632
"183",1038,1046,11760991.4480872,1204.71035611299,1140.57848796813,1014,1014,1148.46910371411,1096.65085720237
"184",1616.64957528518,1624.39030646222,1442.4946134629,1515.50163694105,1430.13967795503,1574.57142040169,1397.8306004274,1464.51721474198,1384.55441057093
"185",1544.25256625557,1572.79359454088,1482.72723544684,1494.52451219771,1444.33310418843,1505.68043671173,1426.4568471655,1419.11826239645,1380.6396595135
"186",1660.22360505206,1696.64578318781,1482.35497118045,1526.31378552443,1453.74742516472,1614.46528711559,1428.84932629616,1454.35520097324,1394.14150923852
"187",1504.41049831746,1401.44541768806,1285.77130863544,1419.69808174676,1345.13675369148,1462.52674320674,1319.8511418157,1348.26813471486,1289.64290661372
"188",2101.01180574029,2219.62047320405,1785.14400376681,1840.48651115056,1721.62317774264,2046.36898649558,1688.62051044499,1727.90618984352,1629.92095451983
"189",2084.64575665129,2117.79514112899,1875.30870178639,1838.49660062584,1772.83449274327,2049.38818932103,1812.34444108253,1761.36364087529,1700.31803316989
"190",1801.72164189343,1856.91344142162,2574322873.15358,1695.60774300926,1585.05070638062,1740.78240507173,1534.88599431671,1593.51537887949,1510.33543477044
"191",1689.49222325676,1772.6469073114,1517.09106216644,1607.61877107325,1500.402063753,1637.36955084012,1440.69325475107,1503.78895905649,1422.96227032954
"192",1971.0907765554,2036.48685438957,317863144.458765,1834.06617736224,1717.56170666874,1925.5969797479,1661.79541674858,1739.72723408526,1634.76973674093
"193",1880.89644887119,1916.03751184384,1677.82652289435,1732.31697693361,1640.50293331774,1832.97339369104,1614.97051127528,1663.43205333921,1578.23457718374
"194",1060,1067,1067,1209.26964496429,1128.18462012271,1034,1034,1144.30584002851,1082.59581141856
"195",1308.05229180573,1332.61085910571,1252.82954546701,1299.63086069208,1248.84713181166,1277.71496528867,1210.0225811155,1241.54742217943,1201.53704319669
"196",1831.73255814436,1919.99881744245,1571.21430022189,1648.60041679328,1535.61311491396,1766.19960111595,1485.49757355557,1545.44144289189,1455.17034628137
"197",1496.98060771726,1488.84848438832,1340.88168860061,1423.68571178475,1339.68560527775,1460.1004334259,1304.23131850044,1338.01387721427,1275.58559141592
"198",1614.9663350344,1735.06491418697,1434.9186508664,1529.48648919576,1416.05236423987,1569.35198989124,1352.76206225582,1418.90383679019,1335.49763755074
"199",2117.27381205736,2134.57601557499,1872.9247096901,1860.08459143734,1786.57118316833,2067.88252623516,1803.48518152444,1783.287660948,1715.27979863789
"200",946,958,958,1049.03589175708,995.367017647452,924,924,993.386441975352,948.796090599718
"201",1713.97535187983,1743.54092990385,1468.89740707762,1460.27872075923,1399.00803083417,1660.27282121387,1405.93790580705,1403.72079849317,1345.19447353663
"202",1590.83985217045,1627.99886336786,1450.05835183384,1454.98057595214,1397.74814261192,1533.66991081324,1388.79598769409,1390.87131050191,1342.26717432693
"203",1708.9637641327,1741.06453519826,1575.2233486003,1599.20889856648,1534.85940928148,1662.75086426852,1509.33895465423,1524.10924787397,1468.36186380105
"204",1369.77962405773,1378.33205071717,1223.61356509136,NA,1199.5749019098,1331.5534624617,1178.68362490431,1219.26736768126,1149.67592299456
"205",1618.55580911233,1631.51614494333,1280.88460635151,1355.26979211641,1257.6670514626,1563.5477949784,1229.65026731376,1282.24656399429,1194.89785248037
"206",1553.6488095157,1380.006232095,1257,1458.0747507116,1383.81259805555,1512.22755086428,1327.02317605811,1386.00283214594,1324.96883990392
"207",1383.12036382148,1337.54707831572,1059.3037120666,1270.85169399478,1168.29851694324,1333.9052362362,1107.74230236951,1203.98424560568,1118.90337396845
"208",1856.87252295161,1870.69664910677,1691.52511291408,1817.70725031232,1701.28724846223,1785.61012563149,1623.77861856445,1689.07075978508,1601.52269665699
"209",1823.52183462899,1882.95757920902,1699.0643327167,1665.26186554644,1612.38278570887,1785.97784107285,1628.73968534251,1586.75753915441,1542.70425569601
"210",1454.79483768845,23199125135.3587,1369.24144178768,1499.0418171133,1376.08287962696,1219,1311.24824525607,4697842945.17068,1308.00837442583
"211",1516.23032837265,1543.18221371095,1330.27690029931,1387.56486276967,1314.7806727136,1474.79886366836,1281.80390240445,1331.01076507001,1264.7281562837
"212",1678.48032643624,1703.48741587161,1552.21172705831,1551.27584434113,1503.98169389175,1640.14752553896,1494.19899830794,1488.96859030073,1444.12101635701
"213",1144.61299519885,1085,1085,1281.30636959879,1174.20403645678,1142.00963762226,1050,1227.64251442379,1133.39998010055
"214",1717.59698321421,1753.46967346816,1592.01664936979,1655.10860929019,1579.58736329504,1660.40060766037,1531.89510343621,1568.32538939687,1508.68013285751
"215",1835.70933608295,1885.14683651095,1560.4275618074,1600.46731521917,1509.80807675117,1786.71398932115,1499.80427903744,1531.94193374423,1451.98893321033
"216",1765.73439130035,1803.46109270093,1638.54096313948,1700.4622347094,1618.30953869783,1727.08937407304,1581.56740792101,833987.767325619,1549.07392842031
"217",1397.3506203016,1437.25536907006,1289.45148506428,1344.22758005411,1271.65771584763,1364.7210078198,1234.59429575208,1264.05357326717,1208.93554183884
"218",1647.69073715623,1651.76619275532,1487.63386876697,1576.0615307582,1494.16164856099,1588.40581826688,1445.93844225171,20965644253.4949,1430.2484413556
"219",85063816.9479739,1704.62643903312,1392.18083016127,1419.38784975488,1341.85644402259,1696.81522475714,1356.25310336667,1371.87504838371,1297.82052525013
"220",1687.6150286972,1711.35304511428,40654188.5438359,1562.42835502852,1480.1924523084,1641.52224563185,1441.48164424803,1472.28089874414,1406.10283613129
"221",1744.32843526963,1794.76009144169,1526.46097389617,1529.88180818229,1453.589172153,1689.81797139514,1455.40951412532,1460.24659657713,1391.76775366192
"222",1696.02124509425,1704.4085614962,1469.68433336835,1444.17490427947,1383.33993397773,1660.18812761798,1415.59528836161,1387.34919814074,1328.687118004
"223",1464.56069957877,1427.05767042721,1229.69983493868,1326.83678447878,1254.58492683958,1422.91074765241,1215.99836559954,1270.46419713511,1204.89474623046
"224",1422.97708713987,1488.43780474664,4526121.53176292,1431.42802225278,1364.54701382141,1302.29806160403,1254.33979975319,1370.53577936881,1311.97972926278
"225",1288.30471189525,1178,1178,1178,1329.42208276272,941422.899785534,1202.3348300155,1382.17743384066,1277.14060150715
"226",1519.33161415478,1513.40263312306,1339.20952207544,1411.64386386304,1337.71100852663,1486.02021067781,1319.30755915297,1351.59117600991,1291.49031908624
"227",1488.88045579832,1440.00177731175,1223.1979595719,1282.19017519842,1216.50285940865,1436.98671747097,1208.94044085914,1216.7500896279,1160.12947308228
"228",1777.15977558946,1857.89093397769,1494.26863295951,1520.24389907427,1427.65601622044,1733.36048991785,1416.55166143718,1431.81545246036,1352.58640195038
"229",1092,1102,1102,1233.40245175905,1178.20012199731,1066,1066,1181.07662946319,1131.71180709816
"230",2169.83363384462,2248.84760373999,1923.61716559971,1894.19445831387,1813.18580070299,2113.55472195693,1830.53261468783,1806.32438024096,1734.06043579534
"231",1976.68404549342,2031.21444165306,1773.58560760989,1790.09825767909,1712.06366181725,1904.00374600476,1681.16149774394,1694.91147509876,1624.65432926673
"232",1007,1015,1015,1120.70925566668,1045.20549605905,983,983,1092.78537454534,1022.76025831551
"233",2048.97463091769,2104.53790672365,1901.90846961419,1854.4302638002,1789.05325042166,2000.87136536301,1824.13177031653,1766.16588799013,1712.0485682505
"234",1359.21280895187,1382.13298007045,1212.4056756347,1242.1818782632,1184.62168159735,1323.68813966515,1168.72125391815,1194.66303593409,1142.09574116598
"235",1086,1092,1092,1224.81366767861,1156.12939955695,1060,1060,1176.44943058122,1117.53183892594
"236",1487.23413151206,1554.66037809968,1391.49790283593,1441.891737377,1370.24035338172,1412.96539427919,1305.3546558085,1341.88620609484,1287.27703471623
"237",1794.85084815658,1838.46822103906,1501.53154546601,1614.11021732454,1478.39411830523,1742.17861940993,1430.59246551845,1533.77485204071,1409.76956029894
"238",1907.52955221829,1963.34410092836,1560.28240322916,277864190.662035,1509.83108116263,1852.45267803508,1489.57026767466,1519.1055920056,1438.48034415409
"239",1586,1615,1615,1876.29488831182,1769.42283183751,1548,1578.67370352041,1769.56943368907,1680.31420364486
"240",2167.60508787324,2236.40347808725,1901.24345269761,1891.27426873566,1803.39794953024,2092.4562513556,1802.90852226859,1796.12797574186,1717.3131970285
"241",1643.74133449231,1669.46992441046,1469.91519308801,1573.31368709953,1469.75191630338,1598.94432972297,1410.82617234195,1512.95849638554,1413.96230926992
"242",1162.20705755341,962,962,1134.15595833458,1065.22151809363,1108.82728291117,980.302941612544,1078.16303236236,1022.72472447704
"243",1100.16654001604,1123.02955897207,1087.37922084297,1154.81362958087,1100.34658234606,1064.10487508811,1045.37649372048,1107.9513204138,1058.95563170849
"244",1099,1106,1106,1305.27876754687,1231.81387171413,1073,1073,1264.77731168094,1193.27838567177
"245",1118.02597347707,1055.45179312412,1030,1151.20340590155,1090.8033805745,1084.70111334747,1026.15608856604,1106.78481374311,1052.99177981384
"246",1304.97350558994,1272.40290114567,1171.20992508917,1273.85798732225,1207.93932542744,1270.34648456748,1166.22097443601,1214.4141469476,1160.33002774893
"247",966,974,974,1083.71875202912,1035.2113665521,942,961.775777868762,1038.72943256897,996.842874193071
"248",1914.51623611436,1962.84106123179,1765.00522968724,1854.59722435327,1747.04250585051,1866.63784701343,1693.82635806724,1763.79141463688,1671.93247190182
"249",1477.5444180903,1473.05076996545,1243.14691451846,1360.39311071553,1259.15939097855,1424.65532145195,1210.88138714908,1274.22602139058,1192.47045037346
"250",1147.44384889756,1170.28503624581,1138.04376268765,1198.33235511939,1150.9897417968,1114.23859628114,1092.68149623552,1142.33560652039,1104.78184382395
"251",1360.77982657287,1404.93477807924,1217.64967002081,1298.19776903723,1209.79191095954,1317.27669234033,1161.05782443119,1218.95129183324,1148.60990853879
"252",1725.88617834366,1750.15350620985,1595.17349149383,1564.34204116867,1522.91040942932,1678.0774619164,1538.67644505187,1505.9339849482,1469.65074239033
"253",1391.19673723223,1428.58215767349,1184.03721493186,1217.30993764711,1145.17302749444,1343.30356269645,1130.1350623906,1162.86321637836,1096.49043231416
"254",1554.57520655559,1369,1369,1538.92049951847,1458.80575806637,1520.78711782642,1403.44325089086,1442.69710706229,1385.90940171357
"255",1184.92692876242,1181.54278311948,1038.49079777662,1103.52417387495,1042.66715893139,1154.72481247953,1019.93305974521,1052.0144836322,1001.0468158334
"256",2258.87492181927,2349.68334585544,1743.88436156985,211988279.682132,1711.45223339518,2157.69342354928,1659.7756400476,257262034.659134,1625.47376975845
"257",2131.67637319427,2206.01012288392,1822.26737002489,1871.53449683736,1762.64395195461,2067.93152674022,1740.12525335561,1771.03353050117,1681.22918270265
"258",1831.5085610822,1856.55718114144,1497.55212428462,1566.6914909976,1458.41422877213,1787.60108422168,1442.70584560371,1518.99311236947,1411.59322814161
"259",970,980,980,1143.5098034062,1073.5733589836,946,946,1097.1060013995,1031.71465190681
"260",1651.15228256453,1696.51362270177,4088550571.5888,1591.0045586745,1503.33343550964,1607.22740560613,1459.35646828318,1494.27032188013,1430.52177858115
"261",1549.39730058695,1569.43291629501,1467.30606359316,1547.00146102296,1468.79670930273,1509.79015123668,1413.67480859125,1475.9498439185,1410.21723894607
"262",1303.66669953937,1310.97750379286,1219.48720656591,1254.90590751491,1211.83288878234,1280.89612224012,1188.48520650575,1200.90762743418,1164.36259164385
"263",1119.49448022437,1070.52632983152,1056.70743329175,1177.12146505783,1116.8612574143,1086.31116479373,1043.86776314403,1129.15793481942,1076.13004416982
"264",1098.34224273231,1019.47147066405,1001.59180288601,1101.91099715681,1053.75205215077,1073.73245722419,1011.71114069352,1042.93746929049,1006.6105937024
"265",1666.02805596304,1685.21500761156,1549.54894660227,1664.98309494239,1565.19941765281,1597.85800964875,1484.80211657292,1595.4078485377,1502.86751924147
"266",1521,2134.23966220282,1755.04844509467,1837.05003378981,1717.15325760772,1913.45875621295,1635.33948510198,1690.50438906717,1600.5330090784
"267",1978.38554313286,1991.97464431979,1788.70829494493,1708.0187154517,1652.0797238036,1909.05910447656,1715.76723170653,1641.57589188787,1591.3041579619
"268",1594.65805746996,1638.24285652483,1471.03534991107,1475.99208114521,1415.56259804126,1560.05638688546,1403.23811888778,1406.84460505671,1351.9495602824
"269",1658.68525747577,1719.51486576913,1498.65481493498,1509.12371842736,1444.04760967592,1605.94561064596,1423.97330175219,1420.76202945931,1368.30628247708
"270",2061.74628233249,2082.80499923288,6719394.92820811,1942.8423959669,1773.15575765464,1976.65248088832,1672.37216365068,1795.22798142644,1664.16936311452
"271",9996560059.08447,6128044.80189916,995,1132.20332831567,1062.59711592937,965,166469842470.329,1085.28310690875,1028.70863828552
"272",1329.61454639753,1324.24662399423,1200.35061263852,1194.92332739706,1148.17856706108,1301.50577793606,1163.12161764576,1136.51965872277,1096.58100399163
"273",1891.37367254845,1816.43356443932,1712.12153017215,1867.09009059514,1763.06245107824,1835.47318414023,1699.90002823597,1761.01935479929,1680.44261982852
"274",1788.2520745237,1845.55839723546,1597.04917221872,1673.1150002732,1570.01108877172,1741.11979856434,1528.15131522577,1588.85285863296,1501.107606183
"275",1604.01708868173,1624.1174730822,1338.62571859498,1386.22225113707,1298.88640240307,1552.0245728363,1284.5531436815,1323.54090983134,1243.21033200808
"276",1873.13934620798,1906.42513591889,1638.62665288524,1721.38319846875,1617.55614296828,1819.98777216836,1569.93293380863,1658.81096764854,1557.36446474643
"277",2228.21181492364,2301.40285521024,1866.86815021886,1928.53879963299,1810.90682096312,2173.88595352846,1786.28797530909,1834.82212750956,1730.24618141279
"278",1727.09463903366,1749.22868295091,1496.54026577734,1556.55603420322,1472.83571179847,1679.43400618741,1445.77161783082,1491.3976452376,1416.64042036768
"279",1013.32544018339,1006.23951286976,1004.05937131563,1096.66620406724,1042.4790491597,966,966,1058.11998415659,1008.28219906421
"280",1117.20278116506,1109.73594066878,1027.9854521328,1136.66173004512,1063.64788669634,1092.06015537803,1014.7836248293,1088.13173362075,1023.64962988933
"281",1934.41050911453,1958.98109542499,1683.17550762439,1681.95996043523,1604.25418566277,1896.27574240192,1618.96709498907,1621.89661519698,1544.88630513295
"282",1789.03372141052,1825.4051721433,1603.94308083618,1647.14978368187,1565.73527438155,1740.83217621701,1535.65195216047,1576.36160193675,1499.15740408032
"283",1489.37008091195,1503.13953813898,1360.06672911253,1412.5249751842,1353.33321089047,1439.11582766947,1303.85141703301,1353.05629925623,1298.35099304372
"284",1090,1101,1101,1255.62016293868,1180.49617113593,1064,1064,1191.96997011634,1128.65588689426
"285",1710.2877684244,1775.83542112369,1564.40369982989,1584.67887807562,1510.95023331625,1649.90913562953,1488.70179281671,1493.06721659347,1436.18302575977
"286",1431.20660419492,1224.77214799362,1207,1380.45986389781,1308.30870191567,1377.42436923735,1249.77332417019,1312.68563678714,1254.79584123477
"287",1543.42151952599,1563.54950622508,1394.12378556291,1393.18993555428,1340.74509233131,1494.64316331922,1339.32201929424,1328.66128250665,1282.11349284855
"288",1221.9917467335,1243.06410872557,1117.91742321732,1146.92531420084,1097.56579061444,1188.6715691071,1077.4482094993,1097.84303468122,1051.70588230935
"289",1942.44155626343,1991.81839761266,1734.11968160003,1721.71051253043,1649.53809998312,1910.9345608443,1655.76542178253,1636.45512314247,1569.54802528414
"290",1065,1073,1073,1188.93971798587,1124.77107575834,1039,1039,1141.48801207801,1083.29345505369
"291",1062,1072,1072,1221.34199343733,1144.49645762357,1036,1078.1433749037,1155.75032399404,1091.70619362805
"292",1698.14909920082,1564.74752022584,1359,1633.19437530241,1490.7106707104,1637.44258883304,1384.07784211488,1549.69850106682,1432.07172159597
"293",1145,1156,1156,1293.69974314958,1224.96172922337,1117,1117,1238.12868511361,1180.09556999967
"294",1855.30071640948,1808.56081996756,1597.28085429017,1740.09701472137,1650.50037069384,1823.81461340204,1592.63706252128,1637.39018070339,1566.57073074294
"295",1870.88663613465,1942.83465118022,1662.47336282585,1703.9456665174,1620.99460837213,1829.98680372334,1582.03197828987,1617.91519386452,1543.14617213698
"296",1304.63434963618,1203.1409002297,1176,1336.42921162229,1257.82311599822,1265.74525015344,1187.31928929179,1237.57174852484,1186.96050183501
"297",1333.69213608602,1332.54584166193,1211.6764103659,1224.16454104377,1181.04320226559,1287.68253342174,1171.12340359326,1178.8033414075,1138.68938507858
"298",1249.81835178592,1253.6350153642,1143.2529463631,1152.3354281623,1112.49902187693,1209.86377713907,1108.01991197871,1099.39005335291,1066.83267818346
"299",1614.79915903006,1671.74274220754,1508.79656155249,1500.20039482422,1446.48738632562,1560.65406376022,1429.68205603667,1415.8198936503,1371.62636585637
"300",1796.42473065415,1860.12083302293,1668.54938842639,1705.34486516666,1626.24256072135,1762.26957064072,1601.38370653698,1612.75771047037,1553.42241446095
"301",1447.74826261618,1460.48958647971,1300.26730682781,1303.90313195552,1253.88667424643,1403.97371899125,1258.16734224151,1240.41833465427,1197.72315758574
"302",1817.21031020639,1811.74985491795,1646.59927626746,1652.10468905431,1593.77364733892,1764.00676042601,1595.15819895607,1590.85069986459,1536.15644464822
"303",1058.57191130776,1037,1037,1187.1128157515,1116.42786502712,1033.86221345731,1004,1140.74022698294,1076.01663693759
"304",1907.72129794436,1995.31543883066,2104822.25689757,1777.97853164697,1686.4903244794,1858.58338952886,1654.79792950302,1668.77984705393,1598.97070725138
"305",1765.49336034992,1790.40316009109,1683.61007304324,1694.56674894968,1633.09441033191,1713.89267280366,1610.24832670576,1615.79966777406,1560.36329712061
"306",1205.48117409974,1058,1063.41608738508,1311.47857569229,1169.41086878006,1192.88903948697,1097.80109417306,1206.61784286957,1101.27301771822
"307",1342.45183755175,1357.13769782468,1176.27388276011,1209.05058881862,1146.84699984774,1301.73686545717,1130.14246755881,1152.6252839542,1097.08155421046
"308",1695.83787047296,1742.82422398838,1546.11233329141,1563.70585541237,1498.49339169183,1646.39962673075,1478.06043990865,1487.75385213627,1432.16672703469
"309",1902.52726846666,1992.79049833087,1718.65268674606,1617.16045018879,1562.58633731217,1832.40681798075,1612.84422437428,1526.36864053398,1479.95999604846
"310",1299,1306,1306,1498.74043213932,1395.290230097,1268,1268,1432.68240554998,1341.84368469632
"311",1839.83152752938,1863.11840255201,1575.88812820018,1630.39292712739,1542.10593295122,1794.92469425067,1513.70061447049,41168000.7305864,1478.80799932035
"312",1947.99265586715,2053.35275279721,1817.55581597043,1877.80067817563,1778.21979545373,1902.64885361164,1728.90114746181,1761.92019050773,1691.92322626457
"313",1953.81138938713,2035.73100683797,1717.43214052423,1851.08253992185,1708.51045847987,1905.12858158703,1640.25699770136,1730.85811046433,1619.46228317143
"314",1059,1066,1066,1217.53011127495,1149.37643005932,1033,1033,1163.06253002778,1101.53476517017
"315",2051.13360990677,2102.91752429647,1763.03105342327,1759.81726583982,1677.29986958388,1976.39440600106,1684.54659168427,1679.7356887548,1606.7253215881
"316",1498.55490374298,1501.91180119138,1371.90055772066,1418.95706828264,1356.3109723222,1446.88589909323,1330.8568001296,1360.80850782054,1305.49221653675
"317",2143.0544375886,2241.12363543124,1852.80441185293,1830.66029308417,1730.26746523748,2102.28485242444,1755.24609855712,1736.8278970528,1647.64831383954
"318",1374.02005458017,1401.77614173582,1135.23622514327,1255.39160458031,1152.98503364405,1332.9339702955,1074.74425712323,1210.09838943171,1109.7929256103
"319",1877.89380990512,1933.02883945164,1598.77353426765,1636.90415036106,1543.30562933552,1834.21123549053,1535.41200922171,1561.16887496121,1479.49100647783
"320",1145.7368329789,1113,1113,1226.56914837822,1165.93567171403,1122.73394864099,1105.15631920029,1184.09109957302,1131.00095417631
"321",1462.27327185834,1487.4543726937,1274.04855572743,1283.8360804304,1222.37062207419,1425.58339036125,1221.91692196448,1229.57800742277,1170.0436873734
"322",1918.45925989373,2014.57740045076,1702.6003261778,1729.00536396949,1643.92402285674,1853.75746844783,1605.55360526691,1621.53343048354,1554.02082931113
"323",1533.27459319859,1555.19198142815,1317.2529657708,1283.28194818986,1229.30484535052,1495.7043161681,1269.49696942238,1232.02147153474,1182.16421657093
"324",1372.5165810073,1388.66306962338,1236.1295754786,1312.2879966032,1232.98713099741,1303.37436250464,1173.53896557253,1265.92539954858,1193.07864681947
"325",7882244.0617615,1873.30486249433,1565.9614387745,1642.14563144406,1533.76693277812,1809.52604773668,164293587.117919,239574258.067587,1468.90950023874
"326",1929.73931132804,1994.00797914355,108366349.743766,1796.51835500117,1663.61971171988,1860.11111576258,1595.21775583099,1686.81732605161,1578.0109170436
"327",2033.63989292373,2097.12899281909,1793.67325272792,1868.56915533378,1757.53245109644,1986.19161777231,1715.02974291428,1780.33738117778,1682.4632543732
"328",1919.49525055066,2006.68761892861,1616.96151547085,1653.34164963308,1560.29494203881,1859.15853749635,1525.93423530397,1554.23255394964,1474.11788440731
"329",1354.8237878028,38724416.8011325,1102,1317.08136494218,1248.8799147922,1265.05393738693,1205.48977864986,1248.06118117638,1190.24880243552
"330",1951.0995690001,2029.20135221106,1749.62905737302,1767.79950144761,1679.13181950449,1865.80809501304,1649.96449406665,1654.30667475342,1586.46924279036
"331",2003.45097561318,2043.08390799788,1727.62956452007,1792.15291604274,1688.21996599603,1964.23800251097,1661.62527607829,1715.72169800906,1619.57284436804
"332",1850.72133673125,1919.10935202543,1741.42921091805,1702.7041640331,1647.00484129754,1821.75673889692,1662.47575453294,1612.9049527473,1567.26166151071
"333",1327.80345495179,1333.42988250583,1184.88524866537,1239.38533591127,1177.97633942487,1291.83640661748,1145.24142550113,1201.94907974215,1140.57830877825
"334",1099,1111,1111,1288.96514733617,1211.16809851883,1073,1073,1218.80008647308,1154.53055015848
"335",1704.34497982685,1743.91209996069,1417.28629591241,1579.62379897138,1436.33082665436,1661.08986626393,1371.78827683824,1481.61019460141,1363.64547845724
"336",1314.85821962729,1285.54812033585,1285.89637224259,1376.17548750536,1309.10523938711,1210,1253.61691197316,1340.67566930034,1273.99425083445
"337",1688.68721843695,1758.68998265378,1442.85377652621,1556.96423209354,1444.27393617957,1625.5614993356,1383.65191388151,1448.19961682045,1363.90930464542
"338",1575.21725021494,1599.45250194956,1496.86318679475,1558.94209961849,1493.26699650249,1538.96648804597,1444.70812609005,1488.10299782225,1431.34113986239
"339",1560.17209532135,1630.72064904786,1375.17198453843,1465.89049627694,1363.22492172821,1516.66900310098,1310.78465144514,1390.04433135984,1300.56208553843
"340",1199.31549541812,1173,1173,1321.48056217116,1255.91126018864,1200.76393799865,1151.81601769267,1262.05737482169,1206.51589703246
"341",1132,1151,1151,1384.88700383363,1272.32795215988,1104,1104,1304.89301233464,1206.80835213237
"342",1509.6678735822,1546.45217046807,1435.8717917562,1453.62266617542,1403.61395789996,1473.80764833798,1377.82806228741,1382.01777938858,1342.49136810624
"343",1660.29311699028,1683.64498250116,58200577.0290063,1605.57781652792,1540.23721659119,1614.75302567705,1499.46744553119,1530.42025530332,1477.62497860895
"344",1386.69631989536,1416.01224933193,1342.62147152459,1342.23265597107,1276.95100706193,1331.9237584481,1292.05162676795,1297.10551847444,1234.77872077943
"345",1299.11524381211,1268.20502725988,1256.26165743469,1341.24931968951,1277.3729461579,1219.96823983252,1218.73056317788,1284.85869702207,1228.93937435522
"346",1438.35206290875,1300.05134766227,1243.67683594761,1384.51872928157,1310.17877889395,1394.98048413815,1287.9472095255,1303.89493708649,1249.95046429643
"347",1666.35630620979,1659.73683060953,1486.41586484577,1608.63972696908,1529.29360412012,1602.60165087845,1455.3733919369,1493.00197877674,1435.16604143933
"348",1686.53410001688,1688.18289831227,1461.03257255791,1468.27625126488,1405.9727566876,1640.49660390692,1427.83707125498,1397.83527430964,1346.03371040563
"349",1092.37364557829,1049,1049,1174.8714607754,1115.2078370482,1068.56543639307,1022.1102927142,1130.5417183522,1077.96541365813
"350",1562.07852147662,1583.32693862625,1438.63492766161,1446.81007700957,1395.29934561269,1524.29354962326,1387.35730045932,1387.73584736567,1344.08145468486
"351",1463.60369433919,1435.19157223456,1309.61232514447,1447.66600972848,1352.45894821547,1408.23460004153,1282.04833961332,1395.53443034509,1304.91292009046
"352",6899257359438.57,1239.61689677192,1182.20707427636,1278.83505605092,1181.47708901969,6141318787119.23,1145.72086412221,1224.30411692997,1134.98976594201
"353",1591.34489763441,1500.23077790855,1314,1549.60898306151,1439.3211722761,1490.39910306764,1276.5106283293,1487.80524627089,1385.00462500556
"354",1061,1094.84520747068,1066,1212.22115009739,1161.03946638768,1036,1036,1181.05336671379,1127.37588786138
"355",1996.10919089886,2073.28938029105,1784.16834351584,10572555.9380735,1745.60602783949,1934.46185615411,1709.18499082261,1747.55002084383,1658.10638770196
"356",1638.97403215427,1668.64330192659,1504.61530763699,7022524.47188961,1471.50239719932,1584.02502832277,1437.09759869695,1450.32466420784,1399.244269783
"357",1335,1356,1356,1664.6788313164,1490.28598049162,1305,1305,1601.20803118994,1441.13866617513
"358",1602.70996048755,1638.10217217272,1383.00369521594,1420.34962448363,1340.78586387154,1539.52108610316,1324.41186150312,1360.16446987221,1288.07992145352
"359",1215.77332945943,1159.31214166716,1121.30010168365,1217.08226185921,1154.1937156439,1164.78237526205,1081.84925528349,1150.05312167202,1097.18065493576
"360",994,1000,1000,1167.28725977363,1089.76872186614,970,970,1124.81119227908,1051.08398157848
"361",18800325.8747815,1309.64695415424,1120,1346.24421335814,1256.00483066537,1431.72762039225,1152.9795514729,1283.31638258251,1202.41321669314
"362",2086.10553350102,2106.69536573505,1769.15694680399,1739.7807685336,1668.57154335061,2035.82140968559,1717.7237390615,1676.82230619352,1612.23226389601
"363",1757.64178206665,1472,1472,1704.87087880977,1605.17169645067,1671.73341996288,1565.10882397706,1578.54423787118,1513.74478066324
"364",1585.76625588294,1621.79301036485,1583.01059517552,1617.51180272333,1536.60639133883,1507.79323830587,1517.9468603503,1536.89043022306,1468.48883948778
"365",2011.76756671036,2137.15857724479,1801.13132062557,1815.95495473018,1721.71653206521,1948.80524501276,1699.12221486559,1696.77407204768,1626.90793180206
"366",1153,1164,1189.43180469033,1289.67950820862,1230.24132910996,1125,1182.73751490976,1232.62303621645,1182.29216373398
"367",1153.48711714909,1127.23599825459,1202.44470306442,1222.01109771315,1158.84355618519,1101.20777993452,1157.41005017561,1174.34832019277,1115.91152899088
"368",1542.8208922803,1461.43481238399,1337.07835829667,1509.89847332407,1417.49647788901,1481.34287004169,1316.68732755855,1442.95407252623,1357.65839521901
"369",1356.35238865902,1293.05276905238,1132.57771101117,1234.07554684958,1180.08702725526,1312.46648878219,1181.9889494755,1175.74506363941,1130.16615671295
"370",133103091196.717,165818647259.636,1114,1359.94565268627,1264.54899234862,1078,1141.2932394016,1283.9177970419,1205.79343278266
"371",1114,1205.76325789414,1126,1308.15873850727,1241.98975508135,1089,1089,1266.19594061525,1200.44565400996
"372",1603.77711260804,1673.23145855137,1531.64572174331,1637.01845620163,1540.3974938466,1540.25048978124,1444.15317753969,NA,1475.63465196367
"373",1957.30930778221,2021.97824831815,1666.08253719897,1780.94426538776,1650.85632981752,1918.29073125562,1596.48145963548,217843158.782597,1583.27947327094
"374",1956.70360989908,2099.87419672414,1732.20860468577,1713.39186853763,1639.34625761509,1891.17985461587,1634.89477085008,1597.390249625,1543.68098997224
"375",2035.29029699688,2154.06498658645,1886.24704639277,1793.56365884827,1730.0954944442,1968.84154141869,1772.39116529487,1695.96772588097,1645.45501650319
"376",1629.70359267832,1579.7812242082,1411.75358462792,1549.43424658524,1451.45998428961,1568.52700941589,1388.95585799206,1458.98580215631,1381.13673091954
"377",1399.0593563128,1349.49512435519,1167.16550273741,1342.3567590265,1255.26177018445,1353.10618072911,1173.8926685688,1283.08218352582,1206.73209366208
"378",1376,1405.4136689231,1544.38765569229,1675.4509907558,1533.13953414755,1342,1485.3008769467,1577.5715596154,1461.01870621699
"379",1660.88770240059,1691.95084000391,1538.8920302313,1607.89280989009,1527.46115503431,1613.53275433235,1485.45341077717,1530.75352859998,1466.19297796098
"380",1641.15705469328,1687.63367678763,1419.86879062307,1428.82654086381,1358.49721522593,1606.46571320033,1371.14304099156,1363.21238360835,1302.62517539465
"381",1782.99780592004,1834.40142861632,1592.12152897455,1669.0079303897,1566.35556807585,1732.12416169125,1522.02087417879,1548.52276861454,1473.55335321518
"382",1381.06296167012,1375.87658782511,1259.25203929306,1356.19963488711,1285.05781958868,1345.4608529692,1237.73105806238,1274.57057535915,1227.11685323826
"383",1737.19422328164,1807.74071436576,1486.54727945896,1525.88045819082,1441.77310983196,1701.40568289212,1435.24829876042,1441.06556478474,1373.46571966364
"384",1841.91881023637,1904.23964411931,1646.28178422222,1630.03062636474,1564.1838371865,1789.07304938722,1572.89400775228,1542.38835749009,1494.03385251504
"385",1412.76395896152,1359,1359,1555.60084484912,1483.07747233907,1318,1318,1493.90383367797,1430.67402482763
"386",1986.63084904701,2145.56878587905,1786.76101325557,1785.84978130907,1692.57125143278,1905.076829329,1666.78245153836,1245177522.27737,1589.68856769226
"387",1656.3963142436,1658.45200998749,1503.48414120159,1544.76216416031,1480.45913278591,1588.34505129327,1437.54772043159,1489.54571835206,1428.84300879101
"388",1364.01339626735,1359.28137437016,1252.72252375638,1293.83830819896,1235.6315014342,1311.36806117098,1211.78049180525,1229.46908346115,1184.39631335335
"389",1231.86257066295,1225.30766228935,1070.23783760606,1117.21015113984,1066.51043708874,1191.09692408333,1049.09747246572,1079.11072664851,1032.68993437094
"390",1783.29762995622,1944.04948314981,1346.96402722076,1507.33720220303,1403.3020402118,1720.65734640288,1365.52690291117,1369.42111015555,1297.49920528921
"391",1018,1028,1028,1118.7249530669,1068.27151505355,995,995,1073.36764919555,1030.74476463291
"392",2859110961.67598,1719.33729323191,1479.70952833636,1499.78836840145,1430.60397795595,1618.10469353731,1417.92839089132,1429.99311463343,1369.04141346506
"393",1368.49907803093,1373.59838113492,1219.85639707504,1215.34475871283,1173.2396275127,1336.71099203989,1182.74597633367,1173.66634807412,1133.36463551639
"394",1618.46649731307,1644.24844600791,1417.69826387743,1451.0184598773,1394.1850743712,1579.10266736461,1374.74824584284,1371.11406170775,1323.12805774552
"395",1360.03772396076,1383.22241262423,42203712.8062148,1299.52773386104,1215.54933912172,1301.04679914409,1165.82884501163,1207.84525545726,1147.46241450586
"396",1766.06294295263,1786.81882801696,1527.12791705721,1498.68476922032,1424.60142479539,1713.01189030122,1466.8075694468,1428.31963698153,1364.88031128173
"397",2004.86157883233,2066.82659127606,1697.19031373469,1935507583.59119,1615.50765736057,1937.7961054997,1628.51392583967,1606.86921102897,1534.19895864469
"398",2048.83429090293,1675,1919.51436770551,1911.76933864229,1825.68857587462,2001.52176421387,1794.3359897541,1780.54100533377,1717.04978292458
"399",6269382.57494367,1492,1651.05958006933,1673.02828647312,1599.85587522607,1819.08162842956,1597.71140447419,1611.72049744743,1543.96562885628
"400",1622.49486591039,1631.08845443616,1505.06921430964,1588.65123805548,1515.93832893199,1587.41264553172,1474.16629173156,1504.64855272391,1453.12052234187
"401",1032,1037,1037,1153.03198593426,1089.28190372034,1008,1008,1124.56513550715,1058.79092730003
"402",1764.63419517526,1812.99623737467,1600.14345352525,1590.66762668919,1527.67093565799,1725.04333736866,1541.02460126535,1525.61192887618,1470.44706524306
"403",1945.29441726851,2004.3687980001,1683.56865668769,1741.19017142108,1645.36152332259,1891.30220011875,1614.32571466975,1659.49867087209,1576.09066741956
"404",1195,1208,1208,1442.73182152459,1307.76252452838,1167,1167,1387.57370977481,1261.38790531152
"405",1788.04944453679,1845.3685431086,1587.56958834985,1599.21651250763,1521.40241178252,1729.48602266914,1513.02563376578,1512.64550340882,1451.15740621228
"406",105446514.576107,1913.60764161256,1565.55792978216,1611.94406711755,1521.46687057754,1842.36207336515,1498.68802316488,1533.74846540504,1452.18536462802
"407",1830.91701321713,1890.40966549343,1620.04385760158,1625.50694994457,1559.00236888959,67675312.3297647,1542.62872765452,1540.94115185118,1481.97425855741
"408",1790.10408086092,1795.18809707293,1572.72556284309,1699.9633940744,1577.14763333181,1746.01843678676,1524.81116688977,1601.89544350466,1501.94540679264
"409",1486.86088106923,1489.40412393319,1308.73863209629,1321.11099902752,1271.21493122574,1448.21892652019,1275.25881969806,1274.01357728508,1227.90165545485
"410",1517.77808867901,1534.02906093087,1331.62739330185,1374.780021357,1299.91244682328,1484.48994763157,1289.11252832003,1323.48595778429,1252.71567077329
"411",1436.7870114385,1464.91804097661,1359.46923345808,1419.517672307,1362.79656309813,1392.74945666973,1294.63418223896,1363.43251144843,1308.88421311798
"412",1415.92679821714,1507.95739133301,1268.56029996722,1320.11938792107,1233.80116593343,1356.01870486789,1187.18478760757,1220.67889493971,1155.12128502254
"413",17944567.489214,1942.79762077446,1715.95350241173,1739.98289207875,1654.22531638467,1823.73768363818,1632.1365801197,1640.57146458339,1572.47933573381
"414",2003.80281983133,1981.3251457965,1652.72639469202,1571.90008237565,1516.39253376341,1945.75566680556,1605.05141436462,1513.40892946474,1461.74348085975
"415",1204.97334614798,1218.38808979058,1088.55828500457,1172.93112393514,1123.02074097916,1147.88756014094,1032.24782251429,1131.75405217775,1083.04458938836
"416",38812695816.6253,10045168.5023586,1728.58874626011,1816.2594690668,1686.25073508507,1896.09050017044,1628.18031037946,1691.21331274346,1589.16010128896
"417",1795.97661666266,1859.71861810466,1702.37442352854,1731.85873368801,1661.33744658613,1750.7020357767,1622.49335404223,1634.19792490004,1580.18919591049
"418",1806.54301524293,1859.80340783967,1681.48054640315,1679.78436407523,1616.71817219833,1763.03553566993,1611.72010674998,1603.84164396135,1551.25481325856
"419",1428.24576606205,1345.83768569863,1255.59884525103,1423.09469366201,1356.26497153352,1379.08730067667,1286.95428070796,1351.99918075621,1296.98163503919
"420",986.312894466951,971,971,1095.11024904842,1033.82586921566,969.131918571071,933,1039.65766633869,985.642242438616
"421",1736.14175247227,1809.93029333948,5134853.6290733,171091025.702722,1524.14920926209,1693.74966033932,1496.76946874634,1510.82064110869,1449.16250209824
"422",1832.05128680772,1893.00858618019,1667.47077008495,1742.56350508786,1648.15172821038,1780.44695538561,1589.21324120065,1653.56985463802,1572.76093396823
"423",1915.91922111586,1995.49811861825,1700.76677774269,1753.60959630902,1651.05599679803,1860.98476325446,1613.00239003215,1654.91444249143,1566.72613256422
"424",1374.80348229839,1401.12288954356,1287.82388625734,1350.10302254505,1281.4701253419,1336.53728712533,1237.72491464532,1280.2102286344,1225.94987043658
"425",1005,1020,1020,1159.74418216022,1104.56280282284,981,981,1107.38560599337,1059.49372983996
"426",1199.76875555025,1148.33015724409,1131,1294.90025393748,1217.06171567692,1161.83059174456,1115.74652134068,1244.19044419791,1172.44763788021
"427",1409.48492911217,1414.46100785117,1292.72118643265,1343.67539978384,1289.01329229705,1376.54484944937,1252.40813636639,1299.5914094169,1247.25139733011
"428",1318.88340731956,1349.01335691947,1146.90263107002,1165.271032486,1110.2004623245,1274.43007430764,1097.10351004694,1108.87480069567,1059.34501458364
"429",1894.81663775137,1732.89784822376,1469.43417706419,1735.09819190256,1638.59493404523,1825.78936533339,1573.84696790853,1611.95232427995,1538.69434379769
"430",1793.40248720604,1812.29369479442,1616.04081337533,1605.37192819863,1545.09179779764,1728.84606231266,1546.26729871864,1536.73601432437,1480.11474784782
"431",1767.80170657111,1801.3614133661,1671.69462385047,1616.86919901809,1580.4416504275,1712.48578270338,1606.77416457644,1547.15692571737,1518.23753854378
"432",1576.43760787301,1577.94448499409,1321.99492846178,1409.93770006885,1309.45965237037,1525.36926241704,1279.26580334433,1360.81051182504,1263.25152622799
"433",2063.73536904848,2185.83013914553,1888.46310985404,1957.30463784772,1842.07654884565,1998.74898637217,1770.88305625362,1822.36992698292,1727.2122296048
"434",1565.82043269305,1466.47162111482,1297.31542709051,1487.07345932237,1418.47606262718,1511.72634021854,1346.03679284421,1410.7387243037,1356.1413257478
"435",1970.48930581811,2035.9273784336,1671.71229823139,29500714.2928204,1624.78897171273,1905.6787301265,1597.83873334603,1635.9534405975,1541.89257714938
"436",1012,1015,1015,1103.67266113944,1059.98528453819,988,988,1060.10487841586,1025.47798176539
"437",1430.22572625936,1382.17957030052,1346,1541.16921067357,1445.88210516106,1380.05371650927,1304,1471.51559801596,1387.1330945155
"438",1728.4150598848,1770.8860374209,1615.53508834587,1685.34730882874,1598.93137059551,1689.70892801156,1552.00491286565,1608.56654851695,1534.88327685634
"439",21920755.7045682,1959.54166085484,1662.27070653403,1694.84363494948,1606.84962105371,3614109.83313909,1596.73107152012,1612.44185251609,1537.55361661856
"440",1360.62212618232,1350.80091941756,1258.73096309738,1464.53219642316,1358.27884648366,1336.46305218906,1262.16301484958,1394.14832704049,1301.25815053476
"441",2016.09419471381,15649496669274.7,1877.98170885528,1861.30770953803,1782.95676618534,1968.60423575324,1766.80401394952,1739.89482228839,1679.35774123663
"442",1281,1316.71149091669,1291,1422.80720068318,1349.75884991115,1249,1249,1374.40188255138,1303.52180974199
"443",1054,1058,1058,1158.52570804144,1109.54191793935,1029,1029,1121.02537398543,1076.41558506419
"444",1856.75234784538,1921.81040378364,1534.56689469007,1611.55940469501,1500.55377827188,1817.76610898417,1469.49545374561,1523.69773507942,1430.8674915205
"445",1730.25948047361,1587.8137980701,1384,1384,1526.54906425443,1681.8699141112,1398.64355178666,1565.76284495456,1456.83558412858
"446",1669.8922528622,1695.8169997272,1467.67348363266,1471.06734507968,1401.44643287329,1610.84670427714,1407.13354591403,1409.86164033755,1345.67944184225
"447",2012.31602953055,2044.93675623445,1685.1137401582,1802.54365255279,1675.20435222034,1931.77758190393,1634.1809106068,1659.78391458668,1574.72970145351
"448",1941.39404911324,1354,1599.88359157096,1616.01431308103,1522.05615371927,1893.55376248293,1511.66387184681,1511.72311126214,1433.90286952077
"449",1062.24206059143,1021,1021,1195.20834443188,1132.81349562937,1028.2698751823,980,1121.18178709685,1072.01049611204
"450",1256.54581073383,1076,1076,1325.65643597408,1209.81075406607,1182.62638350382,1065.26532060981,1253.65647299471,1153.0013532626
"451",1632.02086209731,1437.29483430368,1377,1619.43457365467,1485.81474509476,1589.97724653733,1400.48558673548,1522.99025023631,1420.52017392111
"452",1552.20566787685,1577.33352863122,1384.86301918292,1447.47749956544,1370.80591130456,1503.02554904729,1339.57313395553,1376.27358199485,1311.78334636415
"453",1714.18055047532,1814.6090565644,1604.81830485888,1683.63488542129,1588.48754765833,1674.11322067446,1514.01001421129,1568.66511201254,1499.13236359002
"454",1797.28337704307,1851.27700705715,1627.49107821604,1622.28779552574,1556.24957898902,1778.46330368675,1565.99109751314,1545.02471770585,1488.90527517308
"455",1288.66209981587,1291.17759194156,1122.0616608281,1206.23684824478,1132.14053098704,1246.94815999447,1095.28750475511,1154.85850898669,1087.94380560014
"456",1438.38062107223,1464.78624450119,1351.23258831941,1368.62199961864,1313.24805084322,1401.87089008119,1308.15420612026,1303.1072330588,1254.74815638086
"457",1872.52940107029,1964.79258968716,1678.09630167273,1759.83867338217,1650.35834034911,1816.87025142813,1590.46995641258,1663.67005708658,1568.72634651622
"458",1401.20483169048,1411.64913331969,1301.23033263532,1378.32489611941,1297.26641384314,1346.41044508352,1248.17816105838,1288.73375318913,1232.49504689959
"459",1648.97666943639,1707.0828166639,1486.01308086216,1368,1475.05915733208,1603.43885350885,1428.13834116426,1494.32508177703,1410.49538628931
"460",1769.24175451604,1881.11399783894,1656.50269190602,1717.29002266481,1623.52645235939,1727.17249903387,1551.21439145342,1592.92084246738,1519.5881340455
"461",1803.96948488898,1814.18253304445,1698.37539867312,1744.59862048856,1681.89727445823,1750.83150333647,1648.87792352403,1685.22332192715,1630.80181119389
"462",1316.50803164188,1349.10188773286,1218.05931211948,1247.54065276372,1194.61925127451,1289.31389722669,1172.4189440833,1191.8721520377,1146.51482202429
"463",2082.98978055145,2123.45522395542,1916.10506546534,1942.67224425282,1858.2220790819,2027.99244246765,1837.03489769007,1854.03666313313,1778.68878057095
"464",1906.47854700579,1945.69876557555,1605.00647081248,1607.89942052045,1529.50922789721,1843.35038408821,1543.77453442994,1531.3062417087,1464.48966673866
"465",1908.55262064065,1945.03301334582,1674.23532979994,1696.38123595752,1609.7089176896,1851.20864096753,1602.72047086726,1606.73316232625,1530.73761560302
"466",975,987,987,1172.35565565935,1063.2547393728,951,951,1109.06229256273,1031.98137907338
"467",1489.17046297791,1489.13799650479,1247.57649121536,1267.75395426689,1204.99466149125,1446.12531861006,1206.75472747561,1232.16242621118,1169.8606765769
"468",1331.62571930785,1339.68486891309,1204.94395592567,1241.85653023582,1177.89899772861,1287.48677612412,1161.79522003282,1181.30187452528,1129.66587993922
"469",1401.15816211517,1408.13899130057,1287.14326855121,1349.16742645174,1283.26381932736,1365.96553907501,1240.62217366505,1297.16099318984,1237.00670123892
"470",1753.54650105484,1831.9974892784,1642.89823185589,1577.17249800485,1538.56251290128,1710.65541515238,1561.07546393679,1501.58635458379,1470.7468218116
"471",1264.28299134512,1262.60595478176,1188.02765847865,1327.02435443513,1264.32077726837,1228.32714104901,1176.88052491845,1267.55364027341,1213.03272152924
"472",1961.6347549476,2039.59199042493,1770.02347130263,1701.23496727516,1637.41371486038,1891.40822222888,1665.55231702956,1609.04769724885,1555.51472991076
"473",1672.31946035983,1748.1275841637,1561.26793596133,1544.0723752983,1489.28193354442,1612.81275304585,1475.59161495686,1456.13609943738,1414.41037480015
"474",1888.82523869341,1931.30717911792,1650.70979076564,1831.09226878472,1712.08181006025,1771.16680291346,1543.01630502039,1753.66242429847,1644.80908352599
"475",1541.49305082461,1513.05262419364,1400.23548807049,1512.85916641318,1438.94344970307,1486.37915920388,1377.11047929099,1447.56147834308,1382.87394548045
"476",1469.8401707109,1482.98428629799,1410.44314233997,1469.6260579491,1412.06063105172,1426.05435670537,1361.71843637186,1415.5792423534,1363.47227352835
"477",1713.84568506657,1733.48651686284,1633.33911121915,1698.29524381959,1625.12743600261,1665.01546894362,1572.37190836386,1639.35895140966,1567.7729826587
"478",1285.1460711503,1296.20933910076,1322.80218338246,1369.34142058907,1288.4212725047,1102,1238.21711541947,1323.30527893852,1245.57430396868
"479",2056.2252806215,2105.58051651145,1855.09560240335,1823.75468309383,1749.92575152001,1986.58566252084,1767.97819295882,1735.41013619865,1670.09152635644
"480",1413.39629170492,1419.77983869895,1260.92603226785,1267.95279006799,1214.44601450887,1370.42382806396,1222.43431989104,1216.61222582501,1168.28151136177
"481",1607.39768986454,1620.60206527193,1375.58968898583,1394.66828541151,1330.74181837244,1577.2913748098,1334.67754611608,1326.63120781859,1271.53367538982
"482",1726.07891284977,1732.5457887364,1484.57721222375,1549.03949121571,1478.4200314204,1674.01266346641,1460.70092523839,1464.75815349323,1409.3621917828
"483",1913.2054207503,1936.51742423389,1789.71926331753,1776.50907892601,1721.08423563345,1856.97332839935,1719.62851425866,1703.78364247331,1653.68565723728
"484",1051.28627388354,1053,1053,1194.41121901995,1133.21419570115,1014,1014,1141.70915674175,1088.09422409569
"485",1694.60700231741,1736.24514078443,1399.54838531013,1444.84963457033,1362.80539730027,1675.25429537953,1343.26354078356,1380.20095131775,1303.74183189294
"486",1363.32557991178,1231,1231,1413.69667087323,1339.27263915836,1321.91543110172,1216.84063747207,1349.45690433088,1288.07177771002
"487",1973.81049667947,2020.3849292073,1798.20587595172,1846.79315708057,1749.25118308072,1918.79122686552,1724.1445419324,1751.09932100696,1669.61129915681
"488",1364.91461085678,1264.13183037303,1190194331300.4,1297.30772613408,1195.78821773162,1315.55330177991,32794350891304.3,1211.71094985191,1133.19759782138
"489",1527.20077853929,1498.44221503759,1251.80268889088,1405.98965687066,1312.21045901083,1484.33718627054,1163,1338.90095476057,1258.14818327735
"490",1795.73878734301,1835.6676187531,1616.12399276919,1632.60079250115,1556.4978298406,1748.59512877406,1552.34450057978,265490809.826727,1486.53415424576
"491",1332.51831178213,1380.6710683121,1325.84319334382,1358.7612891859,1287.58877446163,1284.51458749107,1281.62458390633,1306.63067093908,1240.5363172123
"492",1955.88421035343,1993.83688778376,1748.16392747371,1749.13686776331,1673.34573784067,1900.34542844966,1677.33048830837,1665.29730808746,1599.21915234645
"493",2054.53759131067,2117.0324287765,1747.54372855658,1798.7674648708,1691.86244160144,1976.0485217816,1662.14462629881,1707.70487283292,1614.31264116452
"494",1474.06545442182,1482.05089210892,1356.72895279187,1414.49140337081,1345.18238008373,1431.14081335051,1308.34580419764,1337.54724366797,1280.34469209937
"495",1563.45112369036,266752115.771568,1440.91884443284,1495.50562183597,1432.2938128444,1513.16955292886,1395.16609982,1406.26515158518,1361.08736431
"496",1077.11469347171,1073,1073,1228.98770203618,1165.05323497952,1037,1037,1174.28768335376,1117.79175817052
"497",1817.26615254136,1924.1499095042,1615.46280791421,1626.78527530913,1552.05749563605,1779.8273151864,1522.51882671053,1518.72253431317,1459.56676970691
"498",1521.69992577719,1561.53276536673,1402.9360334051,1464.59510286994,1388.28490899036,1487.43398281831,1348.72709743601,1397.51406666108,1332.5501691367
"499",1171.02703611015,1169.96087182738,1068.94912536976,1146.01972531171,1093.68964168448,1117.56329023315,1030.83392028632,1102.30196687082,1054.56687320986
"500",1021,1032,1032,14122263163.2028,1171.32555661845,997,997,1225.91531034265,1124.00556978351
