"","correct","wrong_link","poisson","negbin","oizt","Hurdlezt","ztoi"
"1",1105.68634656433,1129.26906050381,683.163334430159,1166.94583451435,852.817688470152,1049.05737112585,857.054449609088
"2",1211.85068617877,1143.72226337604,716.605429951899,1563.53589377013,858.509839911241,1143.80673831002,861.678046237733
"3",1063.36660209366,1095.42613528026,677.161302405657,1304.71012703349,846.175286542713,1039.28528782818,850.090644636972
"4",1080.6202843461,1120.95536068392,680.370742895947,1372.57346304543,837.413789309922,1030.03051903775,843.18172266283
"5",1110.15074945312,1137.44238708116,672.519182465537,1338.73352861946,815.301405103575,1000.55575748716,819.669741016621
"6",1129.3009196236,1130.48987375803,680.077755987843,1203.34856569607,857.603477297542,1094.31788340962,862.34848145869
"7",1223.54611647295,1137.03598007362,733.046214633417,1669.01217200847,842.477259367864,1118.20462965824,848.126538807214
"8",1077.76158203507,1131.43402762077,696.716893249875,1189.00062569206,855.166305877844,1063.54450056228,859.199114823298
"9",1060.45794131978,1090.36080824805,679.760281741484,1187.49017074578,837.057796109917,1012.15651523508,841.200379128827
"10",1260.80772362693,1256.83010424104,719.501832211905,1644.62090508938,886.542122098063,1154.56741391213,891.027474015333
"11",1155.04266313606,1168.42385855688,693.660392903076,1142.49064993131,853.984269965824,1082.02918221047,858.707147245423
"12",1078.23736549137,1098.37931241887,695.298536925121,1256.45750867215,840.713533970056,1034.81735620237,844.563980718275
"13",1199.3443861716,1101.25583464366,689.25054530079,1190.08911375882,828.329330903347,1152.16842564673,832.66289270959
"14",1098.72915299487,1099.95292758832,681.12895221436,1540.81503116551,848.588629759503,1056.01519002392,852.933267525809
"15",1074.71766566146,1106.95710695013,653.070247316388,1155.57998779761,823.087042275933,1032.16175018732,828.125555556522
"16",1367.64038944799,1185.35493020182,773.624373231185,1461.28663348601,874.652628242763,1209.69446977908,878.242704394914
"17",1073.15883409958,1097.04658275329,684.640906372173,1565.19076148922,841.49314780668,1013.85571313471,845.630308480666
"18",1120.36189628224,1127.24189611156,675.148915201181,1115.87617921136,849.276087188462,1065.97682711103,853.825675556885
"19",1097.50308137391,1127.96225881454,700.141342762407,1421.75668684506,854.461120757243,1041.85594412364,859.050004037777
"20",1073.66876410708,1098.95912649084,670.515515479105,1166.37197252863,843.75436140381,1046.53351696565,848.091809669666
"21",1128.14330133563,1128.62664780157,695.868202208061,1153.84399068534,871.230287688895,1077.57561240919,874.626491548323
"22",1108.81864587484,1115.24552105389,682.481111657233,1370.06917370097,852.671183499624,1052.48036240442,857.303375047037
"23",1060.944203249,1059.37072647239,675.170602442438,1208.06670350141,827.867011601143,1008.70738009466,830.958078154481
"24",1081.99664628195,1136.71153339399,700.512214240382,1001.0287081016,864.555737863139,1009.32555377694,868.737408503469
"25",1160.73003727127,1141.51836359859,691.875156588627,1172.50150221202,851.771482164283,1128.07475651434,856.543361575598
"26",1021.49839765194,1023.25133379733,648.991260303303,1008.0351775846,805.835214057626,974.956371203531,808.602454842764
"27",1164.59541334508,1152.88531845796,715.012567475943,1258.70697027152,882.926102009158,1131.77925991417,888.583457303632
"28",1088.79812620683,1105.30302582151,686.009900362333,1167.9194109594,849.756686377664,1050.2721380248,852.587114083023
"29",1107.89864188208,1115.31281726656,674.489518108134,1343.44527797688,826.722460055001,1030.23939921065,831.128654440908
"30",1051.37279731875,1555.8914402285,680.337181554382,1423.42316352148,848.515524372999,1030.71500688703,852.259100551516
"31",1066.01819267665,1074.35834815841,671.702432013935,1018.86343198528,821.27904308744,1011.94547259797,825.745941196028
"32",1093.68476895082,1107.92427248094,695.067956139211,1186.55886078614,836.224866626215,1053.46774677758,840.526651143512
"33",1071.72561638168,1087.28146651359,676.098190529344,1056.22886763993,827.781648482324,1030.46923504335,832.360798758021
"34",1093.0796165361,1123.95770676778,684.042573951557,1597.90793028122,849.278101511857,1015.12358150782,853.208494991105
"35",1141.84748516839,1182.70239606953,694.689571179166,1404.14133647762,839.203229649497,1050.49672904391,841.553762867184
"36",1146.87836302309,1164.48634005149,686.889521206189,1191.00745318028,851.977842538186,1063.86080925758,856.615819432491
"37",990.628886050297,1048.33960029661,636.282269574762,1175.60480008246,793.429648039025,951.46882829362,797.720414970748
"38",1028.62508562224,1049.2018997284,651.00618739601,1159.89528248665,816.64538731445,1000.70357561406,820.45811199328
"39",1079.16909553493,1094.92995473643,683.290482038628,1317.59257737906,840.40641926291,1040.37160481506,844.247922283446
"40",1039.24849896574,1033.91051143793,657.508311108794,1102.83169875063,835.390702327481,1005.71897814759,839.907643164911
"41",1134.72860779661,1103.58808344413,689.755624173205,1405.45942596605,849.418155287446,1103.26883938247,853.934385806062
"42",1130.2126000611,1102.43422579356,678.095901728935,1464.9670734741,828.269975481879,1057.05679619739,832.106755061929
"43",1054.13667897558,1060.01609131243,667.218431686969,1195.36772895082,830.129697432173,1000.54667306164,833.677502814964
"44",1045.65764811215,1072.97453551366,662.125863894875,1179.57898981742,814.130345706378,994.931909616446,819.954584956447
"45",1060.79557080196,1070.53219898206,662.913428238431,1140.7153590061,823.554333057958,996.237270842029,827.628300318303
"46",1037.73014126838,1065.10892777242,655.88986329405,987.767479038321,817.598174341114,977.140648530978,824.060014913118
"47",1168.93793582268,1142.49071482725,719.432577490035,1208.70154879335,866.684705287914,1095.45732049301,872.311085153613
"48",1127.76202524422,1122.5870397397,669.31365869972,1155.57666662258,834.10449431362,1077.96940054072,838.552902366665
"49",1199.51360900642,1383.17334505206,699.465728652552,1328.24613970888,867.100321815296,1172.81293989119,870.032493533945
"50",1098.06092111978,1099.86961348896,676.33242026058,1141.09986941045,848.040291506222,1062.62891903518,852.321904944948
"51",1088.99315726889,1081.42413527828,661.07036638855,1258.57671457928,822.150876175548,1040.33816937664,826.520258738523
"52",1096.00074257848,1105.48530299487,696.958640438809,1065.76029260159,870.583651514855,1033.16654111256,874.617143750571
"53",1003.29941908432,NA,656.500718185333,1058.1734054687,813.193991032394,979.46001222012,816.318827183935
"54",1066.38524030211,1073.59590440424,667.876941613563,1163.58405584223,839.065393046881,1014.07953484501,843.148221748425
"55",1123.40345165471,1128.32123003521,658.244731647752,1282.99896481054,812.338827059509,1102.97012437154,816.900237131212
"56",1080.92097376763,1118.85647683295,676.872052946672,1196.016397233,834.86111328919,986.542569791572,837.15491557418
"57",1083.35983129276,1092.58078720547,669.053254038345,1235.39448273747,836.190594991623,1035.02032408,840.46090849855
"58",1171.2485840268,1184.65946423514,705.310806661941,1399.09440187731,868.831247852419,1087.3081471035,873.418011154215
"59",1019.26498863833,1033.82178179796,642.453790120007,1039.98275947752,799.816340112143,966.851700457819,802.928663226471
"60",1192.53837570617,1167.99313161629,726.186072131337,1498.5637249119,896.491444143125,1181.55395123363,900.97885746089
"61",1053.30504992646,1081.43883502492,663.77353190252,969.397684951235,830.023391658288,1024.59847309631,834.065821759086
"62",1098.17471873422,1094.30674707822,697.798235083202,1057.65735164475,847.89083514416,1032.05672468272,851.752988211241
"63",1096.0156980554,1098.1779489004,681.746509392777,1321.21407363924,849.462030039888,1068.00168123263,854.018606334585
"64",1141.82983153606,1150.78028671686,683.160304654763,1205.84096361616,849.080552626106,1072.56662871499,856.727500189571
"65",1103.46312686805,1463.17565573749,672.638917990542,1162.89084397041,815.288882381147,1077.36505649532,819.427420149707
"66",1132.59138849902,1136.77498657465,688.95993914205,1391.89265309425,847.555339692264,1087.36303055306,850.985086403762
"67",1211.77960043502,1210.55321127895,723.14281811926,1413.20676249727,882.401564588774,1127.13524795386,887.049010008595
"68",1084.63612766608,1106.16996983491,668.2985833658,1396.47226599959,828.234069997217,1051.95643215427,832.512041268704
"69",1055.83979328082,1071.04516943846,664.111010937373,1112.01781414522,830.972175682066,1013.62494061699,833.988749472759
"70",1325.60402162023,1261.02719889769,786.710232834135,1652.26709255131,899.885316947078,1240.51838122605,905.160163642948
"71",1328.96291571558,1311.38403213794,721.977873425079,1457.39206711235,883.485502420835,1259.29544894073,889.110804908976
"72",1151.85733788195,1125.61676057362,697.133628271105,1206.52229963814,862.394160609934,1091.11699619438,868.158462760197
"73",1075.89577372336,1188.13266860854,679.61325684861,1046.32885240819,837.360156862597,1046.62815836998,840.569090554843
"74",1027.04900326648,1044.07057717491,638.608717786028,1078.18565885184,812.628263326886,983.668184803505,817.507665018529
"75",1192.00938383973,1228.02237557862,710.263943275113,1352.54261058756,879.844921292184,1167.74539785518,884.643556350325
"76",1099.46552044942,1108.04512296613,689.938299490898,1173.27193964471,862.921774304992,1074.09720242521,867.39150161279
"77",1072.22992709348,1107.75369069551,680.614122657643,1083.69559537119,852.462463309865,1027.18285136727,856.548291152767
"78",1044.65232458773,1124.60383799548,663.389851494118,1289.95881379003,823.786987866528,997.423583655841,829.039196742654
"79",1216.04403689243,1263.50709541907,709.809291160135,1257.62317833378,843.315749101731,1114.52294994845,854.24736595722
"80",1305.68292111941,1292.88622943069,735.165921091838,1972.99775320391,883.128442153872,1218.38865206289,887.215512887967
"81",1185.66436599367,1151.65972496738,701.255259459884,1211.05507967303,865.353380802759,1113.01874043686,870.31016953211
"82",1095.44731915802,1080.4342360918,669.683139502917,1178.82885854719,821.814817145553,1059.44990349051,830.059625224893
"83",1072.95667263932,1058.22106005597,665.698404092771,1382.25009086249,805.749134770406,1034.94281310004,810.314435047489
"84",1167.96912982757,1132.03203043586,712.670028940131,1243.6182574326,867.302754434345,1101.58006200497,872.492541649636
"85",1096.83326801758,1128.98164124329,687.276688142512,1200.19644623506,850.240599723725,1019.02543221173,853.553960718161
"86",1125.74335053258,1128.15129284498,691.025269439402,1286.94155489972,853.988630265766,1987.58026473484,859.426650647467
"87",1150.85039458224,1141.22294071431,685.550090574721,1301.5379275057,842.779389358404,1053.69806901789,847.312332119272
"88",1142.30705973916,1143.21074960006,698.311299182769,1112.77007574734,876.020246401278,1085.14196201112,881.461751496053
"89",1093.03862514154,1113.77477359561,676.60755751937,1181.92311518207,855.165535276433,1037.62052675113,859.350743965508
"90",1053.27788037689,1069.00644274429,667.813634166536,1538.88110789127,836.535396090704,1039.50747882467,840.84265509171
"91",1078.01106611056,1131.03139164491,686.177136773885,1237.90625513117,854.224170470433,1022.77728575531,858.707686516843
"92",1118.72993622565,1105.52950209745,669.146970154116,1267.80833449524,821.133613404872,1050.47972288446,825.35807636926
"93",1137.64703043415,1138.27005099585,694.246808931163,1159.82339932293,861.089938297995,1088.20500570854,865.705060233852
"94",1297.55145164777,1181.58831590467,734.833466184692,1224.9660033264,886.689421172804,1199.69290771848,889.447743531819
"95",1073.46643783146,1108.28077333988,687.647404781789,1044.49812183855,840.136066188481,1018.23625721488,844.766233595655
"96",1132.36976040259,1114.20702827462,700.052805644811,1158.27302594348,859.238080177828,1076.21837534913,865.833196791417
"97",1138.26860323539,1149.82209793521,705.05623311773,1840.73570556808,843.77735061781,1072.76031109508,849.506064338167
"98",1175.28736417806,1129.21538523651,701.814631260113,1145.23509830747,846.692152869189,1108.57649790918,851.411240869
"99",1095.06683197138,1128.28730498781,690.211647774268,1156.05070786128,848.9926797255,1075.8230329269,851.422563864105
"100",1124.18410168393,1116.93698442816,668.238522582176,1148.92411152446,834.653429145329,1099.39577576378,839.29679744431
"101",1093.02454162286,1103.11447805399,684.717106434433,1218.92755687069,846.127678103273,1033.36186390571,850.053721361134
"102",1084.88032644322,1086.73583203216,677.304099718846,1231.00223203045,843.145634381092,1061.92261812259,847.229818199652
"103",1025.49744882007,1091.61312345764,670.135504737032,1010.16627493882,827.116416758902,991.021204075477,830.98806796634
"104",1085.04018180595,1305.39360377391,680.77157644201,1175.13365102298,845.495233223055,1055.91039811974,850.190936118031
"105",1040.99606411637,1065.82841698461,654.958860492436,10482212463.9669,821.433404399468,983.911522064295,825.988433206105
"106",1099.83603920663,1102.31553074823,673.410528813472,1443.4311858298,838.197929723659,1036.96568870737,843.228886210132
"107",1086.72784220386,1139.12701487287,709.204395015985,1247.85431490799,851.159604739509,1006.69040397719,855.513830153392
"108",1063.47480912554,1062.13687130754,670.817475673626,130491930.381474,842.437985573923,1051.58306061599,846.395827916826
"109",1121.08137066634,1138.26980236558,693.775991938792,1399.69763242546,863.776063072481,1098.07535199855,868.75080407942
"110",1093.0714309116,NA,681.533441934827,1270.05763675827,852.398171459683,1039.31580447156,855.637391668109
"111",1088.24824720015,1091.40837513495,660.300956477014,1394.55337938177,831.421814571766,1071.22678373818,835.834783043043
"112",1125.27245943072,1130.71648628024,682.383967773984,1666.99052064662,831.915752404661,1056.01378029322,836.499079690678
"113",1247.5045256132,1193.78379972399,729.00098065725,1421.06912964872,906.98249073629,1165.49931480384,912.724641993173
"114",1046.6516218506,1088.72863190869,671.599976938901,1146.5469735624,834.750340240895,997.771049776957,840.245095447907
"115",1122.02091435414,1153.98798140362,694.697554106859,1274.27926821963,833.97178256206,1073.33504411477,836.993001985242
"116",1153.20284843962,1151.44591035959,677.259389780549,1163.50708503463,823.963476245868,1047.38399678735,827.093357607147
"117",1119.59170650302,1124.70088689515,689.387782802265,1171.81789379179,848.097366950676,1044.13042042581,856.362667557672
"118",1030.68200585556,1027.97688684956,641.799842167336,1112.60189323588,805.375750292854,1030.14103528686,809.611801600032
"119",1105.647330931,1106.45584871429,671.675233867773,1481.09503989612,813.913811480853,1046.55026552247,818.104482365476
"120",1128.48306268439,1130.24590620697,702.533337327728,1162.95846467013,851.721607432234,1039.83787306644,855.325385069597
"121",1118.80752453035,1473.13181465997,672.133082207687,1150.1807304052,822.699649831317,1073.81043523425,826.577789992107
"122",1088.82817645813,1129.24921592996,693.302242983325,1154.80060513942,842.099425590672,1010.09076229163,847.10035405621
"123",1098.14767329642,1077.43919481365,669.571920545239,1179.81201989471,821.053678763874,1063.19110249263,824.949439057983
"124",1066.27418072156,1096.88213038344,686.748209102181,995.201241189533,846.542799800425,1016.43546396574,848.55018529326
"125",1041.59204796742,1079.44008245697,662.792673591457,1121.04928028209,824.706154318424,1006.58679952951,828.757054035331
"126",1053.18786610685,1050.97713601288,692.462726673271,1281.59090005205,848.545569364084,1007.32264708613,852.584682596897
"127",1070.27802148609,1082.72380457225,659.726983030878,1845.08443988587,807.627793735318,1007.3108698445,811.957561566524
"128",1084.45500310194,1083.34098071468,672.811971694306,1170.45810427374,813.977368218751,1020.67069995142,818.466264364645
"129",1140.61357081635,1152.56303370479,692.962029286983,1565.61094075671,861.893342150142,1065.15447574084,866.401064948226
"130",1050.40669510469,1094.89706645077,676.236953932912,1160.3675904618,826.553808338444,992.622648544813,830.898646402203
"131",1087.33872991481,1108.25535220136,694.296289788868,1234.77863668044,816.548536089448,1035.39663421097,820.610804283865
"132",1095.15147577761,1105.15219558621,676.750380690456,1424.069182385,830.470913880528,1055.48145800277,835.194831018442
"133",1105.34392365176,1093.47343129804,670.614469258728,1190.92510884466,811.984518394848,1041.49565558897,817.348627240908
"134",1090.28331315259,1115.13239070589,675.643521870584,1121.51206800429,837.378567987594,1034.26314939874,840.749078689942
"135",1147.13655332063,1081.60514374873,685.5288784987,1356.4615162929,822.250448860139,1033.19343633333,826.007882247641
"136",1103.35861156391,1126.4311758089,690.139947219872,1109.75916960185,851.427062798704,1098.98515635608,855.9849514689
"137",1138.75887956274,1148.02452782793,685.366465798473,1142.60997526828,854.929003420899,1068.90818300687,859.591249416548
"138",1073.04071823057,1096.09251536177,689.806110227116,1165.94653376557,854.635494393617,1034.04800567717,858.725143410845
"139",1016.33036987665,1021.05873640566,644.594394754782,1024.84639859695,781.738603504959,967.221484605338,785.121036292914
"140",1182.15605221483,1137.03133286084,705.666607796753,1652.75522859825,856.926904063923,1116.47931641592,866.447289713695
"141",1034.542831753,1084.55548054056,681.628579234848,1269.54986041642,846.653135365667,986.541440322769,851.816441277404
"142",1135.71955442519,1130.29727809601,702.737483239882,NA,865.350934516535,1086.22555472922,869.709020498009
"143",1072.91131084074,1102.79497722542,698.50911406465,1093.92673983928,850.146202892719,1015.3563007624,853.383750670431
"144",1238.12173856239,1124.20341312887,702.369577452882,1295.1147018275,855.480394829167,1181.18776914393,860.523268351281
"145",1070.34669420269,1083.5225451807,682.682215833952,1114.53986780646,838.274281488307,1005.32174037389,841.574440588667
"146",1097.75114860471,1088.53971731485,669.283825065723,927.552649707916,835.286177640517,1045.65697172036,839.77412633383
"147",1127.45620096803,1139.90957623812,693.635722728748,1085.81462709871,860.492911543195,1070.47181875007,863.76671049922
"148",1168.39812384434,1127.82528597794,689.365679149871,1557.78515305627,863.708727949044,1100.1492961392,868.215420358884
"149",1050.23370482926,1057.5680403142,659.281945152027,1028.95175117374,815.236617422217,1011.13838088183,819.457791505844
"150",1127.92824138332,1109.07174522923,695.846698378474,1117.12969037308,841.547579228162,1072.67823677112,846.404018932374
"151",1007.60862685608,1072.74830780321,661.168357485413,985.514924455871,816.943254172059,956.99377923471,821.925403425284
"152",1062.60681565368,1070.22053383395,671.292613067954,1338.94210315839,831.092247741736,990.315284567078,834.629085490549
"153",1045.13808460498,1047.06467648319,660.614321739287,1229.95690394982,814.223800976363,990.843258795023,818.27705451085
"154",1021.42990233121,1040.34945136292,645.313765231679,1280.58559214125,810.09475625366,976.121061044821,814.233683770226
"155",1159.99397317364,1147.40649779842,695.945161586332,1148.02949110553,843.363547048475,1085.56995813529,846.463655521494
"156",1135.77317339253,1164.90596733127,711.348586089757,1281.01192474678,843.297004477824,1068.28682763361,853.240621915922
"157",1042.2161473579,1074.7247286305,669.657211387233,1276.91230367103,843.457006381068,997.921980179419,847.392776619295
"158",1102.01336777177,1130.54746468943,685.024932897519,1276.63997601726,871.1810230009,1089.19066648793,875.643661269193
"159",1087.67061392847,1122.73378834858,664.193270438441,2290.99239534706,836.874386663985,1033.81662325994,841.58632270968
"160",1146.08153575816,1155.24814360361,698.261740412746,1228.36066494574,851.692713113195,1073.56555926996,855.169426232688
"161",1305.06518389871,1135.39599938931,727.51087514412,1478.06843744308,856.318296563523,1201.76408999012,861.100111527237
"162",1157.76064966648,NA,701.593893316756,1239.8593259219,865.289422204021,1091.67721909378,869.658234396693
"163",1144.82400377137,1228.52247546946,737.039815670589,1184.29302641428,872.807850023058,1083.2092499453,877.411085007099
"164",1042.39923711394,1032.74272910382,626.271083037608,1295.15598663639,776.814541505275,999.736552454922,780.941963667903
"165",1115.53653351749,1109.42296528692,710.669180206966,1329.3227999006,842.505822512639,1050.48327234248,845.87847609374
"166",1119.81781900662,1130.22532418791,674.671796600018,1938.7007023589,857.522205942633,1040.14096804502,860.960183083428
"167",1204.61315114409,1170.90225742175,683.930119283342,1577.46179797562,862.513861284315,1177.1146246985,867.522504732103
"168",1063.05046309394,1083.19310156291,676.347879419035,1081.33086051702,836.188185935215,1001.31556287066,840.23761056821
"169",1245.18044247703,1235.38830101031,705.595988440157,1262.58797046907,884.304354360683,1164.273263065,888.837546698579
"170",1135.67760821413,1449.29562012104,676.395587635456,1319.53852795614,842.357461634984,1106.17759706028,846.290794261408
"171",1116.4738140435,1121.44741828992,697.473150873018,1274.22270244082,869.480609188353,1050.09343470644,871.855374426539
"172",1009.51478583658,1026.8061412372,644.5543491206,1162.35739845728,813.654552083961,966.206241733516,817.499114289489
"173",1105.34581183381,1118.75229012979,684.76429773164,1529.81404440687,856.816866269825,1079.39508701709,861.173370193912
"174",1128.69437990009,1134.34919477071,683.661692839827,1349.59017515206,844.745151991178,1070.98570010749,849.515879487945
"175",1059.70415912094,1079.63136146325,649.638000884262,1150.61594261817,819.618653785458,1028.79823585786,823.975566821655
"176",1187.48675504173,1133.64659934511,682.581814281558,1079.67216119005,845.324640726817,1151.38552305636,849.42912639246
"177",1135.60275732109,1134.21871090298,700.625436112509,1560.04267048666,881.274107802485,1102.34550420943,884.64686025952
"178",1152.58116728931,1133.8470885456,698.114815684474,1167.28183798802,855.273205144396,1065.28917310522,861.924757914938
"179",1162.71436947482,1169.60752373849,718.720407535589,1377.33354974247,861.922237352515,1125.49180527231,866.231839778243
"180",1088.41154289893,1103.31467220048,683.494229005647,1219.5085719491,829.342525853382,1055.58216734168,832.79617983518
"181",1020.36585619545,1024.48901736057,632.969098675047,1292.80431733975,784.483629126839,953.143625315769,787.427283518942
"182",1176.12784227576,1207.11001277758,729.63197604162,1271.81246246407,877.253950896696,1076.82908116237,882.061220425145
"183",987.686660735943,1023.90396066158,670.767174547255,1129.49201877196,817.686670309199,959.845927983974,821.200641257857
"184",1099.95869383999,1114.12306429314,671.288747964513,1058.33147457418,842.150642177492,1019.27468108822,849.280377688963
"185",1159.63047505115,1126.56430827465,703.784527156184,1049.01385509261,851.809901698586,1075.02172702495,856.281837144637
"186",1096.77627042088,1129.20188137736,702.53312768111,1071.36629091234,837.642948703982,1016.92691028537,841.837530972288
"187",1187.56246349637,1181.83274509638,716.199984112343,1991.48185854997,849.669270627256,1161.52789650608,854.3986855379
"188",1133.16301439501,1142.51928435597,698.995908368592,1147.14490663501,863.284332308261,1099.33136257086,867.823277378447
"189",1176.13084815969,1125.12032515236,698.946780096396,991.555189451796,861.340960951568,1092.08972732959,864.707297511122
"190",1117.74505560079,1129.75484004181,669.956900849031,1450.59099647058,843.926583169359,1065.25452224485,848.510200207193
"191",1083.11276658148,1103.74663445413,657.169524130719,1243.80107165319,828.336737730905,1064.4630289741,833.046664864142
"192",1068.32610834921,1096.61380151515,664.833215734491,1371.43648998724,823.577297453546,1013.49436882687,826.628868665204
"193",1092.84640339195,1117.45203894118,672.807437586781,1086.99282115283,833.817028162126,1049.6985926277,839.445607207333
"194",1138.78307657667,1121.73566911742,695.354963306597,1309.10658154418,843.38066633923,1048.84396501553,846.735210727349
"195",1051.71673629435,1109.78163958006,670.124107504136,935.720583526598,844.796839165587,1024.63673936329,847.472199625542
"196",1112.63870452286,1159.22267256232,685.3065898375,1241.50042683102,852.284006095593,1067.14864366212,856.283098011536
"197",1069.66993762323,1079.23481092138,648.824783273616,1109.72396841546,815.748900332761,997.846210045254,821.445543372061
"198",1069.64164323673,1103.63424940974,673.789229788281,1091.98390890524,842.126258361776,1012.69698411322,846.444966177895
"199",1094.36837281967,1135.04576642117,688.638931206973,1141.57448454589,856.74522297222,1041.9433738473,860.970118848266
"200",1133.53083367058,1135.8345541682,678.64168311231,1586.51373602741,837.876605120596,1060.36489272876,840.481744374285
"201",1061.38499526786,1068.13773345519,662.91712137677,1204.10961606231,820.515062619789,1014.68887078115,824.140808648235
"202",1138.98962881345,1122.91826723844,685.188970294751,1224.96945163993,845.399074598282,1053.04375690983,850.972387631899
"203",1084.98658771639,1091.39006643207,668.670996454589,1135.71298914124,831.018749924144,1031.64318018157,835.034931527801
"204",1045.99306693148,1051.41997978306,655.084576739853,997.797706217021,823.109554364271,1009.13073413499,827.941834822011
"205",1134.23846161792,1138.26437406366,690.033723481262,1457.12436406387,847.436312951652,1048.16724805844,851.64466603721
"206",1105.89986388223,1108.72845711563,687.321262478302,1148.31129105016,851.706144645413,1041.74748488185,856.171567737493
"207",1136.4358924982,1205.79023157668,716.415671092062,1199.82656225423,861.462620477825,1054.9300707243,865.08149467305
"208",1101.3609661527,1322.89557271668,667.233355924474,1240.6386582178,817.515988795488,1057.53652555357,821.921395599723
"209",1143.14379800945,1108.13818575281,699.676658569768,983.928086254107,824.806206642497,1042.04270426529,829.073322598076
"210",1078.60042759534,1078.88572101122,682.509125976906,1303.63511310452,841.51307682502,1039.60694173746,845.900545717508
"211",1107.6728246799,1093.30275491971,665.40314833203,1168.56524068137,820.836196489879,1054.43756572563,824.480722386325
"212",1111.02953721076,1122.46230517625,701.892931267069,1086.507727406,874.963406507287,1120.36538387981,878.912943241946
"213",1209.9850602718,1198.71906058156,714.703456317458,1152.35108146279,880.692177979493,1113.82892434533,885.739048975639
"214",1152.89476387956,1145.21654204868,677.453177863334,1116.33814437461,848.627711755405,1071.38228443508,853.53954737758
"215",1135.95424435252,1156.34432547391,691.171445836828,1213.72390258669,847.242883576749,1064.71991536937,851.861402328158
"216",1128.99039015189,1107.5045197333,700.041347160479,1070.85272802474,837.547914833676,1037.37034639655,846.256424588432
"217",1083.37644075976,1078.46839450807,670.439456415873,1271.285935484,833.059496854397,1020.81051359997,837.058147138824
"218",1159.37951989346,1153.77567123422,711.898022306916,1192.16107221916,879.183509903829,1065.87407629712,882.986884021487
"219",1137.83193427939,1169.58366302883,706.414443922245,1181.53042696234,864.049790176908,1056.06384387432,868.473259703597
"220",1215.97003805112,1172.65796957784,709.471380077902,1331.18691722212,874.798549503293,1158.48704907631,879.550065276396
"221",1093.21564144214,1118.17106788353,699.789014839812,1379.41614608112,862.339519392643,1026.14286670181,866.472119011885
"222",1184.98920041549,1211.18094917172,706.960708135782,1375.36883362333,875.603696983157,1083.62657000675,881.693418274004
"223",1119.65590979664,1124.87762700046,687.616790301248,41144712.9611628,864.006524048231,1122.90888900061,868.363847868842
"224",1096.49786017001,1115.00070300549,671.700859906937,1200.35041871899,855.625877197545,1095.41026158824,859.87691001804
"225",1082.06536787929,1094.45614704716,665.111969393515,1050.96371471736,830.493644670456,1031.33592913377,834.622798632123
"226",1015.32406049626,1046.91188605924,660.277592344749,1087.55673018284,818.458488774354,989.572678620974,822.24453276005
"227",1145.23842917747,1155.36437376097,688.416357852421,1148.01721864018,854.867818433522,1107.55819887051,860.107737656772
"228",1069.57254684275,1128.99649232808,707.488927344782,1444.04143456626,873.097107593474,1031.06109521105,877.590143744691
"229",1129.2779398609,1109.3343167417,681.343819634864,1138.19739529421,849.837440886942,1079.40143963522,854.457123416099
"230",1099.90811767697,1102.62018358693,684.734767995988,1241.00973642077,856.593894152977,1061.90100843016,860.83386464152
"231",1096.78633559381,1086.28451076122,688.652835373518,1114.67225389149,850.655671408442,1045.63767332995,854.370604517272
"232",1086.83556610029,1109.33729785956,678.44766334395,1134.89107780864,843.78354007766,1048.39027724865,848.860693340665
"233",1188.84415873642,1149.86999613171,709.449128078228,1228.57970817302,871.802018652997,1135.15369399268,875.914368820799
"234",1064.21882402935,1119.10827306689,681.046463786988,1188.65410816866,842.272678292454,1022.74032692354,845.563358776915
"235",1198.68714655729,1129.28950757126,690.094288711499,1409.91835182827,853.111283980817,1204.33527133591,865.575594913479
"236",1087.6006401828,1099.13522615815,664.908761489792,1236.02824592069,814.727334810686,1036.05803897569,819.466434889021
"237",1114.06611218241,1136.63810874777,688.987187810439,2032.20325533428,852.339219051492,1070.99705846539,856.55050380922
"238",1187.9586497706,1164.69939616842,720.863697938121,1102.34188285075,881.127921352135,1109.86542118317,885.294400824494
"239",1097.65967418544,1096.95416409844,698.582933179325,1116.26172712127,852.113697191556,1035.57353655906,856.211991007665
"240",1125.19258497598,1123.96852682274,688.510018352584,1051.42305409399,862.007295424316,1063.46991465232,868.21187320115
"241",1091.81745821824,1090.83970237365,669.542165291221,1207.38598124843,833.242459798575,1070.8571501081,838.235198462245
"242",1125.95258305049,1147.15992131392,717.97687320415,1329.45227459954,881.638463314096,1080.73335069136,885.638854687947
"243",1183.11547277122,1162.89969163798,701.89835143936,1232.87910298614,858.36612807291,1092.66189661902,862.934936818046
"244",1207.45197325881,1215.41294387366,720.957371356152,1320.92209185936,874.809358983549,1114.17900087893,879.091025016967
"245",1110.60928815759,1105.48879947976,681.630730252293,1374.92205647262,826.716324219967,1078.25936424048,831.687374906467
"246",1324.31558776783,1317.55811954143,721.80960700714,1824.75763831124,872.196809387495,1255.24361515832,879.018358039193
"247",1105.25576293685,NA,691.631272564682,1015.87240379151,853.046490110188,1027.16494988931,855.793959909739
"248",1067.46061260999,1084.91766664758,664.588671943982,1414.12413450702,827.384492942948,1043.27332531296,831.03340377692
"249",1097.30943317686,1126.09058446734,687.191596320056,1129.11352441958,835.166513913161,1032.41958322287,839.592602356015
"250",1100.75249286896,1118.15708364242,692.05925157827,1238.41789287372,865.859056782741,1059.71188190425,870.191261311958
"251",1156.06770804285,1162.20342769801,680.273720834408,1428.4945583653,867.742642520641,1071.87181701936,872.770842567823
"252",1177.4549834422,1157.21246596575,691.826212109096,1512.00167878275,847.37241443683,1099.6681049935,852.115958702721
"253",1138.20343830458,1159.54841830819,679.131545371983,1648.61164845668,856.030647989295,1084.50552258246,858.295829382763
"254",1211.60112030996,1206.57027928181,704.945996632063,1438.64043232853,879.18793834336,1163.81281718685,883.72758647865
"255",1071.98946350458,1105.47225391497,679.713577516562,1225.65503857933,848.45558275112,1040.57190309016,852.565905713195
"256",1102.84633076972,1115.29746393088,695.927338211303,1279.57119342343,867.942159617957,1042.46136657093,871.93861328326
"257",1131.20330824899,1142.27617780737,671.540258767596,1258.93646790941,834.800503354882,1085.19064482769,841.79738879349
"258",1202.38870435057,1210.49913084142,718.901389700841,1277.32541611139,892.932120318915,1111.42876743644,898.077147068368
"259",1138.95502502154,1122.30978496998,682.877534357756,1359.36401141304,855.01964574569,1094.52296153855,859.797221517077
"260",1085.47307895522,1108.30672224947,677.737087476916,1126.72132616336,834.09488289047,1017.44731015607,838.256431486898
"261",1074.5896927643,1081.85741223668,668.088938591747,1189.69731825148,831.974186550931,1018.8185478779,836.110894581583
"262",1073.26590508466,1078.81504095569,653.287421341662,1101.73277395521,812.596300120518,1018.54929656753,816.35519106991
"263",1100.41168571214,1115.23146746936,675.955226082675,1320.1395125631,829.544542277374,1039.50380591652,836.095064205796
"264",1108.16237728744,1103.46681724604,676.635072960671,1489.46983191218,842.186174820677,1084.66495426298,846.404086599743
"265",1157.8899330792,1107.41920875021,689.16638912489,1143.32248398986,838.784201648964,1101.98454354948,842.642269161196
"266",1225.59835809537,1220.49307792891,709.693212591244,1379.04864992435,877.830184911697,1157.17308911004,882.910283668739
"267",1191.87120730338,1123.96566522012,699.339696999574,1293.0880264503,853.253587819505,1121.75826558498,861.200313673946
"268",1115.52044308851,1130.62355369308,674.977473395501,1217.26654575585,858.859038024633,1064.79977156729,863.612361605808
"269",1405.75730204891,1351.79450278515,771.572706737243,1570.99587258382,894.446173672342,1233.37569239826,900.831417690212
"270",1084.39075079407,1095.95888599118,669.75483693626,1118.95723891095,825.570478634323,1060.50289982535,830.106894789574
"271",1091.16352296916,1188.59819526768,702.758516986226,1449.51864192866,834.176509305548,999.03759417051,836.348645832659
"272",1018.35345708576,1076.66368554856,672.128090267109,1085.66515885176,815.647114586588,959.324456653064,819.674531833724
"273",1153.65779375153,1143.67874548133,686.733796618359,1152.960784717,852.923580517544,1074.67316352519,857.001136473331
"274",1189.98767118056,1157.02423361717,707.612972780236,1275.73183273688,877.252902944687,1109.26617585536,881.83940970945
"275",1014.37138754148,1064.53977143051,665.681388118968,1256.72757641142,815.668408126863,982.254976411934,819.448963241062
"276",1087.34158485417,1096.60001082046,680.59653819729,1247.43944255794,846.126390309338,1043.03797485224,849.918212648581
"277",1148.80442722684,1135.27229424262,695.592917619094,1186.16891708482,838.457120818771,1043.59560074914,842.583424513058
"278",1249.50125434334,1196.95513581037,724.899126134812,1098.97962722939,897.001235475062,1151.29539169582,901.79937117436
"279",1170.14452251215,1154.67088476231,725.469109916544,1353.40981932849,894.328539367418,1131.23865574959,898.599227909567
"280",1168.62088602191,1173.98955928421,698.794504411106,1202.97333264757,865.246781995059,1121.89949952947,869.686008281603
"281",1100.81082392452,1133.58754287626,694.410263750555,1177.11483774707,843.944440824854,1056.75131471392,848.629301075823
"282",1095.23113217523,1110.09323102604,678.140856382248,1013.62402274877,852.237668839716,1041.06498535062,856.534463055342
"283",1091.78809690547,1129.66428841717,702.963563073432,1186.80649061475,828.118905455828,1034.07587592037,833.583357280174
"284",1106.57536968613,1130.06120261974,684.605815999002,3803674.15456884,851.464988812948,1071.32297780713,855.601273813107
"285",1121.61818420076,1131.97166680559,696.496965593954,1707.88651877341,879.049765805823,1084.36950519748,883.342899393978
"286",1236.61363113541,1244.15182812421,739.458792207581,1092.53940158006,850.918503206076,1138.38857609492,856.652839052605
"287",1080.3258076407,1077.3011729539,681.702207782457,1111.70996841961,830.020317319097,1028.02764592955,834.021665376311
"288",1142.25369097383,1147.23636800193,690.097036132781,1128.84203113177,835.417592605666,1071.07306483163,839.481544405451
"289",1120.0689586803,1123.9235047181,713.007199515794,1253.93483713841,839.913038824354,1056.66874861145,843.722092628604
"290",1142.96905366378,1154.05331711608,685.992246700211,1148.78578565594,845.392364680994,1043.91818836702,849.863621839005
"291",1122.99557730394,1126.3956569919,689.430520068693,1461.08425965764,851.888048235414,1044.41001888877,855.903065034797
"292",1172.01674906587,1166.36120516727,698.755656501963,326951946.208939,885.514512573563,1172.88232721684,889.914831252897
"293",1056.28785563864,1072.72366349872,656.84825181261,937.781871022604,811.275087160406,1000.2243567621,812.645444275277
"294",1131.67879921296,1132.58989498015,681.794639933243,1181.38207496351,837.087019565693,1081.54993632044,841.461537658055
"295",1147.80159709194,1116.48680587968,693.599449088836,1328.08792140298,854.734210335511,1090.04143674876,859.07307223941
"296",1054.13851080868,1088.36972791749,673.370772528325,1097.6282362789,836.94792230551,1013.70369970793,840.917893062899
"297",1142.22940937962,1168.171823078,700.591258376308,1107.25014342229,857.717554660905,1056.47638729331,861.203669690945
"298",1150.75173144692,1151.22386685226,690.896659648529,1482.77141993192,844.648007830175,1101.84744665533,849.129203483347
"299",1123.64811238403,1150.27244798558,694.666387848462,1359.23213962058,866.717669568504,1075.22672633093,871.402826513417
"300",1182.80870830478,1167.40114599266,690.944407103982,1460.95225705258,865.525403576622,1085.31917782865,871.081763589372
"301",1240.56832717075,1218.91565503302,726.950857089363,1129.3731311562,895.935154236977,1171.83543846902,900.505939245969
"302",1176.90183494107,1178.99706294077,700.058962103131,1420.35357003923,859.153379651523,1197.10183391549,864.314418729466
"303",1105.34392617912,1105.21361414248,690.944383917979,1149.6348071724,846.274489559566,1031.84664734276,850.273422572606
"304",1129.1671401894,1150.36272278295,674.288452914815,1257.75867189385,839.65271423554,1060.74552438997,842.718643094676
"305",1118.8749749052,1119.64245033238,686.309621053641,1055.63496736104,837.358734554731,1045.39985585047,842.364573343283
"306",1105.75131962094,1102.76265150881,688.652983144764,1197.82110138321,850.487253050516,1037.68494883734,855.294095955342
"307",1104.36638162619,1116.41304661146,678.142393699689,188946412.892893,853.63087990406,1078.87439335391,858.682473399406
"308",1072.57108608818,1075.73015087887,679.121366385538,957.618892897895,831.088177971428,991.622226927143,834.681727910877
"309",1152.97597280118,1151.81597585337,706.474397261174,1298.87195679945,881.129684099489,1093.2303342362,885.839954493732
"310",1103.85080594052,1108.08604511241,659.417554802213,1073.80092806316,828.394452284711,1013.8723891768,833.162704142573
"311",1109.74389044434,1095.31133915076,671.525225021075,1008.46134831767,825.074590587996,1075.30321242883,829.478096893748
"312",1170.45952618795,1178.29452661217,689.126246323723,1404.59532361245,855.425796175826,1091.87386985757,861.256326194244
"313",1095.18653208702,1107.23700008687,678.107083100091,1442.07471390057,846.780172344967,1065.6029801658,858.58773023696
"314",1185.96546794494,2726.20487180397,738.972611029965,1274.34629239473,868.241332170932,1146.71621065651,871.443250179683
"315",1138.47220887786,1167.34482828309,712.166950075255,1413.59403614824,880.666618530215,1076.03047030813,884.682743397964
"316",1087.52786213386,1104.22995856891,676.887333181497,1077.83572536773,852.004114010854,1040.14677119736,856.806648051654
"317",1044.5703026764,1078.25119113343,681.900605151696,1264.83497374508,843.632027990249,1006.67705627117,847.982479933423
"318",1071.04681228193,1196.78543815032,668.673634095645,1069.36959620477,821.791970171829,1034.26692836937,825.736144801779
"319",1044.77366932184,1077.54602332063,666.515603237178,1313.21656923896,837.636553888029,1002.79167197156,842.123597865424
"320",1064.22974502677,1063.27326661429,679.408621523289,1066.09990552214,849.165903974187,1047.27785617027,853.456916585226
"321",1051.4763504164,1062.40175519604,679.925764910922,1091.2586159749,831.145656154963,992.41239497578,835.656504771076
"322",1019.90544763413,1062.06060394299,644.671703789004,1067.66964433941,806.366258654788,976.615605757217,810.464305800928
"323",1085.52487741175,1110.60913874291,689.198926379893,1659.88939925891,853.701371174901,1034.12626471817,857.802256497556
"324",1065.01510835643,1072.60729653107,680.640755900722,NA,822.666067658006,1017.0224746217,826.702677064754
"325",1123.97553200726,1134.73382310011,692.648893215265,1201.04187600776,860.676118746543,1079.57685876113,865.481318400631
"326",1037.56659810961,1064.8694338475,662.43596428617,990.773210242161,806.989596314583,958.397267391535,810.284445419956
"327",1117.2820931389,1130.12562802255,687.577703640953,1246.83517439493,859.535873702278,1070.21292993886,866.65899528309
"328",1083.00641153004,1088.06486995783,679.60684595856,1101.74973363216,840.508356331748,1037.60811085469,843.206178832544
"329",1133.37757078837,1131.54687570242,675.904084226351,1253.45106418589,840.947424191758,1084.23270224862,846.543035948457
"330",1146.26386204898,1130.73778105174,689.121164804404,1308.31776527241,866.330824421262,1124.18273942822,870.865458204299
"331",1159.12650568358,1162.38097088993,701.560694828281,1375.29808435141,884.613432483274,1134.66223607815,889.207718325375
"332",1078.57786789346,1084.04552983048,680.262011859337,1124.30661289203,838.850036618511,1029.53019144811,842.907708075664
"333",1089.78047413912,1093.16225488258,666.127588363501,1162.6934422172,837.019994478735,1060.37170958122,841.868947240504
"334",1116.1038184751,1141.42152696787,699.164650125187,1540.11750707471,862.535607219609,1085.89356028037,866.848072682029
"335",1036.67898259916,1070.75800254811,661.269230252532,1134.57390822727,828.945390324458,986.399863996741,832.884647262659
"336",1091.81002808253,1109.42261451378,680.672224376578,1412.39925638551,852.393105345356,1056.67026929944,856.491170054092
"337",1132.88718536156,1211.60231224714,689.418231208852,1243.30013612611,859.29792492687,1073.19944139889,865.533043746586
"338",1068.55112691402,1095.47667077401,671.931528250709,1178.076479516,839.602065851157,1018.48977295988,843.531661188971
"339",1071.95442725288,1090.3019393439,659.351575669314,1092.65810104856,801.136660920512,1031.87279338424,806.312347795252
"340",994.495391092036,1048.58034368749,651.374013036898,876.516895237605,795.214343980308,951.235283682865,799.454126339783
"341",1090.33167156704,1095.09185240929,669.840756037049,13928762.4640407,843.962730957872,1065.9471556887,847.992505943433
"342",1040.49957930452,1077.90630322521,673.28737281065,1090.17217675054,844.987076343637,984.309083197768,847.379250511768
"343",1225.7166603428,1222.25916680805,695.67130748188,1436.54505988374,863.486942213923,1131.58899877613,866.57578723626
"344",1147.31961644839,1157.93891055493,713.769004241417,1153.27800420689,861.015481587061,1063.68853444589,866.570759378522
"345",1131.29523901522,1177.92840711309,696.955287003976,1331.86190841149,842.489935869061,1083.8214628115,846.703427557404
"346",1124.15464749891,1115.99311730916,693.710661650727,1353.03515709396,859.864438758881,1093.05664446392,864.872680656546
"347",1105.1202296592,1094.08109191348,670.983231137719,1159.17555347469,834.274988440732,1072.29676471102,835.891271094675
"348",1106.16370251486,1132.58033980924,693.984334422494,1312.32209879625,855.762814362626,1041.33680755554,860.079519658685
"349",1045.78734314776,1080.31712612169,667.017898273268,1250.96251542193,828.054573628059,1003.00194828029,832.287773559503
"350",1226.03607937471,1204.21263504346,730.024867523078,1298.12083939522,897.484018123024,1168.09531939587,902.587616350711
"351",1083.24194136968,1103.93084516341,667.43279355948,1358.23342704988,827.027531770781,1051.7421125846,831.507920927604
"352",1088.3748035418,1122.81770390113,687.397631431718,66634572.4656956,863.000985356482,1079.3956555016,867.269760212205
"353",1060.53365226967,1083.86274899032,656.611408722836,1036.82886619256,819.478382950791,1031.43271853905,823.766479964886
"354",1110.36709501928,1107.92013128868,680.604535137087,1289.86964576758,847.369545503534,1063.77624149095,852.926256401211
"355",1091.70664465249,1113.98003981407,686.5904693331,1308.0742191434,851.089944309454,1053.09150942568,855.054673679093
"356",1066.0503806129,1092.78168336205,681.148067905834,1176.43688516132,846.510242137576,1018.09247865198,851.297805844431
"357",1114.02233613107,1133.12556320847,675.525154518148,1123.47325606437,819.490993022905,1049.30934240747,821.805082207836
"358",1124.30137781843,1144.53542536181,728.82104713439,1452.55018212499,843.988232388785,1059.65022559926,848.466140895893
"359",1146.85261933696,1164.76036370155,699.297158940965,1545.0719605081,880.392271796291,1067.40819874301,884.379230579273
"360",1133.5142408514,1077.78141773983,676.122346787504,1106.0211141837,825.57675787951,1102.14276984502,829.482673019858
"361",1135.70974807934,1086.30950075534,679.884771406725,1341.11313810672,818.152252842436,1092.17062929547,822.943929393736
"362",1135.92705465815,1135.51444437075,691.466960985354,1922.41031226564,850.253934314912,1074.15147910184,855.286948264878
"363",1025.19862338607,1079.92823146536,651.939477415702,1021.90594461979,818.612836030787,978.767447573003,822.414337811305
"364",1055.50572715899,1097.5450503698,668.57367055094,1267.26045741597,827.184770591816,1012.16698726418,830.694580792439
"365",1133.46847011056,1150.88039855764,706.567856187713,1159.62560659766,850.633804311709,1096.21225077956,855.14857326918
"366",1136.92185689886,1221.07412499446,703.802727378756,1070.43086812754,843.20269476856,1098.57017954893,847.552553682378
"367",1093.08935015778,1118.80604063947,688.322685924231,1276.84574295943,844.170397789578,1037.60672013671,848.619395934632
"368",1038.68143799191,1072.23700214033,660.923759260298,1162.14503227458,822.313256900805,1000.98827936041,826.232054492441
"369",1139.60533175936,1119.16649865999,685.632827841858,1323.17382174559,840.87903837074,1083.77648569893,845.698877657059
"370",1142.14828413738,1145.35500026413,684.812996591865,1325.80352081491,855.154042314582,1077.91333214012,861.974085046539
"371",1114.67345433575,1097.11373134748,692.03778095388,1133.71173644514,835.123841692419,1034.81974609091,839.639743384959
"372",1083.84669032963,1077.1231644777,686.192780243818,1389.71871093007,864.483409408404,1045.76712729531,868.945930822727
"373",1098.27446998507,1116.91595708146,671.275291570474,1180.63562245534,834.790814580665,1053.17236902219,839.190393997146
"374",1075.48720151498,1171.13751897317,671.793534356876,1010.2141882978,819.911772398589,1031.42799952101,823.807796986334
"375",1229.81952475035,1186.9678165104,723.805168332517,1279.62423094718,874.32389279987,1104.89493174845,878.74958375668
"376",1172.3666749889,1222.34764141807,715.002386001754,1356.47744565131,833.491688224557,1054.62182720407,837.032067399683
"377",1106.6129290122,1139.15122228614,702.227960730588,1048.43743666075,864.961443942411,1049.21786973652,870.190029758486
"378",1109.00449881554,1119.88924706719,678.929607240263,1097.9094305073,831.208226691608,1026.19081042169,834.108759769087
"379",1088.59018188599,1096.80112905761,664.312696243924,1278.96004200843,823.682665822888,1027.07024133832,827.621947015299
"380",1122.15233716668,1111.89354480021,690.751254809621,1160.42712881014,834.685343767,1055.67165120764,837.70913633857
"381",1173.41728106777,1146.66444792531,701.956743237882,1168.7655899353,863.916920803913,1129.07288668421,869.146411015768
"382",1113.76670362428,1492.96502175537,691.070330971555,1093.0774770222,853.135690895919,1041.69633810581,856.264121789601
"383",1137.78410480363,1103.42274220064,692.902907483477,1095.45531555915,838.944748575598,1055.16716722575,843.768748985445
"384",1084.09293152003,1098.16218865601,676.982335069121,1335.67304984283,844.731973043483,1050.04823236757,847.964356979076
"385",1034.43771010066,1083.28869859878,667.151534156439,1033.16717576769,831.827451895789,987.748914257645,836.009701248625
"386",1106.47661517997,1110.94690595335,678.456856332731,1078.45188714389,859.297123141977,1044.70282528149,863.68297717254
"387",1052.59103936818,1103.92454657914,673.299015050015,1068.71415952547,833.197113268965,1028.94491722826,836.053692174335
"388",1120.4089978458,1111.1445666544,682.300560801194,1163.10204676486,857.504551639947,1104.62915318296,861.708259361048
"389",1046.85730122663,1056.97304545912,673.977577226702,871.014592498213,843.073515062032,1014.37085755549,847.685969999136
"390",1150.31984362037,1116.99638972266,681.102411086902,1228.66291567027,823.634446404365,1067.47583999748,829.457336425557
"391",1042.14316565658,1101.44409801174,678.226888614891,1128.10819351726,803.835458419729,966.17346771271,808.091449094408
"392",1130.36982345094,1130.50063711766,691.082359085124,1299.16000589584,852.596447608147,1071.55184329213,856.999242749243
"393",1149.04043139965,1354.96256200992,687.021062705983,1167.32467719263,845.697279040223,1125.57776300738,850.02383177621
"394",1143.48283855312,1121.85870349729,681.829997824423,1083.88826394876,844.44736950546,1064.46848735152,851.623938165349
"395",1094.56244306521,1091.74910577955,668.99011440816,1290.79191611353,831.645217083936,1064.08557149211,835.268078830836
"396",1097.49527757222,1094.5378008367,688.362335771469,962.527296411968,842.779566587561,1046.75022915457,846.20935646624
"397",1182.14648795219,1193.99925552036,739.718766685545,1487.73097314811,861.159378851407,1132.53850683728,865.230332936444
"398",1056.62322590772,1078.37934513981,718.27184725034,1180.93085162905,796.532557759253,999.594091693156,800.841176899027
"399",1082.09086032296,1128.47653523281,676.322501062518,1145.44982888038,837.29927012389,1031.57873112821,840.054621439204
"400",1122.66969075533,1154.13377709127,693.768543081723,1313.14265448126,869.269877954169,1075.6929872019,873.383868667877
"401",1067.73788709385,1128.16070412131,694.993088376053,1117.8598847264,846.196728273967,1019.81312068387,849.226747038396
"402",1076.44326643548,1121.58610716623,676.441745908674,23684740.9307578,851.347461732151,1034.72716463887,855.281890877214
"403",1106.98764838417,1162.27495544732,696.409826987638,1214.98917751479,856.542728858354,1034.20496682698,861.192056967615
"404",1129.08567434262,1121.56823549426,692.706436898543,1093.53388535286,843.765861416559,1072.30993976719,848.049508387434
"405",1023.71864121585,1079.50607846737,671.001214389045,981.552760221119,832.094487868075,987.860639947702,836.060365237474
"406",1083.32761564619,1083.44540288679,690.464281650775,1073.74230173997,856.407071139603,1036.17248598585,860.420373486499
"407",1184.34975367142,1166.28270699705,717.717410836298,1312.25308081516,879.450363425945,1208.15986017806,884.067124166301
"408",1143.76297854933,1142.38268179399,697.413247621869,1207.58768703702,865.908758240482,1097.18536337371,870.187569601296
"409",1227.08766962452,1145.70147662139,722.589167620914,NA,859.742181920607,1129.13798607015,863.15210991467
"410",1067.67217965858,1076.67217433001,665.763299269464,1238.7173127565,827.405541951233,1029.88514100672,830.821715750092
"411",1103.29557115843,1133.73359350958,690.075606894193,1334.23048781027,863.73718435489,1054.13163812618,867.800538642258
"412",1034.1168465189,NA,653.12292363737,972.539206008347,823.317253120004,991.198384629437,825.667822910189
"413",1160.16876794497,1184.99046190494,724.353288817288,1326.2089451314,879.436176168696,1108.0899535366,884.498585632451
"414",1101.45738700172,1121.3931252042,703.112841110547,1098.48512693901,869.913593259811,1031.38478364144,874.291786964336
"415",1108.79909733246,1135.05445098018,691.810985998514,1292.84582589501,841.212024041861,1042.60539911562,845.057556161203
"416",1186.41590061066,1191.17042495849,712.355878796933,969.35226532677,847.90268556891,1077.37771225081,852.343618555662
"417",1152.33158456961,1150.82620594096,705.71283429664,1558.06877540132,864.763911817148,1102.82172220739,869.136957482896
"418",1109.93032106922,1112.29803009953,688.672743563843,1052.40989341812,843.613321613873,1052.9673709638,848.075616886458
"419",1068.52640843366,1077.87604912373,650.958697476009,1149.44553075751,810.333325222781,1013.53888840883,814.487194135117
"420",1117.77255241566,1132.36001546315,685.554412291418,1325.30679398587,861.975239170688,1081.6938803946,866.529310653826
"421",1163.78088420124,1189.30664619573,697.652295850228,1279.77748880692,871.661284742599,1130.93900980947,875.662650688019
"422",1097.85675911124,1124.52903513106,670.254743738212,1470.59091647105,815.199114931301,1053.13250412033,819.690229899514
"423",1066.42289161885,1077.14805639035,654.373649780642,1354.6881334637,823.78345511172,1047.73495242949,827.985022383832
"424",1176.8166421741,1162.85317499694,688.281101807959,1299.14214007231,848.852331638009,1095.33898393337,852.849427090209
"425",1176.51047368959,1140.60652205198,719.955861951582,1167.90459536523,867.583645505787,1104.28473403723,871.539398346263
"426",1137.96511867134,1153.11396275719,692.480828431568,1049.79017295755,842.400168444887,1071.76072501905,846.892815084381
"427",1154.8026754732,1154.98124150759,714.782202121673,1433.20441513983,868.093811520662,1086.86373137682,872.820026028783
"428",1249.57075441114,1253.31561398035,716.50226556345,1376.97979550877,889.045019757483,1195.44760085401,894.029423725185
"429",1121.93400783765,1124.13804366809,684.971704785076,1163.92449406545,834.637891266046,1071.70031908089,838.958762804575
"430",1110.17788042814,1125.46012063192,671.056344281494,1064.45864618542,836.467844242544,1055.21968801873,841.254076969766
"431",1090.68252075147,1109.89587299434,658.146039629758,1156.37532551554,811.451366896683,1014.58351649613,815.037703190338
"432",1164.44714879014,1166.78231348889,709.100837690256,1727.43922555087,854.72377043619,1093.47505653229,859.325853877781
"433",1153.33160667987,1158.66794498637,710.671865618413,1220.25847730311,861.485879274916,1088.15291717733,865.654387068759
"434",1112.75343361436,1156.48447048224,699.875076577193,1468.74176869401,865.524851602962,1046.49012819099,869.704694008292
"435",1163.19522428905,1108.17371375027,688.42852906645,1263.08416794235,843.661472755001,1142.7217160522,848.254833116275
"436",1130.37654612255,1129.32093546782,694.218430435423,1397.17091288317,866.439816520373,1062.82955657388,871.103845139416
"437",1075.55924469428,1098.31270328485,687.432070443281,1032.79518181447,848.898439752629,1019.95394636112,857.320544262921
"438",1110.43592834554,1112.20644534826,677.33032686151,1053.70901779315,848.107915709796,1064.81987244764,854.256428330747
"439",1117.31586163564,1117.08786177092,693.099072180693,8168981605.72673,869.681355414043,1073.26139627493,873.859672902812
"440",1149.2469116381,1133.3895836971,697.4301554874,1085.23940617674,851.742942093721,1067.62612430882,856.151926673656
"441",1125.84607456103,1143.38592258196,700.953770534063,1485.15794032605,878.258387549739,1052.81827946318,883.157785186401
"442",1043.82947078348,1078.35890301854,671.058333244493,1305.89593559248,828.68479507111,997.760238351077,832.675778177496
"443",1013.77088165975,1057.79470262703,649.763219176202,1310.37842642413,813.340251002471,986.204297916661,817.160192167018
"444",1131.51213286641,1137.82301477306,703.156141348164,1272.29101369214,866.27439972825,1089.80308749357,869.082339360087
"445",1095.92987266757,1114.81856576235,685.296661215496,1089.63455830483,851.738327414589,1053.85505131196,856.734508028155
"446",1136.94364566716,1101.5131903747,686.209663009923,1410.09710870483,834.22885456869,1085.44402056546,838.760054952077
"447",1189.03384791015,1178.97784964963,696.27108754857,1323.12820604769,870.695403428094,1102.734497732,875.509409038899
"448",1053.17478747259,1046.16844750952,646.510921943335,1039.73893661317,805.435961331503,1020.76599531982,809.715888034374
"449",1044.73659354926,1057.21766248824,660.678689061828,969.320054465504,809.777586547397,999.280986296926,813.719226895945
"450",1136.3183963854,1112.70290851454,682.491281686127,1081.76965252133,849.722656306866,1109.40878030629,854.639933819949
"451",1210.71386273169,1154.11664989626,696.772342910022,1256.46744426667,862.09721266526,1158.63458092664,867.167109161114
"452",1147.66074460222,1116.40940211375,693.391292943729,1181.78769991786,852.345878180922,1095.50345531863,856.701749702027
"453",1140.00563484143,1151.18514937787,693.025736123041,1068.28503189473,853.499847166477,1069.39583491775,856.95970301472
"454",1191.05069613009,1160.54178206608,711.018304666923,1344.15874902943,874.577140985324,1134.55356665965,878.747267158234
"455",1022.80815884486,1038.38661269463,661.817214872599,1152.58083608451,831.8344583157,974.728772054632,835.90414317732
"456",1060.78117852069,1110.75390896586,669.799981644232,1538.10860486267,832.021871116661,1031.2454879349,836.127342410942
"457",1063.84373533971,1066.68062300789,665.498366457061,1201.13219182107,824.43041688373,987.088286037228,827.138568285592
"458",1050.12197362894,1048.36131993938,667.250381093661,1062.78883358372,833.563753857656,1019.5740784414,837.508576247351
"459",1196.06232126938,1172.41136105227,731.806383343476,1231.09403976282,880.423132409035,1158.94170089447,884.776548966335
"460",1155.30112131052,1156.48214811587,702.951654970673,1296.6444357882,878.406788500783,1093.36303279017,881.902567019324
"461",1104.97744602043,1109.28427494056,695.494901615227,1204.30512116169,841.533831255896,1054.53113095612,845.584723820165
"462",1041.4827099837,1108.75462008153,665.104568438599,1564.20825595715,840.136550027572,1023.52138310421,844.287337292598
"463",1037.03868033644,1044.07768115912,675.563364252924,1323.23784353454,844.020659047401,1019.77105969441,848.513687543003
"464",1067.27443679997,1052.53832206422,665.865039296624,1088.84293736945,805.379672939281,1018.57816946596,809.774411551594
"465",1031.65736799582,1027.36894252414,658.930940240733,1798.01662631494,826.329939609486,994.397024853493,831.206601157351
"466",1251.34696990859,1233.75352855488,738.910725031432,1375.17234935897,893.682651125034,1128.48743415974,897.337862201757
"467",1101.63465135957,1122.84875604397,696.167186767729,1025.80175264866,868.088223210105,1045.18375273583,871.25611780315
"468",1112.714075368,1079.59253352059,652.326471949056,1270.123437222,814.294436433003,1080.28741891431,818.349021834778
"469",1112.92743790453,1134.89110122261,699.71412320572,1274.30026268919,871.999367194135,1066.41716874666,876.156559741393
"470",1106.31656431403,1096.97260793859,683.99682704007,1163.79326294592,846.579976562984,1045.89850469192,850.053182683485
"471",1061.71974336484,1126.58515150105,691.673817618337,1067.00808826034,848.81386336976,1032.15198666165,854.830595213142
"472",1195.64049092248,1162.10602274552,701.935069048934,1586.89621016365,861.573248257002,1132.91909169617,866.245128590434
"473",1089.11272899802,1116.73096253496,669.100692367944,1052.63296664063,836.571302638537,1045.59084221974,840.978305149772
"474",1216.13708299244,1692.51450972799,725.797446000617,1267.53580070432,881.038605706472,1137.52738871568,885.488851626821
"475",1131.1498980224,1101.85798521615,685.056131740025,1315.50912515942,843.442428441786,1112.73556738727,846.56710155186
"476",1121.93504833012,1098.22418136148,684.021259333686,1262.59955509218,839.819371343173,1058.90986505274,845.292586082267
"477",1138.7660288579,1137.72698843205,700.762337006928,1258.47809411505,867.142964990795,1088.13088405103,872.447759492496
"478",1048.53086736755,1049.56004532282,669.142140778602,1033.05716708234,823.940143007034,999.032693483744,827.961273487964
"479",1075.3534415371,1089.08966592804,690.623464977893,1117.57617155994,847.364782080922,1028.97586680797,850.924078041523
"480",1135.72871944542,1148.68746219662,706.854786988952,1527.18982466382,854.947591843507,1064.36621784569,859.625521699876
"481",1080.58706531163,1061.60600399567,658.623028778682,1057.95194482455,812.167285469641,1013.19255359593,815.04423828599
"482",1041.84169979524,1044.39142428096,650.596992074882,1283.33514566199,818.03407635591,985.035284050142,822.72193572203
"483",1058.80536263917,1062.00379617598,664.374999407218,1052.76031200288,822.212999026249,1005.75794832357,828.173385597166
"484",1233.35723387675,1183.61973183924,750.49517521812,1247.88082714583,860.862209589656,1163.50461476685,865.839089653134
"485",1070.30231011193,1076.57187444419,666.67155028891,133897343.426649,834.800646187255,1008.65986209431,838.919585474367
"486",1119.80017557836,1069.15606517415,659.873955428216,1122.39309893555,819.477909383474,1044.42646460796,821.58915488987
"487",1078.83904725039,1106.77913702833,685.930504604831,1039.52760563637,852.782184628085,1039.45373900649,855.633157063487
"488",1110.76253179112,1132.82635943158,706.396986123351,961.386319774945,872.027309882379,1076.54420084358,875.350661356181
"489",1158.17825572408,1159.99370973453,715.313716012946,1573.86054086161,867.459405862707,1087.25466682076,871.375296256397
"490",1086.7710729092,1095.39245557328,676.056156603747,1282.54558359173,829.505612735912,1060.14021538623,833.848224290926
"491",1189.7675950624,1184.76986110322,742.756277345055,1182.63324368845,893.915625749506,1117.77012161276,895.96896568987
"492",1073.95202093041,1065.13564066916,656.165446863217,1140.54543308934,814.296809711053,1036.36319152898,818.738800917774
"493",1139.5226963505,1144.32770572357,706.782926304292,1569.81472202556,861.865365230439,1080.88829769745,866.637342700585
"494",1189.05242069306,1110.8603157948,701.153985331106,1191.02596796954,849.228059566531,1137.60485876774,854.112523353398
"495",1101.04566929917,1131.60148722632,696.923520716708,1084.95636134022,848.783864376214,1048.33297144411,852.1959943113
"496",1113.63500212027,1153.68798368181,704.922231157852,1380.54213366652,862.200360333042,1050.18551729539,866.578405748973
"497",987.658465851918,1035.603416768,643.138383991794,1066.08469800879,797.168984497612,954.704541820888,800.889362214669
"498",1105.7246183041,1151.60746059645,706.502380893796,1001.45388566081,866.193946575227,1032.49688414955,871.395843621669
"499",1160.51765375765,1200.45855364905,715.633769590824,1916.91577072574,869.43767236501,1101.56973035976,874.019621209922
"500",1074.4985652165,1079.28661546212,673.958703772212,1146.49635336273,851.526418592524,1045.4146402644,855.679354017105
