"","correct","wrong_link","poisson","negbin","oizt","Hurdlezt","ztoi"
"1",1060.19143841068,985.721367241369,695.688784917256,1041.76296261578,850.876547306373,1049.15886800108,1049.15886800108
"2",966.59134109598,859.538411204136,661.192254752676,1045.90239079962,798.71494628439,953.024072786254,953.024072786254
"3",1000.03982234921,888.002565153644,672.820285308515,1033.37250045951,818.320929689859,961.351103218419,961.351103218419
"4",982.47426626383,872.692021419955,695.204125029765,1036.93545882042,829.505456320502,994.394702537168,994.394702537168
"5",990.517059172279,903.618666775635,678.848540512239,990.508833366329,816.593102278339,970.887519361369,970.887519361369
"6",922.650487791,917.9377585253,628.714845071135,820.312011227279,775.458253409226,913.247843615487,913.247843615487
"7",940.380669868227,832.884458396408,634.778325947976,909.260272451425,777.151815655362,901.628119114303,901.628119114303
"8",1059.92837055322,1012.84585786952,685.919416721336,1150.56798078043,842.652888235791,1073.48171410327,1073.48171410327
"9",1005.94742645592,988.9532174329,653.848973766276,1363.64526145374,806.10864603378,970.124460496279,970.124460496279
"10",996.807983700528,917.433741167844,683.391824480349,964.121321833195,798.551429957796,976.133968967871,976.133968967871
"11",982.408042306739,904.563504638058,680.287812191106,1147.50943552818,827.045237509603,975.881476811454,975.881476811454
"12",1016.81847762551,979.633832294694,693.095268420474,1039.84924820438,842.716681319464,977.770035599787,977.770035599787
"13",1009.86488811174,935.436819138323,656.604088016226,960.232216724667,804.226855745898,977.450058987303,977.450058987303
"14",1012.44337859378,847.103310062801,683.478420812199,178877811.117839,813.376571467209,966.780498616228,966.780498616228
"15",932.339865777325,867.515016000891,668.817140982327,933.828826283983,812.785426263642,939.272603247522,939.272603247522
"16",1108.35427554264,1041.58500834344,713.133809804942,1322.25502752061,875.051453459051,1071.74217555975,1071.74217555975
"17",1004.62394345458,954.15467852801,697.086151487251,1005.90080812295,852.114941560539,1002.72231541403,1002.72231541403
"18",1013.73792718074,889.97276493573,664.580144039522,930.09323650411,821.454788010063,977.044873116662,977.044873116662
"19",1037.56448235019,948.471807621775,694.916553063965,1016.43195064762,816.81988497381,980.961149217392,980.961149217392
"20",966.761988440368,935.924867985208,665.496613917023,821.525471268887,812.969474809185,958.068626236558,958.068626236558
"21",988.499983147981,920.51503283222,655.403683795392,1097.42632431442,807.603632650539,988.572097821387,988.572097821387
"22",976.223390708513,937.082167045733,655.862434063341,3086684.18750258,783.369097421255,928.215936388259,928.215936388259
"23",1104.95498057228,886.132348134747,704.863632099788,973.971267181956,846.288005177006,1048.99824798551,1048.99824798551
"24",1011.0084047483,949.74937787109,690.293054593694,1050.94113803432,835.080150196027,1006.27051131937,1006.27051131937
"25",1112.69853916356,940.301585841682,705.787205729171,1124.24958366151,838.079607365742,1074.12618907842,1074.12618907842
"26",1026.49807910942,980.346912416788,653.552198761738,964.753350106144,792.308294080247,994.13404247786,994.13404247786
"27",920.766321623795,898.166106866263,652.777838864518,863.254486118533,791.361476090109,891.918773436742,891.918773436742
"28",935.802268662927,874.015355114381,655.078857225851,884.372432270984,798.103447765884,910.048527325889,910.048527325889
"29",1081.13834102745,964.753944731639,663.722123313801,975.295266555884,806.295075574531,1016.26605866985,1016.26605866985
"30",1050.14418921544,1009.06412119777,704.844826557199,993.975307178121,856.533559831194,1020.36119723296,1020.36119723296
"31",1120.47909735825,1030.67569173658,703.728325406923,1030.48480625156,842.564525218124,1063.75076671741,1063.75076671741
"32",969.325478771516,958.060655269767,666.483541722292,900.711264122047,811.939263774558,954.278545766184,954.278545766184
"33",1007.04178618104,938.859094172687,668.147671043268,968.781850503183,816.672731090317,989.423762243725,989.423762243725
"34",959.140060241443,957.04479106958,656.460801233777,935.716776037585,803.55729552247,922.318740893388,922.318740893388
"35",947.194967075673,937.102575104543,655.483654198125,842.328574229046,801.203615475377,931.940815070265,931.940815070265
"36",890.135717036818,891.565299675165,649.982586811165,869.788951187684,786.76980114448,862.095358188331,862.095358188331
"37",937.415890397274,929.548301556953,656.884397738258,1322.30769881573,801.521449562602,907.651948935197,907.651948935197
"38",974.541132805807,882.255107426319,663.174945662338,1097.56383590752,809.099807500074,999.860158273593,999.860158273593
"39",1003.73303860719,976.885361669279,657.393672621887,933.234377754691,805.905408900871,976.855557334609,976.855557334609
"40",1061.51072565798,966.481803157434,688.638691043902,1058.18624574198,828.546252139366,997.400295144598,997.400295144598
"41",949.626854277821,898.066062467349,640.799694816506,960.500484698121,783.67782773016,961.774769469175,961.774769469175
"42",982.46540650532,923.148317143563,670.110084039986,874.239121824091,809.037374248484,970.9520976897,970.9520976897
"43",959.441913677717,924.710241312013,641.765040112915,1028.8343172439,783.616219462807,935.932362757177,935.932362757177
"44",979.354910561546,958.225331860977,673.133070917165,952.99098385761,825.620116231329,959.577549491277,959.577549491277
"45",952.242214740874,832.305724093156,655.328476427177,1033.24966790986,794.748736002269,929.094432575925,929.094432575925
"46",1078.87446483172,1022.79019084419,696.889334137801,1389.10270344749,846.317038756575,1030.04040245826,1030.04040245826
"47",973.876754717688,961.50213162398,669.854285553799,936.317994511111,819.124271982461,967.69984790316,967.69984790316
"48",952.007014426853,941.117144852417,665.943354881368,1041.13406293348,781.577563649153,910.259735784674,910.259735784674
"49",1033.10142426659,872.610415223817,691.110153176379,983.541566330509,832.82160754669,1016.51519253956,1016.51519253956
"50",1043.0531383073,991.872690433551,700.918975756988,1016.82145558854,836.304656354573,986.88349784131,986.88349784131
"51",1027.01053153332,1005.39243401039,678.821052736533,1067.44061238603,817.578778195732,990.321884001672,990.321884001672
"52",1041.87900639093,1021.37492761141,690.913129724085,918.120051458608,831.105400825692,1018.6304985539,1018.6304985539
"53",1083.14100340286,863.652173922705,676.066387961537,5078633284.0079,821.746731033836,1027.057677708,1027.057677708
"54",967.438992517288,904.189723371617,673.133938793268,1056.04404118025,816.369106442381,981.176688485569,981.176688485569
"55",1058.31961599701,907.487848611507,695.934215826218,1036.94715352043,837.50660411133,1025.01557922302,1025.01557922302
"56",1056.02154394475,925.368922130906,678.428543890066,437277572.184721,809.327843043526,1012.95566774645,1012.95566774645
"57",992.641528876214,942.048608258021,673.302342874324,973.136410812389,809.887368068737,979.34485838347,979.34485838347
"58",1049.32266771592,902.830889302443,686.179121977217,1012.58474514593,835.419768347125,1016.51484316076,1016.51484316076
"59",1063.93961675713,1046.07562166841,681.891711109573,890.863364646713,822.177114815965,986.31496478296,986.31496478296
"60",1000.47800654771,923.739352939222,660.563023365423,1222.51336333172,800.792348253837,938.560550159228,938.560550159228
"61",910.575172474362,910.739473528642,644.025865581703,872.461516991034,774.554031057473,882.436578372151,882.436578372151
"62",995.812729403227,942.249708363867,675.792531108294,924.218780931514,825.147536635953,990.923433262664,990.923433262664
"63",1024.13944949896,998.156543684688,671.247362845384,1109.03520865339,823.84284390879,995.95528188325,995.95528188325
"64",961.193068847979,920.058878850723,664.415760034742,989.466649835506,794.86896949011,939.284313081502,939.284313081502
"65",984.132177501906,959.128504051422,650.736766828213,897.162124068742,793.217207068701,950.074582426587,950.074582426587
"66",907.652246618886,828.426903424024,645.825107673452,896.629473001048,777.206793511838,910.110221587321,910.110221587321
"67",951.481347641016,881.811536940233,648.042785780306,922.763965150735,787.977234990579,944.219583543944,944.219583543944
"68",1046.51433857347,989.749285761059,681.935817791481,987.196924665508,795.475849880044,994.848719189872,994.848719189872
"69",994.089245804729,973.701004351068,664.128540315485,907.35482908424,821.682144812359,980.466182066611,980.466182066611
"70",1075.14208054131,1007.63725787894,699.446568504224,1121.54804498542,847.254708371014,1004.73525108452,1004.73525108452
"71",1096.93696233548,1031.46729645048,710.757734220929,1025.96448729295,872.746369774512,1071.20374595727,1071.20374595727
"72",1069.14037965813,1020.46311116922,701.053574669684,1011.64410442216,846.20516463142,1055.56285039081,1055.56285039081
"73",975.92337546429,881.388699879498,669.500418458948,939.207822560791,812.785829566462,959.588403622029,959.588403622029
"74",961.906647518738,935.650341273038,663.268154953221,938.540990189182,807.49221707569,962.682838008335,962.682838008335
"75",921.348270345893,851.714398671768,658.841887436527,1023.61061289895,801.616191174663,920.868141156252,920.868141156252
"76",970.127335489315,924.626659653148,669.822256945166,1013.88234088149,818.712510032244,959.757815494341,959.757815494341
"77",1060.99598780503,1003.26614931893,696.420752511082,1008.21561565416,839.055746862089,1014.6796199946,1014.6796199946
"78",1006.55501806158,948.466661528969,662.817963816908,991.188531445214,809.155246006221,992.18545413969,992.18545413969
"79",910.75617181018,811.480064038781,626.151870735843,1139.8532595322,764.308831478754,931.651417530089,931.651417530089
"80",958.198632568806,873.093947235236,648.850141854383,878.311906117444,785.475396904526,923.347390258734,923.347390258734
"81",1094.11358315919,1036.54210340557,710.438653433653,964.899305868346,839.64174337824,1051.95506647397,1051.95506647397
"82",1093.91435429713,846.046904136227,688.345565711703,12094744.0641045,794.490199977158,1014.41216809087,1014.41216809087
"83",981.543264876492,973.174519806676,661.721596298909,891.910754313529,802.622499695801,968.790458935703,968.790458935703
"84",968.808060193003,877.231856723021,641.96153985085,821.223978012587,789.133488217762,951.474181879113,951.474181879113
"85",1040.13056769198,1007.95017087154,682.068789006617,968.273970846412,836.776042976119,1006.10310158191,1006.10310158191
"86",1021.44209097891,915.564967522221,679.604813530611,971.782348597523,827.217239579225,1035.16493254144,1035.16493254144
"87",920.576023530172,847.404891490283,642.852169147861,921.894976734534,785.980303466732,912.937230405946,912.937230405946
"88",977.646584453198,912.316611611373,640.54577665781,994.117677386042,784.198959769899,948.155736178359,948.155736178359
"89",951.027601116517,821.664344159017,652.048218893706,895.564664993636,790.850769946253,923.798953406892,923.798953406892
"90",1003.39259075745,1004.04898593361,674.175335323,924.683765408237,818.547975236102,966.33520760288,966.33520760288
"91",907.253375203763,904.64979623275,634.606268345934,874.875105051008,772.004342284833,877.131716963887,877.131716963887
"92",939.395318039377,887.761439029192,656.338038207125,890.55893193182,795.418974230527,935.134597922708,935.134597922708
"93",1004.69759725062,890.426664534162,681.468179715738,20652360.3739893,820.750748470282,955.762460000814,955.762460000814
"94",1034.79676900191,1021.29073015624,694.454003073066,1128.64839903293,838.208599273537,1001.69031349292,1001.69031349292
"95",921.268478865238,846.21553026636,642.364798239173,991.59740368923,786.690092114948,956.584038788095,956.584038788095
"96",1018.15680942795,956.473768821008,702.718111280837,962.227409694255,845.202764920713,992.372396771913,992.372396771913
"97",947.481993660212,895.57844865056,657.091449385149,1001.29970896814,811.108372956818,948.207936113948,948.207936113948
"98",1002.93325684305,893.422388018223,670.739147173274,917.886505904433,806.459314760102,975.712356179263,975.712356179263
"99",1041.4571616478,975.362241142353,696.137112677153,1042.73862135635,844.189885035295,1000.21635583308,1000.21635583308
"100",977.448760546312,954.525928496769,659.334786439314,939.914751941488,801.865428739344,956.548210237822,956.548210237822
"101",996.932048985032,958.950999947975,679.175360836859,1047.4237365777,813.952627241624,958.214051959469,958.214051959469
"102",1010.5484780947,930.521106921783,673.0704031354,991.716128447915,808.906267420561,965.578971955527,965.578971955527
"103",997.045142801325,899.869547417161,681.20328398415,1216.27629927475,804.931969486285,977.992317409376,977.992317409376
"104",945.145437387963,901.292366324894,640.487174737291,1202.12570304104,781.87806904289,933.784979058193,933.784979058193
"105",990.121383821003,961.208908362369,670.722463746363,1033.64665305292,818.456086617598,959.392711200442,959.392711200442
"106",1042.19124949194,937.494361475509,697.40826049964,1109.40382394444,846.347584952292,1016.094369581,1016.094369581
"107",1043.48225340648,914.020342057334,683.604092206439,1115.79651507799,820.397964787396,1004.17626050588,1004.17626050588
"108",1021.42372962303,944.875467135717,672.434497545796,1023.96029878266,825.22644142588,986.77169694195,986.77169694195
"109",929.385225067245,880.255919167079,643.353263434109,882.846261716607,777.110677828671,910.64422482885,910.64422482885
"110",1036.89158011624,1035.46587190854,687.504659791026,1118.84179120763,851.845356503776,1032.09240705221,1032.09240705221
"111",1065.45635726509,1007.45808120021,685.479583620502,1085.85013493681,842.217292160644,1040.18851570503,1040.18851570503
"112",1066.24049506754,1020.69600167819,702.0568150896,1026.95733936117,839.553048320386,1016.28973192878,1016.28973192878
"113",939.25051022837,922.848557211235,643.1348213855,1058.10917504163,789.723348601254,937.296197076668,937.296197076668
"114",1002.3795700347,978.538780409345,643.392755169171,1110.002549967,785.346346615199,966.067643170937,966.067643170937
"115",944.778604512885,928.39409156957,652.275232016679,968.554695156288,788.930497252705,920.775010103155,920.775010103155
"116",936.779401912709,922.850335923603,660.0279497521,861.20084112882,811.917655514907,921.98569250111,921.98569250111
"117",1026.36130365847,991.13580121012,664.694739709514,1038.21466146048,802.458103170658,985.411124439295,985.411124439295
"118",971.793061116038,935.119192154865,654.100233537378,923.760012988138,800.174156151637,937.520581127813,937.520581127813
"119",977.450191173662,907.151203004086,655.638206722535,931.288749557167,788.533920401551,972.607337009005,972.607337009005
"120",1041.24906153783,970.162511308932,688.416130449394,913.594390662945,835.482689127093,989.565263638897,989.565263638897
"121",971.951480551974,953.953419714939,660.978450035195,969.926532644385,808.764415711853,948.646653465376,948.646653465376
"122",1033.69679240319,1000.44909432486,691.9166254013,1082.96806166343,834.194897945473,1013.11627769162,1013.11627769162
"123",975.823895832509,924.924828927079,661.825549436682,1022.56634443951,812.667800770358,964.704063288777,964.704063288777
"124",937.699390048846,848.580152800156,656.961318179078,954.909175153481,786.86463928284,903.813769093225,903.813769093225
"125",1027.08337415917,973.12890994669,671.20989264929,954.932925849679,808.619879382702,969.446818985348,969.446818985348
"126",973.155303543248,855.942122022472,680.366004165875,918.414614663722,820.723993089394,996.731075030633,996.731075030633
"127",974.117787104382,966.505256567008,683.384229206458,896.720466133996,829.7349691215,956.64243956238,956.64243956238
"128",1037.25162942906,984.948673819969,712.49025531678,4580491.77946644,850.771384633938,989.364808865744,989.364808865744
"129",1035.19392197702,930.556410544178,697.564144986847,1060.15601499947,818.349912943067,997.354218368524,997.354218368524
"130",1026.10631860108,998.993634200214,700.601179740816,1031.5182877491,824.464824684897,959.143640396117,959.143640396117
"131",968.069185682097,868.01121346021,666.703233632359,872.090603277293,815.49916775695,986.518124221013,986.518124221013
"132",1001.11929581321,894.510149055049,680.007113054384,NA,811.197343512503,984.019453221414,984.019453221414
"133",991.806730014171,907.933147268604,681.758879983049,941.700803587143,837.405785695208,993.781016637971,993.781016637971
"134",1046.33820182786,928.38687037532,689.413519610647,936.525103926848,827.755382008171,1028.52235618936,1028.52235618936
"135",939.072793646545,831.925472713901,669.739865754835,17840754.6997124,802.203648367947,926.339283977244,926.339283977244
"136",1078.50942693137,1022.22441724167,704.543143519698,1002.99199593799,845.25966009454,1022.21606115984,1022.21606115984
"137",1017.22763495586,994.73961507964,688.060569265818,892.790837006777,826.106300564636,982.54205624884,982.54205624884
"138",1032.99620546229,847.015884194637,667.172875566867,909.21863670407,803.680224726931,974.895335049991,974.895335049991
"139",979.054323819397,917.511386448695,672.710758394258,1013.02990648643,811.148813177423,932.458250673952,932.458250673952
"140",1024.81373168998,938.269935218704,663.262236354552,1102.60139884772,816.752801524256,971.607227471855,971.607227471855
"141",962.462133556599,868.697825402773,642.393054535452,944.351311616634,783.920853726818,944.994297694859,944.994297694859
"142",954.929040966364,855.54951835277,663.446406690342,1068.46819434685,804.051719583174,940.116816816024,940.116816816024
"143",1005.93619976256,932.86183517449,674.206091268733,1212.83420980886,820.768711751852,994.658170515949,994.658170515949
"144",973.601373305252,877.378403403881,680.328898015167,979.443051669239,820.187046082291,951.531325819087,951.531325819087
"145",995.983259110566,925.611756768558,667.481209477046,1125.00842811504,811.65412591817,948.917354876925,948.917354876925
"146",967.340681986788,891.420690611134,679.617701221158,1034.68868250145,830.087278037418,947.263729449691,947.263729449691
"147",953.361931446135,952.428968592387,643.729411051653,988.43988559827,786.373624531643,928.365313320661,928.365313320661
"148",1023.09571764845,903.136891294762,672.606486964954,1020.73342408018,813.525676404095,1015.050756765,1015.050756765
"149",986.041495565518,919.764331745479,672.456897456129,1174.07927988673,816.952499660423,956.617842474174,956.617842474174
"150",1092.33091145651,930.305179923261,685.063530381144,1009.42083195092,817.099960874952,1028.99656366968,1028.99656366968
"151",952.015100327843,853.577549216594,669.12639746214,1009.88635112962,810.904180134133,942.593553710246,942.593553710246
"152",1022.46929594318,1016.41098722763,657.532802416268,895.952635778464,802.44224553062,987.352909051237,987.352909051237
"153",1030.15477285976,945.282638529861,670.180545474209,1105.21517696646,809.669867687178,1002.62612455061,1002.62612455061
"154",1000.62932692402,995.594580450132,667.139599123772,989.076295286413,811.018658817721,959.330446570326,959.330446570326
"155",977.46713220254,900.630523738458,658.065461215176,1055.18839831164,798.8283337685,953.26133785566,953.26133785566
"156",1040.00347468774,1010.20283716847,688.08054175068,1160.10668652373,833.289539208477,992.313622871992,992.313622871992
"157",1018.62693197787,1018.60841526701,675.9878529667,903.366599393254,824.637678721011,963.168640288755,963.168640288755
"158",1007.36655180842,961.452572056496,676.343675277513,1232.18858343232,819.576993813491,968.019930447291,968.019930447291
"159",1004.64036019665,915.475842899703,653.695024929952,1205.80968365847,797.531596278064,959.764420177365,959.764420177365
"160",938.10931512914,872.778634470921,655.652953246123,1030.65228315518,797.438316136336,928.887535898435,928.887535898435
"161",1029.83129533221,959.118112006127,673.441099629757,944.382926292867,822.427767328675,1028.48458735175,1028.48458735175
"162",979.282243107317,881.196598811373,685.956094616023,971.655073528469,823.702998689422,962.08121060244,962.08121060244
"163",1039.83662724091,1016.73082017724,694.08689447207,1001.24168180104,825.87278153795,985.390485872971,985.390485872971
"164",996.849801060411,904.160668246817,670.930035623768,1005.75924035048,819.651134859828,980.1674008076,980.1674008076
"165",964.859176879756,955.584735848971,655.454024237603,993.191410105966,798.871165173724,944.737104400401,944.737104400401
"166",1103.47128719957,999.900440573776,694.533030510255,1046.41835165433,837.786593837894,1064.09412349731,1064.09412349731
"167",1001.66864131434,970.828823413672,662.447205237581,1132.7204221992,798.579007217297,969.367676712065,969.367676712065
"168",914.907146052914,892.89711330558,647.822575232702,954.048631433392,786.237525679941,884.859928251819,884.859928251819
"169",1036.85682487094,974.301670649016,682.000880002118,1048.28265153565,838.386132448178,1019.72176950673,1019.72176950673
"170",978.145159865147,977.837547007785,666.269903750064,937.103480265063,818.126472962433,959.716322940721,959.716322940721
"171",927.724230948656,892.661591414934,653.748993005432,854.906823524279,788.200987811239,903.795687518398,903.795687518398
"172",1002.73032813028,970.137457029908,645.952096788491,1088.70460993474,791.509445160257,978.243730349349,978.243730349349
"173",942.705375237177,928.63684811469,663.765595164461,1082.21019610941,812.833130319943,932.630059707023,932.630059707023
"174",954.833663989013,932.386368139313,651.323891076966,922.710178726466,797.632278837586,936.381578986589,936.381578986589
"175",921.508043479729,863.442542115206,646.788815179857,857.674546710347,783.194810370862,932.858838906076,932.858838906076
"176",1027.36859871616,984.369688483109,690.725953568967,1096.37015121816,841.497043668598,987.659506726382,987.659506726382
"177",1074.3481782932,875.788921043807,690.819392865645,987.188314753427,819.80016241076,1045.14335262689,1045.14335262689
"178",940.989761855036,897.189586509415,645.655141647434,957.335469331315,784.676326600097,930.309596827137,930.309596827137
"179",1105.67273952175,955.43082902971,711.916644458808,398635146761.168,838.279823379285,1000.80741671258,1000.80741671258
"180",1011.98436207064,921.603444230995,688.129368285269,897.165483878078,835.419999634226,991.368039669978,991.368039669978
"181",1075.2174966148,1062.31416633406,661.86416063374,985.557161701763,800.114461360207,970.936473355267,970.936473355267
"182",923.842509408849,848.254430062619,645.256759823371,876.739055271808,756.000926291159,880.906289297632,880.906289297632
"183",979.415754255484,916.179051161917,656.151256577578,1026.20343043384,799.20606310688,958.233073058691,958.233073058691
"184",929.402852890942,828.990777903205,641.56091572617,976.821001781993,770.568681525707,920.092443601111,920.092443601111
"185",921.552400352127,885.84575025618,654.543722790073,982.984174747013,794.085805278847,895.35297257749,895.35297257749
"186",1031.72385815813,894.762833528936,656.634952429221,1005.4587808647,813.12315007222,1018.2083644635,1018.2083644635
"187",988.271881529977,869.009980660975,686.253332931327,11056436.7536858,823.961157423946,995.895592470145,995.895592470145
"188",988.651958599703,906.850481849251,674.062874341182,856.161284442003,804.507267439607,957.375301291488,957.375301291488
"189",963.374869462954,831.172756547168,665.62676635839,1188.07050499172,805.166991980017,933.157774184973,933.157774184973
"190",1061.70594695341,1025.1031146486,695.181125462881,1027.42004645972,831.812435406835,1014.7147849585,1014.7147849585
"191",1132.67434947351,1079.15015994271,709.072205236329,7599640855380.87,849.528590284072,1034.12392241533,1034.12392241533
"192",950.822731914984,882.958104530147,664.408779772243,888.7641174435,802.754636919046,948.46335325814,948.46335325814
"193",983.314966376158,855.018981603787,645.666941125321,1151.40079736108,774.952868861818,926.149772456284,926.149772456284
"194",1011.04608264182,866.915006495463,677.322032118035,927.848274604477,824.096626762307,998.199921724069,998.199921724069
"195",1040.84112230186,905.671766431527,686.112027389998,1078.55223735727,827.61121275627,1021.46265565803,1021.46265565803
"196",997.076266838027,925.866417943756,666.342885900083,906.00592722237,819.473037183805,975.58004495455,975.58004495455
"197",917.104946314309,869.092411993113,656.087609494857,888.563913378484,797.160076416112,907.787537679507,907.787537679507
"198",1080.82578795526,941.350893055701,685.53001676593,1009.41501345507,825.185037273863,1062.13327614921,1062.13327614921
"199",1060.70318821986,1017.64524291338,675.089351284402,971.712892012959,821.51172669361,1018.3194960244,1018.3194960244
"200",929.953218766345,899.557620641334,657.461822569065,2471596835.67438,782.933949199392,919.05421706587,919.05421706587
"201",1054.93255317767,1009.57422961234,674.527489191569,866.478796623553,810.046065544282,987.79885878745,987.79885878745
"202",1065.03752261809,963.746166007494,683.181225011899,1302.88049512902,823.402475751382,1021.32845202399,1021.32845202399
"203",986.606316966117,882.99887252313,657.175457410032,962.138936534878,801.740010275523,962.744385043826,962.744385043826
"204",1010.02142577835,898.682310575543,682.016408614956,952.093154546338,818.001018719396,986.332036832521,986.332036832521
"205",1111.47639989125,1051.65276435029,732.54405682509,22486973.758952,837.181006574372,1030.01656592545,1030.01656592545
"206",1019.57795632741,955.916548106261,684.349631261381,956.579608374387,843.173381970628,983.528918626914,983.528918626914
"207",1040.18466079301,1002.37698668909,675.198415293144,959.07823175596,829.02708764614,985.226638902371,985.226638902371
"208",1059.37029249565,1024.66377888101,665.664119454209,1072.17160759964,788.551075854307,1011.30046850726,1011.30046850726
"209",971.694275194363,857.502109349816,660.477229537145,1325.46954192828,805.907863269811,959.763310727589,959.763310727589
"210",1020.84744155081,911.079133896744,693.0897156336,25513518.2591741,836.951316524199,1006.51327825581,1006.51327825581
"211",1067.89430510754,997.691121073636,687.475538094593,979.271390952053,834.89277179437,1023.80168680185,1023.80168680185
"212",939.760430546476,837.142329166455,645.961735450004,998.759829458021,796.094262019026,946.733249525717,946.733249525717
"213",1031.26468987226,918.873581312359,687.570337568648,927.766677128304,821.37308338135,994.30029674248,994.30029674248
"214",1011.80222855891,966.300579011645,680.184021713355,1056.20695595626,816.904013126362,970.230952212475,970.230952212475
"215",967.476511088378,857.284964873536,633.6496899864,870.191837230495,774.148386771347,940.343866754617,940.343866754617
"216",1019.15986885435,973.222061354844,674.878809061262,1118.64318725933,825.663935422663,970.250511310698,970.250511310698
"217",1079.47236044826,1064.43197275148,675.394977255586,913.449853371857,818.918539983878,1042.66621378168,1042.66621378168
"218",955.005582592062,922.84056393808,658.241934948697,1011.97928627442,804.970953271547,952.429659910959,952.429659910959
"219",991.638720809703,980.057106241328,681.775900798702,949.268983523028,831.758718412547,969.294062427539,969.294062427539
"220",992.158008206292,939.377347168274,682.272162156603,1040.7740404214,836.251411416967,977.159950657911,977.159950657911
"221",1030.51799230553,916.252746943814,650.692846819649,917.817193424299,765.259890049958,975.90458472261,975.90458472261
"222",945.422983352838,931.738283693719,656.518770998826,1042.50611711979,797.427746867301,931.053239055771,931.053239055771
"223",1080.19201142524,931.238742668727,690.260548173636,1017.40264628437,832.364972018846,1041.19140426036,1041.19140426036
"224",1075.89034256524,981.258441112882,672.84315932222,2373208495.28629,824.517486843458,1028.71236602579,1028.71236602579
"225",1088.36862992206,913.852217109511,664.917996419856,1208.50399652986,819.365308685729,1071.19202404646,1071.19202404646
"226",1136.8211059968,1089.22068907674,699.605633371818,962.72392600068,872.670771919363,1085.64132531425,1085.64132531425
"227",1048.18868227727,921.164852506832,686.499134903694,1136.43950617996,830.960882558892,1042.98914483218,1042.98914483218
"228",1085.7346207957,925.216933025286,685.938531257389,1048.80084494167,828.805096864054,1017.61129242437,1017.61129242437
"229",997.284997812828,933.548010393167,667.89229145144,905.670226017907,813.313713311377,955.025178122967,955.025178122967
"230",1051.94283599457,931.185865676118,697.906979073219,951.742891212655,853.345961059248,1028.14986476574,1028.14986476574
"231",976.681462183564,961.64157828356,670.235824671841,957.925654055552,811.698542053712,951.072466046386,951.072466046386
"232",938.30135212265,923.221356666739,627.847242233035,937.395162329047,772.411420260284,898.492243947752,898.492243947752
"233",957.078202892973,828.76814684734,664.459287726445,956.177637411624,790.877406968446,914.423156885844,914.423156885844
"234",1019.52196184267,901.861343429326,672.47691020163,946.731013014565,820.388351621212,963.967060575904,963.967060575904
"235",953.655546702981,933.119093112169,660.371631166524,1045.86616181334,807.659092098456,916.275099028133,916.275099028133
"236",933.212113012763,818.554991854818,644.280599103385,993.557713563111,780.728199957714,929.435265630851,929.435265630851
"237",963.066873204754,883.929939206993,671.497317491587,966.042960488718,807.231127041986,951.033539360681,951.033539360681
"238",1026.93330602755,911.266653874405,674.894749800979,1003.72537216815,827.166856215077,980.176158202933,980.176158202933
"239",1015.37721929496,945.489076049361,677.105572311382,1210.71721325867,819.786134162335,1019.8707648785,1019.8707648785
"240",1049.93888196698,915.414946169416,681.766808995464,1096.50313135057,822.672306302204,996.201720204475,996.201720204475
"241",1032.76845990226,939.353968554068,680.502357452988,979.964788091918,831.373617066248,1019.31597704406,1019.31597704406
"242",989.997669902735,942.96954825693,668.319834592021,1003.27070058439,817.531940743936,960.350129796838,960.350129796838
"243",1074.06568248513,1030.22545818975,719.401231018071,1106.91301915637,857.261372148928,1034.30801698798,1034.30801698798
"244",1026.83472392687,954.070637378842,679.354212931842,17337836.9345764,834.8177633723,1001.58015228918,1001.58015228918
"245",965.454058494379,876.00068097905,672.45950547379,947.56444608151,808.612549121723,978.299444851936,978.299444851936
"246",1010.13101859552,918.453689489627,677.79910418897,5205288.17449244,831.888388714923,987.589374398006,987.589374398006
"247",1013.87636581277,983.877444461036,665.114188772432,960.237440836347,816.049880659979,979.206925979836,979.206925979836
"248",940.306329505513,917.041883074176,675.032858401411,958.029246247769,817.25031064891,930.249019794108,930.249019794108
"249",966.489910967491,943.217273099139,651.663705955319,923.140790454554,793.705661079373,944.634221765972,944.634221765972
"250",934.259135712163,843.361656423039,666.945817104485,1214.22343216165,803.025187008261,935.032019323612,935.032019323612
"251",1027.66019719675,1020.55776136897,677.250067859183,1015.32287183556,830.99899441349,1003.92138130924,1003.92138130924
"252",1000.17564381693,884.786391176027,656.651056238445,1272.25363877061,800.360957011885,976.624157105534,976.624157105534
"253",1030.86938685567,948.948595306932,663.253024526554,1049.0075827962,813.172881239232,986.951802949914,986.951802949914
"254",951.872127070213,921.826617432443,651.428523293173,869.064730139953,794.783438230713,943.984539901923,943.984539901923
"255",945.859415761022,865.738650342673,657.41601164466,856.905013146788,785.736486704291,917.095806124223,917.095806124223
"256",1054.45080766149,980.915862846152,691.194924732925,1142.85188142817,836.600611473174,1021.70074361636,1021.70074361636
"257",1079.05783838739,1022.68385000573,668.66986955519,1004.76621505556,815.586365852904,1024.50643350623,1024.50643350623
"258",962.574882688792,906.500951387052,654.579461177426,1067.80256275482,809.612304336124,953.018384491359,953.018384491359
"259",1077.815677016,1040.44599743042,676.778628118165,1036.87356287287,843.433475674744,1035.37684161413,1035.37684161413
"260",1018.66943486519,913.964135113733,674.631023550519,984.170536072843,820.882243424787,989.995979569727,989.995979569727
"261",928.858453963587,855.253525183074,649.284747868041,1051.43543064618,788.022189337038,925.246935820724,925.246935820724
"262",977.792745290208,900.541261889474,675.4761226831,926.924419897426,811.748305683182,953.359726717022,953.359726717022
"263",990.538898723202,968.803395934909,682.275760421094,1115.99613976682,840.400832513854,968.758968745073,968.758968745073
"264",1025.21811765374,919.176530658324,694.71670489621,918.678107251346,845.905027327407,990.556235770107,990.556235770107
"265",970.946863523726,927.317458660431,656.680893123756,955.422821185498,809.860661309686,953.847318557388,953.847318557388
"266",966.410671511077,933.978305281553,665.663113097772,921.318479625441,822.507583582685,941.122342286774,941.122342286774
"267",986.894181796063,965.167579704291,660.613600819905,1018.47453008581,810.77528415415,950.980944711607,950.980944711607
"268",1026.84817932552,895.965071001768,667.117937175956,1018.13228923534,806.338585408626,1023.68052836493,1023.68052836493
"269",946.995928805882,859.289356019276,638.29868368273,1141.40855118908,776.034601222468,936.573972798121,936.573972798121
"270",1053.57320907385,977.622694756935,694.999913349452,967.021921020516,839.867007092218,1035.61265232874,1035.61265232874
"271",984.726568894033,900.723362124455,675.253107873514,1001.92563928916,819.817183548261,961.151098637084,961.151098637084
"272",1009.04549463185,975.273377846117,665.292470798669,1083.73009677996,810.824824233808,994.579298286147,994.579298286147
"273",913.031823348812,896.841840176344,635.282279661291,923.476234328155,759.036175669996,873.127656549143,873.127656549143
"274",958.442626708048,870.2175628844,659.852447401394,925.3315949437,784.165008034027,941.310848573731,941.310848573731
"275",1041.66559301696,929.511095049972,695.02072163976,989.5424534717,834.431514748851,1040.24786375319,1040.24786375319
"276",1009.3931570435,902.74481556596,667.710307108521,1042.31957780753,822.361693379612,991.929617512265,991.929617512265
"277",1025.3306376299,932.628889581643,713.616304214232,1158.39044650368,868.751918212004,1035.04339158234,1035.04339158234
"278",1070.75198275529,1051.02181187354,695.804791799211,1028.31706247933,837.150050688311,1052.72456675035,1052.72456675035
"279",984.207676230886,976.825513736624,673.954827534979,881.602518387953,816.995452983373,962.391830159277,962.391830159277
"280",1044.010762938,910.205498825069,681.948131615933,1201.61258193899,829.286364316339,992.019372707936,992.019372707936
"281",961.585216963628,894.526399941892,675.624861995877,911.245828446591,807.609894267929,954.624141268413,954.624141268413
"282",968.844759355579,854.760080158072,676.845271469407,903.434373707756,803.086514978211,952.72359116406,952.72359116406
"283",1054.68447550349,998.79764367371,694.244115495479,935.535227168315,828.475798846125,994.322501570759,994.322501570759
"284",903.423306518911,875.669094292272,618.685955762191,1009.9534051537,754.249988654119,888.598555386674,888.598555386674
"285",977.300703215684,976.19122605931,664.538031023615,1068.51543409518,813.66048481301,968.57149026862,968.57149026862
"286",1000.28490486668,932.340429914968,670.018571068692,930.954928305586,809.64278091221,957.315768803048,957.315768803048
"287",976.302685868826,883.348479164902,665.482363416713,950.679806522554,808.908742921359,925.71077479612,925.71077479612
"288",1000.95113908514,896.641305183251,671.75191278921,1117.81485891416,819.946568201739,967.864742025899,967.864742025899
"289",956.098131931904,938.31937698033,642.766205099485,1143.09641968598,789.436641206062,936.372400219665,936.372400219665
"290",986.585867796912,946.205858732531,651.041050788338,872.206450143647,798.232994253751,967.991989680153,967.991989680153
"291",1071.69525511483,1009.93725848683,678.358323361216,1011.75142333066,829.51968221879,1037.83566628408,1037.83566628408
"292",991.178693866159,936.439916400019,674.210001920893,1072.27154838809,814.497789811868,971.01857085374,971.01857085374
"293",995.662556319451,941.168628050074,680.343176062537,962.558430459899,826.782258373413,989.310759491159,989.310759491159
"294",997.350907636647,867.307399771488,670.440398249832,947.559909137848,804.327196255304,978.963641863791,978.963641863791
"295",1068.33710535565,1050.04291249281,691.531362061718,1114.48626991455,850.562893411318,1039.83289093797,1039.83289093797
"296",927.854262142557,844.169119085906,630.48163468752,831.571669132214,770.29260378503,906.302186068519,906.302186068519
"297",1106.75709729299,1054.6121017613,687.017794982193,1046.46884819332,833.147637980635,1080.81692320761,1080.81692320761
"298",1026.75461993514,916.19896674753,670.72018067776,1066.60413225396,820.405946829967,1014.74731624353,1014.74731624353
"299",1053.87402678855,1018.31247396109,705.506806639495,959.476262144696,848.060648877145,1017.69103563479,1017.69103563479
"300",958.252529831864,910.79242186109,675.898874533575,982.691179503836,812.361341002271,934.749515835123,934.749515835123
"301",965.911289176299,858.552587073355,669.806348428357,1024.06083096512,817.273255743056,932.740969027248,932.740969027248
"302",1008.69926506503,966.652757939845,680.694294083831,999.807350376066,833.3496314139,961.837707779419,961.837707779419
"303",1020.56302994739,865.662093251685,657.45573556968,858.074693330773,796.993778441134,967.274113095241,967.274113095241
"304",980.5433875501,940.813834196344,681.916991194689,1049.95872817134,827.426399486833,944.797141822447,944.797141822447
"305",1012.08868456781,987.37628398806,667.778650034046,960.409981530988,817.432415239813,969.353867082909,969.353867082909
"306",1003.56289657017,993.172566676151,666.523128164822,948.112157442834,812.103424772842,953.15950658347,953.15950658347
"307",955.0654278747,849.638043688305,663.508383319194,1005.36139008004,809.154524702185,970.90083834742,970.90083834742
"308",937.440018488009,919.971828174583,635.262333742367,953.65647751928,774.281777256686,909.350267232173,909.350267232173
"309",1011.46887019591,898.809888346086,678.963871375999,950.063618477943,819.597789112842,983.894802074761,983.894802074761
"310",956.896442399308,872.215355265143,650.471429132726,906.752470935718,802.36098784347,950.222634460389,950.222634460389
"311",1058.35219683883,919.277910386202,676.217636427147,1102.31030823103,818.625041968735,1027.49168388499,1027.49168388499
"312",1048.36674374559,949.576385255054,663.389688936274,1082.76607290478,818.19617005513,992.699586601245,992.699586601245
"313",978.895281308429,885.68386956664,671.001159856363,980.418877891499,813.847004503413,942.501496378929,942.501496378929
"314",960.992334867919,899.767358377592,647.944251284724,964.619791618266,793.410992791581,927.702163883374,927.702163883374
"315",972.479987498259,920.219944212828,663.715772152562,988.897593243677,809.577896475958,924.853791341473,924.853791341473
"316",985.626136123003,928.65632823152,657.013640579722,975.644317931163,805.7451504675,986.694413121404,986.694413121404
"317",1007.15173181849,927.830967569221,690.247418570895,1008.72574591877,839.389276706997,1005.65541147513,1005.65541147513
"318",942.638446569293,919.305080279865,641.662640470301,1112.9859201006,788.434137544425,934.10468934574,934.10468934574
"319",1040.43189210607,949.630508955933,680.799878196596,993.771528314489,811.252542503224,988.527518369448,988.527518369448
"320",1007.56675068922,906.835988780287,664.296755792426,1042.46335417799,819.235780891627,1016.81045038806,1016.81045038806
"321",967.940489101059,862.287653358013,654.893962668371,948.348036372551,798.040196059053,939.443627680354,939.443627680354
"322",961.116435605199,961.994325315248,674.402430304348,1028.37233979229,814.649182512894,938.011217762575,938.011217762575
"323",949.428931817161,869.364129647719,644.5818149929,828.919378556335,780.004410375568,945.599951304104,945.599951304104
"324",1023.55278680207,889.932059979323,668.648255265896,1049.24265602347,819.413493180492,987.807231062003,987.807231062003
"325",1007.39706505366,935.000328923816,657.047925510369,940.824157765524,805.129241390461,992.36996171539,992.36996171539
"326",1057.07870616328,1009.11699596506,695.024081230339,1057.07747126932,826.152806434282,1025.62191612236,1025.62191612236
"327",1020.58467890445,920.842218219584,679.053924591504,1011.12247245271,816.483809020975,971.753296552208,971.753296552208
"328",972.490207150517,896.537512304417,664.641509197232,997.501254775446,807.918816289868,978.612197068478,978.612197068478
"329",981.891363081669,920.330228757008,662.998872034115,920.551633324885,802.999966775037,956.929620216427,956.929620216427
"330",986.816753097026,906.377893080812,665.434437774697,970.164688911969,790.734489637091,934.8149092487,934.8149092487
"331",1009.96643263074,984.436528686645,678.267297137158,1042.47685561777,833.790648442496,986.890108608748,986.890108608748
"332",1039.61520064174,1008.73199869351,684.061286885148,913.381215862334,820.289185226806,1002.01405099071,1002.01405099071
"333",1082.32375326504,1047.80855171612,700.754773038788,545612973.437691,846.028128609248,1032.46057522545,1032.46057522545
"334",1004.98161905168,910.45291947389,663.658463897469,1006.27882255532,807.924966688146,995.046245579604,995.046245579604
"335",1028.00252219569,1002.81883673901,674.789668974087,1029.15966649372,796.656017553398,972.606250987161,972.606250987161
"336",999.189685684973,897.962636070509,656.723588875962,895.09013086994,791.761322358809,971.535432363088,971.535432363088
"337",948.081522336582,849.276598913153,663.597813022328,964.714624594795,811.027339563774,965.071510015375,965.071510015375
"338",986.049277064187,951.92785677203,665.846659213097,1053.12320508669,805.814900588602,940.94947797411,940.94947797411
"339",968.719327584463,879.237784198092,661.372016957459,924.821890882597,801.678593152389,950.465666105124,950.465666105124
"340",1017.91403718664,835.633842791232,658.338858277202,1015.77253837281,799.507546058151,985.096704853847,985.096704853847
"341",1031.5260215571,868.067869199791,678.042882169828,957.922057566381,824.905388314803,1029.40237120702,1029.40237120702
"342",1040.64841813875,957.864829490097,718.828756218937,1150.50422080785,868.475403583596,1040.79968175092,1040.79968175092
"343",958.449588362843,913.689170760735,650.613444834505,1039.60444976974,803.39487742336,971.68703736974,971.68703736974
"344",986.304299441547,918.422092784818,647.892938458384,1102.19847573476,805.854026402306,966.944897512507,966.944897512507
"345",924.658611538313,859.210043843422,639.467843519979,861.723771488787,782.903109828557,916.479710191361,916.479710191361
"346",1011.56558110605,933.407400476203,670.164461089211,1047.84304071922,810.579589627244,965.368824048374,965.368824048374
"347",1049.65896094193,965.715475137832,700.93601797098,955.89787996988,843.543173806251,1040.87412673202,1040.87412673202
"348",988.829901780203,907.026682274335,663.820815272962,923.202528599269,812.468925082185,966.439137786108,966.439137786108
"349",959.392632875262,823.615747083721,647.520615137937,1025.62060585489,784.376405425282,960.063278290023,960.063278290023
"350",940.270202948639,903.153982749981,660.250120478382,1247.4946398407,799.557502999196,926.548399265071,926.548399265071
"351",1096.53357405646,873.553185049646,693.418766615703,543707663.104512,839.0716746499,1049.39328763731,1049.39328763731
"352",989.779799790122,873.198268824177,666.892038853232,939.686818456763,811.295437148279,993.054247988666,993.054247988666
"353",938.561682384252,870.905301240988,651.996816666309,912.585441767482,794.3977005693,908.11610411906,908.11610411906
"354",1032.67860565998,984.539796961824,663.817278135605,910.990648825898,815.22491330854,999.486666606351,999.486666606351
"355",1026.50405280675,969.434812194553,671.070496076092,945.871522799582,808.873549993608,971.373756220109,971.373756220109
"356",993.672771386573,913.60580877297,661.78028073724,992.305411631679,814.341151500762,998.635121100989,998.635121100989
"357",1011.26140156389,993.435204580924,650.507850818012,1139.92083894361,788.298422349189,1004.64225531498,1004.64225531498
"358",967.569852856817,920.370979738628,671.69427526141,940.604911424524,825.24093059297,947.081027479755,947.081027479755
"359",1017.81068422641,942.563226474199,674.397407779704,1024.01630226716,807.801809409976,980.656521173624,980.656521173624
"360",940.700002994753,855.606196348182,657.024557633749,938.633216800393,793.567563949918,903.152793677829,903.152793677829
"361",1004.69096417925,965.632896135608,687.892702070483,1115.33868003744,832.094774369719,980.150972281358,980.150972281358
"362",1148.11069139159,1068.68009121391,700.41647116028,1162.6541996595,840.87017672344,1087.79327201491,1087.79327201491
"363",1034.14623551049,948.352386738709,664.115798719187,1148.13165468768,794.981705139645,1005.05406353134,1005.05406353134
"364",977.658159108601,925.51358566465,642.477270179614,1071.48261427134,782.296670745642,958.273716199501,958.273716199501
"365",984.542775667662,945.951319443601,659.590596103916,978.798352713603,816.056962821886,958.064371017216,958.064371017216
"366",964.856586303657,942.026212259144,658.743480257325,54384393.5914987,785.434072028025,907.918331695996,907.918331695996
"367",932.09989190611,843.668376036171,657.589325916297,848.147614718595,798.15855109203,940.61331638523,940.61331638523
"368",988.607144276228,943.508119062118,656.776857345448,974.631141250328,795.807680003273,939.994094401398,939.994094401398
"369",921.41792480297,838.54404479816,647.504804442839,999.099593719385,783.351564217072,911.650473624706,911.650473624706
"370",968.099183162891,846.128943394886,676.790496303963,1086.79378674087,815.680622479178,995.901771799009,995.901771799009
"371",1224.64247553716,929.799031516693,726.614743940527,1455.27474999336,874.560529597464,1131.21178966325,1131.21178966325
"372",1022.23355720245,983.187879292402,679.458404415278,1141.90934901733,833.120930970488,996.496930921799,996.496930921799
"373",1069.05269740114,896.29528312084,694.913148915094,1044.86944309692,841.860992929193,1061.40163825041,1061.40163825041
"374",999.769525364027,937.842553391043,663.729726441276,1033.89886336168,803.417426092171,962.461975572133,962.461975572133
"375",1032.5181730865,899.712565343647,686.115185619851,900.745188611882,808.393745154665,984.155362198897,984.155362198897
"376",934.997060858627,923.480582395472,639.973379097233,984.564313238988,782.965117401129,921.317183526673,921.317183526673
"377",997.15642602755,897.839094879599,674.574093875751,1182.69885331406,827.332045253067,952.602370517131,952.602370517131
"378",939.532158728655,844.061084508335,668.128851387946,866.185920807442,797.47559798721,947.503491920391,947.503491920391
"379",978.716622070222,906.134315163974,661.848834587217,1026.2796013433,796.702824052522,1000.44747786732,1000.44747786732
"380",968.246843447041,952.545938952386,653.070314727428,851.692585545944,791.859986197052,940.743810927703,940.743810927703
"381",969.26550348558,921.148823038439,663.36693913564,1058.59884174157,799.80381239319,958.591106395368,958.591106395368
"382",983.989591650645,979.004087339572,655.719286361284,1087.98286058627,807.678232250394,928.715662983131,928.715662983131
"383",985.203582566742,899.971184265062,662.384472319374,1016.14693532956,810.04285079375,970.344603389366,970.344603389366
"384",993.171777956607,976.774054629669,671.56412177359,899.464286756657,815.017826996612,961.856233072668,961.856233072668
"385",959.934493749843,846.849196351179,664.690234916335,885.194786342442,791.565595116382,935.955189820616,935.955189820616
"386",951.784641165988,931.52741487656,638.502648561715,1007.25229830236,784.227976461271,929.056413016572,929.056413016572
"387",961.146767201997,892.987835684709,676.885706608874,902.968049932521,824.893062228653,935.804215421285,935.804215421285
"388",1068.36695985426,910.021089386252,669.812980893843,1005.95888081955,805.652493772614,996.981315432037,996.981315432037
"389",934.740339415479,878.109534544486,632.424672101424,828.823736785375,766.345743463194,927.803137395887,927.803137395887
"390",1047.40741307796,930.727993474775,686.575446207861,1004.72811928456,830.052794757777,971.892209801681,971.892209801681
"391",1072.73722757503,1060.15645134462,690.9467632547,1041.48589661096,861.925624187101,1042.09978469192,1042.09978469192
"392",1016.42083866928,990.655731449959,685.656650669518,1026.82133651402,838.812468730921,990.967548989301,990.967548989301
"393",993.88744584205,920.92055812337,652.370680215722,1041.8152337062,801.199139296494,980.588630523652,980.588630523652
"394",979.485686334011,949.11326516675,663.108941953243,954.03834048999,811.043657254654,968.907792948942,968.907792948942
"395",1097.47715433346,1036.63914880647,686.605192751448,1137.50120246691,829.737473829423,1083.41323001883,1083.41323001883
"396",987.338139580373,958.771355168247,651.740400192787,1002.26413230736,796.515323199371,936.75378644323,936.75378644323
"397",1005.79283773836,981.272633760552,680.140931086288,907.602666068502,801.052280390068,940.743817637589,940.743817637589
"398",962.315312685428,888.690936561566,672.895392647557,971.845634445948,811.923755327404,947.374005890077,947.374005890077
"399",960.555243517966,941.052874775876,669.442802701859,1033.0328190329,815.858842179878,954.607712660277,954.607712660277
"400",946.637659035232,927.136446188231,665.297970741574,911.71989675179,807.618083843142,932.500166076033,932.500166076033
"401",918.955975633034,847.729588340991,633.95729817613,926.43510163076,770.179819214553,909.432169507918,909.432169507918
"402",974.986280081208,896.138264112998,678.373485551647,962.618116278515,817.57662535928,952.027056528573,952.027056528573
"403",993.337929498989,891.331513687558,663.948072228766,1102.42117698287,804.915925512629,979.952054720833,979.952054720833
"404",1013.91944726409,964.215597747317,663.858916619423,977.649876607424,799.046199927336,961.128354282496,961.128354282496
"405",1008.9001884807,914.073900495297,676.777525911756,917.556217544939,829.135786179448,988.197713877468,988.197713877468
"406",953.829482273405,927.099731891844,642.513575362143,952.692611624508,788.655229892175,916.457245573579,916.457245573579
"407",952.188962949156,866.137408235207,664.055162194624,925.000902106542,807.725577356914,949.168963639873,949.168963639873
"408",934.548689154575,883.017119984337,668.101577720048,940.512243631974,804.298191759161,924.203390186644,924.203390186644
"409",985.741572695799,867.09123163064,671.704795049126,976.065542751507,810.187549018327,954.22962989072,954.22962989072
"410",997.648281137795,942.799364979973,692.098047651337,897.461779949479,839.23493584276,973.322010979865,973.322010979865
"411",951.246828532182,897.226804113874,659.727150647856,981.047917261721,810.024915645505,964.689051635361,964.689051635361
"412",1021.89895259557,965.890172309786,648.46626188333,939.553516636414,792.604172123845,988.858715808443,988.858715808443
"413",995.762215665968,978.092275221019,670.782493117539,1082.22012241022,815.537645075764,955.0366166689,955.0366166689
"414",1081.78213389142,982.476646080187,690.451829956296,NA,828.223549034645,1021.86504499104,1021.86504499104
"415",974.043254865247,885.333231095394,674.734692384365,974.981632571258,806.407258846238,926.455049701072,926.455049701072
"416",989.2453257714,875.119483374562,662.305091563102,946229853.409632,792.576964380044,956.118835808939,956.118835808939
"417",990.73780921002,908.713523851749,668.664366762187,1055.9318424302,812.690618907305,986.919491657975,986.919491657975
"418",1053.55060501992,880.805332516673,686.481474089651,936.93139191531,808.830813037827,1038.1572845414,1038.1572845414
"419",957.280078293002,869.397328644828,673.386664009729,1047.45565144815,811.475228293895,975.008947940687,975.008947940687
"420",943.049879021879,889.232854978756,642.373932930597,810.905356990045,783.197905816182,917.03839941257,917.03839941257
"421",1020.19826047997,984.839501184989,678.059637411957,951.769259824629,833.936591693108,970.901375002972,970.901375002972
"422",1005.24778210416,965.452166671906,680.101902458695,876.278516757573,823.280907623756,975.469216921522,975.469216921522
"423",1086.83681093303,1045.99817662235,716.496334209221,12007747558558.3,858.973373813619,1058.6835871925,1058.6835871925
"424",1002.78275558866,896.741054412225,653.892433697311,1072.52615037145,800.842621733758,1014.60616194933,1014.60616194933
"425",930.360281943203,846.861104717382,645.874754881975,906.403613076539,779.727030463024,902.347696904268,902.347696904268
"426",984.433723762061,919.791519394532,661.065882344524,1044.78145202328,812.640518942198,956.175060122108,956.175060122108
"427",991.405806213666,963.76827145233,664.56414932816,1001.82765686017,805.212382701772,947.467145862671,947.467145862671
"428",1023.63651730942,860.442343287873,672.98580982714,968.074632423068,814.133167965393,975.703214064028,975.703214064028
"429",923.025079211823,898.249032067201,649.260219090177,862.282167696886,796.21675686971,904.099737128383,904.099737128383
"430",1108.01259516916,1054.15391203569,697.659473738664,1011.32371329109,850.006996280388,1034.64210636694,1034.64210636694
"431",1045.98113170148,1034.72016456151,690.769070834296,1085.14779194875,836.497954212792,998.178888320158,998.178888320158
"432",982.896254772415,961.832748185145,668.456619359288,1016.21968321961,818.445555885719,971.059257582025,971.059257582025
"433",970.556456899783,837.753579941862,654.814581686455,1005.15696682276,796.938500281741,929.43873932981,929.43873932981
"434",865.842456509012,818.062667722112,632.18542138383,960.722944159809,767.286577672686,871.451427473922,871.451427473922
"435",1026.3026282347,916.546896890925,698.09540112418,1014.38926464004,851.206860567213,1004.22367187488,1004.22367187488
"436",1018.74738774454,1001.70553052302,679.483693930472,962.220905257682,835.442485377244,1002.53644381144,1002.53644381144
"437",953.013804824053,900.914350215529,649.252354936591,936.194974263791,782.576494359785,929.100679199579,929.100679199579
"438",1034.97162582346,995.450944174513,677.318654814266,1103.14286789671,816.66315973782,1008.66993448583,1008.66993448583
"439",1023.92567745451,988.64252894102,692.643810511223,1102.99931524755,844.321868301654,983.107048844262,983.107048844262
"440",970.276497380611,965.784685912247,659.104539352714,1024.01380230167,801.728512106681,936.233154043752,936.233154043752
"441",993.045343090658,934.646129014038,669.728822537539,1139.027416647,829.13178848271,967.255201908673,967.255201908673
"442",997.056520460789,978.049820737743,674.42074291084,1016.78697714424,808.54037545182,963.183464456997,963.183464456997
"443",1028.08661311153,948.104519869239,671.798038518401,1021.33569414786,826.585254183657,998.213203686074,998.213203686074
"444",1030.2940380311,1011.18963166249,682.955459855943,969.009925719039,824.19175547145,967.778319079306,967.778319079306
"445",962.672940881807,941.740989725556,657.508310027705,951.330654191915,812.262896976721,941.065972889626,941.065972889626
"446",961.548209591929,914.273349143469,668.724780159143,880.458542005821,813.828113768454,928.72666195343,928.72666195343
"447",988.72971784805,823.591951184208,653.252806544856,1064.06173932163,784.920098538919,944.610355537452,944.610355537452
"448",1058.48289674566,913.050830470115,676.830574330338,967.512060652711,820.453611200359,1038.92145264455,1038.92145264455
"449",964.469597542638,912.497488041311,655.37799232367,938.788523709237,798.067159263983,942.992844542604,942.992844542604
"450",1085.9407748841,965.008051798456,713.288909217351,1198.43907274708,860.975457276337,1062.09478115424,1062.09478115424
"451",973.959027391202,892.312556448511,670.602227489202,1074.67980215137,813.73208277165,969.880701723371,969.880701723371
"452",989.019023431459,965.793583631021,671.552772326832,971.834879091029,810.893978945368,967.300289459436,967.300289459436
"453",974.026667652879,924.371793323552,678.455662802999,921.629459554959,819.380488210943,945.453049746423,945.453049746423
"454",981.052111753698,957.231142330374,675.066082872437,924.195253994863,825.973094980768,953.804765453448,953.804765453448
"455",928.832292249568,860.997038445652,644.692370337319,927.585841962896,769.616370738596,904.214042922237,904.214042922237
"456",943.004181062755,933.290842223328,653.174079412442,904.303567624483,798.303367688897,924.51392623389,924.51392623389
"457",970.344641134103,948.390838954063,643.531178999826,1000.73027101283,791.912873978556,960.813617899436,960.813617899436
"458",983.613669923789,914.06840980781,655.772687001386,949.742981735017,796.35485871965,964.668005851567,964.668005851567
"459",988.580877319977,922.629520442346,657.574744133207,1071.93877595177,807.753820349592,970.804887546001,970.804887546001
"460",984.968017485002,968.126954580864,671.302162457944,1127.23153119165,819.673332488233,970.499204907246,970.499204907246
"461",935.970335731426,880.109727226867,634.963435135236,892.176489930698,769.45701092937,911.757585430149,911.757585430149
"462",979.256629842314,879.474023307238,659.375658391471,1054.86895624639,792.397750303092,969.946193878174,969.946193878174
"463",1027.25831297443,955.934355001346,677.18413298256,1300.37112882142,828.030866904996,1020.94287242324,1020.94287242324
"464",1004.92335319165,938.115613239814,661.863972410369,948.99031228172,805.08872727782,1021.67529356267,1021.67529356267
"465",980.491675311751,974.782858308742,667.70800187621,924.073929715387,818.777318789507,947.269686240799,947.269686240799
"466",957.970359906052,917.457792174397,640.859216062298,959.868271622564,777.585988379024,939.737923759176,939.737923759176
"467",1026.17470822925,950.158031789292,687.983854237388,901.068725065496,840.264952053109,970.179125429905,970.179125429905
"468",927.946676429675,917.564801548477,644.663502022971,890.870421324244,777.770435123503,898.721745534004,898.721745534004
"469",974.51350240139,901.998989113221,657.231234516817,1058.83957134139,802.118472336051,955.851519787237,955.851519787237
"470",1074.30595033701,935.039578009204,679.948812201005,1039.7598804807,818.0689746967,1023.58926589776,1023.58926589776
"471",979.067254306738,876.015317576376,668.219469243808,1055.98701680657,813.355403680614,959.859861403262,959.859861403262
"472",967.089158707837,962.304996885386,669.843919861305,1080.39716079243,800.62756114477,907.691249204898,907.691249204898
"473",931.127167385692,832.881696441345,652.487639034831,951.896109611299,786.845454771371,903.886150496004,903.886150496004
"474",973.014622024381,870.224334169394,658.957719930951,914.185111733297,803.3077612332,935.282638050667,935.282638050667
"475",1017.15475923859,850.384540913199,675.005894426075,1230.68613998859,812.956971514219,987.763921592871,987.763921592871
"476",1068.38161114355,980.340726067252,701.145066977964,950.267598364165,867.055828386796,1023.20706011829,1023.20706011829
"477",967.525599114369,841.753503293832,673.127005287026,965.755092721735,793.309719753969,962.980311978644,962.980311978644
"478",1065.73643497802,927.332012545419,706.393453205678,1037.64683064479,831.985923136038,1024.37805943668,1024.37805943668
"479",1092.95651864193,1013.98098098939,695.055275056273,1032.10694013685,843.771387647559,1022.86098008575,1022.86098008575
"480",1012.70337595999,899.631610762566,683.37203019092,1012.02306630527,827.23461778188,963.655978317698,963.655978317698
"481",914.875216201695,852.788367874629,631.030099656893,887.677824346289,768.390201755616,900.378412446226,900.378412446226
"482",958.143241950469,913.605105331067,656.990448681596,979.044556235857,806.067541440617,932.91121549674,932.91121549674
"483",996.900151557774,973.486975776229,662.772730207926,910.980428548276,809.32200922038,973.989401392117,973.989401392117
"484",998.510642297732,942.346968431926,671.676301567228,1017.58748808897,828.921769898149,979.201395312834,979.201395312834
"485",984.20011629863,906.170473430935,682.620478622517,969.898739317758,828.31302359971,968.314592456033,968.314592456033
"486",1015.07432105753,958.047643810196,678.587030496932,1135.03528172707,839.88516441524,1004.80202031808,1004.80202031808
"487",897.700482270449,874.571482294949,640.999576130514,934.151353603227,777.463724955324,895.336536317401,895.336536317401
"488",1022.58332473192,994.688260441357,703.618583693282,998.233437081358,852.243796450776,984.902042408362,984.902042408362
"489",981.732600519495,878.256643189236,650.285170408702,883.664841879416,796.853365619063,987.016345127529,987.016345127529
"490",1026.12294252839,951.190426026127,669.09161300135,1021.81861763164,825.506360620388,999.810657532234,999.810657532234
"491",933.52180044314,909.60169857668,663.902258856496,846.064059347341,808.95579912451,914.842976014156,914.842976014156
"492",921.195589382611,899.238336918293,643.216650022846,866.409181164596,785.141828382047,899.950184695155,899.950184695155
"493",958.683224770216,913.957031601242,662.985573810974,971.54735795908,808.135370839497,946.508219007326,946.508219007326
"494",966.728728775899,807.808443480769,643.828828257489,2870481.61264626,774.72100905965,920.057582056207,920.057582056207
"495",951.774035292212,826.6693201024,638.515835539109,852.823320177882,773.268291592244,933.591748241873,933.591748241873
"496",928.867025506534,869.229291364922,647.918733581681,808.983596258749,779.935127460597,927.247093696404,927.247093696404
"497",1030.20013146042,990.316382867979,656.558841215818,1093.98114646064,817.2785273522,1089.06593149839,1089.06593149839
"498",925.134169265623,854.043565436041,644.165378974289,874.327987378807,786.053886284541,937.939880876145,937.939880876145
"499",1091.46832095919,1049.78800191332,651.388086326542,936.582657574392,791.042207252117,995.090534859486,995.090534859486
"500",1058.72196060787,927.359584919665,694.086143805444,1094.0571954811,839.313616953454,1062.29708916634,1062.29708916634
