"","correct","wrong_link","poisson","geom","oizt","Hurdlezt","ztoi"
"1",1210.5537147691,1210.55268996499,763.558732749452,1447.48310415558,899.789347126105,1031.57447235085,905.370490406946
"2",1187.74347933323,1187.74486566085,743.723193504167,1371.99407630768,911.206289165362,1021.15090694795,920.171951331513
"3",1269.3107181945,1269.3101281965,764.587248562204,1368.09621477864,926.752333646147,1103.14528154265,929.821638519103
"4",1095.45982093706,1095.45973651634,726.504575487712,1274.66385843558,933.262274272553,952.720376736834,940.246683130262
"5",1001.66548341993,1001.66497190909,748.588330838791,1324.29652702734,898.850451699457,911.630283367955,893.961623498078
"6",1148.71945958814,1148.72239642321,759.140654523229,1362.39105824493,929.015455280412,1018.7650258665,929.225186904882
"7",1145.28653140303,1145.28632677311,749.568297311757,1407.21365046821,897.544083763691,1012.10909424005,909.842460236926
"8",1249.29699349468,1249.29723887399,766.628008888091,1397.35158461264,985.617743148854,1092.85247090745,986.113572950448
"9",1186.51045396482,1186.51680670889,738.446969084721,1223.73648281244,872.030975632068,1061.95658541752,876.615312694925
"10",1290.57759675719,1290.57839325969,766.193304553938,1509.87393741122,959.284621553185,1106.89125141194,960.340069437853
"11",1708.11485964741,1708.11388659804,775.07482968682,1490.80228767936,995.199735625786,1413.97641039475,993.660545371609
"12",1313.44490068137,1313.44678039679,745.809012944485,1369.99429909958,916.128606119942,1150.50561381691,917.490027729419
"13",1163.7164051745,1163.71598046604,779.10975310784,1455.94493712477,908.312562333849,1045.77479499319,909.219689801234
"14",1191.0569359529,1191.05597652148,742.727181836023,1419.66102793318,888.773350897062,1044.1841675809,890.877536235439
"15",1012.26316275169,1012.26266701711,724.994842610055,1253.28197605366,882.791997056934,934.908572809406,882.983457235375
"16",1218.47228687472,1218.4726238918,779.272942233284,1491.92132970014,913.263457210928,1064.74722208168,920.128185446192
"17",497054397377.086,1219.3520334115,742.131214493129,1379.85856013511,881.968392045315,1081.37692008817,882.258723646353
"18",1211.51750391496,1211.516932087,752.035363204487,1430.1402220755,901.421199244254,1069.05703494926,905.961377345967
"19",1479.35813606507,1479.36004781347,783.26796445569,1463.3366719584,1006.46903548953,1246.37582447361,1006.7561408098
"20",1114.73230607297,1114.73148133584,779.103575217323,1470.82195589884,902.757484510745,1013.11956105665,904.092889721289
"21",1342.90009618624,1342.89741555481,789.212473323106,1497.34672679026,917.125370908861,1168.17317520145,923.976100352465
"22",1053.05102923525,1053.04941212603,745.039679735078,1262.75932970267,883.715295662004,963.865430304558,886.416165690984
"23",1041.91534715736,1041.91676482773,754.032903905058,1330.22955148631,892.44182585686,951.52933661357,895.953953839445
"24",1202.24740772632,1202.24988219704,759.787064832196,1321.38659412938,908.479037574117,1087.33135343695,908.12757470744
"25",1394.66131373963,1394.66345046126,776.860901582286,1373.308241512,976.452813894748,1191.14465876895,995.498241881895
"26",1269.02544153678,1269.02628533535,758.42014318491,1336.66835029437,946.783966871967,1119.22166573887,946.889024872542
"27",1132.03394873039,1132.03345238547,782.532856909848,1445.14620288069,948.940126902861,1006.32694597018,949.270860954568
"28",1311.22239797395,1311.22361845105,768.327350677815,1415.520104322,947.04884218261,1137.62284801123,950.566198408916
"29",1049.10086424455,1049.10054903222,725.244229242146,1256.63451010712,867.846512851959,968.096173806313,868.312522058175
"30",1286.29327515737,1286.29109396462,759.978499138765,1414.35142005519,886.052216965086,1123.72694465236,892.295556930413
"31",1102.87024380845,1102.87007999172,765.892842601485,1447.91393256721,874.883843351706,987.111484754725,876.015144429782
"32",1925.68691344887,1925.68876753681,796.124489371076,1515.3910786222,999.870678368128,1549.06964355544,1012.57455055807
"33",1121.92802592699,1121.92895092599,739.560118153178,1300.36329114384,880.142925918087,1004.61112280586,883.787133452038
"34",1327.95032864219,1327.95180438127,760.580557048884,1418.96355447022,901.065260003281,1144.59122468579,906.24889140452
"35",139289612609.621,1463.95950913671,771.417277436039,1462.21397504029,987.101285715179,1210.17038979641,992.275046964097
"36",1060.75293291101,1060.7524511555,744.54499133539,1322.3247134646,896.531864518198,956.435691650901,898.880786575271
"37",953.642952778853,953.643048559509,723.251714301456,1287.30551578732,824.918743495522,886.475575909176,830.735363185999
"38",1215.77459759713,1215.77598580159,767.867116485601,1386.55488081824,914.736773443377,1070.99447896477,922.851587139626
"39",1148.80351575767,1148.80219140596,765.848601932029,1431.74370524709,887.790637204632,1030.6383327759,888.319904407919
"40",1129.56710133069,1129.56746597111,746.24852945974,1277.44228964497,907.53100070354,1017.35510440842,913.314212895602
"41",1812.93539219651,1812.94026039626,740.66219798966,1280.64859964072,953.211179873817,1522.89017247926,960.076833815079
"42",1109.55163392516,1109.55125550819,725.013414579378,1321.09777831432,887.931017173427,987.64261865421,888.74751534506
"43",1407.43065308139,1407.43672235748,760.619203099866,1368.55004525089,1009.3643158297,1209.95524109735,1009.70368691399
"44",1351.09029932168,1351.09642220048,758.626397378866,1343.71078028058,975.417047602852,1165.60837724697,977.989050986901
"45",1167.79677658502,1167.79581109227,774.258299856971,1502.60756641314,893.901270129859,1031.98256701564,896.538370997834
"46",1116.9075430425,1116.90691244035,757.569461133477,1411.44028500842,901.202965125305,986.663463346473,904.917373457086
"47",1157.95538955449,1157.95838644404,747.897931167445,1366.57783860426,877.053405037146,1026.85195834624,877.885068484427
"48",1269.31583897252,1269.31888637926,740.591120202421,1370.0307282291,887.749618511654,1074.85664473353,892.543639291907
"49",1194.59425156317,1194.59475225102,804.671809057054,1664.08038961317,911.14672025189,1029.89371423473,923.475933445654
"50",1523.45990420066,1523.46339072433,771.563701037732,1500.63601287467,946.958603757883,1286.20271620433,946.295490392676
"51",1459.71183397458,1459.71184114611,772.746647893442,1425.01113924321,969.131986713049,1250.77202567928,969.56412056191
"52",1228.72781786643,1228.72712222391,768.403967476344,1336.94671616054,967.577460572287,1082.35452897121,971.758974117827
"53",1363.46869463892,1363.47255890487,776.996720649775,1389.09438528149,976.814916739274,1171.31677033631,979.808826598186
"54",1075.34500890728,1075.34546026273,781.71010398878,1497.65068457641,891.914282889698,977.363611723097,893.405986898718
"55",1172.68495712783,1172.684789504,753.438962108776,1422.93632604036,903.019118473206,1043.19662495162,902.916156798457
"56",1021.64750332469,1021.64746880813,764.374210903637,1504.10207304279,910.778044600601,924.624310912258,903.38586077351
"57",1153.30023930608,1153.30233162044,750.667758659827,1357.25235009303,932.885698185814,1016.37616346947,937.967331186765
"58",1052.24123353536,1052.24021798846,759.809480124092,1439.70795115897,891.043535578662,960.025999591336,891.229392107381
"59",1501.5424023963,1501.54479556048,791.551449803881,1425.88887000488,1021.55851945146,1288.17993610928,1032.57306198647
"60",1260.14908430812,1260.14910344357,755.763671710297,1367.52041247023,977.021761582147,1063.01563100035,980.224211303591
"61",1188.69765411741,1188.6990282441,768.367676216802,1330.05483741796,910.468064148218,1060.35772487025,917.168042014345
"62",1238.17586678335,1238.17635206032,756.311775504167,1351.47969630252,925.936679424698,1084.07840030913,930.720053600803
"63",1257.3961487622,1257.39585154619,756.311114283271,1443.81763141682,939.433429041938,1088.78858626291,939.752683045421
"64",1272.55383357484,1272.55393716743,744.92732573517,1333.54830616584,887.826754431824,1141.81466187537,896.616140696205
"65",1207.81407941531,1207.81530287421,755.99861043871,1325.79345440941,951.415224705906,1064.07540069733,951.815261267306
"66",1140.66355508653,1140.66220536493,783.909697851213,1538.07533961505,895.488482528846,1043.11096918941,897.865641497041
"67",1033.45972458261,1033.45939789751,754.809067151509,1404.51939986745,896.860971586053,931.195398287182,896.770767278985
"68",1509.23214549311,1509.2330279281,771.384242406734,1579.65868865565,922.934666541313,1241.2973526962,923.000442217883
"69",1277.32658655282,1277.32696332497,746.864763349707,1414.36416215366,900.282931735265,1094.91266206337,913.892677269023
"70",1128.59531495517,1128.59347318521,769.234125322891,1386.96065226009,919.218578315435,1009.05128863462,920.652723728677
"71",1142.313770126,1142.31378085095,745.618156692153,1347.54055517993,900.63271807695,1011.06351884063,906.334996534467
"72",1192.31690299378,1192.31590803397,771.50602827323,1368.96396972663,909.976815757831,1068.47239798715,911.693908746792
"73",1165.14590647007,1165.14726589934,748.370058955766,1357.52491912313,892.172759124037,1044.73696871268,892.466770611371
"74",1293.77049008145,1293.77270340372,762.067259226877,1402.75073109204,967.29505671876,1094.64406847942,971.042526939579
"75",1205.57562591903,1205.57630446779,769.589334786154,1423.97101108464,1012.35963565761,1024.29007482133,1008.68863032246
"76",970.832759928553,970.832846741838,736.063836324184,1311.75152385814,854.115406805034,887.876603053418,859.924122833647
"77",1418.64751790913,1418.64651546657,788.966734356162,1590.98173693762,931.328956863631,1237.13069003688,930.578998626298
"78",1189.09363272304,1189.09383328785,739.902651247355,1286.28789486536,927.979311241284,1071.6186318573,928.229453986697
"79",1484158253.95404,1524.19652813098,768.440257015219,1509.75332455759,965.359041455161,1246.57157857208,966.777463988988
"80",1135.76096133202,1135.76128965288,736.547490977655,1307.28492803034,914.360486258851,1021.13439682494,909.566405513953
"81",1346.18391883871,28367516.1095536,771.148823049669,1396.80538245243,946.821770960095,1173.50338038963,951.727040365181
"82",1290.4178599718,1290.41735403692,792.30183386233,1550.24469972609,997.44846496465,1112.00402688271,998.186296988285
"83",1221.90984262691,1221.91230672834,748.259235117242,1296.40824518713,864.690627474734,1082.7486534955,869.160251389911
"84",1310.69174998833,1310.69118067731,767.090993002085,1458.180297509,936.810076237282,1141.02243184367,938.08343281967
"85",1215.80119970152,1215.80275472446,763.455010881717,1368.90526008043,929.067583567707,1080.26216372111,934.131328571824
"86",1131.03595141769,1131.03565851712,765.761155620969,1358.45971846109,940.12833696377,1005.4640825552,941.00525778863
"87",1018.84724229726,1018.84778208813,741.082637239617,1376.43657661776,849.181421540691,939.643593464444,852.967033331048
"88",1149.7125007034,1149.71785086435,732.698421212082,1213.12089973829,867.355788309337,1022.84638943859,873.7131625
"89",946.675021483249,946.674562236023,762.012282236915,1488.44285009334,839.3084154895,868.976139416895,841.620449773156
"90",1532.55562031576,1532.55209415554,787.315343969105,1528.18134425355,937.459481451404,1321.52628420282,940.588540565101
"91",1202.79670952274,1202.79671418904,762.684304139381,1483.17160483471,940.751404373865,1030.75389976361,963.953470849006
"92",1078.12590710018,1078.1232455554,718.978306093484,1268.39027136558,902.881537735471,964.368543050837,907.381386833176
"93",1155.9016568617,1155.90209018988,760.335554900278,1413.15473252319,875.362542183906,1024.59383854828,885.064760412864
"94",1276.50417218382,1276.50217266434,765.790996847937,1432.66941417829,890.731129441986,1110.836159059,896.23669218566
"95",1501.66560640804,1501.66860025683,784.047203684151,1557.93258781673,959.372603081765,1224.85212659713,964.9592699732
"96",1245.48066175109,1245.47985332407,760.135557334508,1392.69164525796,930.872910594994,1070.51924854172,932.257427556787
"97",1174.94434685869,1174.94532587216,739.952029500287,1336.08396440664,886.836423933694,1026.18826538029,888.636683102837
"98",1219.32383597795,1219.32667076387,759.42948828826,1368.54840154117,954.279179907511,1070.37116634645,949.212485855529
"99",1150.2994804314,1150.30121940099,752.2621256385,1444.72197731153,877.144360031785,1026.76802557695,879.458295892939
"100",1052.12926834967,1052.12752579133,769.426257268849,1382.22697823147,890.51516842613,951.152032352678,899.466847609072
"101",1022.33871029754,1022.33856072705,748.012959298353,1378.70513622982,870.707977524305,913.656753518482,873.265902825533
"102",1066.15576795827,1066.15561533644,738.403950883148,1305.91297682344,872.214512927796,962.672904928168,877.42618968186
"103",1298.28488175636,1298.2863455049,755.055134983455,1296.90999674058,1011.35712808364,1127.10418224249,1011.70199959589
"104",1172.10185524194,1172.10035449376,761.668561860848,1338.00498000181,907.353974182154,1050.51065706756,912.166208245065
"105",1193.09977341825,1193.1008617548,753.57652271241,1421.92725291857,904.011662904401,1044.53513387714,903.933315695007
"106",1598.75070120808,1598.74973819793,758.400732624324,1311.26505111888,975.483879731028,1365.15821559486,979.211709040779
"107",1194.87329554447,1194.87615248046,761.863386520556,1390.64850177394,901.548734262877,1041.41295258285,917.916299136981
"108",1000.18883728801,1000.18802253475,735.537546390482,1308.2591289351,872.649069188695,908.714762480111,873.811700671786
"109",1392.76991463871,1392.76965348728,801.396218658105,1471.33115497251,950.073293971323,1223.5397216207,956.181099491402
"110",1113.80294432744,1113.80359074112,764.651752372711,1397.37770118321,937.921587863953,1002.17099876327,938.37419286053
"111",1206.44888051684,1206.44848974996,761.755864307141,1373.50859984184,915.747079214315,1078.6475443546,914.709611120248
"112",1064.05326818899,1064.0532869707,731.650446958193,1313.26252873985,865.072766730987,968.709923288084,865.807849264833
"113",1245.1697335354,1245.17122218825,735.302179842419,1341.54836692116,904.558885471811,1097.63015633062,908.32485008003
"114",1330.01000836473,1330.01172398609,775.359084605568,1425.26349077668,946.874750597001,1177.05591887328,949.115062812766
"115",1196.21168913379,1196.2120478551,772.745390505903,1450.10721579305,907.102574543195,1049.97549762042,912.160395080611
"116",1134.79881293134,1134.8001640184,769.91491115868,1343.52950674786,920.371236053294,1023.44452856623,925.18242261109
"117",1291.03265524665,1291.0346386053,745.326709765381,1298.91104709829,918.728793000846,1118.31028457845,918.57220321848
"118",1244.9562918237,1244.95914693471,772.502848587322,1420.03152199945,930.495515370088,1106.11581264894,927.905644741229
"119",1108.5560799276,1108.55441248415,783.123732726901,1488.35974056909,936.250162888266,990.645383426202,935.915512229639
"120",1151.75929211535,1151.75911521227,776.441544121963,1351.55693480939,945.248553206409,1003.52807005883,956.10648193754
"121",1247.29625902131,1247.29730052348,742.462770842208,1357.99745158434,898.515423967605,1084.40462708854,903.298819957373
"122",1099.85600016743,1099.8574324325,750.868630946329,1298.9159472172,943.072324809139,992.980339957011,948.611270840972
"123",1156.74951811341,1156.74836449058,762.189373592561,1388.2814242832,919.90354717035,1007.4358122898,925.990579220144
"124",1241.75888539466,1241.75581530621,788.941851485417,1580.06478114641,915.537981973923,1104.98810538075,917.666538790206
"125",1244.41274375592,1244.41765647894,750.387099644591,1352.98231181751,898.602317757307,1075.01447798682,901.187041950916
"126",1353.46109608203,1353.45875979452,741.76028447942,1339.55874473031,906.730257263526,1175.74224494972,918.536608307263
"127",1295.54192213066,1295.54145234906,761.359866668196,1446.62672957197,917.513511058545,1089.47559429366,921.238808530737
"128",1429.00538211839,1429.0099672884,770.118137026922,1353.61558032346,1016.31829838982,1193.51897624526,991.983507608426
"129",1218.85150167067,1218.85066857198,781.946517842136,1411.61255792153,923.709664066771,1085.101968106,925.875189511337
"130",1013.93923975011,1013.93955430153,750.720756245559,1293.52806967845,948.577910825525,930.428937370271,932.112956143797
"131",1198.53591890328,1198.53728357412,749.853814985296,1344.77128607738,912.061203488247,1069.89586372007,915.257086359363
"132",1197.36047481956,1197.36107273018,752.213528895539,1302.28452380601,919.770856661379,1052.69443192706,923.312092751118
"133",1278.84930750467,1278.8495350898,773.389030632265,1434.30925762753,985.787715366366,1107.03614285118,986.758183123986
"134",1158.74082511159,1158.74043343207,745.878406467949,1383.69667788389,926.741613683854,1024.88558126124,930.347966746805
"135",1269.0005508308,1269.00053449929,749.376954951716,1363.62486082498,897.882167712233,1084.76077695906,910.669498612099
"136",1185.06323680205,1185.06335556871,773.042699351185,1401.09964367904,937.257027228228,1039.84300911327,939.174665940127
"137",1307.34450917945,1307.34564671386,743.989581723705,1294.5189411356,910.364827751049,1162.51733472283,911.974138686382
"138",1148.20198106592,1148.20063096195,756.742193208973,1329.2804044462,930.461500738448,1016.94438084242,926.18778467336
"139",1222.80224459273,1222.80080271346,758.174481398575,1393.53210544079,961.134976379926,1088.09653239647,959.433037948465
"140",1064.72155484886,1064.71908327559,748.867322395105,1316.17416214971,872.332144032214,965.934801347109,874.525664072066
"141",1109.97110795442,1109.9700496999,742.674084481832,1309.23271269618,904.103869414819,988.149798892167,911.851285888644
"142",1286.15097669805,1286.14996223115,785.483202103871,1545.28394042498,921.795139610866,1112.34507085091,924.703135835035
"143",1033.78818534682,1033.78767767571,757.495944732226,1395.77463075247,909.919254354981,933.9300574446,910.485865078212
"144",1069.51329786775,1069.51317233464,755.905887147187,1359.07924415225,912.226047773105,971.307313400963,912.412643615862
"145",1129.97826693763,1129.97822132672,766.907496016167,1414.73559895297,920.251717494052,1001.88388335839,927.236824708267
"146",1192.21472635046,1192.21332377096,747.00583706082,1372.06193497801,905.049922752652,1045.40624469263,904.785546586347
"147",1443.31898427868,1443.32246477831,744.344273408748,1390.5507242226,918.539726640744,1214.12941029967,925.220399967871
"148",1510.17764368582,1510.17585764779,738.904577188263,1384.16403366051,905.574759189754,1289.30175310088,910.14427925102
"149",1202.33506574131,1202.33431232464,762.689233244126,1479.03201978068,926.463332668638,1044.24061755669,924.961577227206
"150",1179.64697846685,1179.64705216489,749.25103489082,1350.63472680155,871.013832639842,1074.95766031067,872.719664283631
"151",1278.88280299809,1278.88261928866,765.061212360311,1504.33873667554,914.565786317428,1094.81313402793,914.751569806849
"152",1260.1560355112,1260.15638370847,768.59081681251,1418.24217409097,954.91851414381,1101.26403512075,954.292726487428
"153",1079.48267571878,1079.4837872149,778.115316891182,1309.083375402,945.69986205587,973.198377768144,946.451794053093
"154",1003.33033596958,1003.33040315619,752.31447205228,1304.83007215616,885.313638391253,927.954642635504,883.695161210029
"155",1074.78120758573,1074.7810259284,777.654490993562,1452.36737661457,913.510477159903,963.07174193181,917.021538276051
"156",1170.70586586896,1170.70618969074,756.134632914364,1363.89789848587,935.82622198625,1027.14450431232,938.207917758683
"157",1024.63185011701,1024.63104067122,766.279309399936,1461.22206151398,897.38618429871,937.713346549004,897.546114075207
"158",1163.08873306666,1163.08814234056,743.730622450222,1330.87427830634,908.571556949884,1038.06819916763,910.099302245127
"159",1236.65615203988,1236.65937739286,744.41042732178,1336.8406308767,924.845396482274,1088.87215786379,924.798653002367
"160",1206.7967648031,1206.79459566592,761.961376462691,1547.13057846004,872.32094933911,1075.48257335864,873.954507435288
"161",1397.45856300302,1397.45972179565,786.767697866606,1558.75914738668,949.636221082947,1184.19230802917,949.720268066107
"162",1348.32604760632,1348.32527744237,783.541049133404,1439.08824232443,938.640083310451,1188.65469096456,939.21820431562
"163",1113.02796842838,1113.02748071922,764.282620420541,1356.34149411127,919.696247168021,1004.7143935465,924.189486640712
"164",1785.49713143917,1785.50266494623,776.484119747971,1505.132616727,1015.64522908061,1432.05096590259,1021.28197653057
"165",1101.3538249509,1101.35371095438,787.590667375743,1464.11926151513,917.282823800833,998.607156942175,925.377663524755
"166",1122.49762433943,1122.49618636948,763.669899929553,1379.98713536166,886.985040107404,1023.51734221488,887.041822746184
"167",1323.73000599254,1323.73263352934,753.960663594318,1382.80321386184,944.849960146521,1128.9728243616,941.432772153739
"168",1106.82583261727,1106.82562873071,756.886362267551,1344.33111061989,907.955680585356,1005.62426113943,909.057115272716
"169",1632.21506053408,1632.21788114706,767.651575509436,1411.81867678489,979.333310728798,1372.44511018344,987.634627483208
"170",1153.91356888737,1153.91328492203,781.032050357876,1504.37240785002,889.972348284355,1025.42327367736,892.97240978614
"171",1248.43387567658,1248.43285255242,786.107839430229,1519.75099660011,901.734831608512,1118.92867618821,901.236480339353
"172",1624.81619759868,1624.81838114554,767.553129719881,1434.98875245811,945.29957657794,1373.87765526152,949.959292667594
"173",1144.53798948927,1144.54090846161,731.991025036259,1339.9620844259,854.008722384573,984.593692038726,869.042910661568
"174",1219.65628358715,1219.65932080472,755.995449266923,1309.70203321311,923.20912041781,1090.02615082674,932.087723383523
"175",1082.80760065606,1082.80591649009,746.022548151053,1454.95707684814,878.115572103326,952.303192860292,880.893627868711
"176",1224.14668318217,1224.14494032455,763.233753799703,1430.63710414203,901.949802024626,1062.60126120599,928.351221237064
"177",1197.91405578924,1197.9133127632,754.695711881571,1340.94327851833,898.691153981347,1075.96378957154,902.598731983281
"178",1284.16175189946,1284.15975884126,770.004188356754,1441.97373209827,907.855474977801,1110.8138488556,919.645482932316
"179",1301.83552485314,1301.83457537345,713.243006273217,1312.56889261476,876.59961500711,1113.10887819272,878.882205636472
"180",1251.59973125449,1251.60200886945,786.213710941239,1511.4023315884,911.645640989492,1107.33204008501,912.869967843962
"181",1184.53479427224,1184.53292204964,740.247542469318,1320.36028466132,938.268658079281,1028.76283922612,938.38402011591
"182",1112.54688398063,1112.5471568257,770.074036068839,1498.31639171836,906.014795981891,986.614546649007,908.27779516548
"183",1322.53485346236,1322.53443152714,767.907554076594,1343.256426005,953.561936734779,1154.23697128616,954.793657569873
"184",1085.98831799227,1085.98747807205,749.80275740495,1345.49786703716,933.68258834079,965.845342554737,931.979949541945
"185",1380.27422057644,1380.27300892133,776.682886204997,1355.9138227044,949.635321908278,1211.85109581029,953.328417823263
"186",1159.48744895285,1159.48743606685,772.311039232417,1403.04165393556,891.394062300948,1032.62448399933,900.651536690694
"187",950.976099111838,950.975840279918,744.385951364571,1341.81048695033,871.65819546816,883.519792524574,871.109766052089
"188",1233.88366125117,1233.8842553123,757.568644932851,1398.48780885018,922.864190790485,1053.37701517697,927.155336394238
"189",1067.45962734218,1067.4582731199,760.402119994502,1336.43873885791,881.296104820812,969.283446144499,887.454895190738
"190",1378.08366409948,1378.08629783347,751.406421262106,1435.13846271609,920.441921351452,1159.52617369635,922.904731619993
"191",1086.54578966047,1086.54436131224,762.816695794111,1377.59001108653,858.035380639255,985.872291839474,864.454369350387
"192",1457.92719723765,1457.92947278908,757.997933111237,1370.43536056233,1010.30947849714,1185.40827193942,1014.98767200629
"193",1144.85336593169,1144.85231407614,766.891764325354,1547.12835951135,878.70251780132,1018.53267161711,881.27473638944
"194",1308.62976653267,1308.6288815735,808.093388336898,1597.30878495191,1005.71472190313,1090.2410367267,1010.51686491356
"195",1146.99128705341,1146.99174021173,767.824937887418,1395.44750499102,895.09868316171,1011.90565094033,900.674463693739
"196",1231.26410772026,1231.26432378989,774.752783449996,1462.78103722419,931.450889406838,1079.49897487735,929.066949081675
"197",1046.15009089829,1046.14901364374,738.765074814048,1335.98434233485,902.034038733688,944.952978974355,903.158520100511
"198",1204.921856123,1204.92131117102,768.232773232991,1529.38768684661,874.129151313684,1072.77363106321,874.838813933603
"199",1163.16973293164,1163.16872496714,744.684056417874,1324.39534327967,905.73407487276,1003.87598800399,916.172038271873
"200",1131.78664645534,1131.78654790227,793.655551080102,1510.8850804153,908.867325470044,1013.0744040512,916.067384738268
"201",1293.84113695466,1293.84234082276,765.787448178731,1437.71710004158,925.014257247827,1107.97833161495,925.870732181518
"202",1358.45267878056,1358.44986557008,760.790152421693,1426.66097634363,913.136825870451,1152.75714160116,920.789416586183
"203",1175.10306103825,1175.10298250922,758.710280572755,1345.2099270986,914.414146882588,1036.81065737084,922.764712981979
"204",1185.39283042468,1185.39444951045,762.709479307961,1405.1769845327,906.710489401848,1062.56786244894,907.297394387944
"205",1068.98357932885,1068.9828493452,751.179383421516,1361.56820132853,893.800903853562,976.098885877419,894.752845421486
"206",1614.94715562444,1614.94905328919,799.021555105332,1493.37693620197,986.201040843465,1368.87733568233,987.199722949776
"207",1084.99461283154,1084.99537853999,768.252468669353,1352.75730612888,892.69866141867,982.898637166604,900.628338162136
"208",1266.1995493126,1266.19679585022,789.844052792461,1480.04380896515,929.543210303321,1113.23523971687,932.170489902597
"209",1338.3680094925,1338.36529517899,778.497594706404,1481.47583396228,962.433319108628,1130.85115747347,974.566810771449
"210",1120.2763771099,1120.27677623501,747.749555718262,1334.14152454907,914.033175609135,1003.96988923716,915.813268370447
"211",1274.79349922909,1274.79470117397,773.053373665574,1436.0372897323,940.466902874917,1105.49329911025,947.2942173533
"212",1126.63700004102,1126.63618540757,724.93954246981,1280.47813522107,899.06082302807,988.165961905726,892.376906176092
"213",1153.67037813564,1153.66961801103,765.081253569829,1466.33678269886,881.30000587038,1029.42792173204,883.449052649109
"214",1545.78496969596,1545.78697397391,756.214949163135,1438.06643991607,973.489633919883,1281.64120265007,977.83449875419
"215",1272.10456327493,1272.10511743577,730.403868786088,1307.52791460566,909.683158235752,1114.36375414527,909.727554961334
"216",1080.02808236486,1080.02805483182,745.419524658042,1399.97710172226,911.887316401203,940.735323539662,917.829084880505
"217",1322.04960479974,1322.05402239568,766.144429289391,1381.62927804178,923.988042266623,1150.8481574352,934.984163891229
"218",1202.53477441752,1202.53488413441,756.2847102448,1388.16963041562,891.163974306695,1068.00856123795,898.675642322685
"219",1502.26755228233,1502.27373246031,788.27744526077,1480.41682865509,1002.27635271402,1245.29977117137,1005.15678664491
"220",1448.71279980645,1448.71218636586,743.307319237935,1330.95705212728,968.193411193943,1225.68507483754,968.71676780046
"221",1274.34258637399,1274.34339964565,777.638640431743,1564.29718027179,883.750467193244,1113.76883733472,892.686064905073
"222",1413.59696124661,1413.59929849741,771.291137195187,1380.7581606642,960.613741610472,1213.60161937457,967.535201813177
"223",14340432405897,1537.81750665521,795.897500440313,1566.63107151826,1007.81218166671,1270.26487107378,1008.11650965587
"224",1131.00798092725,1131.00597210343,762.688662928274,1444.89025695827,901.586199777862,995.529799248523,906.796764678196
"225",1241.30635862813,1241.30646297325,780.431894299197,1410.05735692909,945.520296884497,1103.49595175391,947.795854252943
"226",1252.55448668689,1252.55371506907,754.784870668996,1418.56899439826,892.477303498382,1077.96153909266,895.274966502664
"227",1047.22248164661,1047.22186584455,751.021413474375,1446.49333732591,852.600608303611,914.52165731645,866.112251851881
"228",1295.39499320661,1295.39895494639,767.28575898963,1315.56182562882,951.706625891391,1138.93837476143,958.106880567593
"229",1565.9529536981,1565.9531216423,766.961066306069,1477.2625118208,957.197765528936,1315.12285815674,958.289638858543
"230",1043.53850461581,1043.53777195762,770.909794941824,1385.00115962499,937.514047862638,927.908960593483,945.671479179019
"231",1070.45660478086,1070.4560517983,769.286230684684,1431.35304824016,851.901444220992,960.620120831395,856.952653346717
"232",1079.36730620957,1079.36829938083,716.628806029422,1328.15766273605,838.948801275656,986.470152054707,840.728579653962
"233",1135.63013389581,1135.63054025355,778.205031891572,1545.07642997221,887.702086236846,1017.80668367745,887.623029391457
"234",1206.73157595862,1206.73214806876,780.62753915716,1530.11636164127,968.007447822672,1033.5699597977,967.964534651547
"235",1202.55817819538,1202.55934688197,743.533959707862,1359.56210914047,920.979594161559,1032.86825769337,928.073478414489
"236",1412.6278500222,1412.62525370849,743.537971985297,1441.96789608545,896.361472453934,1192.33191907953,901.070096592413
"237",1285.36796776882,1285.36832367653,760.35152904555,1418.66948946595,955.961457014445,1108.10459349137,954.359269117087
"238",1054.29275992778,1054.29220911307,765.895040794899,1456.09653453117,883.377828870657,961.827317774836,883.382208667565
"239",1299.55682112122,1299.55632106722,772.049530296436,1484.71509690147,973.887357934183,1119.13512110783,974.575505251603
"240",1215.12480235051,1215.12283158147,757.46041168633,1508.3257457786,901.785718095896,1034.00873455379,909.283990995361
"241",1044.31167552603,1044.31116858975,751.721322669151,1331.28092800995,896.270291755938,938.808868384006,895.810558392057
"242",1217.66269717513,1217.66234781356,777.149225430548,1563.75294017384,938.254645004205,1030.49995834915,935.281034246624
"243",1492.99716083955,1493.0019318975,737.331189606392,1327.50471747823,908.800566963863,1313.88375499548,908.978675458467
"244",1056.31481423319,1056.31306210139,741.232834765219,1338.78494236879,876.790408422182,951.812666399764,881.968785868752
"245",1205.12614319612,1205.12548675222,769.290568058965,1469.21936564299,911.231730247858,1050.84010109548,911.535746356784
"246",1633.98924057024,1633.99228566182,762.159669806486,1486.97431860508,906.297203398458,1345.32448387592,917.002917649632
"247",1043.63284401245,1043.63230845583,765.366295405548,1481.20887483459,855.460623818057,939.570674409157,862.539765155086
"248",1115.29311218948,1115.29263033718,767.527933698775,1423.94736921085,956.864770364481,973.458129274479,965.477224659033
"249",1221.49290534932,1221.49444105978,775.850781150954,1483.72003361549,909.78485614703,1080.29692546313,913.433017690058
"250",1111.55302058967,1111.55322978905,762.749536555024,1339.86035998485,896.358252896386,1002.23675562136,919.097860990295
"251",1134.14554773002,1134.14366810582,740.981533424421,1262.12399982234,955.83648201147,1000.74952606823,956.14613396021
"252",1300.58022255354,1300.57756693871,738.861854660022,1314.5960431971,939.914701334793,1128.8850408299,943.522573513211
"253",1550.12208853207,1550.12472838002,771.362637256657,1390.84837136679,962.139107441563,1283.05443616119,975.682942167744
"254",1066.34653636464,1066.34578214645,748.605698654819,1412.23787886443,871.996139782265,958.712946997635,872.080970592526
"255",1119.4885262244,1119.48654307896,787.520376154223,1526.70097444338,908.054353667153,990.790109781812,910.587686231864
"256",1227.79586060234,1227.79293375877,743.985434864997,1357.22877007695,910.568474452263,1067.41140826155,910.33466602525
"257",1169.84066634143,1169.8407957376,746.234061890311,1343.76478052989,914.488902465712,1023.50251257505,921.822236417988
"258",1300.78101317671,1300.78080866089,771.826653730203,1410.5321261458,966.592485695464,1111.37555152071,971.728309985424
"259",1011.13110210609,1011.13109017242,780.478893961616,1524.50942296389,889.163492326248,918.960268089479,887.200590511749
"260",1146.67471769089,1146.67587215201,748.013439443217,1295.05683598608,929.290635023806,1024.52124849228,931.384337838147
"261",901.152354154682,901.152048765807,720.290181450765,1278.19762634308,831.006586379138,828.287382417115,834.297804307416
"262",1187.40817927077,1187.40879520373,743.496023963441,1290.90274851559,887.452002794537,1048.27757967833,890.900458268717
"263",1163.17779510785,1163.17745974724,750.90453585284,1383.61236315424,882.11912410544,1035.12596299555,886.632646596928
"264",993.07325767994,993.072879480378,736.908719705234,1342.13035197968,828.251226521699,921.355034124386,831.993657233584
"265",1409.0715321477,1409.07571188097,754.128506251359,1446.9645321207,906.75051112839,1170.87653537128,914.47225780172
"266",1663.13229118214,1663.13396447207,752.526304979988,1374.66560430183,967.908083912403,1377.84440793119,980.001549837803
"267",1181.24932232084,1181.25200726326,745.068215795234,1361.20077496524,855.414221781495,1055.8531108494,860.220699577057
"268",1022.38400706966,1022.38356383956,740.371485913593,1342.23837282306,845.845919576675,926.847207331308,850.436924070901
"269",1158.77250140512,1158.77246017841,776.108273397251,1487.46701104849,913.310472221287,1035.13792021968,913.171797806545
"270",1350.26098153576,1350.25756377238,786.578855096544,1455.00513149808,940.575245278636,1181.62328306517,943.441193090099
"271",1141.83847591771,1141.8405604644,729.393128523451,1332.9646101686,923.816367253146,987.146919982162,934.186066605877
"272",1240.73272386325,1240.73288980215,767.11309574902,1355.9305246172,917.691302731566,1089.84663456527,931.932409850214
"273",1136.94448019596,1136.94339536307,773.366001816696,1528.27296544766,909.675991761216,987.13482032517,912.604000874076
"274",1085.49031883067,1085.48879309098,778.48977729968,1453.61571160041,893.761356234913,985.284937478513,896.574974590496
"275",1262.02800107041,1262.02949246486,765.454363863213,1339.15817352817,969.113260778698,1111.60887586057,969.400245512239
"276",1237.83334865909,1237.83235737829,814.288259827263,1618.55231325309,933.903346206857,1074.02252699616,939.678459614169
"277",43980078906.3329,1319.63987697869,755.639424752268,1333.23018681326,951.589541596121,1131.95280992805,951.220308747988
"278",1317.75645814852,1317.75825045465,752.891663718523,1372.28081203041,903.663669918282,1152.86625071703,904.725191650989
"279",1155.73289370425,1155.73358648165,779.61244871054,1518.63371968928,921.923642608976,1009.53339658002,922.111093572589
"280",1311.16139355469,1311.15995359704,780.470313684409,1539.41803137462,990.411966434021,1108.40742014293,990.710557522911
"281",1052.73027220375,1052.72914355201,767.025818949926,1447.23940035522,861.429412949383,955.421091276924,863.832562249991
"282",1339.08269785841,1339.0849518014,788.819939787491,1522.02975162055,928.532479677893,1161.44251148962,926.702980658402
"283",989.407185107251,989.406602296703,758.598078005501,1412.52340328218,858.165292615965,900.25499799144,862.920195034512
"284",1094.9171665474,1094.91717193246,738.321431479669,1331.55599019469,874.415818523371,999.51946359179,874.391016622857
"285",1241.79527147783,1241.79430402242,781.79292943717,1487.84892678718,946.892861687977,1079.74586986148,944.624705428541
"286",1366.90752959708,1366.92073904688,775.398708767256,1459.72410779093,937.756924008365,1149.28154382642,942.505477703095
"287",1342.51594423764,1342.51518453314,796.990697316619,1535.38332296432,960.608380775798,1143.27643603429,963.81463355593
"288",1135.68502386701,1135.68597123504,761.612048894589,1356.11243688413,949.616139683898,1001.08923364868,955.979642492125
"289",1139.59890216646,1139.59975043424,761.440194477438,1373.71852513613,885.808887600346,1021.21262322313,892.191594766887
"290",1389.74835498858,1389.74137782724,760.096402541843,1380.82272273203,948.577663193531,1143.68193631629,957.869036997937
"291",1080.38903104886,1080.38956070666,754.798523897483,1330.46430359992,910.910813280313,990.482538853729,914.01012841456
"292",1225.61168581293,1225.61089642242,778.697240089974,1394.34443909808,923.110329362979,1091.29180588745,955.333386235765
"293",1521.49424517996,1521.49295620517,778.98312406584,1514.4031296669,950.924784595295,1258.6113427253,972.083519678965
"294",1537.85471427886,1537.85839752748,764.205473620116,1367.78504404657,1006.15349553529,1314.00005982722,1006.38452790292
"295",1043.63629321958,1043.63646068138,753.457392681652,1310.10652104942,926.07627707294,932.015914679834,933.787135333347
"296",1548.40665394616,1548.40491635556,786.63279901166,1427.83592188144,1034.89556112005,1295.35170300854,1032.96060709895
"297",1658.1265407772,1658.12695898149,766.008810392393,1513.55669954468,989.4800282666,1329.57302698014,990.208143446352
"298",1033.58020143571,1033.58012448643,751.444512802241,1467.47035256521,888.698032241134,907.990507182958,888.973097119333
"299",1274.57592794379,1274.57731032997,756.602477705714,1370.58746467643,899.119801047791,1108.62037296247,909.518546921919
"300",1159.7946225392,1159.79518474799,745.250891350491,1316.54392903042,926.995514839601,1032.17339697935,925.111639854685
"301",1170.8625360872,1170.86161362831,748.993407989577,1390.07201877725,900.176102159418,1029.2856819916,901.12319152255
"302",1080.49136386434,1080.49091439999,771.050241548523,1434.7963149342,903.470673761784,966.339336130979,908.811910294858
"303",1369.64945969542,1369.64704705746,778.358534731912,1471.03714193201,946.554857949598,1183.96725856632,947.257480693122
"304",1114.80113944535,1114.80088096031,762.816326215833,1451.69655810104,891.713774116212,987.014484461193,893.596535187007
"305",1094.8777327623,1094.87683611338,749.344674719851,1392.41323003449,863.800217292258,981.494088831078,868.127573397824
"306",1512.34630336034,1512.34994628188,780.050832685005,1382.7469075953,1031.01411486421,1254.74044371335,1040.28085675607
"307",1040.49269014787,1040.4930162155,784.94600050471,1465.08300805466,892.421426398685,950.402623865317,892.441937465891
"308",1058.71412126284,1058.71435759936,769.757457784942,1405.0299393392,880.969723838327,951.972680950637,886.873439944023
"309",1216.10320528731,1216.10316045021,759.982068339664,1359.63092221252,978.513002841828,1056.77465870243,983.385378928094
"310",1185.96716536221,1185.96870024812,755.746457736247,1338.05935758927,909.088615679749,1051.65921545089,921.177640970308
"311",1143.45158945312,1143.45158509101,750.133224524266,1308.31931102343,903.19186231587,1019.91646439969,899.910745989469
"312",1338.62589674072,1338.62671465721,751.400282016665,1329.99256753266,945.968445601231,1153.98680071363,945.487791544541
"313",1090.33082021944,1090.33085358496,744.930336113822,1339.90478348896,879.003961576556,967.548706258178,882.677920875645
"314",1218.0158888441,1218.01785429478,769.166545311131,1331.50938936684,938.035800665686,1082.22068833321,939.434250018762
"315",1232.02607767377,1232.02507639795,755.752089567771,1354.7884021351,939.076887965215,1092.67535817831,944.224086655096
"316",1168.62446456888,1168.62463006934,750.843604803267,1341.04509074691,925.421335899535,1030.83155474928,932.145013695181
"317",1094.00142259701,1094.00114562868,759.332414221931,1472.95622119247,915.247577541833,971.845258724187,914.660554643018
"318",1273.44012191741,1273.4396505217,777.824391061702,1470.65114023741,968.827504785125,1088.0102915266,970.653776085086
"319",1206.26879266235,1206.26868723023,751.06353171776,1322.96158789402,927.99031266604,1069.89046384,967.690115272102
"320",1015.39108900561,1015.39087306417,761.536609404076,1353.79781250009,887.838143079773,935.498988777078,890.379813825935
"321",1630.30366810109,1630.2994852429,777.704212330197,1561.63814702331,1006.87881597206,1361.31292110108,996.401552465166
"322",1157.61409189277,1157.61395613914,730.529312881674,1303.70777963441,924.828244404783,1030.8592105478,925.817854117292
"323",1050.76635301847,1050.76575550055,770.93384568849,1395.55591292436,922.572898262018,939.756536932574,922.714630869695
"324",1121.55907760162,1121.5582432405,780.850048332761,1409.96193468413,890.843154010316,1015.3603203554,896.449861451698
"325",1087.3262705232,1087.32526104502,757.276703655075,1392.63494881453,892.393206625707,975.812769209727,896.568763668248
"326",1437.40158676678,1437.40635348713,758.181643952821,1372.89720056948,935.200973553384,1220.25760962364,939.907637650114
"327",1068.96202901023,1068.96207798787,754.455045103643,1419.92586984133,910.422631491419,942.583599723441,905.534800865834
"328",1245.56736790079,1245.56712951598,757.913459434586,1423.64464313,909.63636697522,1083.11263618416,913.821449500549
"329",948.399756275722,948.399710851646,761.163286283321,1417.424895251,832.176990524092,881.02485363193,838.8703861583
"330",1233.56904763334,1233.56606677729,767.363930879473,1490.91942735391,964.577384248605,1056.32729969517,966.076173120741
"331",1111.51128497965,1111.5128704546,770.939968280274,1426.84469922474,884.951997683003,1004.4736870759,891.258021041097
"332",1281.9579381448,1281.95860252609,789.730182579216,1676.12223157156,911.828817120796,1065.86076372492,912.594835348502
"333",1323.39281889061,1323.39238847802,777.292286923998,1479.99903963059,938.103014923727,1145.1918252606,946.665767292448
"334",1195.31168350835,1195.31204702787,763.138643861152,1426.15464028209,941.370859824461,1046.24788343096,948.998637999534
"335",1265.44382805804,1265.44458634087,743.929770366524,1352.89418474092,882.72618157138,1102.91154365896,885.810599563025
"336",1273.03916929959,1273.03967778018,779.981296384495,1479.96684915222,893.934300953628,1120.64194873566,895.60436690758
"337",1051.93834472472,1051.93748654993,778.266275154925,1411.4808095713,866.085935714717,966.132050580961,874.789479025932
"338",1228.14110326583,1228.14330763731,748.384737555232,1347.09736402574,923.272227930255,1063.69638365607,926.996842009089
"339",1459.13819728681,11637820779.5366,752.610496086341,1337.49623558678,916.274055023738,1272.08022324303,918.952470529162
"340",1136.75786959779,1136.75751579113,777.285702710197,1474.75226367569,936.37898733652,993.004432805753,928.0261672362
"341",1543.3638594169,1543.36888016372,734.186854480677,1353.06103719197,941.085862449939,1254.23884297798,940.812294098274
"342",998.485367527469,998.485083651395,759.558864266482,1349.31260597058,903.015687075516,901.959946850581,905.791699420479
"343",1102.2071265167,1102.20635493461,765.586141072221,1474.35917688378,871.877696072771,1000.02317961738,873.689793310462
"344",1121.60484781638,1121.60451486923,751.760507524179,1314.38026912238,901.899382015281,1010.56926021609,903.74182095188
"345",1287.25776294649,1287.26011015562,770.31498298448,1416.23268487652,981.723756618607,1108.99902868461,983.570247555259
"346",1103.47342202482,1103.47163280551,754.575154176839,1374.39965604741,871.690197931734,980.053051550909,878.068758530267
"347",1125.97395073686,1125.97421838726,777.009451926709,1457.55811958321,895.349172091825,1007.09611216894,901.63762383645
"348",1038.99021006014,1038.99009541731,739.847844350073,1363.02687407026,877.525199548941,927.697683918302,877.380748523125
"349",1100.72100851088,1100.72089740079,743.698582787933,1396.91223907374,890.28097312932,973.187740400376,895.849461857939
"350",1092.93048521577,1092.92995722665,780.615065260437,1545.94720341983,866.648139818618,983.144825831497,872.747159434405
"351",1211.26302224499,1211.26570621477,769.122680765719,1394.24422332797,901.105049290046,1070.28028181868,904.384503586672
"352",1238.29882814636,1238.29934748458,764.793463671585,1432.49447068215,1228.2208647595,1103.79788581813,928.848190047091
"353",1483.51421397339,1483.52058648275,727.347519327962,1299.00373850454,898.478334342687,1260.13731667473,906.482080459226
"354",1015.52812901437,1015.52749971914,766.25593064032,1345.49713092137,897.513530402332,941.634790192686,897.921134058644
"355",1245.14148146887,1245.14094848523,757.750236463823,1423.61178143498,920.207365531545,1092.85929650956,919.357614064236
"356",1252.76842476922,1252.76749090481,762.790306707993,1409.15898305567,893.813752082401,1117.29805571903,893.441703298866
"357",1487.50476806829,1487.50395240273,789.689687738843,1468.46563440145,982.980245382192,1258.78848745812,986.04953536561
"358",1127.43716902894,1127.43763564175,784.251460247,1362.66353322308,928.959573967337,1013.01027026415,936.618284791388
"359",1531.84187195213,1531.84850407294,753.123775319811,1368.03595066901,967.595397675825,1242.70434413223,971.554115437445
"360",1293.24132539413,1293.24697508107,755.052185013386,1400.6824537274,901.664623980154,1111.16108299887,915.302907804696
"361",1061.15847021402,1061.15794714271,748.977227458234,1422.98281502177,864.592115841498,951.576348875146,866.927980725154
"362",1235.39461556215,1235.3959493099,749.423559077838,1323.4515305492,949.983946602977,1075.5065553987,983.959156789886
"363",1269.16338776624,1269.16326965252,767.314968694024,1322.13865704085,986.541151187668,1106.76995652308,994.688397185123
"364",1010.66840960343,1010.66806352708,778.05085511282,1468.03698927143,886.946415482545,917.31084899568,890.943924894871
"365",1157.11297539429,1157.11163839994,738.947723200169,1329.37185831149,915.24405016428,1016.13603141798,916.997219457371
"366",1263.2167077307,1263.21650211358,762.697408129351,1378.38121326854,930.696894877274,1105.07024079634,931.514766477148
"367",1150.33884267654,1150.3388202385,735.748929719881,1267.65007057606,929.960339636347,1031.17645336197,935.053555132408
"368",1259.96246705718,1259.96309346311,772.956252059408,1369.45135794059,961.266092883912,1094.08496386396,963.341095320997
"369",1259.13900433827,1259.14147624899,751.685612875363,1367.57374832728,965.030320930393,1078.29184136027,967.016245426479
"370",1545.15844569922,1545.15704826543,779.118529998654,1470.11294395207,1017.77948846387,1241.86714914848,1017.34922498008
"371",1259.74934946131,1259.75070376374,770.707838166935,1445.56299570407,924.946408166241,1110.89980518481,927.885483409568
"372",1209.9887186936,1209.99039732784,712.511130247296,1256.3176292065,915.551448376011,1046.5145227472,919.877393365739
"373",1046.05467928077,1046.05439581916,777.041886267479,1429.86961057073,884.346258475068,956.497033256407,886.484382464946
"374",1362.79773112447,1362.79806792582,787.350346716768,1444.01466858221,956.741300946487,1205.33467338205,956.793749419921
"375",1215.94652793545,1215.94254356549,772.867580507495,1454.22183057136,872.991455179042,1070.43120078897,883.929710930648
"376",1170.88390874461,1170.88288246469,768.12823974057,1435.45068389721,919.538280786866,1043.39688505895,921.188359390874
"377",1256.6118184576,1256.60840264277,753.451197354368,1340.45497177677,920.497125903594,1094.7761877981,972.728716169245
"378",1100.81481912297,1100.81451489597,750.214902999733,1398.8047315008,909.241816705956,978.875753435621,906.421490166329
"379",1159.7449699074,1159.74477701519,726.295771690786,1307.71728990476,878.294595972742,1036.10719288696,878.569639844403
"380",1368.59508430446,1368.59624620922,775.220944113,1524.54688956071,963.579933386179,1171.38506333286,964.631601414055
"381",1295.39472390329,1295.39622751983,776.847725419642,1396.50140381399,994.359905189447,1108.03748428851,997.270525051478
"382",1279.84499422397,1279.84435450025,775.636153629491,1533.14632471591,935.676853740031,1113.45778735722,934.587628385335
"383",1356.49915485192,1356.49961661458,768.013818929223,1481.16487068914,932.143372051047,1166.30786394365,933.003580432751
"384",1258.96139129496,1258.96120332907,811.358307098143,1704.3970099809,959.172411544266,1082.81182231558,958.777533925556
"385",1054.55844326247,1054.55951233969,733.271475190325,1238.60959998145,870.264337246387,956.401205867808,873.819367645089
"386",1206.1683879568,1206.16742180997,773.359091761916,1456.18360990204,914.13947035419,1070.11339078178,916.848575239292
"387",1183.47947280584,1183.48612505424,751.276834102984,1372.63934354668,905.170266524293,1034.71958373599,909.782083094587
"388",1166.51390771628,1166.51227071802,757.093424450088,1380.78500451757,915.517765285696,1025.73573195444,919.507277682784
"389",1167.26888748309,1167.26923352963,775.39316923225,1400.5137725801,946.71567325181,1034.67432731874,950.383508165475
"390",1088.37525331404,1088.37273993825,772.079074981831,1491.4319355717,866.203533198068,967.639927338533,869.311045904537
"391",1109.64173218106,1109.6416635481,759.348652010262,1451.92267493436,877.324303977516,1003.41555900224,879.713455320375
"392",1411.59697268605,1411.59692029677,791.26574802129,1529.44381026687,952.036808346738,1180.80846349987,958.470066202048
"393",1104.85163253578,1104.85192142074,777.091072830925,1388.44204255921,914.342569922726,1003.20601528321,914.123022791599
"394",1190.90118823257,1190.89927665832,759.391863334748,1388.97201658649,950.588409926626,1029.52866700922,949.084192065677
"395",1215.38454750799,1215.38276268714,733.689412169829,1361.00738082831,892.76547994218,1028.05475755401,896.717632026509
"396",1106.66791573528,1106.66716478767,789.006957446791,1530.65069394478,899.80258393943,972.053243124438,909.006626245078
"397",1366.92190658101,1366.9243323437,765.442188962424,1360.44317267797,960.135057573111,1151.21656931276,971.762964370008
"398",1245.54275937674,1245.53983512795,749.761357823832,1339.47109479792,877.877893667014,1086.49693932019,883.962509602146
"399",1302.24365380603,1302.24496152854,777.258866573135,1520.16134314843,897.611144840204,1140.49652745894,898.956343944322
"400",1037.3224830577,1037.32082528025,734.774632538083,1308.24407820188,861.479582606826,931.002137928831,869.046878811129
"401",1122.23646537889,1122.23589621115,765.868212518868,1359.507829367,913.174286263898,1026.41728954668,913.779912345168
"402",1210.01876590497,1210.02282738265,754.886354658577,1382.49714352974,919.469578261118,1044.75763063055,920.234489939353
"403",1320.3361773747,1320.33649754158,728.243602874639,1299.35798687075,882.707877401356,1152.21054107375,894.307072648151
"404",1191.75709136934,1191.75942193801,741.787672706295,1308.96650586847,909.329217787792,1042.74554378705,917.525784064967
"405",1226.38926863082,1226.38754517283,803.318924159774,1612.49334762787,936.455205275824,1080.40043713493,935.431815485836
"406",1158.62216103332,1158.62279506818,763.800665126709,1342.40199661945,927.854755795988,1047.80024977051,928.170640367776
"407",1258.06908003372,1258.06770793989,756.331762726249,1407.65550436019,959.415787529245,1100.71293097747,959.521984261194
"408",1165.89058800889,1165.89090771988,759.025527462303,1362.98126362287,942.99112004791,1033.55270367785,944.724187382603
"409",1093.32008526901,1093.31968390327,764.952936345372,1413.78153262335,920.422224718718,974.232487331565,921.498870902306
"410",1251.16495551368,1251.16363838128,799.933590111889,1647.84571130043,933.074832241683,1097.64708161769,933.167132637083
"411",1099.03645086389,1099.03563845004,777.580625462585,1423.35673721141,902.548987343376,997.322374906061,905.476938739443
"412",1349.07235173243,1349.07155226008,790.998226379996,1500.72461831712,1007.56213107135,1153.04845965835,1007.75507202441
"413",1159.29796640528,1159.29752399766,763.28495996899,1356.81446490766,944.756691207829,1020.94951918444,953.337596855097
"414",1131.98328131605,1131.98403796779,753.033784434679,1392.5552448755,904.948171147265,1017.1532742445,907.861458158602
"415",1169.6538028551,1169.65458950645,727.243525202595,1338.29090886376,919.516578273414,1026.72888318642,916.946375351041
"416",1188.32361064877,1188.32172391824,734.678668516031,1357.02423955601,890.692067614536,1024.10651136543,896.126228356379
"417",1128.54203885836,1128.54127140561,772.758960467828,1423.51736897031,885.948195973595,1031.86171399885,885.94894428153
"418",1094.90154326672,1094.90323538864,754.033608635279,1367.57213540717,868.006529662095,994.351792130982,872.387182667333
"419",1193.02063176055,16814430.4550291,722.073688728966,1236.59210009877,941.325451748552,1058.28600466357,939.483705755761
"420",973.547385481403,973.547286209016,750.803027415693,1346.55861942545,914.526176134006,896.123023860743,888.524246366496
"421",1169.94065728097,1169.94001813216,769.609935244704,1383.60444761734,901.949910036577,1052.51769384321,911.321677185521
"422",1134.71778181083,1134.71591668979,743.679000458129,1329.5081544894,935.424516741918,1000.16407555362,935.6689621696
"423",1249.31102895882,1249.30928141315,733.836216406229,1253.22158847939,947.873268628711,1075.94494420878,956.147397691
"424",1150.23430957352,1150.23457812802,776.326404468869,1530.04967682024,901.730260194213,1027.54634001084,903.080746322099
"425",1157.99725660312,1157.99814357592,733.60621372258,1281.12958001505,954.141330152365,1019.13246188012,957.668387953396
"426",1289.50763171744,1289.50720466398,795.998299897179,1505.59414733936,964.91497433272,1123.5533722303,965.386347448882
"427",1069.31909519437,1069.31892913474,752.911087793662,1338.24690368406,887.559349476505,976.650852328984,889.913375872069
"428",1159.89338656744,1159.89342937156,752.321851346351,1365.76005602352,911.41541304126,1024.91963728228,915.617819705626
"429",1333.14237678416,1333.14111024519,774.737536303821,1486.60529628603,949.394456259816,1143.50775825185,950.690944174495
"430",1117.19696028727,1117.19702906114,748.781674674214,1370.73466146157,871.444607805471,998.555431374637,879.456084822652
"431",1068.04955114863,1068.04970778222,729.100008692045,1284.15059009228,878.874593962285,963.954746908672,877.903495584118
"432",1163.03817530376,1163.03650609875,761.945077701318,1547.58021134323,888.0199111983,1022.59381915039,889.452479515001
"433",1135.38200917906,1135.38053132425,762.667363752886,1487.33450381458,896.910964690862,1014.74179344448,897.638405897262
"434",1172.73791639662,1172.73776590325,775.971998632042,1489.72100029436,890.125947623228,1058.26420691416,891.026083007367
"435",1270.93271990861,1270.93539922012,769.211905321236,1362.41538882047,979.972344132179,1103.09359216948,979.56144403838
"436",1318.29277331773,1318.29166265204,740.738962647703,1388.39901348554,887.199451874197,1151.47975304746,894.959856406943
"437",1199.64757937039,1199.64683318534,800.365413914671,1520.14842315858,956.174064736417,1054.65600739973,956.114226050159
"438",1221.69304821348,1221.69257065616,785.27248781382,1538.85912177367,904.714599138568,1079.00815683753,906.091587970562
"439",1031.01561233024,1031.01544135686,760.533338332013,1333.12523368238,879.654898003191,935.297837229865,889.260239086634
"440",1287.62609071801,1287.62446660312,771.626588472763,1434.81828088879,918.89448350037,1135.37147107276,920.0962960038
"441",1170.04575547745,1170.04700318064,763.9650403279,1435.62713818338,905.34121486299,1030.59008421308,910.023932697934
"442",1176.06178998737,1176.06059687906,797.080401941289,1570.32125723037,914.266788027184,1049.57117937024,914.4817009323
"443",1361.46498893335,1361.46411888496,779.257936230796,1523.22939100684,996.03178957991,1164.63205853711,996.316823414563
"444",1185.00097643737,1185.00035985538,770.579795006143,1481.63249586204,905.71303190017,1035.53482312533,907.750414933682
"445",1525.94732040476,1525.95084653081,760.555439935981,1348.9951030867,1092.247299591,1267.03468073948,1090.66641642992
"446",1140.26866703049,1140.26958451679,747.045339703008,1282.58420362058,927.282298626829,1016.46034264474,926.010151507326
"447",1348.06046628427,1348.06277753721,768.702346562178,1444.41581288137,939.143157454767,1174.64656975664,938.198471403061
"448",1362.2585456854,1362.25959156071,801.146907232005,1578.64739961263,963.047165440052,1159.68605467084,964.104995577905
"449",1005.25065439933,1005.24924532065,770.027106248951,1454.38843942597,858.989799776218,925.912466693075,866.539872240399
"450",1196.46405455843,1196.46554287741,789.375541491556,1494.34350115204,885.034483247039,1054.38020022843,886.026272369044
"451",1459.39922429693,1459.39931859911,748.868875794711,1434.00855386748,969.374427305978,1217.37216114914,969.648702575937
"452",1301.53356110873,1301.53351277119,746.771938048066,1350.34459159316,949.073798310189,1111.71041372709,953.599360719728
"453",1124.96861501226,1124.96846936034,754.607291120267,1380.22569903903,953.779829976893,987.818275068058,947.168853525703
"454",1172.57781679486,1172.57708601604,764.854607386458,1572.25617273057,855.645707861129,1039.25308093425,858.178609249888
"455",1132.91171579972,1132.91180678743,733.168964981709,1297.06946087959,885.97166396521,1008.30917771132,893.640833351426
"456",1207.88824397287,1207.88942134108,757.859446493192,1334.52019688396,938.863510056671,1065.80131272443,943.032818043544
"457",1094.14825962055,1094.14809927164,752.641631481323,1448.17491965691,907.801712408532,952.866483455878,907.878917227497
"458",1311.24171892834,1311.24380799432,746.992340274435,1340.81452924656,969.238689126323,1103.97346832623,974.989362190722
"459",1164.81749381334,1164.81888862015,754.51308759538,1343.08947079093,938.269646448928,1028.45918306732,936.551326722497
"460",1363.59577531051,1363.59328303092,781.458700421339,1539.12129507336,923.802856890315,1151.0616396233,924.10255863463
"461",1175.3084341884,1175.30807975736,778.600334625954,1506.91727761156,947.553446565697,1010.63884877625,950.10196760652
"462",1350.38316086602,1350.3780525403,780.31607346634,1452.4064959034,912.349025978933,1171.84003528138,913.924982592248
"463",1457.97289245169,1457.9748948591,762.116933019367,1337.51713708175,996.441523799666,1226.97010328027,NA
"464",1130.47339660611,1130.4728936315,756.114450516241,1445.62148693035,913.834526316193,1008.12836655279,913.853339359079
"465",1020.91075827118,1020.9105184824,761.815256363031,1346.4617698385,898.883646143747,925.467329967771,911.486594243692
"466",1221.80132268866,1221.8001087575,751.175554978582,1438.44060515427,915.963375458681,1030.11591161288,921.013121400523
"467",1459.95121636875,1459.95283676079,778.442361891627,1440.99102240915,956.951786444084,1218.91237049831,957.440737920906
"468",993.198430038536,993.198021492653,741.234980373815,1345.98335942944,863.052455429506,915.353217187537,865.152742239045
"469",1080.19651060643,1080.19578428836,779.227529196358,1394.65063051415,907.276809004124,966.442262371682,917.739156293192
"470",1269.86863341351,1269.87258191024,726.849223943741,1295.76485946134,936.819839769466,1056.13232403054,971.630916854504
"471",1244.28233689745,1244.28252404331,726.704864436848,1328.01114536971,875.832261355795,1083.78430015005,884.980647562957
"472",1437.47860865136,1437.48283221646,758.18501615904,1403.30359340701,936.698250071026,1199.43236228537,948.195735336432
"473",1757.61719790896,1757.62442480662,791.800494750063,1518.48930596441,973.010594701609,1419.92119707719,973.491148215074
"474",1261.25284624555,1261.251657536,769.803097658511,1458.26107277476,943.106517482259,1089.90446278538,944.975939055242
"475",1186.85803277762,1186.85891222776,757.943539970652,1330.71638438096,934.704009528916,1058.34818937926,935.556150931829
"476",1216.85674900342,1216.85635294812,757.624387414362,1418.52603485875,904.382435523638,1060.0715097491,908.604618891671
"477",915.162184917332,915.161668698872,752.920802590261,1334.83374880946,832.159645321603,859.578360455591,838.972097355641
"478",1213.25721296775,1213.25805827579,765.159945201904,1407.71865423068,901.602794035618,1060.23379674713,909.957810694765
"479",1326.84808283787,1326.84664926187,766.986545615325,1498.28531880816,915.594731859459,1107.15955519624,917.86815641246
"480",1242.42287733903,1242.42098620851,762.558830173102,1415.85910276766,922.850039647976,1081.06180910787,924.21850830214
"481",1101.9306795445,1101.9300800672,753.460242773351,1369.32055183642,900.120259718759,987.990327624577,901.819128857397
"482",1206.66770916855,1206.6681339913,767.264320978447,1429.55837784769,938.018642609936,1066.67827560508,939.580642674424
"483",1174.50462467841,1174.50383503604,752.341982853886,1323.4708010566,918.958138123156,1052.972411158,919.750365982192
"484",1385.06198237348,1385.06267734724,747.982708137976,1351.83944213583,1009.31548202071,1181.28356200565,981.579048297513
"485",1249.86510528828,1249.86615710277,756.59865624214,1335.69723689812,913.738312704531,1108.35966595757,921.846752002421
"486",1351.19310315427,1351.19439898572,802.988458510885,1600.3141409319,970.171200172443,1132.64105900786,970.275550177902
"487",1075.87327100236,1075.87301373216,764.056316526935,1364.58487110395,909.998561891312,967.539322536098,916.846285469285
"488",1350.58549431769,1350.586464994,764.163407126014,1441.00888755466,908.305094627497,1190.71730352021,908.4979609407
"489",1343.12923147316,1343.12738712706,773.472440390318,1482.97655724907,940.589540206254,1149.45506372718,942.680682648094
"490",1088.89033816933,1088.88984621266,756.106382167284,1377.32475293957,874.502710642135,984.10369398145,880.766206215013
"491",969.361402136,969.361353748013,739.795857995623,1293.0135730618,875.842169623801,880.858621161405,881.635131247654
"492",1065.58488589149,1065.58525608936,760.876577571223,1341.26891987697,919.081159760868,964.871311153339,919.689555973293
"493",1317.69250003535,1317.69783643073,748.937099209125,1415.96330714878,888.33965645557,1143.7988490797,894.040550642187
"494",1036.03388797017,1036.03457488054,752.882963834618,1360.47580862837,864.604205684478,952.739332590226,868.091817283971
"495",1360.67318503458,1360.6767444789,746.761932146403,1394.15971985965,921.221352655878,1177.69301586188,923.847854766552
"496",1128.42061471709,1128.42034912898,757.400811100869,1364.2280345603,913.971765417724,1011.14920448459,915.93624677822
"497",1152.2635245537,1152.26410376101,748.159522477078,1351.69951516007,949.329699160747,1005.31103365648,950.492830761473
"498",1066.53055813326,1066.53060019204,733.399421636553,1391.52472395428,834.828882442395,958.634914269083,838.098000480264
"499",1070.0340812823,1070.03276409193,771.073614849478,1522.27505374913,860.867139210358,954.317299353224,866.193212346344
"500",1255.78557653591,1255.78769364864,775.25034701243,1405.18409117324,899.332304658973,1106.55685936621,905.85375411721
