"","correct","wrong_link","poisson","geom","oizt","Hurdlezt","ztoi"
"1",1159.91460136629,1159.91368526822,759.626907349826,1431.04705327385,889.42662850556,998.674357344259,895.586926650385
"2",1136.82060999977,1136.82178115522,739.964956639867,1355.97383488567,901.610314910693,986.756352226575,910.278528842822
"3",1213.03924090022,1213.03873161002,761.21239666195,1354.67061347365,915.311544062252,1063.43714602848,918.693742804761
"4",1053.85006192874,1053.84998906666,723.167265963358,1260.87639789619,922.581269842197,925.224223655314,929.44823037481
"5",973.951656687978,973.951209430337,745.278820710462,1311.34548892314,880.183606699025,891.910579461938,879.344692335933
"6",1106.61354006948,1106.61607440827,755.926097436473,1348.96643086476,914.016267369955,988.901942079666,916.008822698829
"7",1100.76228812484,1100.76211135489,745.85711739434,1391.16377338223,887.110803567996,979.964477154216,898.16095496451
"8",1193.8592743873,1193.85947251137,763.227368901175,1383.30171312237,975.046834058968,1053.03107156261,975.523707567389
"9",1133.93569088089,1133.94104424922,735.628746330208,1212.88316483597,862.510544547073,1022.96290619987,867.551095964829
"10",1230.00078416513,1230.00144550532,761.98012334625,1492.25869359031,948.887051598333,1064.00341325426,949.943899636949
"11",1581.69087003741,1581.69003983557,771.234502567485,1474.40256008137,980.490094096218,1323.77714838613,979.777597734165
"12",1247.03147134478,1247.03306658534,742.441819624618,1355.97747411818,907.120115857088,1101.49309347044,908.287072309533
"13",1123.86309014446,1123.86271531032,775.403673984945,1440.74539957905,901.217812920711,1016.20188184562,901.93691126934
"14",1138.17837843941,1138.17754241343,738.882455646522,1404.36199689933,877.025329797112,1005.99916142938,879.485940564673
"15",981.044020131152,981.043585337063,721.939575851958,1241.45393126621,874.599346316123,910.377009324457,874.788492563599
"16",1174.45995483535,1174.46022199127,775.260571851307,1475.39123181646,904.872623449535,1033.69202103228,912.25170550359
"17",495678852215.271,1168.42588538659,738.550614107153,1365.05580430403,874.277463849694,1043.39906857257,874.552813062913
"18",1155.81894053965,1155.81845130154,748.248675337372,1415.01508935424,887.242762408571,1027.88747479286,893.227132886389
"19",1397.02594021146,1397.0275112973,779.52125700349,1447.39034729849,995.30383114696,1188.84193740278,995.609985003726
"20",1081.14133324356,1081.14059161139,775.489895978792,1456.11756743151,895.706246301633,987.820188824339,897.0056558899
"21",1279.74600208491,1279.74365888518,785.327381085739,1481.68079648235,907.120328976051,1122.51247318449,913.516877269686
"22",1022.57069908663,1022.56927220016,742.104545627151,1251.30362776684,876.614441140087,941.025745338378,879.189321933294
"23",1009.92943228495,1009.93065821253,750.95274835423,1317.91119669312,878.706885535809,927.747669031334,883.739282675385
"24",1153.95384989586,1153.95597920747,756.642755387847,1309.06308385085,899.911222051273,1049.72424740946,899.766241751811
"25",1324.491878154,1324.49368841634,773.693789298752,1360.28601922832,966.720090753032,1142.42805541556,985.510878760605
"26",1211.55590218667,1211.55662541175,755.310495802362,1323.79676304321,937.757236179064,1076.49339320816,937.959032386592
"27",1095.96599894994,1095.96556442582,778.943635086496,1429.78464852832,940.694666052613,980.947367698977,941.031566900766
"28",1243.9959303566,1243.99692659113,765.024558458957,1401.90507393774,935.165929175159,1089.24057197349,939.155040595912
"29",1012.97340566264,1012.97312987815,722.207992824933,1245.12461020669,860.125676463655,939.409010037912,860.5880091138
"30",1225.83852174593,1225.8366732046,756.43040764148,1399.47398154878,877.012360577012,1079.66401251276,883.223143481271
"31",1068.06779693921,1068.06764910404,762.08661975873,1431.71328095545,867.129283650697,962.194486452651,868.598553224714
"32",1766.9603233205,1766.96183044557,791.25452695237,1497.24772703889,985.844440390012,1436.63568023843,997.101679152821
"33",1083.00189140824,1083.00269645765,736.168394889457,1286.62691496039,870.346016053251,975.699546112449,874.515427054628
"34",1258.71552279315,1258.71672712188,756.953111404144,1404.1817245601,890.437677612522,1094.99754823572,895.95628758086
"35",138896612846.825,1381.6612035118,767.59111893175,1445.15269730333,973.105523465596,1155.25058723204,978.172410276166
"36",1026.11031682548,1026.1098978182,741.279101358929,1308.906024036,882.347494427389,931.550086049514,885.941644326448
"37",928.896370206276,928.896450629831,720.026087369094,1274.81598533568,817.995896461246,867.285828234362,823.376169299116
"38",1164.68408128257,1164.68525748792,764.327172129688,1372.64097005451,905.38097056551,1034.21438849365,912.893308567193
"39",1108.87655590131,1108.8753999421,762.170725916453,1416.0984759139,880.199770489206,1001.27698753423,880.831280982072
"40",1085.81742204713,1085.81773009576,743.352453522218,1266.17930733226,899.07983157808,984.61470752954,904.725069390379
"41",1661.23817565897,1661.24209507779,737.635875652992,1268.52766303858,942.525140660797,1409.54621718333,949.05449233299
"42",1066.33848734321,1066.33815098197,721.771306660691,1307.88183247459,876.001186787278,956.281922866593,877.652217787927
"43",1322.39596738979,1322.40098693076,757.290449602309,1355.14222675872,997.250478653542,1148.14400358068,997.571229941031
"44",1280.9376574295,1280.94280227187,755.584642064529,1330.95483856805,965.205956584278,1115.81260103491,967.701054148673
"45",1124.58824884252,1124.58740602118,770.390746797423,1486.05505733393,885.406003839256,1001.3709366112,887.673788353863
"46",1077.71011990376,1077.70956971016,753.990531035276,1396.47274365226,892.186904228452,959.473168765545,895.843628987319
"47",1114.96782048377,1114.97040527966,744.547068193453,1352.05819225449,867.039488014117,996.415067286041,868.774070595172
"48",1208.29921195136,1208.30180078023,736.939038160682,1354.25992299723,877.488567210419,1034.37727546732,882.093019603726
"49",1157.1682408085,1157.16868486549,800.226533146249,1640.61181699025,902.543636535623,1005.713777026,914.381345256267
"50",1434.80587121676,1434.80881289477,767.816605119804,1483.56318405923,937.323451883292,1222.69950181003,937.06616722058
"51",1374.71761855087,1374.71760649268,769.355518363498,1411.10311261962,959.643701050538,1188.97267487666,960.058097441083
"52",1182.37388238868,1182.37325975936,765.222360170798,1323.8324920404,955.795912839297,1049.1610355249,959.85293532264
"53",1298.1440273453,1298.14730783152,773.755190963079,1375.56600609428,960.587661212672,1125.63852310794,964.728190221797
"54",1047.27131017373,1047.27169915533,777.776604602022,1480.61061342528,881.686888485748,956.45619543034,884.110740703577
"55",1127.55112774386,1127.55098569427,749.774648400998,1407.02047674643,893.851079277148,1009.54883514892,893.942282780062
"56",994.173603807346,994.173570198141,760.342732287245,1486.36964108319,894.018098231797,904.759207173889,890.080142293905
"57",1108.81054992611,1108.81234537521,747.368612740021,1343.83902550233,923.513172919372,985.085284826436,920.59517117706
"58",1021.1288627145,1021.12797762075,756.083321407396,1424.62773804687,883.619855365841,936.564539322747,883.79968371189
"59",1418.93344312093,1418.93547791266,787.873286905064,1410.29545532873,1010.84668019727,1227.20632384174,1021.4737203565
"60",1205.03387461962,1205.03387212447,752.279755386797,1352.20600047315,965.558721195966,1027.64265160469,968.960607528385
"61",1142.89299244146,1142.89415648417,765.283997946624,1317.84379238189,900.797158361742,1027.13365561631,907.749300040532
"62",1185.71411352534,1185.71451273295,753.08981024184,1338.20761395578,915.436094318922,1046.29655126802,920.227339154247
"63",1199.76586631097,1199.76559994207,752.522483430874,1427.47090168387,929.646510886366,1048.13036961821,930.05929472459
"64",1208.45761580492,1208.45768283078,741.760093310501,1321.32951934002,880.180657374449,1091.71578062734,888.674494872178
"65",1155.90009938757,1155.90112434118,752.917099235994,1313.44416660901,942.042200763856,1026.67803143901,942.424081204049
"66",1100.77680426556,1100.77564498066,780.154731844369,1521.8558671293,886.498843915065,1011.59449309662,889.217530410097
"67",1005.43461299172,1005.43432423257,751.402030818945,1389.51099536822,887.9068354512,911.400658604082,888.199024055059
"68",1422.56042001989,1422.56108931206,766.917193020744,1558.39875828915,914.584546163661,1183.76971036309,914.646885338609
"69",1217.29426264297,1217.2945749819,743.020891012619,1397.89403482892,889.071945844469,1053.30077416064,901.594390019504
"70",1090.5945843357,1090.59298295099,765.809971555964,1372.67820807851,909.573234081255,981.562392324085,911.480714281616
"71",1098.90493961422,1098.90493942978,742.291391660326,1333.98533235812,890.227093514751,979.962013206765,895.486623978595
"72",1148.09338849,1148.09252491973,768.362854814015,1355.60251735511,900.063843181287,1035.39135614757,902.605094740098
"73",1117.43385508254,1117.43499660319,745.264996393283,1344.80061748178,882.19784048361,1009.18416861801,883.147600596114
"74",1233.74653400271,1233.74841123824,758.672916225922,1387.41506321853,952.336552152633,1055.21142601428,957.257645126738
"75",1157.95879666169,1157.95936462115,765.965800885439,1408.05628705739,987.353753425075,993.995626323293,987.505126285316
"76",946.166393354317,946.166459942826,732.929476339958,1298.9909443066,844.932516333503,870.1928119391,851.136912804219
"77",1346.62488039552,1346.62403311201,785.090408464307,1572.50766386536,921.763890976627,1183.15963697145,921.9173928306
"78",1137.16909573202,1137.16927741632,736.865614359239,1274.30968770219,915.729319657333,1031.2979380505,916.498385443234
"79",1426159181.16986,1432.6691206224,763.991910395088,1490.76790972483,955.221243725672,1184.61546996941,956.594821183616
"80",1092.11068741203,1092.11095495341,733.339274869422,1294.440017221,899.073631846565,988.671943130378,896.184716244779
"81",1278.26549188957,27431632.9751429,767.926080934232,1383.823605612,934.955838816924,1123.49866377843,940.136570046598
"82",1233.30213581993,1233.30169337357,788.283306176923,1532.64687582653,987.25595333271,1072.43010203121,987.962194674439
"83",1169.20007683176,1169.20216458623,745.280560680044,1284.63469907315,856.920320317912,1044.07698073978,861.489418634527
"84",1248.98222426831,1248.98172179167,763.115325254581,1441.34355964801,923.2348684743,1095.84363501941,925.563177320994
"85",1165.31594541982,1165.31726209256,760.297310527619,1356.18137731439,920.660303387461,1042.88021968837,925.5944995927
"86",1092.94856024349,1092.94829668397,762.508251321585,1345.1787183796,929.380647407312,978.55045293119,930.694744304702
"87",990.066911445419,990.067368280021,737.667944044394,1362.81527089029,841.001869695733,917.201681689071,844.492357961603
"88",1104.05337288786,1104.05794901135,729.872926521339,1201.91306939867,857.443455965274,989.698979451353,864.290955909137
"89",927.007020375719,927.00660364579,757.816014183342,1469.84403265078,829.894002532747,855.099975188584,833.098411358932
"90",1438.99160783513,1438.98864270521,783.125262349521,1511.30937965501,926.92230572086,1250.9145935602,930.698289762762
"91",1152.21760592574,1152.21759769048,758.617410145033,1465.79094704471,929.235618847656,997.267623872417,944.961258617954
"92",1036.92606724324,1036.92379533826,715.90883818008,1255.6369809934,893.624353876624,934.073460181916,898.008285581141
"93",1113.55308040196,1113.55344525944,756.806335308224,1398.13592539036,865.894712100892,994.084043008848,875.614244815266
"94",1220.44898990685,1220.44725364471,762.005308336041,1417.6597069568,881.162230021155,1070.83908371988,886.454246337943
"95",1420.250268393,1420.25276038414,779.787828732688,1538.35111068896,947.775969015029,1171.54584474327,953.078094118222
"96",1191.00894225362,1191.00824668698,756.678941086834,1378.00912645317,922.289006478717,1034.11561079221,923.61895379477
"97",1127.28236938478,1127.2831909756,736.52546480128,1322.13432189325,879.126975174504,993.27645470364,880.878475885255
"98",1168.36094257138,1168.36336953762,755.98200570363,1354.4011819127,938.111292629308,1033.85010053155,935.213047616453
"99",1102.92271305215,1102.92418262061,748.556904487725,1429.35806569036,864.978764894176,992.014942832362,868.412151921804
"100",1023.3485618385,1023.34702279042,766.075607344074,1368.49508353095,880.88331456878,930.787106974654,890.148250414833
"101",994.811917132607,994.811782821715,744.374406185721,1363.30362957021,863.448616317065,894.767389657388,866.085199403041
"102",1031.64923388023,1031.64908179992,735.353905987817,1293.20599823895,860.079063723459,937.412175043632,866.451761683335
"103",1234.78205619719,1234.78330598912,751.972407367001,1284.53249499283,999.334659019108,1081.35704358086,999.720248425515
"104",1124.73246541512,1124.73117546014,758.439305644058,1325.49294064494,896.625143593246,1015.13181070438,901.841752865801
"105",1144.32872605754,1144.32966656578,749.913624225744,1406.61512877871,894.529371321902,1009.7569050612,894.739921137201
"106",1483.11393413484,1483.11308156122,755.470369392387,1300.06420433058,964.749330118379,1279.08965039231,968.351391139853
"107",1145.67699025528,1145.6794299734,758.503049692053,1376.49372007553,892.391204740799,1007.40528344133,907.417271973153
"108",973.005193111144,973.004471197067,732.243502971862,1295.07333262504,858.996449461656,889.070834447348,861.818297971416
"109",1325.33402371516,1325.33378197348,798.078897402402,1457.85074940677,940.15899265986,1173.58704735268,945.786096479265
"110",1078.56021584606,1078.56077057966,761.253547378995,1383.04469634517,929.442436395456,976.18537054334,929.875796198602
"111",1157.07168673283,1157.07133548052,758.502872063841,1360.6691943448,903.950466561457,1041.72829826831,903.960782045027
"112",1028.83004378388,1028.83005963765,728.339886112898,1300.26199202145,856.623686705489,941.695881369142,857.592437632843
"113",1186.36762019917,1186.3688987878,732.001069919443,1327.31135471276,895.026028094891,1053.42253857214,898.288775998754
"114",1266.28477388641,1266.28624331669,771.988564345619,1411.19105124035,934.805069807067,1128.40657170238,937.836106665344
"115",1153.78247974671,1153.78277071837,768.940263912275,1434.35218065845,897.180128280527,1020.22903441447,902.277905491427
"116",1097.68489631042,1097.68606714266,766.748081069857,1330.67545781033,911.013618011207,995.998675157465,915.253523789424
"117",1229.00385567634,1229.00550705079,741.996187624964,1285.33626246704,907.680063449079,1074.14585831886,908.464225785093
"118",1190.89108725013,1190.89352074552,768.995489212911,1405.98291672606,919.109217097716,1065.7557662604,917.597033456788
"119",1074.89859147834,1074.89710720165,779.118072283761,1472.51929372348,927.509466660132,966.525472171194,927.373485357391
"120",1115.18204338294,1115.18188349699,773.013005974985,1337.26551792189,934.96116961103,979.701384610105,944.95100474112
"121",1189.76529996446,1189.7661660397,739.118191392835,1344.21816859317,890.53954274109,1043.22866182736,894.991274698718
"122",1061.90650237521,1061.90775256847,747.933652130942,1286.74364297968,927.474625244614,964.551710850502,934.531832775579
"123",1117.05340583556,1117.05239394796,758.574229059578,1372.9938602014,908.544152349858,980.984621598294,914.839117056083
"124",1194.60818726981,1194.6055181395,784.797665587715,1561.25727837575,908.218688954232,1069.63726992517,910.067284723449
"125",1189.34688382258,1189.35103597678,747.015034142221,1339.21207462636,888.401868391632,1037.30233297264,891.212342501196
"126",1283.86146928164,1283.85947779049,738.324227560242,1325.20115984791,896.459612822823,1124.01830499943,909.86082361627
"127",1234.43827211147,1234.43783244441,757.321194005541,1429.53904323514,906.17524112654,1049.10720250951,909.921562085021
"128",1348.52199187115,1348.52580618529,766.737941175426,1340.01080058362,992.440786050858,1139.6986829747,978.121642966783
"129",1171.56290925096,1171.56217613682,778.362132705041,1398.3034353184,914.106240808361,1050.24274317586,916.632792772599
"130",985.626914578869,985.627184457663,747.752986067146,1281.83790940224,921.685405267727,909.49449436473,913.117596375871
"131",1147.19648466374,1147.19763961812,746.567756283796,1331.77689086065,903.533432893235,1031.46072169206,906.643465396592
"132",1147.78538801317,1147.78588063601,749.076348917773,1289.74967986415,908.516731538889,1017.31314814364,912.104925107939
"133",1222.58663631804,1222.5868163104,769.730543700891,1419.03450924864,975.479706511827,1067.21979193366,976.243991630799
"134",1113.45709553081,1113.45676286905,742.246486184225,1368.46459464613,916.076768713385,991.658830399692,919.4476174057
"135",1209.98568711042,1209.98565381321,745.832660258221,1348.90634094145,888.007066712162,1044.53538373799,899.901872362229
"136",1140.27224345514,1140.27233497455,769.487656522455,1386.59725173096,926.52186212947,1008.64751884121,928.958969558652
"137",1241.73193561652,1241.73290449212,740.93186852558,1282.27764973374,901.234064767894,1111.67148239567,903.258083937556
"138",1105.92395578614,1105.92277918731,753.519506223682,1316.43224777232,915.617416930225,987.091851116651,914.805500705264
"139",1166.07210369787,1166.07090005445,754.848120189464,1379.78644833506,947.033495879505,1044.93101766663,946.110553882427
"140",1031.57075841555,1031.56859995713,745.504239460095,1302.62844538252,862.96517321183,941.379969336288,865.632274505175
"141",1072.20298537294,1072.20206110386,739.477806028988,1295.84562773498,893.711266724656,961.269848667109,900.889983569182
"142",1232.29972576335,1232.29885184762,781.212289785115,1526.3059558105,910.698196027409,1074.10393090234,914.392741943535
"143",1005.27449904926,1005.27405076322,753.957747347577,1381.05910883106,899.394405324185,913.476356291952,900.482638714169
"144",1035.78499964576,1035.78488915435,752.48484554829,1345.62631088135,904.082529882864,945.898125643268,904.259359059096
"145",1091.54176934254,1091.54173163659,763.264337792781,1399.83705342883,912.017734055491,974.446207014944,918.827518137932
"146",1144.96893507501,1144.96771799651,743.470609932109,1357.14263676494,895.12295875309,1011.92907995936,895.38484853965
"147",1355.6589507166,1355.66181795557,740.632667802376,1375.08776722225,906.729939609128,1152.44089631361,913.165454683293
"148",1409.44622101973,1409.44472135194,735.344865574629,1369.23458562189,894.20863177478,1214.64182207048,898.156779742648
"149",1157.59268356108,1157.5920219913,758.938607163378,1461.00906032302,914.048658388501,1013.43153497457,913.746825973677
"150",1133.13719513057,1133.13724983292,746.041129318291,1337.92316935652,864.339203353657,1038.18475260214,865.839248150913
"151",1220.58850083237,1220.58834215488,761.029132757636,1486.33984917367,906.397185434519,1054.69631815907,906.595333673037
"152",1205.99232055111,1205.99261967715,764.854994835198,1403.22598144701,945.268638210812,1061.75826864408,944.866506860819
"153",1048.96376271843,1048.9647309802,775.175349191109,1297.51248138325,929.617492309467,951.814090642433,933.260138910936
"154",977.158604062726,977.158655647612,749.282038131047,1293.31017900185,873.562972421477,908.159119908973,873.459702586332
"155",1045.06003242929,1045.05986996368,773.906953606064,1436.65964030884,906.220511093717,942.387444866352,909.648906080327
"156",1126.50060257703,1126.50086919816,752.880182515459,1350.34454954126,924.20529939972,996.593922519152,926.985452287754
"157",997.723817275585,997.723092407842,762.563189992308,1445.87852391907,890.119462949618,917.534018145341,890.271035751892
"158",1115.41193272302,1115.41141610521,740.410018923023,1317.50658343257,900.133420466937,1002.51044695332,901.595983646744
"159",1179.34477027352,1179.34749512369,741.11675551145,1323.40685851725,915.824080438732,1046.83583845659,915.82126777346
"160",1151.45157242098,1151.44974897214,757.633250547247,1528.98056352139,864.942577692952,1033.55451874912,866.594471138099
"161",1323.80083665817,1323.8018143408,782.609048233218,1539.89844837214,941.037364336355,1133.56928279847,941.117043975599
"162",1287.87184898866,1287.87118671329,779.991750839511,1424.31518103393,930.276059156447,1143.40669417154,930.895030821466
"163",1078.3337338788,1078.33330372271,760.96438103117,1342.93601618465,911.433117104379,978.760807394627,915.858203551272
"164",1646.01360486339,1646.01801029653,772.345424906675,1486.9070078505,997.373406091928,1337.78570028601,1003.64550133323
"165",1070.12734429222,1070.12723318355,784.097550633963,1449.73794405849,909.248800088035,975.553088489588,917.873212879219
"166",1086.49075197829,1086.48948393331,760.150470904503,1366.15784315768,880.157472345883,996.133494142893,880.211697217501
"167",1259.93139047918,1259.93361703581,750.465951610054,1368.27755107199,931.503524156426,1085.88477097173,929.430235303863
"168",1069.35132088957,1069.35113893054,753.650802849199,1331.55317311386,899.429176484234,977.105417357197,900.67739636436
"169",1519.36088178572,1519.36321595495,764.234626804307,1397.03389503992,966.231383125832,1290.04856853305,973.928847224533
"170",1116.03975598477,1116.03950116539,776.75544365109,1487.01666218112,881.458399422763,998.135698147399,884.403379687957
"171",1199.95012486014,1199.94919616492,782.066558056596,1502.69307437949,893.040774065049,1081.67410116634,893.145182091517
"172",1515.06576899645,1515.0675498844,764.136547664743,1420.11651343754,936.277446712618,1292.63345888464,940.825508560595
"173",1097.66981817575,1097.67228870442,728.379692879865,1325.08952928971,845.116682518801,953.77891282982,858.888488305653
"174",1165.24866842623,1165.2512529007,752.992022890929,1297.80634621294,909.99438510797,1048.49413099851,919.95759414132
"175",1047.57582744864,1047.57435859705,742.063694518479,1437.14001364041,869.844757479021,928.189181795185,872.746581011732
"176",1175.60351706103,1175.60200058854,759.493100721102,1414.41396900301,892.754569341015,1029.06043906443,913.461315524199
"177",1150.28343654819,1150.2827907452,751.348685072843,1327.32866934192,889.029728595927,1039.61153394697,892.87065514707
"178",1225.97434147127,1225.9726408577,766.342102579756,1426.41693508668,898.126442265189,1070.22299635309,908.90419978602
"179",1230.73925133471,1230.73839980981,709.749506794987,1298.26651100956,867.866115690046,1062.21008686383,870.217436390437
"180",1202.33836913343,1202.34032577677,782.399500416208,1494.92099521455,901.172717965065,1071.44448394282,903.277290669075
"181",1135.25730065435,1135.25568098273,737.088999327842,1306.9097890469,928.740940316156,995.07304689207,928.850722399109
"182",1077.10268309543,1077.10290996104,766.382160974353,1481.64553857796,893.790063817073,962.036799150863,897.228891598532
"183",1257.8001652775,1257.79978196201,764.742329566551,1331.13018146002,941.672149761692,1107.55701313014,943.792128177304
"184",1051.79560402737,1051.7948715151,746.383945884715,1331.19858881055,924.660359559113,942.04876810818,919.684418274793
"185",1309.78988704504,1309.78884773895,773.543473546524,1343.79153120332,940.497044513741,1158.97196872071,944.303133175733
"186",1118.45628383169,1118.45625788377,768.851118558104,1388.68065557054,882.855201528678,1003.54062925555,891.491175425883
"187",929.376082411766,929.375852359623,741.083021097611,1328.6051452757,858.912050700583,867.136122529721,859.574985817728
"188",1182.94664923816,1182.94712088799,753.992812890461,1382.40256534057,910.7608481502,1019.83190180638,915.881610401503
"189",1035.23157578463,1035.2303812864,757.036318608184,1323.22593818448,871.193753069026,945.614211419544,877.810298723202
"190",1298.29903171675,1298.30122377135,747.535244488036,1418.65515365846,905.472624732529,1105.60844435935,909.424011991865
"191",1053.10164722621,1053.10037939195,759.490145502261,1364.26044870924,850.828311719466,961.136619504708,857.414841020308
"192",1366.65291831705,1366.6547691721,754.472137207931,1355.93449164215,998.242332962691,1126.46784376442,1002.78810856241
"193",1102.71564159708,1102.71471399477,762.54767413942,1527.91858264178,868.884392458105,987.738748582091,872.017060486986
"194",1253.93200920119,1253.93124210619,803.801929005786,1577.86575621775,995.893609240573,1056.13923602692,1000.49491757247
"195",1106.62115359053,1106.62154330164,764.37371959357,1381.69228759834,885.688614813906,983.804357128387,891.819791156579
"196",1179.36961860356,1179.36978183337,771.063987918371,1447.4798861837,918.485182733556,1042.50653398044,917.518833256878
"197",1012.70438016686,1012.70343098708,735.495225813961,1322.35465957465,893.686961089147,920.261685566241,894.780177537443
"198",1158.64490452998,1158.6444264287,764.269739523267,1511.3908974796,867.616097935848,1038.02270201909,868.154449901877
"199",1119.0052120268,1119.00431641918,741.160915540877,1309.3385902287,895.000152251461,974.841186137529,904.532170940293
"200",1096.05439918448,1096.05431051925,789.687672833581,1494.40890269036,899.904364086442,987.674142231693,906.85894190925
"201",1231.16481854164,1231.16582694055,761.742195061722,1421.59219080004,916.140088588835,1063.89645398016,916.967622604692
"202",1290.65421865359,1290.65181758309,757.067231731284,1410.32276997362,902.386773118836,1106.52866941505,910.449909724006
"203",1133.27479771487,1133.27472556534,755.267089123678,1330.51531885173,906.468499784527,1006.93437429713,914.632567517591
"204",1137.26798272916,1137.26935942288,759.319057292745,1391.83177223928,897.549310371999,1026.17011294195,898.392510595774
"205",1036.62733738468,1036.62669873608,747.663791806368,1346.88558239717,886.296374556309,951.369407742768,887.22884179957
"206",1518.90231561031,1518.90387240763,795.427971336293,1477.82110755685,976.698012422345,1299.24176565751,977.840630802644
"207",1053.6113092581,1053.61197246375,765.125488923283,1339.97447723447,884.310959254614,960.153021580405,891.606259600376
"208",1214.56391391196,1214.56153874236,786.086464036814,1464.93598203516,919.4778107874,1075.95358221781,922.635869736902
"209",1269.91687988066,1269.91456358637,774.362875029483,1465.14662527991,949.607994286985,1084.19090672213,960.741607156388
"210",1082.4144796139,1082.41480772436,744.386465356589,1320.415919422,901.430598419835,976.032172265215,903.520025550364
"211",1216.69385638195,1216.69488720038,769.283859122046,1420.38296211983,929.947197441468,1064.3782313231,936.286901969199
"212",1082.528636669,1082.52790883263,721.624937596826,1267.14269705428,890.248081293952,957.693329525758,882.280892638986
"213",1112.23476598775,1112.23408176574,761.173829545967,1449.54011394197,872.400131940261,999.357632604174,874.906549284262
"214",1446.09645557199,1446.09804755991,752.668077574823,1422.2413857727,961.592357188698,1212.77514448071,966.051386235826
"215",1206.70994501391,1206.71038941949,727.21962593911,1294.83264926059,900.651714741698,1066.11634409543,900.693148113906
"216",1043.29079468493,1043.29076736047,741.789459804691,1384.2098371853,901.781310295581,916.901675300223,908.010536625653
"217",1258.53436547446,1258.53810723993,762.733488566923,1367.17065477618,913.563453012006,1104.65526120514,923.706285331918
"218",1152.68647894397,1152.68656330071,752.821819843234,1374.21309591473,880.925592034346,1031.13405526418,888.211309173375
"219",1416.70263674553,1416.70783114641,784.433710571518,1463.27092071022,988.016385633687,1188.14140089961,991.953668795502
"220",1358.23015754099,1358.22965537795,739.981729923851,1316.87840091982,957.038520991911,1161.64135209724,957.561613390678
"221",1218.87601473855,1218.87669949922,773.37458276767,1545.97245476626,875.030975894675,1073.26108017205,883.253587108907
"222",1335.28402736334,1335.28595525023,768.088338162913,1367.44061440615,948.201206400874,1157.03107958347,954.749365428235
"223",14295621817521.6,1453.36341873213,791.773536055995,1547.42602238805,997.5951960864,1212.86051431379,997.887174469246
"224",1093.48674198318,1093.48497922704,758.830857958377,1428.14904692277,891.595165786243,969.582806217248,896.635445671238
"225",1191.97324987086,1191.97331828965,777.09526311979,1396.5153807785,937.358049426827,1066.91988229248,939.481868376465
"226",1197.77452585458,1197.77385552002,750.84301602892,1401.64466702807,884.403885518249,1040.02939733234,887.233722931473
"227",1016.87891757317,1016.87837250853,746.893629918735,1427.47327084266,844.236147983002,895.184157389157,857.24585783042
"228",1237.61349014257,1237.61686724974,764.195809297115,1303.05042996915,942.521140039941,1097.19927234543,948.718551482646
"229",1470.55238300571,1470.55246020274,763.186385241994,1460.56660274314,947.759853164601,1247.26831400295,948.814214000333
"230",1016.64967213446,1016.64901726307,767.338699706416,1370.19112650275,925.77565735631,910.09721417203,934.590495195877
"231",1040.22313417548,1040.22264427782,765.3740604312,1415.0259896969,844.581174534756,939.567073288187,849.817572945747
"232",1037.72271278252,1037.72358388909,712.825723643298,1312.40798350187,828.46115741822,953.407756120998,830.765060872515
"233",1098.90458539234,1098.90494016472,773.778982795797,1525.98573279727,878.134807731651,990.600437552873,878.674653234865
"234",1162.13294533728,1162.13342573055,776.55877963889,1511.60923278293,953.507997503831,1004.57025596298,955.058326557399
"235",1148.368901554,1148.36987401804,740.178710535262,1345.44971967996,904.841483234971,996.246924205401,913.881742699475
"236",1330.52470710964,1330.52251577606,739.413850985024,1423.92936582415,887.757611867212,1133.88169394867,892.375989285304
"237",1225.1494576518,1225.14975743348,756.813297418818,1402.82621779912,946.423239717126,1065.45442853877,944.867023799589
"238",1025.44755959595,1025.44706748827,762.381407578628,1441.20524478521,875.620047583386,940.61184409574,875.948621535838
"239",1237.65844705595,1237.65800785263,768.209337757284,1467.89225005816,963.796353275738,1075.15270666386,964.4683705012
"240",1164.3683388246,1164.36662942357,753.218276827644,1488.0078096203,890.33382526006,1000.62349921332,898.154112369027
"241",1014.75570353403,1014.75523350121,748.538636914417,1318.02463249294,884.86919387556,918.262890834955,885.653201345089
"242",1167.98746283934,1167.98713568667,772.800388946952,1544.25968956891,920.84193274657,998.347425573663,923.222455200818
"243",1396.6659481484,1396.66987385802,733.913413459572,1314.07972946976,899.934548012116,1238.2107367717,900.103513645276
"244",1020.51795825284,1020.51644529288,738.026316814705,1325.64416422728,869.069606964728,925.788371010019,874.333133620347
"245",1156.67412277292,1156.67355137662,765.112225498224,1452.10801300107,903.171842426621,1016.20382546376,903.465085882583
"246",1519.33115696083,1519.33357342679,758.281181530242,1469.76327992098,895.453952613671,1265.29312216697,905.336563585611
"247",1014.28331042348,1014.28284309982,761.086943585561,1461.98481765424,847.154035382683,918.330726035601,854.522269164165
"248",1077.69220851576,1077.69178816932,763.874458220608,1408.18278093193,944.076944950961,948.611908849072,953.544616771928
"249",1171.26193325623,1171.26324400496,771.996737628894,1467.23987837194,897.671114040399,1044.13948269649,902.139655528921
"250",1074.49615857248,1074.49633468677,759.458869252148,1326.8975883745,887.36538903295,974.884761841382,906.359790243701
"251",1092.05490157291,1092.05327632212,737.845796117716,1249.54528848186,945.683859421518,970.983176537806,945.981597663534
"252",1236.1839901493,1236.18172994603,735.589201371895,1301.4244311606,927.644665047764,1082.09396705176,931.863956856653
"253",1450.76397421384,1450.76615360311,768.190492854589,1377.08368616503,949.584002123227,1215.02143974078,964.034296345803
"254",1033.22205491493,1033.22137005501,744.898836820931,1396.3941711064,864.288757374185,934.72387918457,864.472697549836
"255",1085.77134399878,1085.76958866316,783.415226923383,1508.7077776593,899.248422674875,967.598050991942,901.769941017345
"256",1173.84503225285,1173.84253757681,740.683413160865,1342.78903305931,899.624988559524,1029.66415724481,899.869641511307
"257",1122.32666479567,1122.32676630615,742.886402802077,1329.86755140599,903.085718500975,990.072950205292,910.041070253119
"258",1240.79929528631,1240.79911011859,768.272159829297,1395.54620549207,954.731811904872,1070.10675599509,959.49757949884
"259",987.685242609213,987.685231858307,776.455286132057,1506.90114404524,877.080212981385,902.427930993467,876.768008482907
"260",1100.74526316358,1100.74623924027,745.065586005622,1283.3404538688,920.463342918958,990.662777947638,922.488719186887
"261",881.663915721424,881.663643780547,717.056819523535,1265.04514157305,816.625396021472,814.691688753042,822.302817931176
"262",1138.13453431315,1138.13504610147,740.332155951025,1278.54659137321,877.914862883802,1012.72642923058,881.867959681664
"263",1119.80713458466,1119.80684127595,747.464917244307,1368.53370102113,873.59136216715,1002.99886496464,878.255527660688
"264",964.427448171286,964.427117398842,733.561151218856,1328.47594938324,820.605509022668,898.596869776435,824.623488641432
"265",1331.83853264889,1331.84201688336,750.135492246378,1428.96720724297,896.228351830261,1119.65882337811,903.275803821505
"266",1544.91760479969,1544.91896771767,749.266364802781,1360.43226620485,954.605055979588,1292.94975245694,966.247173506735
"267",1131.50933851889,1131.51161579432,741.684969938272,1347.97412399633,848.52287460674,1018.4418623521,852.983049461674
"268",993.001481084136,993.001088677254,736.885795057354,1327.84183556412,837.844214539481,905.810045070778,842.20421796376
"269",1119.25833292621,1119.2582836066,772.398894511958,1471.01085782804,900.814024061682,1006.72760273631,901.767727825698
"270",1288.73231800962,1288.72938386553,782.85700839327,1438.91986212153,930.120832366999,1135.95547977791,933.438796115898
"271",1092.03569629577,1092.0373895877,725.960044762857,1318.90153708632,908.821816828341,953.74906238268,919.451257104559
"272",1184.74444933116,1184.74457850288,763.899067247045,1343.49038947391,907.748197956101,1049.30550680702,920.960144154223
"273",1100.55089637162,1100.54993523068,769.323048524601,1508.74549164845,898.817236473497,963.202954535892,902.474050442028
"274",1052.30659586615,1052.30526554167,775.049953592059,1439.40157963235,882.226756965157,960.942502208364,886.332161764112
"275",1205.58036312903,1205.58163515678,762.361704227026,1326.8948245529,959.165662564609,1070.37771991942,959.465085704512
"276",1194.9886638335,1194.98778810239,809.315643973705,1597.75441490966,924.003347004378,1044.40322230388,929.628745737435
"277",43358835587.7376,1256.85615599714,752.316984128732,1319.8401054959,940.91769966575,1087.80448961733,941.383316132826
"278",1249.83317834511,1249.83465684941,749.611559840226,1359.04852600248,895.41572590292,1102.35309378323,896.555196420398
"279",1116.36000694391,1116.36061835012,775.447749508532,1500.7010792991,914.126671626832,982.667891171185,914.30459625303
"280",1249.01829972011,1249.01705598554,776.431289597103,1521.47824280012,979.97264562347,1066.56700762221,980.26015362491
"281",1021.66281176606,1021.66182337356,763.381423537528,1432.30206475045,853.861955823688,932.799458899388,856.607675113013
"282",1279.95590768683,1279.95781785338,784.798379012462,1504.62518028388,920.04300844748,1119.60324316799,918.874264543172
"283",964.371670944656,964.371154161171,755.143169779026,1397.93909412544,849.325192460107,882.698404730691,854.70492935757
"284",1057.12432835628,1057.12433274258,734.975789586523,1318.19774147138,866.519302362252,969.866028137376,866.617555089792
"285",1194.62424083505,1194.6233806893,777.824422689277,1470.60745740714,934.607183810031,1046.73175211196,933.484062009711
"286",1297.83469519263,1297.8458655538,771.755578549434,1442.95284863762,926.084889195114,1103.77937295941,931.632652376375
"287",1283.23590663638,1283.23525053578,792.536750988746,1515.26440943135,950.278994863694,1103.63613789014,953.29935679809
"288",1095.83843635322,1095.83925423189,758.278476725707,1342.57088611806,936.223322063377,973.478529613835,943.689050844865
"289",1098.45341177352,1098.45412340947,758.253539668093,1360.87718942651,877.130961916853,991.306624748872,883.206415357848
"290",1317.5649949846,1317.55910959913,756.564416669507,1365.3239440655,937.70573514815,1097.52473379471,946.81145723798
"291",1046.19659763612,1046.1970558827,751.811117287119,1318.37904060956,902.212626883806,964.056951655296,905.178425139679
"292",1182.65147609184,1182.65076596797,775.403176165016,1380.22152440043,914.684492482099,1059.62537411084,937.213806267772
"293",1435.85390351909,1435.85282520777,774.913178005775,1496.46244882863,938.54073965871,1201.16601948144,962.055424474174
"294",1434.14680050938,1434.14980141509,760.967148424545,1354.72125918582,994.629303819065,1237.3725703759,994.848237589579
"295",1013.25018176719,1013.25031879104,750.226368121774,1296.85209715199,908.030278384687,911.150799015781,918.044019656358
"296",1455.70020804322,1455.69876248974,782.919222498269,1413.35317365476,1021.94314177846,1230.31217290353,1020.81021045012
"297",1540.78683766221,1540.78716411198,761.905916845347,1494.49225867153,974.333065850972,1250.43860731096,976.120175876646
"298",1003.75498046723,1003.75491331049,747.452989922378,1448.65282498036,873.185158449689,888.814478196502,876.00648825824
"299",1217.67216172066,1217.67333098278,753.107698163726,1356.10701202306,890.801151281898,1067.24017927634,901.003159361557
"300",1114.74851128499,1114.74898252821,741.894722122697,1303.36244429296,913.330402850462,998.912031217904,912.708903114511
"301",1124.1343482699,1124.13355033432,745.326224128656,1374.43317300049,892.203405949755,996.057275289824,891.884775798308
"302",1048.97697198965,1048.97657651484,767.444404352031,1419.25333947536,894.587996801146,944.158778382154,899.713143732422
"303",1302.11908684579,1302.11701554489,774.418142014811,1455.43577354214,937.024761541028,1134.26276895442,937.763717338182
"304",1078.11996055901,1078.11972619413,759.17914291828,1435.80767952965,880.522546608373,961.346099745634,883.884890217182
"305",1058.12394644999,1058.12316250048,745.716179922253,1377.50346717973,856.544979742288,954.70873156189,860.74665574878
"306",1418.80910834441,1418.81211519208,776.701074452303,1369.07498999387,1013.18551399608,1191.58635141646,1023.19137551632
"307",1013.99225900842,1013.99255068551,781.129796805848,1450.38326364199,883.314468409356,931.062638720018,883.787204345202
"308",1029.00185964371,1029.00206550412,765.89689888086,1390.10048985828,872.362766012963,930.932641948207,878.233054812344
"309",1165.39814104325,1165.3980978198,756.796296327211,1346.04226545638,968.187890084801,1021.45132053896,972.924810464872
"310",1138.49384072416,1138.49516508503,752.601160012217,1325.07997883008,899.258319871523,1016.85596715961,910.471381261929
"311",1101.34510801247,1101.34509227673,746.975666536116,1296.06232271141,891.336214502429,989.303582880639,889.636205627737
"312",1269.34965286021,1269.3503203554,748.26012259692,1317.31386112437,931.356749470491,1104.37350305871,932.225169035303
"313",1054.33204393145,1054.33207010262,741.464468002765,1325.74449936594,871.781645414587,942.591566631019,875.273115122344
"314",1170.48255666788,1170.48423670274,766.074711413733,1318.94292504173,927.867748380821,1047.48213179262,929.645661709579
"315",1177.12016604445,1177.1193143737,752.295587971246,1341.13190662145,928.950952985324,1051.63166678988,933.959618370521
"316",1121.52761562361,1121.52774980423,747.557041437233,1327.88748915878,914.592965460404,997.413208348777,920.688971853736
"317",1059.62622549963,1059.62598028134,755.519652372023,1455.54048973679,900.901863125338,947.4230985144,902.082159563423
"318",1215.95580078655,1215.9553906486,774.042755218883,1454.86905846938,956.658231078116,1048.86305391688,959.158574748055
"319",1154.61175165653,1154.61164789169,747.911375752444,1310.79816411872,916.200018051361,1031.93287519575,945.184694179654
"320",990.268285008553,990.268090293738,758.393245971507,1341.075211998,881.143250203304,916.480637694009,883.606525559493
"321",1518.97406835508,1518.97065050365,773.245391344257,1541.95419435716,987.607493467669,1281.41189716037,980.31117085502
"322",1109.26377327972,1109.26365711019,727.294267927873,1290.58098465123,911.19565917594,994.631916451637,913.042409213907
"323",1022.62462609035,1022.62409044751,767.269706721994,1380.71389126108,908.741809571325,920.176100967847,911.356000144647
"324",1088.04888205301,1088.04813085199,777.475455580623,1396.02370245933,882.265790853571,990.836881563168,888.282528392609
"325",1052.88819016148,1052.88730271038,753.51157332049,1376.7306007886,883.294949420506,950.917625851868,887.260905026712
"326",1351.00840735001,1351.01234553147,754.769304337474,1359.04712957074,925.807224649024,1158.76505696193,930.942702528005
"327",1036.22139309404,1036.22143080799,750.74103989776,1404.16567153274,895.152960419505,920.660486165907,892.73501951275
"328",1192.54086284828,1192.54064000915,754.182004608393,1408.01345271629,898.843025681722,1045.08113533787,902.968173971103
"329",928.128778960992,928.128736995686,757.573427186572,1402.34302905103,824.113021909361,866.041636132297,831.207567507435
"330",1181.38006935764,1181.37754324829,762.971580680833,1471.17948995298,954.228554029769,1020.77244051742,955.682867954065
"331",1076.49938894081,1076.50076706688,767.58077962022,1412.64240018795,876.407666879937,978.813671144973,882.404663372181
"332",1231.88347181771,1231.8840389432,784.811572480609,1651.3141741651,901.119069166196,1034.84981557945,902.898219915195
"333",1258.76666100047,1258.76628148303,773.263369686115,1463.35601167296,926.872183245113,1099.05618337719,935.040273859877
"334",1148.01249756436,1148.01280367527,759.506196496884,1410.74252867373,930.591837387099,1013.02701524043,937.774421523958
"335",1205.4616905719,1205.46230467687,740.49473562437,1339.11914793599,872.534040523195,1059.71296637033,876.354291312646
"336",1217.76064321942,1217.76105762464,776.469982454205,1464.96549766754,887.099207293441,1079.97793972096,888.874020383166
"337",1023.47481369498,1023.47404376164,774.906849063155,1398.66308362026,858.862461557543,944.884882876445,866.878046906461
"338",1171.59489937521,1171.59675828955,744.995236052236,1332.95320782335,911.360588754583,1024.53074239248,915.811760775907
"339",1369.5711306838,3703283142.67708,749.383742885574,1324.47983388045,907.975623001326,1204.32378712778,910.58739022579
"340",1098.09662752333,1098.09631337393,773.522893073662,1458.84889013836,921.890438649437,967.322782907754,916.90872120134
"341",1439.22064130955,1439.22468669838,730.582758741316,1337.84636362729,927.382370829482,1184.98428229129,927.517302647559
"342",974.548127717448,974.547874344576,756.058093385595,1335.25997102406,889.575982724557,885.554336874052,894.008980058288
"343",1067.06721225284,1067.06653777324,761.827455773235,1458.02728493079,864.272768817609,973.401455097478,866.395023353389
"344",1083.38317102682,1083.38287130001,748.630367168683,1302.30684172952,892.244005830199,982.161837622781,894.495989505211
"345",1233.16296229384,1233.1649771424,766.999375985885,1401.07710304623,968.743460395626,1071.73575185944,971.701227008343
"346",1065.62275751056,1065.62119947491,751.065436892424,1359.94634645752,863.004986879023,953.578853503376,868.996987190856
"347",1090.75003849989,1090.75026761031,773.324461995367,1441.23836558585,884.297872075813,981.915730694758,891.616122656671
"348",1008.2377344839,1008.23762883959,736.087743291628,1348.15081165491,869.845333423894,906.373023363994,869.822449513423
"349",1061.25593285326,1061.25583693425,739.977552023542,1381.30526818978,878.646532977614,945.396497986078,884.463525277562
"350",1062.29948975603,1062.29901358509,776.556379377522,1527.21047799753,859.477396125465,961.292626204293,865.110295542896
"351",1162.09633605166,1162.09862745863,765.878020251391,1381.0096854347,891.902754883301,1035.21450373082,895.38874582303
"352",1187.90865037983,1187.90910139196,760.928444117008,1416.98765054018,1060.9979167065,1065.32431360003,919.982544114848
"353",1379.20144904187,1379.20662635129,724.260865578419,1286.1191282097,886.782269851977,1184.70957269469,895.323434061544
"354",990.46659328059,990.466034428762,763.157508372398,1333.38134103679,890.658039118466,922.368090632802,891.047738933432
"355",1191.58747927689,1191.58701905885,754.00650488346,1408.24438543475,911.541463824595,1053.69074504965,910.935767846651
"356",1199.30771818088,1199.30691657893,759.484668921502,1395.07695004087,886.894317789741,1076.69180473683,885.94739328636
"357",1407.37486540816,1407.37407579105,786.256921437634,1453.49651485572,971.507413753711,1202.50792563556,974.614839195613
"358",1091.52945423091,1091.52985214346,781.230201474876,1350.69563373009,918.711958638761,987.516916276814,926.809597488307
"359",1429.412504663,1429.41791459011,749.548227432463,1353.16246133338,951.951094290082,1176.30090890531,956.685500509961
"360",1227.43698954269,1227.44174413785,751.403767490604,1385.02421000002,891.62058630886,1064.92294417353,904.075964503695
"361",1027.33204671287,1027.33158500973,745.255489525408,1407.57312601279,856.259197888991,927.52973015664,858.586084012146
"362",1179.40779309184,1179.40891446055,746.306213357256,1311.10108214576,940.005037661396,1035.72558798729,958.905917561066
"363",1214.66261865188,1214.66251596439,764.105369620736,1309.28247599756,975.971750109064,1068.00650806861,984.043379681169
"364",986.515836624116,986.515527387649,774.398676004804,1452.49112926728,876.951203614033,900.390698977402,881.97280972759
"365",1110.10764150686,1110.10646659525,735.557414726246,1315.84569900759,905.553985763634,982.821544059061,907.485435320492
"366",1206.6090796198,1206.60888296526,759.179998742767,1364.68088302343,921.746950735828,1064.53431679779,922.526981228389
"367",1102.99583289555,1102.99580993324,732.684619920541,1255.78174867178,920.427127959689,995.366901204935,925.188914916383
"368",1208.66424076849,1208.66477640349,769.681190143292,1356.27691394545,949.173533440472,1058.3113684641,951.965739659991
"369",1201.70435771095,1201.7064385615,748.368895736511,1353.08420626615,951.067631106039,1038.98649753478,954.8780540099
"370",1456.59699690055,1456.59581905377,775.19657022947,1452.66541283511,1000.57625106713,1185.2515988042,1002.17846246738
"371",1208.22745757516,1208.22863426375,767.024522448688,1429.19810456112,912.024836747609,1072.82205741752,916.215964511881
"372",1148.32028015648,1148.32166066584,709.433961156905,1243.6578880308,905.172381256569,1003.24714987972,909.495418274611
"373",1019.65235218577,1019.65209827597,773.467570035978,1415.59889070949,874.939542924588,936.844687382806,877.857274679944
"374",1296.19656323058,1296.19685714647,783.914802667272,1429.95289872422,946.210243711937,1153.78975805219,946.756326443968
"375",1165.17017659618,1165.1667923295,769.131991060839,1439.04575013542,865.034566674745,1034.25615730088,875.326606603257
"376",1129.08073891946,1129.07982929608,764.642682986612,1420.78203782421,911.821359753294,1012.56893189893,913.431304723642
"377",1199.32482860485,1199.32191902212,750.147645364402,1326.84697335234,909.817951840173,1053.73427194332,947.51205328736
"378",1063.77307600547,1063.77279701782,746.69685822135,1383.93241763278,897.778445063968,952.47298591349,896.291454235134
"379",1111.24382350198,1111.24364629943,723.137895954362,1294.97313451963,870.469926099784,999.484877375342,870.732561288677
"380",1298.51177187993,1298.51274981524,771.076611923652,1506.85288724803,953.775369233813,1122.07304329124,954.78695274552
"381",1233.42101156361,1233.42225574729,773.611871012871,1383.26533014617,980.112074092362,1066.19363410992,983.12985996884
"382",1220.72105066449,1220.72047442693,771.755361191493,1516.01294427225,923.724270201802,1070.73909494052,923.274270721837
"383",1288.76065235963,1288.76102351631,764.459610399573,1464.83730768039,919.93161813021,1117.11758339996,922.9167223282
"384",1211.56045689358,1211.56027337186,806.470810679595,1681.14752946932,945.27604961327,1050.67950514415,946.280513570044
"385",1021.65505925415,1021.6559905461,730.265112864733,1226.57570354023,859.527339563459,932.046990413341,863.959203754904
"386",1159.04694527154,1159.04611234563,769.628085817721,1440.98152439219,906.439663652457,1035.24863759662,909.100056846258
"387",1135.88557488392,1135.89126937652,747.771935003864,1358.20684631466,895.239238404411,1001.59220580193,899.883229579938
"388",1122.95970686767,1122.95829395429,753.513057282162,1365.50882836219,902.640315830949,994.700459696731,907.929277383647
"389",1126.536694096,1126.53698609929,772.103126608587,1386.94756817421,937.075835923565,1006.06074720895,941.254646992873
"390",1054.65964822923,1054.65744389127,768.212264847052,1474.34903131165,858.758270624403,944.646584764037,862.131678483157
"391",1073.60618481164,1073.60612267044,755.534011066174,1435.85871089536,868.853727874018,976.079730461222,871.301294833247
"392",1341.47806346711,1341.47801537505,786.937320795283,1511.52738144941,940.522223448954,1133.28220814337,947.286786843923
"393",1072.13790468577,1072.13814444528,773.799513693888,1375.1227184604,905.336281249017,979.127270577859,905.692805758855
"394",1144.39010178387,1144.38845621226,755.764433036161,1373.50698084391,931.800740816352,998.330993661762,932.201170293643
"395",1161.8870315606,1161.88550905086,729.85074625643,1344.55523838704,882.95701440949,993.506970277112,887.135975439253
"396",1074.46698441736,1074.46632077073,785.009421947443,1512.9578572415,891.39112268559,951.420598436758,900.159608373127
"397",1296.20431922958,1296.20634892136,762.05587477554,1346.56314820661,948.582534582732,1103.2970713798,959.499091006933
"398",1189.72269754009,1189.72017313846,746.404415666692,1325.86443455689,868.500768861736,1047.1168998546,874.488535184123
"399",1242.36999303534,1242.37110539034,773.10844353227,1503.07125484349,889.906812800423,1095.87077518601,891.341489438525
"400",1004.31459209282,1004.31314466752,731.632530351682,1295.32141618767,849.454444960392,907.958273802974,857.9935883945
"401",1085.43416658038,1085.43365665477,762.627525166782,1346.46155259023,905.354734188379,997.953937371266,905.96512497004
"402",1159.8542419427,1159.85771449682,751.324378202444,1367.60190517383,910.853948241278,1010.6704556256,911.717708687987
"403",1244.25472626021,1244.25499059938,724.996675523899,1286.46799534529,871.861254078535,1095.38852330521,882.129525675459
"404",1139.90800559455,1139.90999016343,738.507554734707,1295.4124159243,897.788864588088,1006.65287330125,904.85733849479
"405",1184.15999745186,1184.15848471132,799.114182126494,1593.60674214661,928.793938781369,1050.09660567258,928.071942924065
"406",1116.72010961311,1116.72066271529,760.460099096842,1329.09429272323,917.363233119257,1015.58252768616,918.110221381952
"407",1199.0374553438,1199.03629247577,752.859799560162,1393.33478891189,949.320253566197,1057.82059725701,949.419410975197
"408",1119.64114361276,1119.6413460486,755.897826697298,1350.63715844259,933.722200340884,1000.31794470011,935.479654129244
"409",1059.82643709403,1059.826070297,761.276429207029,1397.79617034889,912.289197959996,951.020112234507,913.312903928698
"410",1204.24810370851,1204.24695874985,795.383235263066,1626.52977025075,925.498568519922,1063.76235087084,925.58641946927
"411",1065.32294266625,1065.32221865521,774.10293929686,1409.79991900938,893.775416577824,972.046678828923,896.629174963775
"412",1284.48087243437,1284.48017533017,787.448936411998,1484.97519333668,997.357121243673,1108.53271115383,997.535022052215
"413",1117.7689416935,1117.76854609909,759.87528143047,1343.13608554084,934.132322971838,991.635123779897,942.283276978738
"414",1093.34216252605,1093.34280636667,749.768869661994,1378.44216681902,896.517702216491,988.439227510372,898.788038721398
"415",1116.91258718327,1116.9132459769,723.865865258523,1324.538271596,906.605605568052,988.737921776754,905.384901715361
"416",1140.73627204349,1140.73462678254,731.096167445175,1341.44619147003,882.626650496642,991.781353201234,887.75317512901
"417",1093.40177560973,1093.40109466291,769.487978854832,1409.36175990472,879.152859612122,1004.828728005,879.237218366407
"418",1059.47787739028,1059.47935184091,750.725344957564,1353.34972669936,859.934378474831,967.505686777653,864.644967299348
"419",1136.10143235682,16252602.5618894,719.10688177589,1224.78545489515,920.558383458184,1015.63435055705,921.262657216367
"420",951.797071148462,951.796981236224,747.489773664965,1332.98620030553,885.710540483876,880.355107007081,870.787856420181
"421",1128.25112147628,1128.25056208053,766.122517371054,1369.74136266685,892.72890077394,1021.240271524,901.557197007594
"422",1090.14357883497,1090.14198044267,740.304567749185,1315.47681868602,925.907512908183,968.958808925846,926.13985254757
"423",1190.57063187064,1190.56915771951,730.799626661579,1240.81122733579,936.2992830686,1035.1917708809,943.034277054169
"424",1111.39665641341,1111.39688994943,772.332441631015,1511.40925199463,889.851568823871,998.774003537,892.38498527756
"425",1110.98306548771,1110.98383015898,730.398524497755,1267.7044299156,943.415890266357,985.48434674895,946.806826368104
"426",1238.86793484591,1238.86755965035,792.150437320953,1489.55178286101,956.538759972984,1087.44120547603,956.994016901175
"427",1036.26054440622,1036.2603889947,749.79428041015,1325.93816406582,879.163397811958,951.968006391728,881.236016336413
"428",1114.61888442625,1114.61891066059,748.94215172794,1351.96700610954,902.56824583702,992.382804747989,906.849646165647
"429",1269.50761408733,1269.50651050088,770.942753832519,1470.35291303824,936.888095256849,1099.09497090646,938.780336370057
"430",1077.40912522,1077.4091862231,745.128031136347,1355.84373387685,862.359768012532,969.618636980432,869.687256858049
"431",1032.59314531973,1032.59327374203,725.896898868442,1271.49698192528,867.346488856797,937.901763012334,867.273131505067
"432",1120.23955195101,1120.23809811953,757.865901055234,1529.07398182126,880.336354067577,991.967516967734,881.835949911029
"433",1096.58500471122,1096.58370942524,758.579005191476,1469.06846208924,889.181207065602,986.161252919326,889.801253159542
"434",1135.04366844085,1135.04352658646,772.340879602637,1473.20062092713,883.546262643242,1029.94762855817,884.419104754459
"435",1210.6436235411,1210.64586682784,766.119757781805,1350.12048452389,965.602776064666,1061.03828349347,966.294638119143
"436",1244.63588550058,1244.63495231463,737.343496329949,1374.68786512456,876.971427837071,1096.51411134261,884.945012283915
"437",1160.14642284945,1160.14575067331,796.67666241804,1504.33723536427,945.37294726773,1027.41289504836,945.916941985437
"438",1177.3861918392,1177.38576481295,781.241173068678,1520.68103630815,895.763582548141,1047.01503228427,897.605757571365
"439",1003.93577801114,1003.93562469014,757.467490596004,1320.67119584764,871.705984863181,916.046672945131,880.673439551528
"440",1231.69253136097,1231.69112990198,767.87013103353,1419.6097415732,909.136134451074,1093.81121477268,910.732532059028
"441",1126.13475665711,1126.13576861199,760.377149267707,1420.69229672166,897.393186713483,999.648147417613,902.072291754091
"442",1135.80132055192,1135.80026152716,792.92896599327,1552.83453105105,906.368303283059,1019.94428928508,906.788737882608
"443",1291.76787751264,1291.76714690698,775.367830955252,1505.89812541613,985.429607371321,1115.16848085858,985.699558880885
"444",1142.57259539145,1142.57204581011,766.526369268807,1463.59334830797,897.707118780063,1006.16740274813,899.875571508458
"445",1427.4484150034,1427.45135306624,757.127445841794,1334.88296181279,1066.96500244288,1198.82530982341,1067.40408370954
"446",1094.60369080766,1094.60446813585,744.161256783769,1271.18796811751,907.613700100149,983.390947745194,910.33353469651
"447",1278.52356603557,1278.52550996262,765.293784885938,1430.06684949548,927.181753435682,1123.85614019409,926.973137743109
"448",1301.36162034665,1301.36251960593,796.775872719693,1560.45615813462,954.227743094592,1117.37941019564,955.25204115701
"449",980.584067022501,980.582822144364,766.205472818168,1439.05051153922,850.769491355698,907.297843614599,858.508233142724
"450",1154.93560757654,1154.93689358113,785.221680252807,1477.41033712381,876.664618645198,1024.90347136347,878.420780882928
"451",1370.64538372758,1370.64543007852,745.040024679623,1417.37439221196,958.208255432273,1156.07909217304,958.455324557569
"452",1236.83677468849,1236.83670986512,743.484184788531,1336.49851318376,937.010115030196,1067.00541001634,942.104213441219
"453",1083.41380986991,1083.41367397095,751.171960798306,1365.88473694153,934.386674132735,959.366482278776,930.854324839465
"454",1128.3640621832,1128.36342768547,760.395099708903,1551.95112832476,847.825631203803,1007.14605086375,850.642925971258
"455",1090.02558648681,1090.02565406786,729.802078661156,1283.23691069767,876.440425649185,976.766444129878,883.451694576507
"456",1155.77512097256,1155.77612269903,754.783511519505,1322.18895384407,929.62837528481,1028.13450618315,933.797789528377
"457",1055.85769500742,1055.85755430138,748.756580711438,1430.75128868026,892.85626424721,927.802487519272,895.267765289651
"458",1241.6754859154,1241.67720448745,743.73066855678,1327.35770614313,958.401389206206,1057.60754397643,963.987890480532
"459",1117.82064355089,1117.82183358158,751.354755301129,1330.10887284973,924.853551087147,995.553423752846,924.089410208364
"460",1294.87229895208,1294.87019084424,776.696904250276,1520.35529820607,915.34176057686,1103.91522442054,915.635759368822
"461",1131.47153670339,1131.47123041079,774.268771265335,1488.70359377686,936.699285066482,981.66608303647,939.715387170922
"462",1288.68279296556,1288.67840216802,776.356138502518,1436.60359822129,904.762454706094,1127.0806734148,906.336418473677
"463",1373.29111931249,1373.29279584528,758.961094827079,1324.5366897875,985.459420409059,1168.29747290373,NA
"464",1090.15574325879,1090.15530995848,752.262638419069,1428.69328958987,905.522178564808,978.312864639463,905.565347141672
"465",994.174516978314,994.174300909127,758.486542260464,1332.9190297599,889.959919893672,906.537896881139,901.622878685732
"466",1169.81387006788,1169.81279356188,747.345556746017,1420.82810239997,905.484773554204,996.932508443705,910.340339846863
"467",1380.28148018047,1380.28282241123,774.698274837102,1425.50946260953,948.202909065592,1164.66106040936,948.682754131566
"468",965.5349012003,965.534543866187,737.905951724097,1332.80897599188,854.422679020079,894.449396102645,856.477651101397
"469",1050.1628210832,1050.16216635671,775.679838995986,1380.44113050547,898.62995537378,945.872145724251,908.344818277569
"470",1205.96920621144,1205.9725385493,723.426755207968,1281.04412763638,920.442242662553,1015.3658637472,959.318935567257
"471",1182.92275591257,1182.92290276006,723.333508311498,1314.32395173593,865.458519537593,1039.1445133326,873.66401782993
"472",1357.66039170601,1357.6639248865,754.421391241151,1387.16648883665,927.17074282681,1145.56890379439,938.682812860843
"473",1634.10482608607,1634.11074490526,787.856058169111,1500.94354244692,964.245599927767,1336.03878327469,964.710082236841
"474",1205.06593974119,1205.06493124786,765.995860204668,1441.90830256295,933.418877142602,1050.51147486439,935.18561863314
"475",1137.91027467245,1137.91100975252,754.669904111203,1317.99047023332,922.127978613745,1022.30889035195,923.763534981951
"476",1165.04069181575,1165.04032352466,754.120405803518,1403.79851168582,896.51996202476,1023.77132260822,900.666772164456
"477",898.597298982332,898.59683518976,749.681148502032,1321.42908673093,823.478389425028,846.8813412506,830.862017503561
"478",1165.57757799707,1165.57829992049,761.709554969577,1393.08140260384,892.935918429955,1026.55631969869,901.576147519133
"479",1266.48782724528,1266.48659578799,762.7935501941,1479.20724328857,906.263257019807,1068.00884304811,908.467352387949
"480",1192.30823790681,1192.30660140984,759.260227845877,1400.86962524009,914.336697443041,1045.52036454171,915.686238410953
"481",1065.33572887959,1065.33520453675,750.088846052924,1355.3224690654,891.893680232026,961.436364499955,893.685612358017
"482",1158.7333125293,1158.73367663137,763.7453294697,1414.94932440066,929.592209945671,1031.62977094842,930.761811308803
"483",1127.29417941508,1127.2934941577,749.205097499389,1311.34832929072,910.353219075498,1017.68198116153,911.152352790436
"484",1304.41512869615,1304.41567473231,744.500222385508,1338.15602123784,976.044788610552,1123.68197056601,959.737892323549
"485",1194.72281220108,1194.723696606,753.51416160486,1323.2640835529,903.243702101784,1067.14839619729,910.970728712812
"486",1294.89048819783,1294.89160942583,798.098934683187,1578.5242038275,961.270797900364,1095.79392758061,961.370638766568
"487",1046.21948439104,1046.21924923866,760.637726411598,1350.21056327298,902.31994811979,946.552547654001,909.06847144624
"488",1283.1895006361,1283.19030660454,760.444565495036,1425.95838448143,900.523174508413,1138.91327893155,900.710960002572
"489",1281.54538749587,1281.54378750991,769.564672701323,1466.07523239176,929.35232906413,1106.59246595478,931.514292438264
"490",1054.26608197949,1054.26565280618,752.779973603897,1363.32084918925,864.989325543665,958.661342402309,871.716552501739
"491",946.493607866399,946.493561764127,736.605451161649,1280.24523630844,865.885886100031,865.068724324276,871.932332045165
"492",1035.7138588639,1035.71417296331,757.598787265293,1328.14698316259,911.101742054071,943.295343536066,911.713741922961
"493",1249.41247893544,1249.41697763362,745.278153161053,1400.25993434393,878.537164734526,1094.30563776148,884.234073897085
"494",1005.82413031055,1005.8247220535,749.655764960611,1347.57724482855,856.266659811475,929.696595420726,859.679873532859
"495",1289.18937190356,1289.1923925593,743.189901032937,1378.336031726,910.195601651002,1124.60441010041,912.958335900324
"496",1089.16271330846,1089.16247376237,753.93154104968,1350.4521560042,900.278146961922,982.224888948141,903.466758243321
"497",1108.3663831057,1108.36687567349,744.653683699109,1336.96980030531,939.486754151152,975.274641277171,940.611504980419
"498",1030.92204306537,1030.92207988676,729.45981165876,1374.72850276504,826.931587888795,932.218695659325,830.169017385489
"499",1038.82785284109,1038.82668129721,766.641485242466,1502.03070908548,851.359458881583,932.498951161735,857.501041844137
"500",1203.45905378981,1203.4608577083,771.818560416432,1391.06272182308,890.785213353206,1068.66677315621,897.605457357025
