"","correct_data","ztHurdlenegbin_split","Hurdleztnegbin_split","ztoinegbin_split","oiztnegbin_split","ztHurdlenegbin_combined","Hurdleztnegbin_combined","ztoinegbin_combined","oiztnegbin_combined"
"1",1865.80829196647,1926.88188741228,1494.90775595921,1539.06608980662,1421.34011459272,1847.66878752058,1425.95734203368,1466.73564191336,1358.93773196417
"2",1439.65301454446,1482.84228800586,1279.68265206503,1282.3025431912,1223.7077763952,1410.99037409156,1223.56809176643,1219.39610934458,1167.87969428206
"3",1578.16358329685,1682.3367355402,1419.60849907713,1422.53552208454,1358.70586076208,1537.89638171979,1335.98267096691,1342.59350748837,1290.41852988008
"4",1826.56526809167,1913.09546295506,1323.92570452557,1296.49164644077,1204.91966387251,1848.86625523752,1267.42103627176,1241.7532322943,1155.34825409664
"5",1678.59654847035,1928.20024149152,1421.20336975832,1464.86243663678,1338.75218766259,1603.44748633177,1305.46331232146,1339.87345491002,1256.34741410015
"6",1974.96210666388,2088.82865904871,1472.62875838733,1601.22733437883,1449.98054147057,1867.10779850147,1382.40296069502,1499.39796128425,1367.83908904053
"7",2058.56627763734,2262.47367417356,12690874.4433007,1773.30072834437,1660.41748977137,2005.22220159324,1667.9961774698,1653.58782344962,1568.58282074116
"8",1882.99609094416,2049.75921620349,1743.20268592694,1658.87918867406,1583.22520203574,1842.93354838418,1622.50376155758,1552.40602629726,1496.8437071297
"9",935080.18329121,1970.42662166136,1380.66805108105,1417.440676649,1289.5211442834,1720.05463314898,1262.78322041143,1300.69479632838,1202.77974141341
"10",1752.99377258843,1723.11238487701,1477.73712933106,1429.21135313538,1359.06469991876,1704.08622870329,1437.95173046717,1372.60760324268,1306.96845919731
"11",1677.32942551164,1791.43915577408,1432.61551223951,1373.52231341351,1285.94581524994,1608.12638907619,1326.7564959402,1298.90448869343,1226.85577268446
"12",1672.093683897,1712.65186033159,1447.6049503108,1450.46721425193,1387.70272537143,1617.68245631524,1379.423886872,1389.96399314255,1330.11991902857
"13",1449.37263668987,1472.20921456594,1186.93163860841,1236.71100922508,1156.89905563045,1420.61526977755,1146.20412607121,1189.64291462941,1115.5721583427
"14",8509056.14315419,2470.77522362052,1851.26500001038,1819.10974334161,1703.99704466177,2300.42442990519,1754.95744054523,1718.53355917086,1616.13140696919
"15",1848.83927214727,1886.85654740027,1630.78533040382,1613.43285525379,1557.2912335144,1803.70285942867,1568.76619092371,1550.77530353966,1501.69263381015
"16",2147.70531626981,2258.85316380123,1850.05184802431,1789.07997662677,1696.55617920526,2052.82112374622,5047869.50905949,1675.72054025479,1599.18725638838
"17",2141.72848065573,3746579.10527384,1610.8050307138,1619.53600554301,1469.14226797087,8593898.56212967,1451.73290901272,1465.90919482688,1357.70494869578
"18",2036.06955970391,2114.32723986576,1703.11249140873,1763.45830469896,1643.03594853214,2012.3890077938,1640.27547159326,1684.30749349747,1582.64574933334
"19",1646.3350891973,1741.70168627676,1465.44247932354,1423.75293098007,1352.55067010073,1617.33910924364,1388.98396885573,1358.50567820109,1295.78424415127
"20",1472.27654654252,1549.53609514393,1246.99396149495,1293.19542346181,1212.05023160693,1455.88811953909,1187.28837056718,1228.58349770061,1157.28452322525
"21",1300.84696741884,1368.30356201915,1155.26192051954,1173.45385371411,1111.34932991314,1276.74615142332,1102.46397622407,1112.24858906657,1062.00923636663
"22",1927.54336701846,2440.0906512686,1431.80262613738,21954213.2186536,1218.17631442519,1929.59964759825,1294.14444197908,1206.15117303785,1137.60169281964
"23",2080.9429941447,2103.75000086001,1579.98203347685,1638.03789628396,1486.21397681043,2063.65541383427,1516.07065245144,1579.04067241454,1428.42702047294
"24",1633.31497565909,1655.38779126964,1354.511332488,1360.00517963133,1288.5064122921,1586.36195776292,1296.62329375273,1298.34481454291,1233.72901656903
"25",2194.37454218657,2393.92234517696,1871.12056616309,1669.34528494968,1568.16501150699,2172.81071572643,1736.44466658173,1583.01703467955,1493.42076089511
"26",1777.64527644123,1809.50440192492,1562.4104004945,1495.98550617247,1451.17519358397,3205299.90038093,1497.21535679592,1436.69828021617,1395.30417262054
"27",1741.20516451296,1821.88796684047,1389.65242950329,1438.64371357761,1341.36211182075,1689.2579499176,1316.59549382438,1364.19592011505,1277.43491660416
"28",1436.34112671349,1457.74318853436,1229.15380296241,1232.16315899393,1175.06900579241,1384.31097610341,1179.34888710437,1184.39977998046,1132.64060644423
"29",2322.39982890732,2670.14818706152,1628154377.40038,1755.98971422902,1587.78713994919,2257.05406358664,NA,1623.27936301856,1492.23575332145
"30",1665.29138932721,1756.84397837421,1480.54295433996,1495.14122127019,1409.886505801,1620.92598462861,1396.87908414748,1410.85222133056,1341.77854291236
"31",2012.05946668131,2130.86744041773,1587.92059212301,6064458.42976456,1468.87285132539,1962.07719914663,1501.2628127672,1477.50252130422,1401.32305511422
"32",1486.78191817551,1527.93209956404,1280.19367517533,1256.88963693517,1199.06929420295,1433.7115578865,1219.62044925495,1196.49139264002,1147.00354579298
"33",1885.45021477848,1905.97993741977,5793492.08646192,1392.19126425605,1268.27546879507,1914.10988489929,1303.9666786121,45440123.4658329,1233.35968569159
"34",1762.76433203814,1996.1180434289,1375.96123546162,1243.65765026207,1177.00424382378,1715.95335287799,1268.99079539248,1161.79116566618,1111.52989726889
"35",2254.27437429682,2524.26850107046,1939.79039347622,2049.38214279603,1846.06876146598,2214.46007548827,1786.61129296508,1870.7942080112,1716.39209546326
"36",1893.40769703008,172904.673823814,1648.78979573121,1711.47715757574,1607.66456352002,1836.21573283441,1561.90315624589,1617.34060574956,1527.33511579965
"37",2166.2733847292,2378.00133860554,1747.57846058216,1728.00775357965,1594.76746338525,2140.50773304646,1636.31267291695,1603.65887213416,1503.01231373903
"38",1783.34083481157,1875.23965938682,1323.46665950312,3145383.38303369,1223.49504429697,1705.99918163996,1233.88154330536,1261.72350295275,1162.77843990821
"39",2175.76930430365,2275.96936124509,1984.55909637899,1865.72336147574,1799.5015949953,2112.01259901277,1873.19741335728,1771.64647036933,1717.30860303616
"40",1691.67544956238,1828.85143826697,275560422.109196,1600.51101575073,1489.45460152055,1656.25542428595,1438.92666152358,1493.19402450871,1410.78781934111
"41",1797.99606033505,1888.47719727876,1594.15890897698,1626.00155372301,1527.43277743957,1763.46105541748,1523.26868991135,1541.34138537449,1463.24250493166
"42",1935.72955602789,2190.64849834359,1556.58841980376,1601.22942236463,1471.88410155113,1861.39972697909,1428.76064732514,1476.77149854363,1374.92790731171
"43",1904.69797617285,2092.76474346884,1487.24969297681,1488.86422599779,1393.23270401822,1845.39679851099,1383.54547877959,1391.8639471422,1313.77985057082
"44",1459.43500513406,1462.85042159768,1279.52309022282,1291.76325504953,1224.96058500128,1402.49776243456,1231.35693180609,1234.53755411062,1176.92659701436
"45",2068.33875813353,2142.15653727155,1705.25611931418,1786.05559839398,1643.68876061529,1999.4791427927,1620.54491547534,1692.29073690737,1571.59080402179
"46",1523.16143017725,1629.12301831765,1257.42156614559,1252.56690515151,1187.45879829487,1459.88121372695,1173.71780082765,1162.32491932973,1111.33550863304
"47",1511.08780676362,1662.40291675246,1281.1536828858,1181.17016305154,1095.08899515479,1362.04787189519,1139.82644407765,1093.65680760381,1032.18780935669
"48",1526.40981018513,1534.50472044981,1251.91115306209,1259.73986998459,1193.51643339524,1503.27656345648,1220.47211900224,1214.22398146992,1153.07571381923
"49",1679.71607634162,1724.69773088708,1460.88422345518,1490.36653696544,1408.13202720467,1638.59787671816,1394.7227434213,1421.89668897895,1349.52845845718
"50",1669.79168819919,1751.34436349826,1479.26862588538,1393.44650721853,1346.53540457022,1623.3661100864,1404.18347994477,1329.31131572842,1288.19124344635
"51",2103.83348006998,2136.00612443872,1495.42658805433,1330.13605694033,1241.96012173304,2047.53023714518,1425.15281195455,1268.45582621339,1194.26705909956
"52",1715.98805154998,1866.40492805336,1491.71435191235,1574.75179655607,1449.43554512529,1675.32636095735,1405.32466798542,5783804.33504414,1375.40366314197
"53",1995.37827639301,2057.25577016759,1644.12703491087,1643.8253147527,1543.05876057904,1932.69311914257,1559.29118218149,1553.23532856236,1464.73086245045
"54",1811.48469901999,1911.73719351595,1559.69301273868,1636.55361275865,1513.19464598709,1782.72526881855,1473.49853549272,1555.3022911495,1441.21562973138
"55",2066.15707077204,2430.32697126048,1694.20470323015,1682.20914661085,1571.92329127216,2039.9716527507,1561.36163761938,1541.92527091466,1466.53451366174
"56",1682.22697949222,1696.41884801668,1390.37939353593,1334.9391384239,1272.02979532833,1666.82181757462,1349.73254902142,1298.06525893946,1234.70608309644
"57",1947.68596996657,1954.43698381244,1698.49271550881,1708.89822576812,1639.2327254452,1895.91708392651,1644.0308403798,1643.81789207234,1579.65421769393
"58",1602.48225585556,1752.97632542214,1423.02703422843,1398.35017705981,1332.76840356884,1546.26625415464,1321.89565939257,1305.80713361419,1256.96107672047
"59",2373.51406718168,2526.52981213593,1952.94060437813,1718.77305632452,1621.33261754683,2331.74552380227,1828.62238984812,1634.92950581889,1550.82581541627
"60",1727.45942353638,5740293417.22523,1593.29998575906,1636.70973368496,1546.33306552092,1701.05253896919,1507.46628086949,1542.74140964926,1468.94684614998
"61",65212838.7345433,1959.77301344234,1692.70266007255,1709.27456945039,1620.77027456175,42925096.8881382,1594.65108050654,1599.56932003062,1534.22481684122
"62",2090.13827711442,2222.11746428433,1690.72464472552,1786.36347931152,1644.62589024684,2048.21960026032,1609.84803227116,1690.33519926247,1569.57498856014
"63",1815.45030108349,1859.20559767477,1668.25978505903,1689.98945128004,1610.67577743995,1789.60732243575,1607.23229058992,1622.4060863187,1549.69216000749
"64",1150.49133443438,1175.95604534649,1035.31617980747,1035.00161799954,996.299283468117,1132.02207911864,1001.96590698475,996.114687442726,960.984683931177
"65",2060.43887665378,2051.14285208694,1553.55506307022,1505.11617396069,1437.77669010694,2018.9448515925,1505.87153565435,1450.10093163551,1385.81310956128
"66",2185.5886608687,2264.56053060514,1653.43895340653,1604.15323398859,1503.2766874952,2123.47337864581,1580.67673335166,1537.86377737049,1444.22006881593
"67",2033.12659781321,2179.36230811725,1518.78388527837,1453.20413539766,1342.22228363446,1987.33397735992,1422.98028993935,1376.69881087126,1279.77346147773
"68",1948.43864122578,1973.69911957989,1631.86157650492,1714.39115790754,1591.06433211474,1918.70590479963,1575.54451157201,1644.09632652269,1530.65736306873
"69",2147.97100039119,2247.90267344286,1894.24182275704,1876.85152981718,1794.53945153628,2085.80393175171,1782.49184843632,1758.09340721269,1690.09438938026
"70",1823.70594877081,1987.2411519954,1673.47874696713,1611.46437460292,1523.04577372905,1748.62940698514,1543.06116388843,1498.50947850411,1434.05284731454
"71",1959.23789664906,2037.22955101402,1728.02710739179,1737.76725509044,1650.43900781558,1904.83716019576,1641.6939890473,1651.72338323748,1577.25632847729
"72",1880.22199267513,2029.37166590212,1339.40324910431,1298.3856577772,1217.71475306346,1809.809482884,1263.25257189565,1222.33769268527,1156.13019514156
"73",2089.55806421402,2167.01098582651,1776.22520271891,1687.3121962019,1616.47589601697,2030.55818609085,1686.19372137273,1593.06793859943,1534.00362674424
"74",1808.27094905165,1772.84503948077,1456.09600605703,1388.76135750205,1316.92750587879,1772.2653911941,1434.65070653423,1350.42985239008,1276.5617016301
"75",2170.79338743644,2207.81012138513,1602.90980090704,1458.80433029952,1339.74320936348,2024.23083255361,1488.76637884401,1380.52023869467,1278.28895198916
"76",1766.1047043829,1757.17534183005,174056779.281389,1307.69193441229,1205.76265610555,1700.19200960664,1199.06707016541,1257.91630765143,1159.39973075212
"77",1944.74299997729,2003.17428339132,1728.45347093931,1717.36214864837,1648.3258216862,1917.14816370445,1664.05873323964,1645.77567433598,1582.87606364033
"78",2417.48060294456,2468.29448601866,1772.03961113528,1587.97380568246,1504.90612121755,2418.14794960629,1719.10464691638,1538.0072577468,1458.05985985155
"79",1947.99421749096,2046.95664611786,1819.74646546391,1869.59727312824,1769.54725629858,1889.31116116005,1732.0573390915,1766.84057100061,1693.99901023161
"80",1878.24711396303,2006.06188871787,1491.28693530874,1475.11037735155,1379.41419854694,1814.93933043192,1404.45897349713,1388.45692684497,1313.37614677423
"81",1495.81137336496,1519.96829259633,1260.11233467617,1290.95471921,1216.44747368393,1476.47272044033,1215.41940957322,1243.80455752757,1175.7374272285
"82",2271.4692147201,2483.37665167731,1854.7414314826,1872.79893552873,1723.87694519271,2257.20403624801,1737.11961737807,NA,1627.94464145881
"83",1964.46415466933,2035.32206397901,1563.29862838609,1625.33031483369,1512.5584670784,1895.37272467698,1477.4834380965,1539.91435691375,1434.7353798982
"84",2115.23189649023,2299.62292898283,1841.27649921622,1878.41238886369,1781.63405420938,2059.59044213744,1721.51945327074,1748.6661926754,1672.19688011728
"85",1880.87757808816,2089.60846426925,1480.77410898286,1520.35569451055,1410.49957728369,1766.00738489718,1365.41246603401,1406.71998703598,1320.03759787229
"86",2317.0932733819,2408.07348921282,1882.25756208802,1993.40468359203,1851.68909138029,2214.68591055005,1775.79483252083,1874.75505250204,1747.45588442391
"87",2086.51994363387,2137.25910777808,1670.89259539517,1778.60395546235,1640.92452233956,2033.37399149653,1594.81880982961,1696.91202130788,1568.87659956349
"88",1929.27012302474,1961.67261566152,1555.70944510271,1605.08370673377,1495.43141194283,1852.44054321785,1486.18603328837,1525.35022141122,1431.69755529664
"89",1515.53480680126,1608.49149561323,1262.11480077398,1302.83426572067,1217.39892817419,1488.20467507604,1205.34700977324,1236.46802139879,1164.76230103497
"90",2023.79917225647,2017.59483094847,1624.79747937564,1526.46336910978,1457.91475672131,1967.89615353976,1551.6601247759,1467.32422023009,1401.23012955761
"91",2171.78065046555,2411.36620505028,16430900.3577139,1743.5114077088,1643.71969599516,2065.48630890465,1671.77942653378,1611.12802798079,1531.86403283823
"92",1918.94894237559,2143.57147816118,1393.80784217237,1421.95775726328,1290.00796538574,1823.52133074457,1295.70940221237,1320.52922721229,1217.00028907636
"93",1376.01504173788,1496.11246101506,1251.4530984036,1245.24616199126,1184.38524176495,1337.54061949502,1170.28830783742,1169.6742104951,1124.40231910276
"94",1630.61322117263,1808.14282517044,1436.36949510762,1459.02158565151,1365.83669303592,1598.880666043,1323.1238669843,1341.068002211,1273.60713252718
"95",1528.53635355996,1620.72582066825,1319.73856715334,1359.19662963766,1248.07055805799,1514.88953468886,1248.77606768544,1292.91082416639,1199.19327432037
"96",1935.91129412343,1991.77556223371,1599.42136194611,1605.38818591073,1520.34165667177,1880.01632800931,1521.31023628525,1524.76710178659,1446.31075247581
"97",1846.59901632898,1957.14233536852,1569.69258566908,1495.42681921077,1413.74136182794,1698.9318422995,1431.96688496259,1399.44485611361,1336.39552374171
"98",1832.02836371496,1756.7643368712,1264.10308992309,1297.63896452434,1184.79756804239,1786.44563086839,1237.3620967627,1271.96302361743,1153.86096355604
"99",1832.12402887699,1872.40506540365,1422.31728845063,1296.16408740702,1232.10738076083,1806.48024918602,1374.04442845049,1240.75392436918,1182.85557786461
"100",1239.23007839413,1268.02109801794,1048.22358704817,1083.35335207141,1007.80564274616,1199.17465374392,1011.18206212441,1030.0547977831,969.632485002774
"101",1362.43474670197,1483.80762696159,1196.68351072123,1254.56111538978,1153.66134463331,1329.37396703021,1113.07037508508,1151.03458408173,1076.83320593953
"102",1656.82772680655,1706.50356210666,1326.76455487468,1278.56932124841,1218.00402788559,1574.95892319626,1262.16244771467,1218.42969900679,1167.15377534488
"103",2146.80188784037,2312.96913130231,1867.32124802649,1774.26367937275,1675.01731688571,2092.17925748211,1738.66440690153,1658.40736496814,1579.36881502397
"104",1900.9371495064,2007.08536136141,1673.03583969709,1603.77294550399,1542.1326236914,1835.07791705287,1572.42700583054,1517.72336885934,1466.92295195536
"105",2083.4125221547,2195.49593792062,1838.94253985791,1840.97561976731,1738.4015843045,2043.59098501973,1739.67762219108,1738.10257949868,1650.13050247208
"106",2096.93945500822,2164.20530988596,1800.04918185821,1787.96340874738,1696.50045275499,2025.86307928104,1706.88943836617,1694.21729541709,1615.24445021594
"107",2100.17501805486,2217.13964245845,1696.9639826714,2629836.80798913,1581.4305163287,2028.15857362975,1610.85203091836,1572.90499445892,1510.53275027501
"108",1619.81537416841,1683.55089970131,1361.60497749212,1360.33006028565,1276.05748070055,1582.10432215137,1291.14611675544,1298.77740425663,1221.76620267139
"109",1735.53295646296,1843.50302874747,1372.21156701991,1309.22812923446,1240.21201516457,1665.62152833181,1287.53684735413,1239.77584483613,1180.89405311108
"110",2235.04315110086,151600.51911504,1800.60337327048,1731.08676767927,1618.06351564072,2187.32619192171,1689.54935401099,1633.11211759913,1536.29534636564
"111",NA,2169.22126202453,1344.06450772792,1230.48266477891,1163.17836563234,1772.48993369446,1209.49529041521,1127.95767289653,1075.36065575639
"112",2136.19825549869,2188.69355895289,1826.88457252025,1825.45954068567,1728.17260877465,2064.22101718226,1736.81358224182,1728.19338567288,1645.58001559608
"113",1531.15231328112,1490.86089568234,1180.79608035543,1205.8838440865,1131.36239711038,1491.94130834408,1151.19835463951,1173.03075673746,1099.47683999947
"114",2002.2187637432,2244.24501245448,1671.61154464192,1555.93156694378,1471.21675423151,1986.16945584869,1544.69937513063,1447.94096834861,1381.80865355627
"115",1756.22441260312,1787.44473134946,1499.34153705486,1542.81069946401,1460.56253561848,1719.51423923264,1442.55654999681,1486.48792230658,1407.72697256952
"116",1893.19034324551,1898.08107277383,1609.56221423603,1514.0903597198,1451.14240364562,1818.10403835118,1562.04675508733,1449.56950312168,1395.57237894785
"117",1617.26891237747,1677.40636284363,1302.80643037079,1185.53797654011,1107.86555331542,1555.13054541453,1222.82940207852,1130.82188434988,1063.94162337048
"118",1975.68916000519,2123.71295407134,1633.75962524196,1659.37375524958,1548.93660366077,1906.63590886007,1543.4585373456,1567.28707801446,1477.21490278886
"119",1818.28234439398,1926.69430083102,1613.84568109354,1542.5622926632,1474.39859104551,1776.59676875643,1528.63029956638,1464.30338240474,1408.69824665871
"120",2008.10995637007,2062.49558492523,1723.26168290971,1736.38672837601,1646.8895945499,1985.15796152755,1652.18506839904,27446723.4518259,1575.58734408724
"121",1620.07790246832,1727.97299279762,1239.54114479986,1264.6162401886,1172.28987855872,1540.71813271413,1170.60041060649,1191.80971891158,1118.9035623302
"122",2223.03379114647,2362.74934371307,1865.5778915743,1954.41044884154,1784.16020038987,2156.17175477299,1761.00707462653,1842.94030253201,1696.59778397632
"123",1625.41658196386,1681.82173469792,1377.5254969365,1382.95441930797,1309.77374775297,1590.2735545503,1321.37578234878,1316.71120067398,1254.93373958284
"124",1791.75557399091,1817.90259522428,1495.97515496702,1485.52128071056,1416.23204756065,1723.01841568959,1435.69768029528,1422.20079479656,1360.72776849334
"125",1474.81790207673,1519.73484282381,1264.92789680709,1288.81835494746,1226.44303418646,1423.29348456967,1210.79891952183,1229.777203943,1174.0589619896
"126",1525.41858998031,1559.98334016035,1333.66778008656,1348.18121166047,1275.02568297531,1464.07927123272,1280.59399793844,1280.13798564341,1222.71986412829
"127",2090.07384215528,2045.5667126137,1615.07783140738,1538.47473938498,1459.30451024437,1988.85198459196,1556.44391080223,1475.88749801208,1402.58170842499
"128",1629.84093867733,1591.33726993034,1269.90531856554,1174.74911944034,1128.94801763099,1608.93318935151,1264.70100329553,1141.65026710383,1096.99946737049
"129",1864.60478076421,1967.32137410642,1379.80622482659,1337.9680384178,1238.67221457977,1770.2871563268,1277.08238375424,1261.04641771621,1172.9264276171
"130",1760.33367676413,1880.28779224229,1534.12120074709,1495.00297531493,1423.83354837093,1719.05811139936,1439.54624096565,1410.49144940472,1350.30293011994
"131",1941.99806280091,2057.83532672513,1460.13911018881,1296.60720617286,1210.57498402858,1803.15111696511,1322.46997694359,1224.58733991619,1149.43096015607
"132",1477.62925705988,1614.22328042432,1231.20989156788,1212.67342058803,1128.24148825305,1354.49883666704,1114.65926014094,1113.51607342099,1053.21106544755
"133",1970.14700414324,1006799696.85164,1668.52301694296,1500.95139617555,1430.39714085924,1930.61474940215,1567.86533138399,1418.20472568825,1360.67403783003
"134",1989.97902833678,2106.89816306181,1622.06799098743,1466.81055579626,1388.65219894448,1959.49561033126,1530.94962216667,1400.19130843445,1333.32193055477
"135",1792.26395626345,1946.2191019955,1528.83704901222,2280653.90034892,1474.05757781804,1757.43857216067,1446.68866203415,1475.34668413335,1402.38479197104
"136",2019.32315223548,2022.34353736146,1681.23090371963,1602.75793126643,1517.00041063978,1997.18933405567,1645.59069703156,1554.88024299654,1470.81006150189
"137",1730.13179034968,1815.22987760962,1468.2505367628,1519.72357778315,1426.26765429639,1688.27059309559,1388.65811689008,1433.21067103673,1352.95344274695
"138",1407.8747174368,1432.58437895458,1184.72547342004,1233.64733607414,1150.47906026594,1370.96242232478,1142.2566898083,1176.79139170142,1099.98014462597
"139",2374.40429390437,2434.07246253537,1623.1329672484,1513.36376615574,1426.43963993595,2277.61888564308,1541.44018917594,1445.76036507617,1368.2681704583
"140",2007.11996368122,2022.06746638342,1407.27394544849,485189.75457996,1328.21309426804,1911.06545514466,1353.25017439114,1369.63065939239,1265.95098379586
"141",1409.96623310913,1485.78317282772,1212.00251242676,1286.91879012008,1194.03019009238,1388.50797494737,1158.66867198324,1215.27494098727,1139.54951925762
"142",2105.56494502151,2426.55929699213,1791.65245881946,1709.53053956111,1599.97837697527,1978.50408674388,1615.97733638485,3218891688.9742,1494.67717054759
"143",1551.54338241801,1595.26014036468,1632754.89130001,1244.97935146112,1164.78656116831,1534.29745755065,1167.66954659635,1194.51873808187,1121.69397127336
"144",1661.56009103283,1922.51546123285,1278.25050958828,1254.95621759545,1149.24418471064,1574.69567471726,1123.47086079384,1135.79763541604,1058.95229379567
"145",1998.43235962437,2098.20912813483,1759.95907842668,1750.76443721574,1669.75932343806,1949.5183431871,1668.44160429242,1660.39630237781,1592.03002320068
"146",1805.78335411315,1830.19892044617,1442.7209202036,1395.94913842186,1322.31207806851,1733.19396351285,1368.92853516925,1325.69842448865,1262.65122067098
"147",1735.73085151537,1837.22927370565,1419.38286428863,1141.60211230488,1088.67621141592,1674.20896489958,1303.50733012339,1092.73378048135,1045.75960534378
"148",2000.51037950763,2135.1561544287,1762.89212771691,1650.69200121154,1575.29294373897,1964.36668655244,1643.64140263064,1562.12180428689,1498.94368564855
"149",1808.65227332387,2027.463439518,1540.04035887886,1461.96686837506,1380.3941869464,1742.46018047616,1417.95274286695,1366.32352701198,1302.41682629122
"150",2110.93526394501,2299.89053300344,1800.13875406314,1750.64720067481,1632.11956365319,2069.2988761435,1688.97487650115,1660.22058359758,1558.09371512471
"151",2212.06990263586,2422.86571287899,1932.64559369082,1988.71824552682,1836.51339844023,2154.98695430377,1804.44151997351,1838.55985462953,1726.37062117038
"152",1504.06782553732,1621.72454286905,1170.65109749546,1182.01208247208,1102.5992573494,1457.19712349331,1100.30922983109,1106.1947900767,1042.28899880392
"153",2067.63192131349,2210.97066321713,1385.2333624099,1348.92054585774,1251.49290623987,2024.94972946028,1296.09789203818,1270.48132926812,1187.20147288896
"154",1606.03935536726,1680.56097198636,1433.17175599667,1371.06755577346,1321.57007718699,1581.63795290662,1372.03671408745,1311.1738273496,1269.25975306007
"155",1991.96183677384,2081.12570113797,1812.6189571561,1754.90832254435,1688.47938632632,1958.91132816393,1720.12766560277,1675.72115758629,1615.39317399311
"156",2257.5758298287,2259.46829362358,1534.40591817445,1506.15899223212,1400.73008061599,2184.45332845356,1485.18459901832,1457.48931006834,1353.31183926028
"157",1480.91046515638,1575.8799920289,1281.16890029494,1293.96979488447,1229.56744086709,1460.97141803916,1217.56832547999,1226.86133441685,1175.01057981103
"158",2051.82678258317,2156.91230490284,1474.51411086314,1390.37862688902,1270.44933847058,1984.39264182137,1380.62426006454,1321.06603702941,1217.71826335077
"159",1801.25477698791,1874.2516785093,1538.95514306421,1470.73176648305,1407.47672348635,1754.63531112613,1470.72419499897,1411.72527359946,1355.16916165462
"160",2113.15664780864,2171.44663611357,1703.05269837102,1652.4552372291,1564.64256766029,2051.79233448019,1633.33817877779,1582.65551426954,1502.78715895262
"161",1948.80947520844,2037.17458205043,1733.72885765481,76777587.8315938,1608.96194096905,1885.8897586506,1647.31831399906,1586.6240141835,1534.66131413483
"162",2422.11621533231,2215.57129364722,1683.98734061388,1511.08215245233,1442.33140550222,2379.30845820786,1721.71118451696,1479.89639677203,1406.89949712565
"163",1814.59837336785,1944.03088202944,5077359.33486437,755813.33247447,1335.64144000694,1761.55775828475,15495518.0599692,1340.02361280349,1262.39514226875
"164",1886.23809866114,1938.88077656409,1598.52538706708,1558.50682303613,1485.6966253851,1837.64433862128,1531.3953464396,1497.45001188335,1430.41629734555
"165",2201.91058655768,2509.50586497387,1641.87233862572,17022827.4491508,1577.68789245423,2144.55364715398,1518.78233592378,1605.64742094103,1474.11539392255
"166",1637.21742553722,1702.97028115664,1496.27651045142,1489.8538812917,1417.21678990857,1604.39582888641,1433.26956673158,1428.86597131606,1366.03856471931
"167",2024.51269834149,2345.54003933328,1617.43140835543,1425.22098411974,1304.92009683122,1868.21815311867,1380.0225410295,1293.55642725529,1207.22483263144
"168",1775.65522686176,1828.62251119839,1543.75695399381,1602.14667447093,1510.06003509362,1715.26777266737,1467.76022467322,1528.02321445441,1442.23662973119
"169",1834.52257835819,1875.62680364064,1641.05004016901,1661.04174594529,1581.32553997475,1785.95176282017,1572.15017547865,1590.46748348814,1518.13507705647
"170",1961.56529653704,1943.62993593413,1453.08185201408,1383.58086849446,1304.34638649683,1856.99260192692,1390.94220278347,1318.92089763983,1246.19916677519
"171",1344.41690686982,1439.70709577433,1189.18117231985,1129.13268949688,1068.76594832309,1311.14206713592,1113.29390497908,1069.09790895807,1017.93148644392
"172",2078.80031397949,2147.34571692373,1601.43349952677,1596.0306964315,1461.18901785136,1975.08369474783,1497.46846074832,1497.19361069678,1386.79261995748
"173",1940.70031648409,2100.58287542435,1716.15005527152,1562.66536400543,1501.89824005509,1906.93557294046,1608.30821213406,1484.56108399501,1435.18971385146
"174",1880.62216380001,2017.90971062226,1608.39994954011,1571.79364706891,1477.52484239574,1854.6405703969,1514.19185312575,1483.47461469458,1406.73319114696
"175",2066.54769637141,2150.00334058863,1710.6895832573,1691.93583008202,1553.30817611858,2010.3000604758,1624.82647760451,1617.48801874044,1487.67047362152
"176",1993.88260658331,2287.24826391655,1647.73567792251,1738.19213833608,1561.27239496123,1918.19986965935,1499.04246626677,1581.25552132422,1450.73790995023
"177",2022.4494857156,2183.32486662422,1738.02463332518,1641.96480698163,1544.64717268414,1947.0363254594,1596.24715326116,1537.58752446615,1460.26152599133
"178",2242.8427620129,2467.1967398177,1606.65204967715,1511.99441919761,1406.1966381647,2201.2487951403,1479.73400545018,1429.47739681218,1335.71572760172
"179",2181.3880037881,2330.09924343056,1658.38476482054,1828.7072300646,1626.8052507587,2073.41520271688,15762147.7553977,1674.96491341417,1523.59123282574
"180",1793.00025005812,2035.77721854808,1433.34301541889,1410.1084465183,1313.02627505867,1733.30622398366,1316.66832887324,1305.03080222626,1233.17187484625
"181",2386.76573964774,2401.65111984846,1909.90834632922,1808.39587250505,1721.55885553718,2321.43525273344,1831.54887488992,1722.37238612517,1641.55405324745
"182",1973.41026758799,2024.51328955029,1722.95288598205,1742.4137905423,1658.27840783173,1912.98069576059,1645.47579412473,1656.83153069226,1581.6771819629
"183",1807.83650134706,1898.58867914515,17114169.2944871,1261.79285919088,1181.726667232,1752.86248554221,1361.50734716781,1190.80984616849,1126.65124359885
"184",1709.44361591302,1722.6714690585,1468.21783253204,1543.69532009906,1449.12063160164,1666.53865532363,1419.22199336991,1488.34200192658,1400.33291267934
"185",1663.31103573343,1729.62959238627,1560.41692247862,1515.15137586601,1458.02316029003,1618.5480277512,1485.25620718628,1434.74483089842,1391.13234735967
"186",1784.0205632818,1861.84954135756,1540.59959291625,1555.30562672218,1474.96439788695,1735.26452039335,1471.03813026519,1476.98822695563,1410.92667743571
"187",1812.87945537989,2030.91083478379,1502.88353932701,1452.50178379194,1366.27958608277,1782.81933042724,1406.59259168465,1371.55704804572,1304.9811022069
"188",2227.81567390413,2387.21211534398,1830.44306971009,1866.98781299013,1742.10128725947,2174.44313309026,1722.69252167232,1748.71673707983,1645.85784814789
"189",2186.27558008824,2217.43271925708,1910.28625017119,1852.76427596454,1784.4534128575,2162.00798253353,1850.15670538036,1774.94367949447,1711.31582204616
"190",1998.58435446779,2220.1557378117,3138343768.51626,1747.84847049491,1617.66120214454,1928.38843334559,1578.00048262305,1624.61859846879,1529.03493055566
"191",1773.41837407443,1898.12847503559,1550.53021054226,1642.75219517006,1525.53786933303,1716.73427316187,1460.84337078614,1525.25097811203,1437.96935129551
"192",2123.66090008737,2223.20048016367,349989038.17478,1875.06379373264,1745.29143631752,2084.59564228825,1709.72127093694,1775.28442053907,1658.10635654058
"193",2100.00695131196,2175.83846807294,1775.22963963298,1767.16226198159,1663.39824620083,2065.90846084183,1699.65509514074,1696.38259073002,1599.55960845084
"194",1551.03114825192,1755.42716961827,1272.59520531695,1285.46244984831,1177.55313287551,1497.18569142245,1163.51877763013,1190.59179166728,1111.34390577793
"195",1381.3899710656,1449.22079596478,1290.8485361233,1333.73809396693,1268.68880070081,1356.25453178846,1235.45496349902,1263.7324638449,1214.59783894099
"196",2033.85685815394,2223.9076319974,1617.07220310035,1679.09768958484,1559.09610431167,1955.46562285953,1513.19634615197,1566.56911710935,1471.1878761778
"197",1741.4378786408,1935.12158040643,1444.25584876766,1470.78858493328,1370.55485100245,1709.46831115433,1355.5484740963,1364.98895141804,1293.34454528735
"198",1701.94613846515,1895.03132294391,1469.94580829301,1565.4262360544,1440.95262962572,1658.01745488495,1373.50630981596,1441.78492059645,1351.11233052041
"199",2215.76395442967,2230.78008983864,1909.18717764033,1876.42177399943,1799.60187036783,2169.11289850845,1838.12416747969,1798.18569167965,1727.24070589472
"200",1206.99712514273,1238.49821977726,1087.9884043783,1146.63815977157,1066.59817540227,1156.85027084402,1027.71909649004,1081.18849067445,1010.11975448426
"201",1822.55782689174,1856.41570396571,1499.12228773047,1474.77872318204,1411.17486895772,1765.72924814191,1432.68152279606,1417.12927030588,1356.41055841601
"202",1735.08517473007,1801.37201843191,1511.74223996417,1478.3269313758,1413.93967664901,1670.89272181976,1432.85430364476,1410.10707173024,1355.34396266922
"203",1794.01790293449,1839.56351192461,1620.01628818401,1623.40072141946,1553.17550079807,1746.99050174284,1547.21584460941,1544.78807487721,1483.85325889972
"204",1580.62735169014,1617.18692755951,1309.96622679255,NA,1223.2143217507,1545.72404169238,1251.85306547493,1246.11525616649,1169.65196638352
"205",2243.95587917307,2340.57993650523,1389.60873902531,1388.19653023435,1291.63441231396,2114.19977288183,1317.62698225388,1310.10049753128,1223.09425053938
"206",2017.66754926335,2190.76404766702,1655.46157419799,1502.9346766603,1416.42095487581,1977.85028216628,1526.82574028804,1417.27287155472,1347.71867002353
"207",1973.60682735549,2116.50418626738,1308.59709505254,1323.54469271588,1210.88076892713,1871.85168078495,1237.30773248529,1241.89107902148,1148.88063081767
"208",2134.40447551425,2323.38831961114,1893.17515622542,1894.67821732286,1757.86269262581,2030.11917080854,1732.48036305617,1736.66676054941,1635.95626165185
"209",1904.56408689692,1980.11573623355,1739.41224213846,1681.8742311621,1624.85488270101,1869.62222497712,1663.93448167531,1600.78943873137,1553.29868099493
"210",1919.9304185235,23981318580.0945,1471.01790999443,1548.03297510727,1410.95408171363,22193532.8945232,1377.86646825599,4723345225.15673,1333.81225931962
"211",1717.96488375933,1754.5214988637,1410.09546534127,1425.37354695431,1342.60010549243,1671.1691474629,1354.82433815198,1365.53081145328,1289.97821317519
"212",1730.29199688464,1754.24584334703,1572.59530804167,1561.82602830886,1512.9472730445,1693.79138612173,1515.023746102,1499.39856705583,1452.82063563199
"213",1833.76552433753,1966.34758116136,1330.05060480248,1376.66713164387,1250.10186803099,1763.62785920623,1242.13871770938,1294.90005735047,1185.59831328792
"214",1937.22536331764,2017.17978164336,1715.3689697063,1688.58592977132,1600.03423300891,1833.23213051077,1608.17364607089,1594.47588082102,1524.39502859791
"215",2002.17203169804,2083.31462992938,1617.18991584824,1629.39831568301,1532.34576402231,1948.66503683494,1542.377176582,1555.16241725591,1470.22602728509
"216",1918.00377884583,2061.78019169699,1735.64904603109,1742.48838684758,1643.8066689012,1882.62308093745,1634.36179034811,1330262.3308201,1566.91609323418
"217",1530.15467396976,1654.96021223767,1346.82501499856,1374.52509472195,1293.56437118581,1502.01886265146,1270.29689376584,1283.87922823985,1223.44257431092
"218",1966.43465433325,2040.02929536679,1656.73698522941,1625.72259073478,1527.27125177393,1920.43285251979,1581.87268111743,21083678117.8928,1455.46028195806
"219",104319393.581072,1910.39734120625,1454.01010308322,1446.18311845028,1365.41234092432,1914.18674201906,1411.24576914316,1394.55599978883,1318.27887997617
"220",1941.44307379622,2120.19115235425,49016424.1505751,1602.32804708445,1508.06477824437,1888.08154492462,1515.37035609332,1501.07582454097,1425.9297007297
"221",1899.20654308516,1976.7496933852,1606.18194413368,1557.20657023187,1473.85729979902,1838.66855571502,1519.20810210043,1484.05052687297,1409.37233744702
"222",1875.37011176421,1907.64874253343,1562.78084167337,1464.70663117414,1399.36263763908,1835.28369787561,1484.32484009497,1404.85079481134,1342.37851409969
"223",1856.79845953151,1883.9605186219,1472.81573045094,1369.46284110361,1288.46519399308,1828.39052155748,1423.5722008664,1304.29755597331,1231.85756518862
"224",2020.04659459756,2085.69211431747,7411910.41133537,1465.44756611495,1389.06683578387,2020.6362600079,1581.97418091553,1402.00295154722,1334.47530131521
"225",2319.98402309586,2466.8939833534,1565.75443910728,2741464.27844651,1383.97895949459,5443839.95332941,1454.57664149354,1435.08671715477,1318.21678585395
"226",1725.46897794673,1802.85485516731,1431.26899451698,1448.79704033087,1361.48954368593,1673.22456578283,1368.15897717571,1374.80789396101,1306.51213865168
"227",1820.92470416899,1929.46771808792,1403.39470772419,1311.97243589871,1242.36845785458,1733.76305650988,1287.68008242414,1236.45970365783,1177.6873939467
"228",1930.21618591699,2053.68841894296,1559.16026932145,1548.78797916325,1452.54073160262,1888.82193031181,1467.51972119179,1454.68219563942,1372.41542971009
"229",1858.77427079496,1873.78626922557,1487.85425888524,1264.67451772519,1199.12338244506,1798.55693902724,1414.79501459419,1210.13444225268,1150.53322430579
"230",2329.8196082079,2469.00131042977,2000.86156183849,1917.01432207512,1829.70940944049,2278.5301136179,1884.57204040577,1825.49931664713,1747.9498144067
"231",2102.67461777252,2166.25313070133,1831.59674800338,1814.67086958298,1733.06538600471,2019.09842783903,1731.02548252551,1716.92689778302,1643.17417987809
"232",1393.92779578604,1423.8736891388,1152.60822318072,1228.66102253783,1129.20459799501,1368.96576114085,1111.51678377245,1171.95473351175,1083.07438532414
"233",2162.66309467059,2244.28192988827,1972.16847250722,1875.22228797356,1804.76434818401,2115.74099819496,1882.017380126,1783.32851826116,1724.95847163998
"234",1476.61770328878,1508.33752305668,1237.45819677024,1258.77661319465,1197.28511675858,1443.09150342418,1190.53226046493,1209.21539809573,1153.11685317368
"235",1515.8347848832,1579.00274157425,1278.36783564647,1276.48215715254,1189.5575823443,1475.63667634546,1222.76937265047,1223.51629523742,1147.48396450153
"236",1663.54491685244,1801.92429143852,1497.72139128114,1479.21192254961,1399.4053782101,1579.93719103568,1381.41623913715,1370.60829863591,1309.25076105124
"237",1988.94293603112,2062.35028715609,1541.6933769816,1653.36365216185,1506.17861659929,1938.03346268576,1461.65831137988,1566.97292923603,1432.53336838171
"238",2132.79415552027,2234.72438071296,1606.48349945186,284755212.130488,1530.76772118098,2071.91041297671,1524.31271538561,1538.56288425896,1454.78576377761
"239",2434.11173121622,2540.33001197798,2074.67763083635,1921.58294769787,1799.88533359822,2345.13028128085,1957.97612602868,1807.32545607292,1705.14254287908
"240",2278.85259151699,2365.48501186497,1949.58892148182,1911.47946381104,1819.90271141813,2199.76843404328,1842.28670608627,1813.81677131392,1731.64618690704
"241",1894.04615529723,1896.16617035896,1551.10783881239,1628.43995948609,1508.74587475921,1851.32389971254,1500.60280694976,1569.07999157106,1453.3988254751
"242",1746.79579460528,1918.20448635699,1269.72516594823,1193.44304800282,1112.16798319894,1681.40516314814,1176.53388766867,1115.74707431065,1052.49662385211
"243",1356.28930407394,1367.19701301105,1158.12465780179,1193.15631299622,1124.89174758456,1308.17613038973,1114.31191126021,1144.38563248882,1081.4892219061
"244",2397.68017657738,2324.62090041448,1549.22861145534,1335.19151325564,1255.50095463862,2289.05983113323,1510.21537505523,1296.08691978161,1217.86417910217
"245",1414.22141998523,1497.2448948771,1183.3042410802,1204.1233320601,1129.16814095299,1374.64139193962,1122.28875621192,1148.10102138942,1082.02448360254
"246",1592.53154392801,1685.76753274687,1302.8698467459,1314.76586485779,1236.89757558867,1525.94821794656,1234.84640998671,1242.85623834331,1180.36469072204
"247",1419.23242803848,1479.33705422029,1142.24143271611,1115.93657510985,1058.30567421828,1387.36913754158,1093.27490747869,1063.79239933564,1015.00503430432
"248",2067.70580825905,2160.94099267577,1839.29670740694,1889.15924372876,1769.22837711259,2025.76072514356,1753.37116616848,1793.08564200119,1690.54561703528
"249",1784.11608576005,1946.87070916617,1399.41677534907,1411.14104997521,1298.23006576699,1673.90706548028,1280.32159753127,1307.6171481423,1218.05863609167
"250",1364.45281603935,1391.85659349121,1234.334984997,1224.29436380714,1168.50062604586,1322.19273401007,1193.28886933375,1166.16353466646,1120.24468124184
"251",1480.24917196932,1604.48747646541,1267.35091077303,1335.1668419421,1236.26829383267,1432.404405057,1188.2289672233,1243.20155324966,1165.84226107107
"252",1817.78455474947,1848.4266741953,1632.40643999291,1576.72924972332,1532.16407241354,1768.43267592619,1571.5657606142,1516.6728056608,1477.79885422319
"253",1579.51620583872,1658.5778102993,1254.13171632093,1244.99267939382,1166.03930559915,1522.53126332288,1180.80697251062,1187.20998105679,1114.79735219505
"254",1830.75389787055,2108.21715791096,1640.0464153048,1602.19603048673,1495.57681222114,1785.89162088812,1494.01704870135,1475.26957706515,1404.89208235961
"255",1492.79350085606,1564.83240669366,1158.09083411872,1135.09236297342,1066.53486613349,1445.5082959551,1102.29129275973,1077.12125399787,1019.85920700665
"256",2619.14763576341,2800.61429410664,1820.72872597755,221939620.657365,1749.80651119586,2476.5771020988,1714.48328198112,262582954.086811,1655.46879598154
"257",2264.86333996019,2369.26669669316,1864.8310958832,1898.68942273236,1783.81688889159,2199.95966993804,1773.82756366911,1792.12344047655,1697.68735420524
"258",2111.46515924816,2152.10563479912,1589.40132905229,1606.16787517163,1489.17820011815,2111.34899245053,1546.07426368147,1560.74310587518,1444.09428066854
"259",1709.35242994057,1700.08337790228,1286.5611755235,1210.55172735848,1125.80132360705,1608.44168899893,1223.25641167171,1156.8773152034,1078.03782761696
"260",1783.27803946881,1909.84161487378,4703657471.36043,1633.90688844973,1530.16689122098,1742.59286827185,1500.59734296565,1520.10209377258,1447.20756743602
"261",1660.74289938018,1741.70069044672,1535.90890863889,1606.70287023906,1508.07714650739,1626.94289977918,1459.89285100404,1516.98327085368,1436.96514892952
"262",1450.64395225434,1517.96775646475,1306.489730871,1277.27623329088,1228.26516719829,1422.1747850262,1243.55352591464,1217.93355823304,1177.1639060528
"263",1511.4451920522,1568.90733596515,1262.01623261826,1220.33533929134,1148.56417817526,1471.49744169935,1198.19649567957,1164.87220101018,1101.93005021212
"264",1264.20943478177,1379.48625954158,1139.24101385188,1140.40089062129,1077.55857548738,1221.74678209703,1062.43782707131,1064.68244680257,1020.33089454285
"265",1998.99524529558,2057.28182838529,1703.55422820808,1707.85899796298,1593.95669378927,1967.05096295678,1635.90395603833,1637.07702467054,1530.43310471589
"266",770206876.613188,2307.57907946378,1813.98331594645,1874.72258901343,1746.30979539291,2014.45903712696,1664.14785642276,1712.62908303643,1617.41497590293
"267",2153.93683903673,2167.38385200306,1876.93065520985,1726.74836114816,1666.01952978846,2071.81388105508,1793.75211795253,1658.64122528171,1603.89179481741
"268",1739.23778012316,1819.21544082935,1560.45085200045,1501.15414199911,1436.71180661917,1706.64798147041,1473.56869044692,1429.07041872142,1370.41623054031
"269",1764.2607275289,1855.58690076505,1550.86235645565,1531.9404461714,1462.46150944778,1704.43916126984,1460.49955247165,1437.67144784447,1381.89481511411
"270",2408.98480022961,2712.02500382304,7345267.6274861,2050.4049454101,1850.92625083254,2294.45648900834,1783.639149733,1860.49448503854,1709.96863979459
"271",10895462878.5616,27663103.9990059,1381.61573575186,1228.30371331494,1119.97223113707,1832.50734858989,2527645167070.08,1164.86068739299,1075.20103329121
"272",1595.36116890373,1762.34808380881,1352.69947324334,1214.71205712823,1164.10353486025,1574.8224796484,1246.56966063769,1151.81159649628,1108.8378303958
"273",2206.98173190884,2410.9057339668,1988.31359362144,1906.5190214154,1787.71275199612,2150.56583864777,1844.32857772846,1790.19984079375,1698.26195682697
"274",1905.23169728436,2010.17712377131,1647.98039770622,1711.42343548768,1594.31209012092,1857.598512862,1561.53373743196,1617.15382437472,1518.62737935736
"275",1889.46900808012,1904.07263988278,1399.86011023127,1415.87762124936,1321.96510412042,1803.86498374158,1335.85640126167,1349.45553466983,1263.08786802249
"276",2078.80694250998,2119.12853578597,1730.45017422857,1762.84352082476,1648.15183472249,2041.44460035713,1666.86495877462,1701.51955302288,1588.38499789682
"277",2440.59373358122,2553.3918751122,1947.39199583216,1966.53289106598,1840.800181429,2394.2617452214,1847.70672504537,1865.56226755613,1754.21007688721
"278",1935.85080883045,1986.68882860689,1575.88961765825,1592.67244852934,1501.21234121194,1880.70374471576,1509.6526050788,1521.30684435489,1439.85211014
"279",1411.83572663076,1463.85784567204,1121.07863575135,1129.12276997801,1063.71814022437,1401.31625736213,1083.77965257471,1090.16921627232,1028.75929455018
"280",1477.27328027162,1552.52028753055,1166.97880608265,1177.49841096121,1091.44008137382,1431.03807927334,1110.35474812799,1122.28533545205,1046.18114736079
"281",2085.63789689105,2111.74954741912,1736.67795286273,1704.06388178662,1620.84684494349,2061.0460891778,1674.19651735031,1645.14236426797,1562.3197388959
"282",1924.54817106334,1957.72624243553,1639.76504553834,1670.26529221587,1583.63344525539,1878.06028882623,1569.62167791133,1598.60327369467,1516.07208050964
"283",1716.43258244355,1769.24916590896,1486.50794425591,1442.0297149166,1376.84519818751,1688.58244658516,1422.17495927649,1380.84931440901,1320.25158192527
"284",1580.6371554658,1706.0680447631,1333.91141884669,1321.81854300288,1227.5534971748,1537.17073832748,1244.95585420695,1245.21864072776,1165.13781786579
"285",1867.88242829389,2016.85886631949,1653.10488956441,1612.55543044698,1531.33487431793,1792.25273592306,1538.65760812538,1511.90290696493,1449.87854247945
"286",1857.4143681242,2051.1629264318,1544.71192258137,1411.94288679444,1330.02835479328,1817.55641772507,1430.84991829276,1335.98671351092,1270.75398977867
"287",1741.80060286324,1812.07192261701,1513.32651408547,1414.65819421455,1357.78641529811,1691.81400803195,1427.78792872613,1346.73012038355,1296.35761916364
"288",1516.80371102703,1515.07598069554,1201.20951155101,1171.31322724226,1116.22629538759,1477.51858552882,1153.70818922413,1119.99852583769,1068.52123365079
"289",2114.55561239349,2184.73955680775,1813.01485597121,1746.89315195459,1669.3037031064,2097.88077640491,1725.03225916277,1658.38546777491,1586.87437983546
"290",1625.58004862744,1616.45505873338,1224.30087792822,1237.94810973464,1155.86583853652,1569.93007557552,1176.23729960412,1185.08734230858,1109.97897737975
"291",1651.2515641027,1829.29165895201,1283.13844674264,1272.91992628968,1177.23268488242,1566.00275226956,1184.62483364811,1191.80474508527,1114.26383860882
"292",2166.67025477393,2395.70092368994,1663.73252612175,1738.36635822119,1562.72331869342,2142.03809236927,1551.90141503588,1617.011569587,1478.11783155351
"293",1612.420892665,1730.61298162471,1394.86467652046,1363.22028265697,1270.85015661652,1594.51363301338,1312.1125660568,1290.52363064393,1213.9553440576
"294",2422.20780802986,2624.85624607402,2004.16815499623,1782.4169628757,1682.11123255575,2357.95296245103,1843.59798873469,1667.30399546089,1588.73776116141
"295",1943.36547081826,2027.38415306918,1689.60674551081,1724.6124615889,1638.21845770026,1907.39051862382,1607.08697341314,1636.90922626246,1558.89518343567
"296",1566.90659486291,1772.8268362049,1421.19425351856,1369.82225427265,1278.92002713346,1472.4061263554,1279.57759050114,1259.14825193575,1200.02012132783
"297",1524.2037506622,1528.56115940036,1306.64082020135,1243.76023698542,1195.8980588298,1490.99619905483,1266.28706655963,1196.61041932859,1151.88745150521
"298",1427.56199239395,1482.41679615408,1224.41351072373,1170.95828266924,1127.5617337466,1374.43765581566,1158.53262361861,1112.74352010091,1077.89228926285
"299",1741.24993525185,1812.30047104591,1544.77860310469,1514.92902102204,1458.88514437747,1680.66359564925,1458.18291810786,1426.85263778054,1381.02779095458
"300",1907.80131636178,2027.38661030484,1722.90399023427,1734.98911943608,1645.37804409383,1861.01209426777,1636.0770239265,1631.11570083334,1565.864089913
"301",1648.31338039815,1716.43211409264,1416.23539563295,1325.91048129429,1272.2714494115,1606.98559435236,1345.04415276678,1257.37543467787,1211.86133736877
"302",1898.95171635771,1886.0324267831,1680.30027366157,1669.45334513288,1608.22084032576,1842.96949459056,1629.35397602517,1606.98234059493,1549.53802571517
"303",1624.63435415422,1671.65995907207,1254.06435701996,1238.63349621638,1151.20409813951,1567.91669061134,1194.04542792226,1187.5698531562,1107.48480190035
"304",2028.86955834489,2222.08789049246,2742202.6384704,1817.38820344983,1716.45919751671,1981.42673204198,1703.82587950889,1692.86243958559,1617.35315880997
"305",2052.03444442217,2123.83278329591,1864.47946053113,1718.18290060236,1650.73413807832,2002.7149283611,1768.30463490968,1636.85612953381,1575.78744557786
"306",1807.13690571351,2233.84019919578,1275.71627502476,1399.83559051091,1237.32282982494,1734.8344290928,1154.72788677046,1251.70660631641,1133.30282292763
"307",1503.49520833518,1564.92071932462,1237.7167627128,1236.41581808064,1168.57482331281,1463.70008577123,1173.0497366976,1173.87242151149,1113.87605697027
"308",1794.55089364848,1856.52300021064,1586.63451914425,1585.12448323252,1514.57309669894,1743.84267325991,1511.8568546774,1505.58046957537,1445.49055840598
"309",2089.59785045861,2219.32311628953,1820.97798088013,1637.88851483827,1579.62114157227,2009.70127037578,1690.65225883944,1543.67223386078,1494.09379194901
"310",2067.7694193298,2177.67112952578,1649.57147182329,1560.34378347914,1431.30135623511,2043.92957052753,1575.90690554476,1484.82853008409,1370.82736587817
"311",1947.240443643,1972.26112719069,1611.24752499326,1656.58178060983,1564.81818440371,1905.3772963977,1546.61780982571,42468244.5098954,1499.586812796
"312",2027.04642269928,2200.56386671031,1867.42062009503,1909.86040187817,1798.8435477956,1980.17055801179,1755.24586479591,1780.31161421963,1704.10046489703
"313",2125.684374743,2379.49248565732,1822.27982230763,1930.10951803431,1762.94502957104,2081.28043526164,1690.25742586176,1776.39541171808,1649.92079510593
"314",1766.93828810754,1869.49685681554,1370.76102587427,1260.56240656016,1179.19083768634,1731.69202497377,1283.60679175336,1201.95600992693,1127.15709460936
"315",2310.31869737688,2374.90176638299,1859.59848098902,1787.93306711047,1698.99444542734,2217.75199877195,1764.55500028889,1704.19994599884,1625.40873131765
"316",1735.8692988782,1779.51777037941,1493.44476373444,1446.98239763549,1375.73635128634,1694.69216733017,1434.64132886732,1384.45320264597,1321.54019602091
"317",2314.5736062374,2490.39300258754,1949.25490247925,1858.70208632755,1752.54233654989,2286.80038398593,1824.16262677077,1760.10173119083,1666.15313851145
"318",1848.08992748823,1837.24014421953,1256.83960306687,1317.74250444524,1210.76487789941,1794.66296879146,1215.79796652195,1273.74089272763,1169.22472949816
"319",2139.51598944509,2229.87934868116,1640.70693908761,1659.66048126832,1562.44603652763,2114.32451519507,1569.49126996993,1579.02324060374,1494.6983468617
"320",1505.98929581071,1589.02192896416,1266.76440892196,1276.89052709441,1196.01237489073,1460.94550995477,1206.02203473096,1219.83193361017,1152.37108248715
"321",1633.69132550979,1657.3773066328,1341.90752345097,1305.14056275018,1240.68531393654,1613.08255650885,1290.96868945403,1250.23262017552,1187.56599446854
"322",2004.70741434223,2123.80870525083,1731.59052917643,1748.24367353265,1657.84913840006,1933.31692777129,1626.04193939548,1635.31451380466,1564.05070382855
"323",1746.8080689129,1773.50489411033,1390.8051199078,1299.39377084813,1242.75952801028,1724.32919939252,1350.92234941117,1247.71231080181,1195.2792845288
"324",1768.50619548535,1761.59697402596,1348.19112973882,1344.31966870343,1255.82262096311,1733.45704142515,1321.80320211664,1297.74706146068,1215.34019888869
"325",11066556.9726787,2102.43901446537,1616.08033358931,1677.48222808487,1559.44924027637,2050.86531554417,185725983.605566,243276670.042163,1490.73670530837
"326",2122.00099849512,2266.83764044326,116527555.819957,1853.93098381859,1705.24761830505,2041.9680634684,1645.83727111574,1727.62016176004,1607.05403907144
"327",2126.67532963545,2213.31347468331,1831.41064412176,1897.36470116562,1779.94819628491,2078.66045982259,1743.28031033379,1802.8753812391,1699.82643874528
"328",2049.6913512643,2171.75622408401,1656.61683925949,1677.98055148234,1580.97056050021,1983.23278434218,1553.87879942849,1572.95060900293,1489.48220718842
"329",2197.54727117021,78460156.5462204,1527.25629304252,1352.21827087194,1278.49963340324,2167.82843176904,1414.56469210962,1270.26724648752,1209.21314894001
"330",2094.14901194825,2213.26534683337,1818.90842378803,1797.69827073263,1699.3976623893,1988.65547479885,1694.92527249181,1675.69634018575,1600.78394681199
"331",2133.65933995351,2190.48897952729,1771.73604472629,1820.04776267221,1710.57730318989,2104.70485126389,1701.13799994069,1740.44158485469,1639.13584882983
"332",1945.31558895952,2048.80572053302,1799.26314796045,1721.77485099854,1660.79836332101,1926.79067234966,1707.68250617774,1627.50869950874,1578.00961332374
"333",1460.26866812107,1459.23069024307,1234.33603109839,1270.00918409821,1203.51974552996,1431.11925107249,1201.08923864048,1235.25878037283,1168.57780337712
"334",1785.02763539681,1967.26149203563,1397.67561678616,1339.58792604363,1246.3328288779,1728.75130397985,1299.1693286387,1257.30345704926,1180.55871426968
"335",2021.75488331798,2217.13946988492,1533.86375391569,1642.29607765751,1485.75877659547,1962.77677988087,1431.26707860664,1522.05914946016,1394.39128472077
"336",1729.57154327262,1718.71387110218,1397.11467311564,1415.208191038,1332.66060526197,1754.06282898946,1375.39867620728,1374.9366158677,1295.47743137206
"337",1873.7114035106,2091.65035985503,1544.49241455488,1607.92503323675,1484.50295439094,1806.93385329652,1427.82417246988,1476.80759675927,1386.01505776991
"338",1859.40858298941,1898.05308479858,1641.24918516078,1587.0135696681,1512.55527103049,1787.8463943169,1565.77063894801,1512.89780501045,1448.2257485118
"339",1698.20060468862,1803.53478231967,1411.11644397263,1499.60261148346,1386.26946860902,1652.84044518583,1340.41087856016,1420.45036465608,1320.44732384863
"340",1634.95819596205,1724.57606416946,1431.17581261183,1398.02222565179,1305.35345469728,1578.36789874073,1336.91459221271,1313.46549922996,1239.33324522746
"341",2161.75787078628,2319.34998018887,1579.23539737706,1444.61493608104,1315.77477688845,2105.61441201683,1463.62649834239,1358.96328672463,1244.41446177691
"342",1620.44983438667,1679.98592765421,1497.54914467303,1478.84933744295,1421.02552525209,1576.66075714152,1424.55563649593,1400.53725864031,1355.35530411463
"343",1757.80177575865,1824.04888278308,67727303.2719759,1637.62819476164,1558.41511668304,1708.30950017678,1528.27104911419,1552.33198848943,1490.76274812139
"344",2037.34130449103,2057.92432930901,1461.66825628345,1370.0128150815,1298.74965812473,2008.55228794818,1420.8645994077,1325.78356175473,1256.91781153261
"345",1645.73394566941,1731.09061441907,1382.48464199228,1380.99466425971,1302.88539846459,1647.01816903512,1330.10364144157,1318.42817723251,1250.13926764346
"346",1766.23649367545,1964.4316105813,1499.24408095844,1436.83996248727,1345.93795577001,1705.26297589948,1387.61769667016,1331.00604170127,1268.93789761138
"347",1928.13271810902,2166.30722202144,1744.77746076916,1658.52390816735,1567.4466722007,1826.6174303317,1563.65559078441,1523.7695410845,1458.09714313481
"348",1941.89830191925,1991.21430301888,1605.80973725175,1496.76978555328,1428.42675581414,1887.92636789057,1531.66202787304,1418.17150973147,1362.31276695399
"349",1453.48054696199,1503.5970620127,1235.0511951269,1236.85583451364,1162.17212765439,1424.0490383515,1176.0257407467,1174.05858823891,1111.07439421568
"350",1647.22318741552,1683.58508120339,1475.89223994024,1464.00661729389,1407.76377629733,1607.48648000842,1415.48383359749,1400.76402815377,1353.6937770423
"351",1783.45678534564,1830.40854733708,1440.00449769336,1524.44133572405,1401.442987257,1737.15206004797,1372.58121360764,1458.59564803744,1343.69732306611
"352",6977309844266.33,1951.26401585723,1292.01627050972,1319.75017310208,1213.25318633933,6173967873586.89,1233.43679323063,1259.84584173553,1162.01178745236
"353",2026.22767616057,2155.81286491366,1617.05503121585,1630.96021077079,1503.86281939486,2038.11018605849,1536.67092942013,1554.93748249077,1437.66158991098
"354",1964.38985887015,1890.63789973938,1468.56606061393,1241.36438320892,1181.73639435994,1935.95967026627,1450.45752414133,1214.20557990746,1150.02801652064
"355",2194.10607370448,2381.41755936717,1896.56133040159,11210502.8519765,1775.69378660056,2110.48779285113,1770.29973798934,1777.42519565953,1677.43917953254
"356",1762.64752322926,1848.21682057313,1574.69733281924,7643277.6537562,1492.03194512124,1706.9099829021,1476.70550147998,1469.91426620428,1412.91037550285
"357",2381.00173977675,2525.7304777203,1736.25930716016,1843.44825294333,1628.60220963728,2329.20690038075,1625.14789757553,1729.29960574851,1540.18620648417
"358",1815.81085807757,1878.20900901444,1444.17613963649,1447.97749980368,1361.26491233665,1737.89065459157,1374.66924948837,1385.76826574482,1306.54349555488
"359",1479.91465289008,1640.44839530448,1258.54108387784,1250.35939729963,1179.62709152767,1465.67188814163,1178.9067090419,1178.29687605857,1118.12817721399
"360",1855.22157545526,1857.0052315862,1319.79893106435,1237.21961756282,1140.62531361537,1749.75684642938,1239.16189593449,1181.01902179996,1092.05596304578
"361",26583757.9687496,2202.25004353898,1491.22278414628,1391.83835369376,1291.74844055507,2053.03592628451,1403.78087712535,1317.47381649327,1229.35802497934
"362",2366.84588349279,2388.87573637697,1836.92551491427,1761.24407144024,1685.45012063503,2353.73348132702,1782.15468976132,1695.57791870789,1627.08001922476
"363",2112.38954898747,2581.89429262874,1924.37076303399,1752.6666386451,1635.03365540893,1986.70454553514,1684.9671083082,1605.67044486785,1530.56318599823
"364",2008.3616080482,2131.39355257351,1660.44601580851,1646.42943613685,1557.02122324564,1975.77556824158,1579.05303541577,1560.37909896245,1485.04009841366
"365",2093.87115900489,2270.75919197279,1836.42737897428,1837.54218317963,1736.50640064741,2027.43877171901,1724.87731101977,1710.70050016331,1636.99123206593
"366",1565.09395042009,1667.81067178711,1325.59039768494,1325.98779563557,1254.61030071563,1548.8463532617,1258.04502835986,1254.44077406642,1197.73466113776
"367",1660.86026367137,1740.55421790606,1253.85492514009,1244.15570347071,1178.26720533784,1640.80027861263,1198.39272174744,1193.01312525001,1132.15654794602
"368",2099.20628624033,2213.9590909663,1704.70575577634,1554.82043814555,1451.24967202103,2062.33584443103,1604.93142848389,1482.71070805561,1387.13062605881
"369",1802.69470903183,1928.00243969074,1404.69330039113,1261.2221897007,1200.74914681614,1716.95870615267,1310.18063164156,1195.90264099908,1145.56609883939
"370",209623805897.353,166488948254.285,1592.41737195296,1408.91015750083,1301.82880960808,13430804.561042,1486.78229667075,1320.33780356282,1233.37685993421
"371",2122.31674656021,2074.03773175766,1459.00601310701,1342.06540610488,1268.56416352365,2004.27441667745,1406.22944140732,1302.46131160284,1228.74441880634
"372",1986.46482704961,1980.76664561536,1642.18995928507,1696.91019227673,1579.78455376545,1949.08885161576,1579.22566703044,NA,1518.67194919036
"373",2061.98018439129,2150.02340264074,1694.47522294478,1810.68824921259,1673.00256011548,2028.32114787018,1618.59506854885,221243146.169436,1601.16872831716
"374",2102.37007815304,2356.10704256173,1826.3988210044,1738.88119899901,1659.99981722443,2040.74823857455,1688.14926801312,1614.34030375359,1557.28631776272
"375",2154.28940551595,2330.25858712851,1965.2494281501,1811.54691356441,1743.37157178335,2084.61730816449,1824.68014438818,1709.9766493708,1655.93136438758
"376",2052.48500444735,2304.52196059426,1644.43554325495,1607.33410798758,1493.84991247012,2027.2472719563,1526.27179555181,1499.65318874731,1411.08491298339
"377",1813.33849312158,1897.82046390218,1441.65781436601,1396.60336843091,1296.79233704745,1761.83450296695,1367.4301458955,1326.13452790366,1239.20539189772
"378",2223.24145066817,2438.53253469776,1640.93940992512,1730.67269410807,1573.67877001119,2173.0108970142,1539.88809190653,1612.41585944123,1486.26313600334
"379",1797.28586824946,1883.67096125781,1601.06361161,1646.38453594436,1552.35982990557,1737.71781334937,1524.19433243421,1556.51450927526,1482.97898638941
"380",1846.25034976396,1955.98694178129,1518.49944697107,1452.82786002589,1378.7727593563,1826.25304879353,1449.17677705887,1383.4120230448,1319.47582568124
"381",1945.86120561102,2115.2911616407,1706.31755691195,1716.16875274466,1600.62665517706,1885.62782147865,1579.05623326281,1574.51893900953,1492.44279675896
"382",1491.94684990185,1655.59663436521,1358.65195919808,1412.16999122812,1320.19260628761,1448.22171321746,1268.52895096085,1297.8258487751,1242.24751753765
"383",1951.0724415586,2138.10888249531,1586.27500096014,1556.67092706856,1465.72954905636,1930.66831939876,1489.37640366586,1461.41863162508,1389.4360647589
"384",1968.28611934366,2088.0764424867,1698.75918305883,1649.63291746986,1578.2142411873,1912.40830528888,1606.89753952977,1555.03723659251,1503.73970455557
"385",2307.25924411806,2455.10263286034,1876.88062564048,1588.49272708675,1505.30792620985,2323.50297162731,1801.54112432335,1522.41467312677,1449.64361775091
"386",2123.0234485201,2381.61689557638,1867.46515065984,1820.430872704,1718.07992364581,2039.20849228606,1710.75611437192,1250869608.37655,1605.69288301069
"387",2012.32472288295,2049.39639030408,1699.95514341131,1570.75568249052,1499.99078478631,2034.30892143187,1666.20803261325,1513.62939115848,1447.03991521783
"388",1502.34788951452,1580.33362906118,1330.82548290135,1314.81983280583,1249.66335325928,1425.63101508571,1251.15935250296,1244.28652318427,1194.30946630472
"389",1435.9935910329,1443.15597407563,1168.35558438297,1140.78786137773,1082.48894855713,1379.73385127973,1119.97948459545,1100.09271081563,1046.90328877203
"390",2090.09574269077,2714.68158170229,1678.07142524651,1553.05893742621,1443.25363403692,2055.1898552138,1468.88262265328,1393.99559200733,1318.72756239706
"391",1368.33504659163,1431.35363715239,1163.82195989418,1162.2740689927,1093.93582801009,1328.01019311606,1105.83284554947,1106.46413966728,1050.22989864703
"392",3924668028.1423,1982.02811460012,1585.67903295476,1533.76825333833,1457.00911860538,1867.54670430786,1518.88103492275,1459.92273868743,1391.9484795119
"393",1466.02259238487,1470.11262281611,1250.6160024925,1228.00925727071,1183.99726312148,1437.32071537404,1214.19152233408,1185.71453997395,1143.6230113925
"394",1821.08592771641,1954.94447668476,1595.49810462336,1480.13562298589,1419.48661725446,1799.9308185567,1492.8358369526,1394.06971233831,1343.22278550173
"395",1610.08309478689,1825.79210555915,57420763.5831938,1342.46417345771,1247.36015512035,1511.70494507936,1215.79393093927,1233.57695899808,1165.855124025
"396",2004.64788528171,2064.6466747795,1613.22964701768,1520.35148614478,1441.53358481315,1936.12412685625,1527.92439998648,1445.42733497765,1378.27392981873
"397",2247.59884003687,2401.61123202896,1844.49370131102,1943248300.79408,1643.22379691469,2179.61038667396,1727.22721798448,1633.89576040369,1555.5809954628
"398",2151.54107372914,1206283.69566058,1993.21573079365,1936.51539714805,1844.49652017023,2106.59147634493,1834.46938124172,1797.17791136934,1729.62963800598
"399",8498888.56321347,882069.389950828,1682.10634170285,1692.40550469391,1614.48236496871,1960.7288210241,1632.42367372245,1631.06076354563,1558.49470035306
"400",1751.7584565408,1910.62289428642,1626.07903855642,1628.35907656324,1540.99618689871,1719.37384653835,1530.60640473957,1530.21488037441,1469.71717927301
"401",1679.15107670215,1598.17776410185,1213.39123838549,1220.35604807536,1132.63949652905,1707.7977964311,1241.08080242606,1211.04365634332,1113.60122532699
"402",1886.75018033467,1960.86032866769,1662.03080530459,1613.16512294232,1544.84970056082,1851.48303581226,1598.14632616819,1546.17647021759,1486.01644109937
"403",2069.09416581495,2139.26364248179,1716.13660265451,1763.59698450668,1662.98435409757,2016.36735285569,1644.50437598777,1679.73654527942,1591.78787350121
"404",2285.60178351342,2369.27869977112,1528.14942687581,1587.12252205115,1421.02930349292,2205.50822797576,1436.22409412642,1506.52412262855,1353.40790960077
"405",1910.56820713011,2012.19422188891,1646.74126932617,1621.06907064099,1537.82503108825,1842.35616484323,1551.36985919553,1528.71254346032,1463.38429348948
"406",121168524.690531,2055.46350841296,1602.67943761016,1637.28016088812,1541.80747737014,1983.51336601503,1528.32802722489,1553.83996981157,1468.43872789665
"407",1933.05756807837,2010.49361233556,1661.00870460156,1646.50560462291,1577.33662705574,76337195.3220793,1575.74466337349,1557.83219673083,1496.77391090047
"408",2024.08233046924,2154.23372424522,1712.09248004091,1758.52887528543,1617.93594853086,1972.90095795908,1608.53590151566,1639.18380509428,1527.84581013609
"409",1712.01355452915,1718.10163674133,1429.76308680518,1346.8201055789,1293.25982602933,1675.47910138651,1388.30993569068,1296.79098884235,1247.54741587803
"410",1704.2364264467,1703.03223335348,1390.74571053527,1401.62837953994,1322.33968965169,1683.22740122191,1360.66557654561,1349.85630456712,1274.48194981606
"411",1716.09317116554,1727.41250994543,1478.81580693117,1445.81328919086,1382.38841078362,1680.81361358939,1427.13273971198,1389.79412245512,1328.53077994107
"412",1623.59698250816,1792.72345794233,1330.91595120079,1350.42496615662,1260.35309190051,1543.05600938127,1221.96225866224,1239.05271784344,1171.33777299981
"413",20688991.7705047,2123.42927186163,1783.13878187486,1771.18852775298,1676.2017119441,1958.1694894,1675.92512101509,1662.19606390481,1587.81360719979
"414",2238.40356203033,2210.46843918305,1731.85898931895,1590.77994094099,1532.09091726268,2185.9120303962,1673.30297671545,1529.73188001193,1475.48488200026
"415",1662.17326811197,1712.57839475368,1319.23230002747,1206.24208556151,1147.96913970106,1637.80790422457,1264.45557004069,1165.55313281207,1107.58256707285
"416",39795455949.9436,12023381.9506297,1783.77402936509,1851.18947930223,1711.61167698118,2009.10170730876,1664.19932003144,1716.14079305282,1607.15438585897
"417",1900.71613041486,2021.98430063524,1771.42921289167,1758.09171904942,1677.85526228854,1851.91518344255,1665.05631092476,1653.02520542154,1592.24538383399
"418",1926.95073017742,2037.05362594066,1750.31388770471,1704.30871228325,1632.70508619327,1883.06806867524,1657.11003370615,1623.21703542067,1564.01809214691
"419",1787.51934296512,1941.57855983535,1584.45993398384,1454.79597495642,1377.98334066718,1763.88805332774,1483.5867439794,1377.03897825307,1313.98262305802
"420",1416.86274865084,1489.77234925598,1137.7163296792,1134.12484931959,1062.03384667112,1358.35170929872,1068.07780429991,1075.89771795787,1011.47860487095
"421",1839.24580466176,1951.75042546232,5814173.79758511,177362522.946298,1541.21645599112,1797.89490239197,1525.81888642687,1527.48909059715,1461.57500051431
"422",1913.18704020212,1999.44917552215,1697.38352111914,1771.78189745258,1668.12062022906,1860.82974852301,1610.56024136475,1675.52472065281,1587.71689037705
"423",2085.3054424481,2199.7705257209,1745.47622511737,1779.91564777777,1670.83161230096,2025.81292065852,1643.68048687906,1675.06353631837,1581.73673444204
"424",1528.47492697313,1596.64442256294,1335.28771302265,1383.39740102519,1303.08919715286,1477.91419126932,1267.77804367068,1303.09942050345,1240.50350094945
"425",1456.24651453516,1489.03015537833,1248.22769154242,1193.90937317531,1134.93917709156,1414.49604835308,1197.47705900196,1137.20950146512,1085.90691731763
"426",1648.41542855403,1667.1110589684,1332.46600652752,1349.67788697294,1255.64515161147,1602.36957704681,1282.03149168562,1287.94193473298,1202.96068993229
"427",1782.91195488022,1756.33342482236,1461.41374680704,1367.9102466493,1307.86884710204,1721.33899974538,1417.94696758393,1322.51736376743,1265.10491874787
"428",1599.97017320327,1659.94480429775,1225.75357339361,1194.88544935824,1139.66784526213,1546.98305350157,1163.18585686435,1134.95126634343,1085.32754106782
"429",2325.2723805354,2605.48121075918,1981.23814831862,1785.92612937394,1678.33558844732,2247.43315352073,1784.70476991417,1645.48061654211,1564.87237100499
"430",1925.26054265597,1937.30393680768,1669.3615752802,1624.21602453336,1559.31936501672,1849.65282365551,1596.68639058052,1554.79701953549,1493.74742759723
"431",1876.92569762113,1920.68091797578,1727.28453094359,1630.91186656022,1590.57363956526,1814.91175617015,1654.00278383539,1558.30476918639,1526.49911827932
"432",2050.07311131092,2038.93984062725,1425.75514530348,1448.90507658904,1340.03847106014,1983.89919060749,1366.37345356825,1396.14580483685,1290.83168786023
"433",2218.57655008751,2395.61482845658,1985.85412753495,2000.71954280447,1877.42418896585,2149.57326580576,1843.52434192887,1855.9787349509,1753.96908098439
"434",2136.71478224798,2300.43739372345,1737.77302284576,1527.43083547503,1446.72748801587,2084.4811995378,1615.39943335903,1440.05805391934,1377.03804890654
"435",2360.196972333,2551.04266985676,1786.50518968433,30908516.0627928,1659.5696245773,2251.69271218397,1666.07662518314,1670.38534941493,1565.26525941785
"436",1366.81195102975,1417.9522745795,1187.25789249708,1151.35312232361,1087.25165628876,1305.03955363529,1121.6034580186,1094.8385501786,1044.71586124821
"437",1986.15137559545,2081.07960043012,1621.1086592909,1621.93123031713,1500.51556462476,1908.0704835426,1519.79209135168,1545.14656404753,1435.00826156241
"438",1839.03466383424,1914.78474621733,1663.60602410099,1721.47342472887,1619.95996087946,1800.70607646892,1587.35497401547,1637.21682797244,1551.43109602214
"439",23777628.5742707,2139.9246723323,1738.19558109473,1731.93234782639,1637.96979274207,4367712.18838276,1651.26062366641,1639.78229602132,1560.4332966169
"440",2216.41112236232,2300.4727726582,1545.55958327226,1540.29899574556,1411.36494496487,2130.40287384516,1466.62263724404,1450.55680432383,1339.69808087353
"441",2108.42608336128,15672937447924.5,1939.58848448419,1885.13574888353,1801.73950257629,2061.53830893811,1807.73654241919,1756.50910296286,1692.44737076863
"442",1732.0158975691,1740.33240150504,1452.15496314654,1472.33295541847,1377.15845762659,1719.17010242347,1418.33166995471,1424.63518369046,1330.17307833349
"443",1581.56681758509,1600.12270190785,1252.76316680504,1188.80218913359,1131.14792889686,1554.75193633288,1214.49495482858,1147.74042419413,1095.0938811991
"444",2070.9911306263,2180.13302275675,1568.8084370268,1633.36126861421,1517.04236387818,2048.70855474039,1499.91475227583,1540.73849518253,1443.9024934801
"445",2305.58970135957,2569.56499585139,1765.7769693768,301731.572219417,1599.9915792318,2230.26205893335,1608.23556153876,1631.9880976323,1499.95979412035
"446",1801.12861598009,1830.68201214136,1521.80688480566,1490.13283065031,1416.273964871,1731.75145903117,1455.68226829418,1427.49853735719,1359.2224349201
"447",2229.77741499793,2590.71042260111,1883.90874114175,1864.6617842127,1721.02811582198,2152.54353327627,1705.68370045269,1690.01452066221,1597.15944690739
"448",2149.45513698327,145280297.772762,1680.72679848332,1648.60129800661,1548.77628535501,2103.18858645464,1558.39671471333,1533.39775821587,1451.74558553864
"449",1745.68953339548,1988.28395509409,1432.3018060114,1255.78191424834,1179.83852007271,1689.72235792745,1258.44913805807,1155.96796214066,1098.73703830925
"450",1771.25121211617,1984.74487934835,1391.64356352799,1434.01313652855,1308.23801680281,1751.41753970202,1281.36443781318,1331.19949566833,1222.05210617184
"451",1985.81755407689,2266.12313220332,1660.74614658762,1759.19915653584,1576.0147165114,1943.28742758591,1518.41822650298,1588.70251446875,1461.75503689944
"452",1752.53115420033,1824.5165386856,1487.13870624172,1480.83999746901,1395.81156697658,1687.13547431231,1414.17770864604,1402.14674997192,1330.93385936247
"453",1766.72314480113,1907.23706234448,1633.39265633408,1715.05501065204,1609.54534587249,1726.2785388984,1529.55986807609,1585.96774339387,1511.07489305293
"454",1901.65098409541,1992.68082303649,1693.84172921844,1646.18655527085,1575.59389054897,1895.62908702661,1618.0197222409,1563.3976471461,1504.03562637885
"455",1630.16134844769,1706.32381435785,1223.16390981322,1241.67735676803,1159.89386507173,1596.25893161626,1169.26244087326,1182.79588467308,1109.45543586731
"456",1924.80779686453,1889.0354814341,1517.77765154458,1393.26218548404,1330.74785953328,1810.33477461698,1452.93940793192,1323.40981071046,1269.01250356832
"457",2037.63856729055,2181.52293716589,1739.83345889099,1801.9135522355,1678.97157140049,1989.37448126736,1638.40370403707,1701.51043493661,1593.40001461298
"458",1625.51294311972,1880.4309747373,1385.32029630357,1416.32086608485,1321.91419220318,1559.82170047472,1290.49008011726,1313.35760724378,1248.21121688894
"459",1824.56939118396,1930.36332617433,1558.16745234342,11656150.8998648,1506.07293185821,1803.5694334573,1495.61680027881,1532.65983070575,1436.26891545605
"460",1862.04313833569,2027.49653769768,1719.97380154107,1760.43535529038,1657.23735815589,1824.04671760743,1592.43782885661,1622.72425003235,1542.71837679187
"461",1977.41398003327,2014.53034538589,1778.61272137682,1782.25051684313,1703.21493084251,1917.74749349438,1714.14693601258,1717.77273621493,1649.0056459375
"462",1418.96465379433,1486.30455491985,1274.18148343931,1272.28134384667,1214.50806882783,1401.28780495276,1216.83853461393,1212.28943746156,1162.81395316728
"463",2218.62052500348,2284.8419268746,1999.00499470715,1975.29858496554,1883.75133111573,2167.40828263498,1908.51447736421,1882.26793158504,1800.66227212724
"464",2140.59701286629,2217.93389053863,1669.27723614033,1632.73730054511,1547.90021498485,2069.9986606125,1592.66519686061,1550.93567956824,1479.11926641047
"465",2136.92735472457,2241.55165203396,1808.19697218848,1730.15792636755,1635.85337571462,2088.60464570211,1701.35808769961,1634.53672778012,1552.15521295366
"466",1760.7498174232,1869.82562009611,1370.74728670228,1312.49386294652,1231.03033476821,1561.41820214827,1221.93675822669,1194.93805104578,1131.54421879158
"467",1768.7495883633,1731.9395776447,1317.64169948831,1290.27729264319,1224.75606479732,1745.10552694916,1293.37931484976,1255.81850360114,1190.67839543985
"468",1611.76251669994,1712.71884485189,1288.44488553669,1264.69197752945,1193.85996317197,1573.99277436861,1231.25016755934,1199.93300914888,1142.33404631673
"469",1614.3206770907,1632.02858847825,1370.71993035379,1379.28758662989,1305.63984681405,1602.26904711738,1326.02492844551,1322.9000395875,1256.29360524811
"470",1834.63537547916,1944.17262136731,1685.05650356902,1588.75198122332,1548.11813357452,1791.01589327495,1592.77951550887,1510.70659230461,1478.51178374801
"471",1843.33221558538,1885.96314217122,1439.92200788377,1361.89932719637,1289.58115822716,1781.18379832284,1371.19209185926,1296.86805766507,1233.90377411433
"472",2095.7372793586,2212.0028074633,1846.95772022832,1721.23215107146,1653.24198538344,2021.37642151906,1717.71117434118,1624.95481267754,1568.20969678386
"473",1775.29402783405,1916.33699926883,1630.43232173263,1565.38344610592,1504.81491583645,1703.59862068661,1512.08875063765,1470.6538584246,1425.14566492794
"474",2368.27299477881,2438.39687428025,1902.85294687036,1892.44450553415,1751.7233232031,2367.62955217237,1851.89228910506,1809.9492997408,1680.17368002466
"475",1936.09306441207,2012.65598257939,1616.85409569029,1549.20888516926,1462.8101668327,1903.89779159837,1543.44522103193,1479.09633037889,1403.3766319302
"476",1620.98434152978,1666.65424132253,1479.92802441997,1501.70265932965,1430.62000890127,1598.46668793187,1426.3776097703,1445.86943016012,1380.6811345165
"477",1912.90395165027,1930.60019635522,1722.07687661026,1736.7474415407,1650.64235456146,1897.76270934271,1674.12445632076,1677.5958021212,1592.73722444475
"478",2428.68339352025,2505.49845405458,1547.32685032501,1399.51555828433,1313.4195727764,2530.73359443957,1547.96155342672,1353.88813601483,1270.37116217061
"479",2212.39836019919,2279.34398811206,1933.94410910678,1845.42320065626,1765.88811800944,2131.80772449846,1833.64591526114,1754.63732980856,1684.24078705652
"480",1673.06702777308,1700.25372159983,1353.52293603376,1290.90429867461,1232.90914156219,1634.77953822154,1304.01717191666,1236.49317437081,1184.26332980443
"481",1779.45500154871,1830.74870272792,1448.11867343355,1419.63242357591,1351.50435424057,1757.39526776469,1388.09164275146,1345.00642740088,1287.04169320283
"482",2039.05244488133,2182.51676891439,1646.98302773208,1578.57226631526,1500.61699524067,1966.07240795742,1545.26957497048,1485.98043169375,1425.30127996919
"483",1983.47572595724,2008.34037148811,1824.36887658191,1790.41010425655,1731.72652084618,1922.64844902865,1750.96042155662,1716.46833217703,1663.39485604474
"484",1553.10745082224,1629.34252938295,1309.0596122471,1236.26081818498,1163.23942438122,1542.31769593186,1245.15430667898,1174.45474318693,1111.7121861132
"485",1824.69725287584,1883.15663465994,1438.3266469106,1469.60135134168,1385.36779335629,1820.30040141235,1378.48306869337,1402.36446653132,1323.88667029685
"486",1939.14977666311,1988.55872653944,1557.21011438818,1477.01619202796,1382.56403611791,1854.32349956597,1479.96254263537,1399.56878863402,1322.06950757215
"487",2180.10118200644,2281.59885622025,1907.02142009047,1878.30208768123,1771.55664592052,2115.19455402906,1804.10773653493,1776.33026715869,1687.20213401089
"488",1706.62180333997,2012.30755180998,1551987145107.85,1357.99025691785,1237.59034172343,1658.08817337641,43205486937136.8,1249.61146921368,1158.3622067002
"489",1937.86369220622,2072.10795069823,1460.8721225197,1455.21252447774,1349.7519100644,1885.21454980133,1726.0935821521,1373.27467406246,1283.97237383451
"490",1952.43041556996,2036.43837134456,1698.34588897091,1664.55549697575,1579.41451863431,1906.87866242484,1614.43279400804,293170146.068575,1504.06299216054
"491",1691.56630123314,1743.20244516459,1377.33161568866,1380.46256043764,1304.52511588334,1689.70973325755,1333.22667345159,1326.17935349992,1255.88724156116
"492",2116.80196857069,2162.68247489099,1819.3807224335,1774.28468645541,1692.3852949558,2063.90644411839,1742.88115571575,1687.25652951519,1615.70956782843
"493",2234.17088193067,2333.05183002268,1806.45523168469,1829.25324597967,1715.02414026588,2147.83531013825,1708.40108867541,1733.63457264571,1633.55873719255
"494",1694.90518814718,1818.90164975254,1472.03890510299,1449.66388285603,1369.65857890256,1647.92064304279,1379.81527353597,1364.28707704324,1298.84112817031
"495",1698.97734686353,1855325348.15628,1561.82033920984,1534.22792800442,1457.37762075912,1634.40406425405,1444.03800921657,1428.38715239455,1375.71598110588
"496",1662.3198317552,1752.71099373923,1348.72615020303,1277.29083769853,1201.8925607099,1629.16938454668,1269.63661033765,1214.066753396,1147.56694292667
"497",1900.78940707294,2041.09270905752,1649.7354312844,1645.34386422339,1567.75504168974,1865.83132847484,1547.2660968159,1531.99230196451,1470.83080580849
"498",1644.23384965208,1714.02657291348,1446.19788743868,1498.35957867362,1410.64646324115,1617.35036113426,1384.29168415918,1423.12744851763,1349.62116597379
"499",1452.07818774029,1463.54367345458,1193.9169426735,1172.51376715608,1114.62648261598,1411.27384638558,1154.98516590298,1126.27847899125,1073.20150538638
"500",2627.75131558398,2708.04183227674,1494.71418295546,14201894173.3411,1232.1364344513,2509.75238622191,1393.51407482308,1295.08232357869,1176.78164937146
