"","correct","wrong_link","poisson","negbin","oizt","Hurdlezt","ztoi"
"1",956.86207078325,899.37903632978,681.624377201496,852.588955363226,817.907424316251,952.294346097791,952.294346097791
"2",878.268964994107,792.653900490923,648.347505686816,825.658611367931,768.355508075554,873.675781730206,873.675781730206
"3",906.987076375789,818.505498950052,661.820626177794,838.037638461478,787.32316468153,885.231226963065,885.231226963065
"4",898.354254911776,807.50430755287,681.282156441767,855.115918072992,799.117481159257,913.176647458904,913.176647458904
"5",901.331432497454,831.960579496855,665.944486754727,824.515314861819,786.293221040359,892.571426008468,892.571426008468
"6",839.987862258088,836.225050483004,620.675186072316,719.490714489429,745.559645507256,843.341494834315,843.341494834315
"7",856.997158594723,767.688012528648,623.934727646632,756.826154774277,746.977243049456,834.07198119496,834.07198119496
"8",953.016837371229,918.054509733829,674.699559001109,892.827754814575,810.280497874118,966.01273087812,966.01273087812
"9",908.61076957773,895.598030428147,643.785268025101,889.804668510625,774.837568233046,892.232225914995,892.232225914995
"10",906.953798542179,842.012789471135,663.492111290456,798.751277617353,768.512198682439,894.64101067001,894.64101067001
"11",896.836691914726,834.313502723387,668.016578545831,871.977759415537,795.831229928997,898.918363673696,898.918363673696
"12",928.389884229056,898.115180402026,682.087398397618,853.670079889336,811.762932802687,894.517318824855,894.517318824855
"13",911.94946922778,854.959592048125,643.349538887996,790.01957429731,772.432736115681,891.501382003013,891.501382003013
"14",917.377156699161,783.044309463266,667.885182868639,648,782.678559121282,887.704338646897,887.704338646897
"15",857.295141368605,803.091268328571,661.120670913557,792.624576211058,783.865852105735,873.843700254579,873.843700254579
"16",998.330758895499,947.471677781304,700.084244345896,968.116040505232,841.602836751083,973.011438345046,973.011438345046
"17",918.027430727159,877.07282437104,687.066719747371,843.82169629592,820.659535533333,925.139929589082,925.139929589082
"18",916.306960827668,819.718745004736,653.342747256981,791.689138828482,788.970914307083,896.329758969562,896.329758969562
"19",936.434083106148,867.032294715618,674.938866528143,835.784963706071,785.450807817031,897.323520165856,897.323520165856
"20",883.157837025989,858.045436145761,656.385076347401,742.958198523449,782.871713353957,888.329881036857,888.329881036857
"21",895.974163271959,842.113386451266,646.298287689122,841.79886770113,776.652936726053,900.315937771104,900.315937771104
"22",885.372693532924,854.173776959844,641.844573466699,2106411.01374955,753.780884533865,853.951672098557,853.951672098557
"23",992.10320760278,818.973344861913,686.300736005115,828.390452811666,813.147520883194,951.40829774792,951.40829774792
"24",923.99712504729,873.032311944271,677.62639526368,853.903937833323,804.098050727858,926.600002839887,926.600002839887
"25",989.964111957736,861.509656391937,685.08770071476,890.999922777509,804.949921375627,960.472842889191,960.472842889191
"26",916.874329683615,884.251206379528,639.47304119096,798.949796030201,760.8691260186,896.892274035456,896.892274035456
"27",843.826818950748,825.445493226162,643.848830630614,752.275858782042,762.474295316401,832.214362673445,832.214362673445
"28",855.62445836308,805.56131878973,646.43954338662,761.820397649884,768.682683716644,846.959622083358,846.959622083358
"29",958.045798523012,872.145756258204,648.225219887141,810.068396969712,773.655005040966,910.480146303643,910.480146303643
"30",955.885737084016,923.925286260667,693.258052618233,846.954142470543,825.044424740263,941.646046080047,941.646046080047
"31",1000.70092313648,933.397695148473,684.272790696665,851.534968553905,809.684994846417,959.07744429814,959.07744429814
"32",884.374648697615,876.089146865302,656.191322083515,778.022004054543,781.633231426425,878.533255725564,878.533255725564
"33",912.525040120804,858.734078106812,657.208664916577,807.956099287114,785.671862580751,905.153268846947,905.153268846947
"34",876.588941205348,874.732942139925,646.391049677885,781.734307204815,773.211490022349,856.964066237656,856.964066237656
"35",866.343495423526,858.844975043755,647.503110131087,745.223855655727,771.786691795662,864.082661461884,864.082661461884
"36",819.91868473559,821.156373467646,643.469256388261,751.897119689525,759.00514870443,809.028853036458,809.028853036458
"37",856.239539220528,849.88960397672,646.572721561472,859.940120604666,771.290132690179,819.02603953816,819.02603953816
"38",887.606313832148,813.589241027188,651.65721839971,847.350521653826,778.32243283828,917.454997167134,917.454997167134
"39",909.18212173935,888.06473782789,646.06204520851,785.09177504109,774.811960280565,895.090900396204,895.090900396204
"40",951.50415214209,879.055907752051,671.736130494552,857.37672260573,796.178091971996,907.309993592012,907.309993592012
"41",863.441856384452,823.544842646453,631.213478959759,786.931286730441,753.720217040255,878.415916733521,878.415916733521
"42",892.118528990833,846.11175150346,657.696586700676,768.882620430869,778.630148057408,889.17943516755,889.17943516755
"43",867.785613696588,840.777588691814,630.468496525972,808.258686390196,753.06414190523,859.286860795321,859.286860795321
"44",895.320939546328,879.06643113392,663.85025900146,803.702971390383,794.849731401354,890.014765501943,890.014765501943
"45",868.886239681946,769.029408519121,643.59395009834,816.138247995373,764.551229646253,858.297712843791,858.297712843791
"46",972.945194629555,930.199012220533,679.68154340654,934.669023162413,813.085356606149,938.473760547333,938.473760547333
"47",891.417026275281,882.453499505118,661.467800073186,799.026893119402,789.144996219435,896.924161735465,896.924161735465
"48",866.26224417891,857.588686114014,649.299842459298,818.985490502885,752.956930910226,840.944513157432,840.944513157432
"49",937.393204783606,807.082949241997,676.737611290079,833.125617100542,801.222391939419,928.101541021306,928.101541021306
"50",944.689273740358,904.714008125421,686.190696801762,851.963232894973,805.600925661443,907.0706094971,907.0706094971
"51",927.421483403593,910.905976087983,665.02273749687,847.761576938725,786.720313437883,904.099048402882,904.099048402882
"52",945.206320149249,928.96304730239,676.318721105958,802.676192610732,799.792390416787,930.349887990054,930.349887990054
"53",967.190963867082,796.665391631725,660.38747011776,3848738628.66631,788.929144086685,924.921968121533,924.921968121533
"54",883.915106017415,833.280813777243,662.489218717223,852.25805460074,786.092016390612,903.557669468794,903.557669468794
"55",958.620368251077,837.804156662724,682.037541274522,856.846503380754,806.253359895832,943.283795875278,943.283795875278
"56",943.3159677861,845.142314643893,660.304156147401,315731220.110976,777.281512212833,910.479870920617,910.479870920617
"57",899.259642348854,859.386781821075,658.328687054137,811.434193421331,778.716549593962,893.427212365151,893.427212365151
"58",950.968323131005,833.489321733282,672.612183892888,837.197819839996,803.43008034974,929.9122029856,929.9122029856
"59",954.387487287136,941.088620696786,665.839686177713,780.067493151885,790.24230751031,900.988637684687,900.988637684687
"60",908.393554212152,846.399124048001,646.935055646979,858.003457125773,769.891156470646,866.191239480325,866.191239480325
"61",833.88871112501,834.033698043648,634.696370940786,750.588110406787,746.469848088955,822.825708042299,822.825708042299
"62",905.937698461822,864.833543668081,664.212983448337,796.238964330366,793.694103630995,906.545057331283,906.545057331283
"63",928.310748279918,908.828127525401,658.909593867224,857.472262911534,791.677302101278,910.496316309038,910.496316309038
"64",876.359679998323,843.333305059036,649.927313421715,805.980655110345,764.867935797195,866.591487638396,866.591487638396
"65",891.923589457277,872.450097659524,639.029353805225,763.572234372604,762.61037688648,863.692663996163,863.692663996163
"66",831.667085557736,764.813075209862,633.569135489342,755.274553115122,747.921553771438,842.529612412983,842.529612412983
"67",864.859360811526,810.112693146698,637.651439230264,775.528239527262,758.085944274163,866.174808319793,866.174808319793
"68",931.102224525951,889.661457102757,659.337444242328,815.194981898289,764.171820171722,891.046469631615,891.046469631615
"69",905.802367392737,889.401809488266,654.502086075768,778.152175548493,790.270585757869,903.4181434662,903.4181434662
"70",971.268840378662,918.702259355941,682.571200843794,874.994161277807,814.09607981027,920.621036275427,920.621036275427
"71",990.097701304862,939.842151273576,699.057775923561,866.771652593682,839.678674144966,977.444792990661,977.444792990661
"72",965.433038473634,928.565721943699,684.016626262683,839.821215906013,813.52499758525,955.477633154554,955.477633154554
"73",886.520217850813,812.184366051444,658.14506033367,801.215527475818,781.933858201453,876.321204679636,876.321204679636
"74",876.613173320885,855.504396890892,653.089096944004,792.534804217594,777.22474086775,882.41475257181,882.41475257181
"75",846.635002812216,787.90019732942,650.88020502425,820.939552702316,772.531531535155,859.541413027383,859.541413027383
"76",887.361354296332,851.635562382036,661.274233874527,824.098319796722,788.741183830265,890.037821286826,890.037821286826
"77",961.078357055897,915.319751396156,681.685178697268,845.045207867095,807.446158380865,929.706029829218,929.706029829218
"78",911.265294453943,867.303810966015,651.011140245702,811.207016271465,778.092312474592,907.662375987443,907.662375987443
"79",829.124614630703,748.638583875144,616.416806004822,809.204894197446,734.870614352005,851.324257133725,851.324257133725
"80",870.393853553984,802.743157314649,636.837293345535,753.199597640682,755.552913095077,850.917438074088,850.917438074088
"81",985.629787376577,941.068795146913,689.815195635989,824.357922261933,807.735620655993,953.425094141764,953.425094141764
"82",968.792827583286,778.33023450529,659.000070188281,8626438.4822548,761.84494173303,908.273122605903,908.273122605903
"83",888.869900004076,882.340656035045,647.74464281229,768.785020289036,771.192067719753,883.249205868635,883.249205868635
"84",881.809826145399,807.354706859993,631.787659710351,727.498689175113,758.558846410102,875.212889425271,875.212889425271
"85",946.12458583785,920.163992770184,671.230655048124,820.584953963302,805.163085268243,928.517855634284,928.517855634284
"86",921.942154128811,842.066042428873,665.699776495149,816.410060678985,794.948285051809,929.30027158766,929.30027158766
"87",840.08378862102,781.45051340292,634.297172414479,768.487553349093,756.386833114346,842.311221944271,842.311221944271
"88",883.469307021294,831.528015033011,629.372684959711,798.843103698044,753.317473458144,870.902508253041,870.902508253041
"89",864.817271991278,759.328767852235,641.501321491814,768.909106519849,761.058234470948,853.183864617299,853.183864617299
"90",911.921817548996,912.43482574297,662.590060349098,794.853109530818,787.84922892472,891.244154083172,891.244154083172
"91",828.090849028182,825.976637559525,626.185905782253,745.952780543437,743.099868350652,815.785006191818,815.785006191818
"92",857.033509870618,814.61057507476,645.509622341233,768.979852067365,765.438442781778,861.582752228633,861.582752228633
"93",911.661831092352,820.25302127163,666.754860354863,15359452.9594282,789.319624574971,879.52165886494,879.52165886494
"94",941.739452798632,931.031115015962,682.472584312441,883.206984086244,807.633524758407,926.491241534653,926.491241534653
"95",840.374217463153,780.349034602261,632.045954852825,786.08575884026,756.419321581409,871.919081847354,871.919081847354
"96",929.979606363784,880.230542314344,688.877563096166,824.764035346406,814.098069312553,916.02023587634,916.02023587634
"97",868.287381713167,826.790676054883,649.774845265853,799.356892865369,780.882580154408,878.502245031324,878.502245031324
"98",908.6788583163,821.927886941175,656.850455342653,787.648575934486,775.864457613347,879.66458373335,879.66458373335
"99",948.839298657199,895.800460173117,683.854257008539,857.990556662304,812.907865627557,922.580856683726,922.580856683726
"100",888.458119973892,870.274783915697,648.065120349075,786.034471939957,771.473499259964,874.785615025758,874.785615025758
"101",906.604925483963,876.525343753104,664.869130883648,833.299441401692,783.504549673613,883.045184726017,883.045184726017
"102",910.491125280525,848.576348746259,657.57280732389,817.122645319666,777.401944201234,881.40809933609,881.40809933609
"103",904.039742050837,826.65148257976,663.169635956313,884.315482301469,774.407457803244,892.578120984569,892.578120984569
"104",858.737791034357,823.260344179536,628.302290010966,844.884565714183,751.15500671955,838.962066370703,838.962066370703
"105",901.598457251116,879.070123426643,659.842377577258,829.738908249313,787.592844067138,885.306902142561,885.306902142561
"106",944.809033860194,863.489957381109,683.653305929609,883.254891976396,814.218145577381,930.299670437025,930.299670437025
"107",938.747941306204,839.729657169185,665.991051346813,852.326297497171,788.404612736402,910.830217571542,910.830217571542
"108",924.310654470921,866.104538570967,660.610850958638,829.272931306224,793.398052783629,905.227820957976,905.227820957976
"109",844.622840363842,806.492084186332,631.876040881517,754.557206397559,747.598488854608,823.68214731892,823.68214731892
"110",940.55721467857,939.4505111368,677.076927570589,882.851039581977,818.948542708137,942.99536438934,942.99536438934
"111",958.174078396491,914.528946947854,672.834406433093,862.680922563759,809.566644621376,945.124796220898,945.124796220898
"112",962.745636424277,927.179269610951,683.123458394418,846.301109573737,807.04511901422,927.841546051951,927.841546051951
"113",855.481495860728,842.480081803589,636.120886155845,821.576419478281,760.1937666852,864.553772481197,864.553772481197
"114",894.744526834214,877.347587165376,629.610448135134,839.031956186855,753.437171098187,870.514530255168,870.514530255168
"115",862.333143179273,849.058457532562,642.810511239363,795.679568200548,759.98502025405,854.394949620384,854.394949620384
"116",859.800688043583,848.17439097224,653.081267105355,755.994812403484,782.156212589864,859.813599576329,859.813599576329
"117",921.458109568469,894.85310920347,649.257173704137,825.443951687208,770.822356996635,890.356718599968,890.356718599968
"118",883.338116625632,855.0969949188,643.534265834896,775.162465987268,769.681000890223,866.064285265909,866.064285265909
"119",884.075800905071,827.963071390714,639.951950132565,781.666417279784,757.316277704072,883.688633499097,883.688633499097
"120",944.81613322075,888.032501461943,675.344765248645,799.052512880397,804.032689751351,910.65872121706,910.65872121706
"121",886.23548606101,871.705410736427,650.536861522701,800.302109406427,778.181284065227,875.318882787417,875.318882787417
"122",934.099743663323,909.989222485693,676.271069257168,861.203437417838,802.280253002091,920.172093097623,920.172093097623
"123",890.691225265753,850.024650597578,651.475975951137,809.987970522999,781.833687603052,883.398062593776,883.398062593776
"124",854.887051955934,781.972177536331,644.429825535601,790.842915178045,757.427642718257,836.342055079066,836.342055079066
"125",926.751611251876,884.301161283223,655.104586789883,801.932194648943,776.725102418575,886.596221161006,886.596221161006
"126",887.600770425806,792.032589695075,667.981596021051,798.182921339728,790.11593336886,911.085802867185,911.085802867185
"127",892.477060683666,886.729290774329,673.340681728416,790.067602545392,799.470909002431,888.271773012481,888.271773012481
"128",945.050466202604,902.989887355393,697.229436096804,3183752.95043192,819.461855757061,914.764269928296,914.764269928296
"129",930.514222745766,851.708553754086,676.30736187293,853.027876207894,786.920360893001,904.11967940165,904.11967940165
"130",930.959133311219,909.550733028374,681.970350301283,846.938587317865,793.819716859843,885.618634720588,885.618634720588
"131",885.273644809528,802.856299574927,656.097190397242,764.698141185683,784.827240355555,907.222996049323,907.222996049323
"132",907.013936920743,822.891012986173,664.67277693662,NA,780.332360113133,897.125804756368,897.125804756368
"133",905.453065328707,838.432951811082,672.344418003806,807.840411799423,806.078014549316,913.808091114441,913.808091114441
"134",944.493391293626,852.755627066298,673.500885000894,807.682515593247,795.937148232623,931.868072156228,931.868072156228
"135",859.231273556878,769.294654884632,656.651923521864,13494242.5775014,772.449300818564,858.48446180682,858.48446180682
"136",972.671953910712,929.767675293051,687.047459244228,841.725939415821,812.813237023762,933.33500422616,933.33500422616
"137",923.111228058048,905.500891221405,673.447928611678,785.531493522814,795.258758968423,900.928170886603,900.928170886603
"138",932.042074512452,781.622579056869,650.640573452066,776.632452039531,772.145172247931,890.233026044705,890.233026044705
"139",891.563574191447,842.517790296751,660.093625309913,822.85173879163,781.103300036951,864.14157053241,864.14157053241
"140",927.331745540712,859.852347665757,650.999944799323,841.90976578703,784.671372781303,887.953676320872,887.953676320872
"141",871.84761091218,798.114448293459,630.928820370723,777.325947358885,753.549006770663,866.752265444659,866.752265444659
"142",871.719683608616,790.525887143509,653.251980116767,839.716018872605,774.309869664942,868.039097672567,868.039097672567
"143",915.997181280912,857.32363048019,661.052803170445,878.167953113393,789.398589576375,911.610825167586,911.610825167586
"144",891.606062959101,811.175719432082,667.76632949343,814.487032717302,789.995194068593,882.472539523682,882.472539523682
"145",902.027470086062,847.78527226937,653.800805192944,855.584204246051,779.934704296524,873.299664643481,873.299664643481
"146",885.985353905281,824.249719309836,671.615342172738,845.45691993476,799.965045703821,883.211849465414,883.211849465414
"147",861.53470917205,861.997271919276,631.62780127858,790.458282265582,755.293938692151,849.511253501253,849.511253501253
"148",922.312924589596,830.318233869188,658.592007604519,832.046477071889,782.168821102397,918.991924142547,918.991924142547
"149",895.61201916338,844.508456884166,659.804963562763,865.080789545169,785.758860297148,880.388651751067,880.388651751067
"150",974.004758390443,851.550519379217,664.634341842757,824.61246779084,784.464771224823,926.421861814314,926.421861814314
"151",870.934958175927,789.633921115322,659.418929279038,824.187858700648,781.309678123728,867.903255624955,867.903255624955
"152",923.949763541953,919.029489444787,644.90899846091,770.813160945828,771.104856741856,903.485254838312,903.485254838312
"153",925.079601436709,860.363930375927,656.30519006544,859.74270591254,778.408000201524,910.244737632808,910.244737632808
"154",907.509196472016,903.564063790083,653.842513689905,809.619323245723,779.635601315616,881.981618555118,881.981618555118
"155",889.907319013043,828.244591663212,647.64556210398,833.615513224038,769.082565269907,880.679593406476,880.679593406476
"156",941.929536440936,918.732365704852,673.932300436115,879.840220970234,801.688726477715,882.636042888015,882.636042888015
"157",923.032207049448,922.980417830764,663.750861577119,785.062841599859,793.107621495763,887.863279445232,887.863279445232
"158",915.407216465556,879.052330534277,660.566590049644,871.23296581625,787.610895628342,889.89900001393,889.89900001393
"159",902.613636206477,833.357587776581,639.094728832774,868.92070329709,765.21471970921,871.941039198815,871.941039198815
"160",859.626931684417,805.804167442366,647.25686122378,814.36956211215,768.399957900587,861.722777233051,861.722777233051
"161",933.722576318826,878.696444643795,661.032336363537,806.655732929806,790.695442396176,929.403859570347,929.403859570347
"162",895.749379612942,814.637612550036,673.701884366898,819.718320770743,793.726599106664,889.550666819898,889.550666819898
"163",936.346807898783,918.87135732777,674.990718335922,829.146855725933,793.990151499207,898.621928957497,898.621928957497
"164",907.12078624582,833.368856523816,660.15325284387,821.649875455964,788.783671197713,897.118668315742,897.118668315742
"165",879.066489801024,871.658730180475,645.65864955998,806.471790198456,768.913424067659,871.099506053822,871.099506053822
"166",989.055887304402,911.539170528614,677.268856082664,850.332990486101,805.333953358715,958.609078996224,958.609078996224
"167",902.43861201362,878.993147917371,649.153817671348,857.743132981042,767.820062626876,883.92790949379,883.92790949379
"168",839.801041449818,821.533949126061,639.433198265154,779.536070878429,757.597866776401,827.811435881674,827.811435881674
"169",937.716810873795,888.655164990145,669.860142626118,850.126517302437,805.735434034092,931.447412028542,931.447412028542
"170",888.4310394302,889.673172293696,657.085056398207,793.595811569204,787.094993616585,884.642729306342,884.642729306342
"171",849.888117025038,821.281545782885,644.871956237348,749.980041361966,759.87359466105,843.069755287474,843.069755287474
"172",896.957174425973,872.868313473176,633.561014396824,838.745659725102,759.739183058182,883.774815297887,883.774815297887
"173",864.909076711345,854.078469505641,656.163158142299,830.548314978531,783.189094792257,868.994407027769,868.994407027769
"174",869.615701434317,851.669763562216,642.213818493487,775.74385109382,767.523444089587,864.229041126254,864.229041126254
"175",841.237034127991,795.137507526907,636.655655207852,747.832810536941,753.925727211546,857.754433133731,857.754433133731
"176",936.348694085897,901.320442346117,679.210219492187,870.304463238752,810.045626687273,913.05782442005,913.05782442005
"177",961.038709824106,807.36764384312,671.515811370052,824.541343194598,787.982136372133,936.958617664631,936.958617664631
"178",857.933176058371,823.073030264006,635.293095426323,785.789327455793,755.083669835705,858.976850472978,858.976850472978
"179",989.006879670494,873.164116553716,689.536263108368,366980079601.246,805.778721421233,912.537700692213,912.537700692213
"180",922.811557377449,850.081247594706,677.063672625111,792.669869884519,804.60075180339,900.734689726238,900.734689726238
"181",949.911829823691,940.801274634997,644.206640762772,809.297544760643,767.330408644747,879.166866728913,879.166866728913
"182",838.338546736847,777.550185595872,629.154239591348,745.640231953005,727.637206437933,811.833444901438,811.833444901438
"183",889.122530711548,839.34818115039,643.631058619759,814.210934422398,768.170857182385,877.967116976194,877.967116976194
"184",844.656936484219,763.63806537988,628.88377290836,786.126694483755,741.387245534633,842.214146727171,842.214146727171
"185",847.25184902687,817.251578532798,647.366544507458,795.673766934947,765.891860494263,841.051304388387,841.051304388387
"186",927.480336259065,822.61269010984,644.608198591068,814.536904104485,780.355586310357,922.284639009498,922.284639009498
"187",901.917050530647,803.616117232057,672.66344603957,8282678.04855077,793.349084246518,912.358859494987,912.358859494987
"188",900.100317813447,833.71220474807,660.712281078615,761.952608108965,774.837434076056,881.254394006459,881.254394006459
"189",876.427329456315,769.09697879189,655.592926185908,877.490089381613,775.280855331352,863.262818911276,863.262818911276
"190",960.356581669643,931.584018912681,677.173172657566,837.94997821946,799.700220201057,926.364863380024,926.364863380024
"191",1014.71882690639,973.985975322014,689.245726092681,6991491062640.69,816.253970374941,940.800081690807,940.800081690807
"192",869.470782255239,814.257843692364,654.212857552308,772.850802926219,773.38163778334,878.331509032636,878.331509032636
"193",883.103678447764,784.340460957824,630.144864326684,838.767265869352,744.420695340763,844.708670397686,844.708670397686
"194",918.259778809741,801.059784044553,665.29585326665,800.744248416619,792.727607075031,916.361059877301,916.361059877301
"195",940.214401460858,835.018257091297,670.393999553836,853.074219728402,796.093896801082,843.047937811881,843.047937811881
"196",909.789334641247,852.367778945344,655.785381021766,776.307359477078,788.448556742859,897.944013492047,897.944013492047
"197",843.150449505159,802.997591671271,648.28745285456,764.083683273528,768.540959751544,848.050242527868,848.050242527868
"198",971.582137536933,863.491675328708,669.012247361952,837.560369623397,792.867194362603,957.125554785077,957.125554785077
"199",951.700652375572,919.10389944751,660.050934809069,811.147847943905,788.97913198075,926.348416307623,926.348416307623
"200",850.261235750324,825.362027626067,644.821149487652,1864319619.30826,754.059943597923,849.906711263277,849.906711263277
"201",947.279466631954,912.430531198459,656.747454102405,763.226959033654,777.975466282388,898.441386297708,898.441386297708
"202",956.438462663142,880.203319606514,666.693303910196,906.3730515022,791.392609302658,911.448748731337,911.448748731337
"203",895.322420644558,812.673604921205,644.957720959853,796.881906580904,770.72092400157,882.01760889779,882.01760889779
"204",913.186834098875,826.657674680785,666.15941186867,805.734058352979,786.42832891658,899.356300819941,899.356300819941
"205",994.855107430147,949.702521408002,701.884329285411,16482674.2986058,804.394241479924,934.744048704158,934.744048704158
"206",930.517631381552,879.638989810545,673.82242615906,807.94494889233,811.486171953719,909.54740469994,909.54740469994
"207",940.78491001656,912.075746756344,663.387586197193,813.348985767189,797.036713323515,903.739024055395,903.739024055395
"208",934.209244865592,909.728124330821,644.846086725891,844.093195373785,756.581891672619,899.224824300465,899.224824300465
"209",886.624667030719,793.021542557153,651.028554861966,877.173746665143,775.991606603534,885.409741031712,885.409741031712
"210",931.56770807941,841.03162364642,678.395267175503,19192093.609959,805.276916399689,925.237617962352,925.237617962352
"211",959.051940388724,905.418712088915,672.2624041727,825.646593777407,802.242404615181,928.783333284408,928.783333284408
"212",859.019876321208,774.050992820838,637.156485024612,797.890615943777,765.752144077539,872.060547576006,872.060547576006
"213",932.816080174434,844.042528963592,668.645437251503,793.070088921512,789.410043111134,907.509474508958,907.509474508958
"214",917.179957286035,881.200354113618,664.92383745328,842.844815182028,785.802669486631,890.863563503765,890.863563503765
"215",872.258604251548,786.970456442263,621.876777305811,742.079347500098,743.462979671046,858.207401241014,858.207401241014
"216",920.188435021796,886.707805073673,662.750006315243,865.370426204538,793.596990005296,889.360948057958,889.360948057958
"217",962.809927716107,951.734736719214,656.469983108566,780.153419281587,785.035652429961,934.803279556316,934.803279556316
"218",871.402198906503,846.978864595527,648.428273087899,811.445958323807,774.640050514514,877.060166722218,877.060166722218
"219",905.506095135505,896.16180757873,672.657722710456,814.922082350442,801.208685509476,898.20098972554,898.20098972554
"220",906.700990335704,863.347278666477,673.409794587288,849.81795818182,805.34858331597,902.760315414841,902.760315414841
"221",907.806495769193,826.993644091726,628.698015228297,767.367562109029,733.64805665955,866.753546713645,866.753546713645
"222",864.527793223098,853.25362666718,647.80602740777,822.356849513279,768.204621341842,857.281701948816,857.281701948816
"223",972.146110408978,856.050908410236,673.613669609967,838.411230828095,799.985994473438,942.827383188719,942.827383188719
"224",966.449646829318,894.650894255098,658.395900056314,641,791.609025295134,931.763543341559,931.763543341559
"225",965.623866809743,837.345405185887,648.553420555042,887.595259266964,785.014447727407,951.648026624039,951.648026624039
"226",1023.10835393986,986.450994299506,686.150314769628,823.614513455985,837.957964743448,990.681651577178,990.681651577178
"227",941.417236058657,845.551224268969,669.221802222874,879.137728391816,797.74759668493,935.100757833824,935.100757833824
"228",969.287451091185,848.14253020212,667.246448437849,845.603732524532,795.009929541148,886.36432841798,886.36432841798
"229",906.861711303545,856.087476609676,655.55741245396,779.103963110883,782.277450533914,880.431893187245,880.431893187245
"230",952.367738320731,858.534060813129,686.509615200502,826.782146108622,821.208667723649,938.685746941199,938.685746941199
"231",892.206279694535,879.944117696894,659.3081483068,802.621628354331,781.838068587782,865.491751285891,865.491751285891
"232",851.487377307876,839.461003753983,617.349321207216,759.987107334094,741.744817168405,827.533003635837,827.533003635837
"233",869.586653606039,765.27636941501,650.00602507662,797.332879576416,761.290747075247,844.279888577714,844.279888577714
"234",923.836827983491,830.724345100436,660.553699844491,803.11643535391,789.028629359104,888.252819323123,888.252819323123
"235",871.727175201959,854.988177009626,651.610860738655,817.692922299962,777.727164123301,852.714491397991,852.714491397991
"236",850.613493462997,755.916096670077,632.658463505703,795.733043054632,750.878081535555,854.548189274386,854.548189274386
"237",879.348371581893,815.321963646172,660.51724934286,809.016659400839,777.875537257598,876.911237281155,876.911237281155
"238",932.157297292533,839.901970258324,663.150124727791,821.687780137065,795.585448043428,877.565849876549,877.565849876549
"239",917.533194222838,865.497631494775,664.289410331552,887.899685988836,788.779355394167,922.311382904896,922.311382904896
"240",945.527805556007,840.966672581223,664.380397685291,852.266447111175,789.996192581653,907.216071286316,907.216071286316
"241",938.323820721481,863.633882621174,667.786788795335,819.886561615827,799.454181288025,928.558712690593,928.558712690593
"242",897.496667270774,862.488432323645,657.289891761314,818.932829222709,786.243020030655,878.597112769779,878.597112769779
"243",975.295737140735,940.337210381596,701.193973900929,888.791199383315,825.048445227591,948.321060433947,948.321060433947
"244",928.214857127518,871.110105909816,666.377963606131,12565525.2000546,801.988675117627,912.718253234918,912.718253234918
"245",881.702251099545,808.253766504348,659.034074238342,803.911746217605,778.090937877372,897.739189424933,897.739189424933
"246",920.008488903577,846.043725508053,665.457400126339,3459907.4029668,799.914935875845,908.004042882306,908.004042882306
"247",920.259782208534,896.459145886517,653.182655406224,794.668183871779,784.65778080173,892.207923439041,892.207923439041
"248",865.748932696138,846.692298275617,668.120351209919,808.035071391487,788.821288256446,872.368860949096,872.368860949096
"249",876.761420143709,858.429688201499,640.96524567057,779.456623736218,762.842832044506,868.416220140639,868.416220140639
"250",856.648989347477,780.020655136844,654.936177341388,866.136202505273,773.428027482313,866.5196652598,866.5196652598
"251",932.904538867374,927.339329557057,666.116114066825,830.350887754706,799.40679892607,918.26658818958,918.26658818958
"252",903.345258892841,813.487184143043,643.64417574069,884.535066003487,768.889826175009,888.809005196727,888.809005196727
"253",929.626950304446,864.648387516338,649.783150188272,841.157786131516,780.650664877908,899.625966025421,899.625966025421
"254",866.657137416377,842.694123091399,642.656612491669,756.024887823353,765.091350963997,869.524279118456,869.524279118456
"255",862.169468401354,797.30770143785,646.351652788463,754.415540537865,757.291063497534,847.848502063905,847.848502063905
"256",954.90257594303,898.106303712239,677.469023444203,882.013951699473,805.016568256245,933.806410401213,933.806410401213
"257",959.79480130357,917.995000102546,649.699541363614,808.106995059911,781.613857690405,916.724820517529,916.724820517529
"258",877.744780617544,834.097643992181,646.694034042563,838.667601464088,778.770323774567,876.587347280485,876.587347280485
"259",966.751208232821,938.172782747215,662.493673302772,842.046807881337,808.424880345466,938.778618700787,938.778618700787
"260",925.20019054741,841.918452948304,664.173137565017,822.445336402162,790.43444436412,907.749573035379,907.749573035379
"261",846.165262166357,787.846187478799,638.878508153758,818.083349729692,758.327744610134,837.887195304258,837.887195304258
"262",888.934492097442,828.242977913393,661.687990599947,794.602529281786,781.028223541458,877.230614394559,877.230614394559
"263",906.10041472471,888.48519533691,674.119031770286,866.159788907573,809.474050548656,898.242537079221,898.242537079221
"264",934.726402991517,848.839952585612,683.749474361163,806.566526943427,814.689389113974,914.765273932935,914.765273932935
"265",884.700177573951,850.759387088327,646.194737779205,789.375255477926,778.404150200832,878.828107603682,878.828107603682
"266",885.820754731626,859.930299842564,658.068224238663,781.894744334045,791.645577287624,876.776624157516,876.776624157516
"267",895.930568851941,878.754854104905,650.408408369894,822.143958325485,779.552732605344,878.728674658705,878.728674658705
"268",922.80191887975,822.451055899066,652.117675107013,834.482926364948,774.282534412082,902.485866851175,902.485866851175
"269",859.577075059102,789.884352916064,627.474375788821,834.052749338153,746.144777528338,861.494291521117,861.494291521117
"270",951.411047712686,892.354438162638,679.77451122655,822.44302236784,807.601146717872,921.998208387097,921.998208387097
"271",898.63770304089,830.518859642347,663.231807632886,819.701708444845,789.199500877012,887.167027172299,887.167027172299
"272",914.960864842954,888.089918013284,653.099878602162,848.698908027878,779.506821094323,907.484964956458,907.484964956458
"273",827.744787458285,815.130877160087,621.583705729526,758.721096224686,729.966576820116,804.701031866598,804.701031866598
"274",869.086288189621,799.374828438031,644.000287548027,777.60146254655,754.233047637418,860.632615489021,860.632615489021
"275",942.623873093192,855.097814598258,679.059491579141,831.88999456584,802.664958706882,942.653926273564,942.653926273564
"276",917.056879157319,831.792019961675,657.544498422582,838.7402428957,790.713316828868,912.176238784549,912.176238784549
"277",942.177441329546,864.827800760671,703.126289611584,904.58678712444,837.792889937871,954.959094366623,954.959094366623
"278",962.126395136128,947.409532633548,678.755565764596,841.66934601086,804.762516431828,957.620656718946,957.620656718946
"279",895.788850004401,889.923533551585,662.783342098468,776.288302132126,786.548617578013,884.518963354216,884.518963354216
"280",942.688107217719,837.925883560286,667.909548097938,891.86983157187,797.296441266117,906.627202237646,906.627202237646
"281",879.065282868235,824.519030993753,663.546437535895,789.225390771123,778.161263199473,880.764747794257,880.764747794257
"282",883.35806607324,789.552320688853,660.491904828501,778.6250472493,772.925542429889,877.572237227377,877.572237227377
"283",951.97776816999,908.260091467841,674.481858126208,801.038727063641,795.897123943398,909.526821494758,909.526821494758
"284",819.92610134742,797.786820862394,609.487755908585,786.472330872503,724.988345326807,815.74801734129,815.74801734129
"285",891.720747175873,890.8472610216,655.132087836447,836.414164251636,783.198250364718,892.90781516983,892.90781516983
"286",907.685991307122,854.35170906676,656.328613702211,791.87506336372,778.598461800551,880.669440806549,880.669440806549
"287",892.346549877846,815.333182928597,655.368738413565,794.833887203134,779.060061994679,861.634537514328,861.634537514328
"288",910.087955521588,826.347948167622,660.604053418604,870.319214661174,788.743803267573,891.054336273884,891.054336273884
"289",864.29377719193,852.450383954125,631.084814968213,831.182111641649,758.021167547875,854.740239811199,854.740239811199
"290",894.159971806996,863.638572703376,639.841461516818,753.783030346169,767.331098274504,885.332482478272,885.332482478272
"291",957.366183647773,911.441777413856,662.246367636423,832.584011575918,795.97544831188,932.852829679305,932.852829679305
"292",905.173530089006,860.829272925507,663.2544116426,849.784120701859,784.473855989855,896.585198967279,896.585198967279
"293",909.865786516685,866.37882049871,670.30187420914,813.89787591888,796.5552623103,911.781203948502,911.781203948502
"294",903.099169218128,799.290880078885,655.20227324805,801.933096372113,773.387631474758,892.49704519443,892.49704519443
"295",967.809820808423,953.428882735351,678.649248282547,876.674187395817,817.678932608699,947.506782451486,947.506782451486
"296",842.843406955755,776.167007901451,619.877552832116,723.203758894919,740.289858537588,837.248558127766,837.248558127766
"297",988.589014802366,949.423075829959,669.020946243159,845.058353776234,799.637534066951,965.748616694955,965.748616694955
"298",927.314318545381,842.258831268973,657.484146263695,838.57650106304,788.443349916143,920.653377505507,920.653377505507
"299",957.018083237993,928.62452539813,689.351184202896,824.681580921565,815.91252233296,932.916932877932,932.916932877932
"300",876.233101669065,838.282118564656,665.733692238647,819.107096209265,783.296799747289,867.342811165206,867.342811165206
"301",882.094367901157,794.234419920333,660.555352030715,828.546783656641,787.030745195546,867.419238111322,867.419238111322
"302",919.749083720171,886.237755052697,668.443396422232,822.155299307953,801.504274657321,890.364417581974,890.364417581974
"303",919.461525760684,797.24164701181,642.049097640114,746.614459977825,765.227146269317,883.693982608425,883.693982608425
"304",899.269618705034,866.844944286081,673.069121051018,845.79602188945,797.900427878359,882.024327653684,882.024327653684
"305",917.253799118082,897.846643403586,654.959738106434,801.073871200952,785.608798502954,889.235469282589,889.235469282589
"306",909.46184063255,901.345461423944,652.954746723429,793.908667162932,780.383581058625,876.850467932959,876.850467932959
"307",871.047391306195,785.809687419258,653.563025162876,820.758804837562,778.840050124998,890.942889213751,890.942889213751
"308",849.197413453124,836.939450131463,625.747863213297,778.423714029933,744.578368713995,837.987318210622,837.987318210622
"309",913.336554453399,826.935792137253,664.172159213001,802.583477126316,788.212280623906,895.540913726106,895.540913726106
"310",870.032468598137,802.997274111,640.002549601129,769.496859487609,770.658705772243,872.31043875507,872.31043875507
"311",946.647794666614,842.61528921478,660.372535114997,857.022835788526,786.266629528068,931.867149742971,931.867149742971
"312",942.185118657539,866.351273983296,648.02450173316,836.126094924312,784.352157474827,901.500326590309,901.500326590309
"313",892.53158547677,817.22568078021,660.966585770779,814.093907066064,783.936331558969,871.289413275301,871.289413275301
"314",874.683950597281,825.806779362545,637.474972535969,788.006363936289,762.996131217053,855.88350534422,855.88350534422
"315",888.493880029288,845.657637279743,653.145884282604,805.985856914026,779.218292058629,845.888091722246,845.888091722246
"316",894.41945351845,848.80634573415,647.46074827623,810.47453939031,774.919990066084,902.219708552799,902.219708552799
"317",919.398181331223,855.56027358046,677.78110508545,838.69286211648,807.952438420572,924.245329804944,924.245329804944
"318",859.115570922297,840.243539082085,632.515479527871,819.238150029905,758.274646314795,860.126067066012,860.126067066012
"319",936.847765694215,867.060963069895,662.836313177647,819.995027467865,779.556614375757,901.058104414015,901.058104414015
"320",912.312377768274,834.59748768152,653.401546339368,831.327408274098,787.393887284655,924.482563976063,924.482563976063
"321",876.246488029892,793.748460912272,642.440937043564,786.223392484123,766.895853052379,855.220628027075,855.220628027075
"322",880.130973279463,881.076424404243,665.67578048454,836.999075307004,785.595119381068,873.662291197332,873.662291197332
"323",859.903236456863,795.909266122618,631.513326817569,732.14698654462,749.633387214265,860.883773226144,860.883773226144
"324",920.598521348011,818.717136810331,655.39635216504,839.496405055299,786.748174112453,897.220138175497,897.220138175497
"325",908.913094706289,854.435377899413,645.991242402127,794.277127715704,773.847853502361,906.023468063037,906.023468063037
"326",952.197871238686,916.183352632181,677.645210449635,864.997599440107,794.727644773252,926.615908562854,926.615908562854
"327",923.194306134892,843.469702601059,663.816165700827,831.737748222044,785.066966404475,890.800193203079,890.800193203079
"328",884.125966878396,824.794381513005,652.914498894232,818.912085429286,777.164574428401,897.691246878021,897.691246878021
"329",892.424989260467,843.773198906435,651.473469783462,785.835767337568,772.813150166147,882.49941194408,882.49941194408
"330",892.849825665442,829.730968528337,650.046310388109,800.930399302677,760.87915475559,857.655967485965,857.655967485965
"331",916.356399063389,896.410730173347,667.307001119632,842.849066187164,801.814722138731,906.657181469123,906.657181469123
"332",933.836954693222,910.507032708319,664.299734093268,782.70080446441,787.456031234449,906.461391860648,906.461391860648
"333",975.862750890757,949.019559657096,682.202253697659,657,812.428186376795,939.548600205827,939.548600205827
"334",911.073443621419,836.486833422716,649.785457820197,806.986986685997,776.53907970346,893.247068901633,893.247068901633
"335",925.13951936096,905.783597034912,657.026209007872,832.41923803787,766.056374623571,885.186143502335,885.186143502335
"336",901.827863785106,823.115713157691,643.341146015861,770.313736832962,761.2271088955,883.531759327543,883.531759327543
"337",866.499156412003,785.204956185884,653.423861783428,806.977257412636,780.372298271452,888.095492134016,888.095492134016
"338",894.660528587868,867.598122547888,653.116400746751,836.739629186142,775.073173045695,866.335742887606,866.335742887606
"339",879.32721302857,809.482568129224,650.676800586269,785.774108740736,771.568792237109,872.500318842659,872.500318842659
"340",917.343637962457,771.70574927912,645.825410838815,824.558824079628,768.534364563923,901.674750114598,901.674750114598
"341",930.222343128861,802.002441407862,663.356442220247,807.617065183404,792.73169133295,933.984887188351,933.984887188351
"342",951.495800059263,884.932977577284,707.735789075944,925.446688590406,837.591830916346,957.372146732125,957.372146732125
"343",870.095607877926,837.462805247263,640.226778772338,819.487815470495,771.801527611841,886.330561018974,886.330561018974
"344",892.786772525918,841.599376763348,637.499645728504,827.438656307448,773.580926285884,885.981086796393,885.981086796393
"345",845.772795811384,792.37144279288,631.151894729286,741.689282831959,753.575532997975,849.271017576753,849.271017576753
"346",914.354168270472,853.520844082094,654.806229655875,830.677997321405,778.553829219691,882.979133283768,882.979133283768
"347",954.542974530007,886.562067111865,688.5098439801,829.295325690927,812.685538581164,951.462550342419,951.462550342419
"348",899.279657779628,834.735874753516,654.14111812485,787.361356518328,781.968835022189,890.741852677528,890.741852677528
"349",865.613196664908,759.508298027631,633.2288614506,807.303027620511,753.281831044617,869.943389415725,869.943389415725
"350",861.100007318247,830.240486942126,651.569162276692,862.609536272496,770.660389624874,858.132747832749,858.132747832749
"351",981.667809061816,807.153444974238,677.22212602717,657,805.999563842681,946.843845229734,946.843845229734
"352",898.922264963052,805.899517799161,655.75862618769,799.860050674466,780.679042659539,910.861549448295,910.861549448295
"353",855.914085414148,801.761434318157,641.279686529884,770.853280103487,764.071401389809,841.574218887315,841.574218887315
"354",929.13528269251,892.183549258538,650.367609679551,779.870107550277,782.658936154916,908.419702161053,908.419702161053
"355",923.495372868793,879.581935820679,654.742193734827,797.549516720932,776.921237337962,834.597943651639,834.597943651639
"356",901.662924493585,839.7420743899,650.354258123495,810.688386659788,782.717164276922,908.591399964492,908.591399964492
"357",904.695594404886,891.487897404952,635.761880139757,855.157935956159,756.546037948833,899.758945200255,899.758945200255
"358",885.759321771968,848.219147050717,663.277422892809,795.716462367258,794.776599682011,880.450820703692,880.450820703692
"359",919.321865351651,861.508466247184,657.876677524372,828.191039647203,776.706864898052,894.18655917728,894.18655917728
"360",858.351477074611,788.487236332247,644.559087432257,782.742090218327,763.369388127121,837.683099107782,837.683099107782
"361",916.342971380242,884.684135643666,674.288765672744,864.12518830377,800.891245849258,904.704581318671,904.704581318671
"362",1016.79083045411,958.40171349785,677.317216022003,886.375654032136,806.214886380845,968.365660262262,968.365660262262
"363",924.514201777134,861.263075646652,646.177746270235,862.62366538758,763.260278714831,902.294845002671,902.294845002671
"364",879.763702113407,840.194806729458,631.056748134994,825.170108823737,751.806951883909,867.812721518318,867.812721518318
"365",896.376195423547,866.540310871682,649.419659251983,800.278334306244,784.392178582807,881.782256457191,881.782256457191
"366",877.230984440878,858.73451191691,642.679314965838,621,754.978767072605,839.276672315547,839.276672315547
"367",854.07859462567,780.218485033456,648.506492974135,750.735070036204,768.884852565687,872.066947999721,872.066947999721
"368",897.175413465841,861.134423910379,644.627446140976,799.479990251032,765.55140226378,867.689960682928,867.689960682928
"369",844.574171667331,774.882931007059,638.874660849455,805.054323591642,754.774240856552,846.939149283355,846.939149283355
"370",882.015191451459,782.871652463307,664.928974554153,867.2102858991,785.381247999066,911.250502660326,911.250502660326
"371",1076.71821326918,857.828233467561,703.812374105378,1000.79967128047,839.065201630026,1008.1375539119,1008.1375539119
"372",928.310609864554,897.418320640439,667.769242402643,873.197078267521,801.350948330074,914.863620302509,914.863620302509
"373",960.333690175096,827.036805027326,679.153432033583,861.408810339062,808.760515890008,957.479664438461,957.479664438461
"374",903.109265537521,856.098415780633,649.537400404119,816.051843597219,772.362430586146,879.152784170358,879.152784170358
"375",931.019216151065,826.455467927813,667.62465586481,785.766177786386,777.824029387315,896.324799892639,896.324799892639
"376",853.443560340694,844.071552535732,631.540871785664,788.045605979654,753.56035938281,852.184916272512,852.184916272512
"377",909.844628297065,829.220655231853,666.270392099442,882.239981007898,796.800999157249,887.880569203538,887.880569203538
"378",859.629748735417,779.35967150007,655.056363873129,763.933733128826,767.91067898037,873.114015477126,873.114015477126
"379",887.934302400171,831.789605423183,648.266850642612,824.001073900214,766.27448471877,902.820288172776,902.820288172776
"380",878.44740230439,866.261620409325,641.587231715176,744.33389783455,761.945076234442,864.603729827657,864.603729827657
"381",881.733007201282,842.85170183435,649.836401043624,826.933777077234,769.384217387828,879.099718047631,879.099718047631
"382",893.317173515818,889.447185657281,645.24455197206,829.324479777507,776.40494232507,861.761060836768,861.761060836768
"383",895.515731756136,828.409624543212,650.768465583135,808.279365454381,778.907750666662,889.558643224998,889.558643224998
"384",904.503167645319,891.302541667873,659.778063250741,781.891234096876,784.504066245297,886.905058725873,886.905058725873
"385",872.117235842815,780.399336637404,647.344018686443,763.320988604158,760.857987131677,859.438192921826,859.438192921826
"386",864.172592579237,848.206248079347,628.964186641727,794.629080282431,753.956951330943,854.513417228973,854.513417228973
"387",883.155148796186,825.906950856836,668.470572290184,787.07069243066,795.207644903185,860.066378158772,860.066378158772
"388",954.681236090602,834.247190538793,653.672870178626,822.646048091126,773.946846222991,903.406602798036,903.406602798036
"389",846.397713837226,802.683363500184,619.400176320288,721.200953984221,736.073649640927,844.171099815443,844.171099815443
"390",947.257737324205,855.61026085535,672.740442683122,833.585730891057,798.892748797493,894.590542862139,894.590542862139
"391",974.342962506649,964.40363630822,680.36898323459,849.651968366622,828.669553782227,958.843294438962,958.843294438962
"392",927.919717256135,906.967768181252,674.014058161051,836.849392346339,807.358756637713,914.902623886328,914.902623886328
"393",895.093351693974,841.724048122892,640.927556356098,824.453404553992,769.598751553875,890.837606108792,890.837606108792
"394",891.290788932718,868.407945154273,651.822630963121,794.549238121314,780.041892873777,888.581565747728,888.581565747728
"395",972.445561785114,932.105559683191,668.589903975761,880.975123615463,796.27403041566,963.807131526122,963.807131526122
"396",895.441305100686,872.696661739392,639.941451817969,799.891201181189,765.663720281073,860.959334911412,860.959334911412
"397",907.676590323365,888.805112590164,661.543961098447,782.304752390742,770.345823372233,863.570065927348,863.570065927348
"398",879.891612560345,820.212569224564,662.42523063331,808.145612515782,782.425927892678,877.224659174173,877.224659174173
"399",880.251642461329,864.941528910447,660.483871877644,832.789478996255,786.012507612846,885.332458505552,885.332458505552
"400",863.045830152119,847.546858950698,656.121762088066,784.403752284761,777.758581463055,860.724991758967,860.724991758967
"401",837.950865321346,780.124928489528,624.373747686577,766.514747886,741.050671977154,838.012295979889,838.012295979889
"402",890.714561593415,826.826511763615,667.797271271393,814.607946091915,788.025326437648,881.151094984615,881.151094984615
"403",900.97082702549,819.978686206724,651.297561239692,849.824549399743,774.029634716803,895.610670164747,895.610670164747
"404",917.119605486377,877.869885803578,649.42532724017,799.851119241954,768.590131814077,880.926002682525,880.926002682525
"405",919.936556237004,843.220261122508,666.158246509786,792.259522645481,797.98846373079,910.855295415702,910.855295415702
"406",867.246362208003,845.835967671703,633.370726196002,781.938018326569,758.452173448835,847.29048260682,847.29048260682
"407",872.071136248645,800.815383794902,655.54632876961,789.970801055129,778.376964985779,882.721163970722,882.721163970722
"408",857.939156928628,814.720313808113,657.053900100934,794.46130690887,774.97814998546,860.250414965067,860.250414965067
"409",899.627236506475,801.401008976078,658.717609663791,805.550586235087,779.894757142663,882.556942087448,882.556942087448
"410",911.273482348133,867.801099716947,680.575848437116,793.239340189028,808.362475440128,900.893539128272,900.893539128272
"411",870.75717461377,827.441276662152,650.486942555703,798.399428501941,779.702696416301,883.506590502081,883.506590502081
"412",912.469843775228,871.046579467168,634.745723943754,783.911086309735,760.662810035348,893.581355792273,893.581355792273
"413",905.252636347133,891.210946648218,658.00552033245,843.421254626178,784.432326375915,879.845466513369,879.845466513369
"414",966.756607712805,891.931339136194,672.23827883821,NA,795.572363671381,924.358678731245,924.358678731245
"415",890.096644069379,816.684509805426,661.460990794921,805.272234699828,776.950829623405,861.493545948737,861.493545948737
"416",892.19639834338,803.253354550773,645.554599014734,625,761.214460840497,870.608451022079,870.608451022079
"417",898.888839351015,835.309665986313,656.289266670983,837.440872813739,781.465555994946,897.84999877912,897.84999877912
"418",943.602601975345,809.856721635531,664.59586413376,795.083609287605,776.774834195523,928.442135828457,928.442135828457
"419",874.434180407879,802.643007534441,661.634103639223,847.72221271449,781.306182804477,894.943939840218,894.943939840218
"420",858.129015835165,814.406676789701,631.744976564686,722.550376751856,753.178102689544,844.592841254585,844.592841254585
"421",925.967229514666,899.422434265317,667.527917429635,807.324055003614,802.220118263894,898.398246885768,898.398246885768
"422",915.35526149449,883.200887822555,667.620860942195,775.474087180281,792.48645413254,897.879275913478,897.879275913478
"423",984.800271398667,952.55103790973,699.632602893543,11051545890414.3,826.383972093288,964.221316255975,964.221316255975
"424",903.558863982139,823.070956742334,640.536380994869,831.052823610956,768.884438879948,914.872079476844,914.872079476844
"425",847.463906141931,779.598570285763,634.808310560943,769.463680502175,750.329289534941,833.154660390674,833.154660390674
"426",896.854003313334,845.778949819068,652.127306853591,826.395713216883,782.0787766115,884.730381220116,884.730381220116
"427",897.743166555208,876.208016943733,651.854198530299,814.986156999075,774.493739773294,870.293263554833,870.293263554833
"428",925.867619548792,794.446991660232,657.443927883173,804.470339614782,782.417470490239,893.409664689832,893.409664689832
"429",846.338031863523,826.693776534206,642.21600847737,749.923157778004,766.600763654578,843.906980081956,843.906980081956
"430",995.409458813487,954.822180090052,683.220578376856,842.942752254936,817.282268882629,948.626054525071,948.626054525071
"431",943.615912753839,935.114577331388,677.715068697826,867.361586083743,805.048699142713,917.260660231044,917.260660231044
"432",895.051501387924,879.21423327365,656.040555943983,818.02073840865,786.647489779223,891.374787934536,891.374787934536
"433",882.444173699557,774.085063482507,643.969638687026,809.688534140566,766.805714980481,810.439592832829,810.439592832829
"434",796.25345804646,756.065354474649,625.550433502203,766.529063431049,739.65175997809,815.412915555912,815.412915555912
"435",938.671671661411,848.096995469422,686.280903580086,844.328856937898,819.800027183243,926.910692487962,926.910692487962
"436",925.241643296989,911.850883312686,668.156220995293,811.839194903596,803.415813361142,915.92747411108,915.92747411108
"437",867.918241162095,826.754028664151,639.125540635875,780.889156204776,753.795756670509,859.549539923702,859.549539923702
"438",928.324868037456,899.013787577324,660.496730150865,858.498130159839,784.374994794967,911.383203437254,911.383203437254
"439",931.013339716965,903.123766606379,680.716822825952,874.59157626109,812.695619409574,907.200396355923,907.200396355923
"440",882.368934636714,878.807044373402,648.548468204034,819.645811143456,771.609042025701,863.759859625943,863.759859625943
"441",906.69188076422,860.120119820337,660.979469626551,854.916602806718,797.81550460292,896.833491027086,896.833491027086
"442",905.836554591873,890.672904144066,659.414671685855,824.071172332976,777.806837122485,885.064738299553,885.064738299553
"443",928.141359503834,867.521716383888,658.560917349871,828.603616040008,793.761267869825,909.660638735236,909.660638735236
"444",932.564575450908,917.620324144809,667.781790865325,813.906191565683,792.442367738948,889.73918775432,889.73918775432
"445",878.072340638646,861.220903674665,649.126904407358,792.463245535049,781.282476978189,871.819747558571,871.819747558571
"446",880.356640418469,841.77564058651,658.431771671262,765.582775049424,783.69552389671,864.559927058978,864.559927058978
"447",894.08373966142,760.160188155806,639.368324745057,829.945093481057,754.568808057457,864.838213753546,864.838213753546
"448",945.463071334789,833.850006668677,658.753931804854,810.494908847302,787.094919444914,922.31925064481,922.31925064481
"449",879.097607930101,837.97797150977,645.944409458876,786.06114134285,768.434797938714,870.079714291991,870.079714291991
"450",985.84223733916,888.953116233606,696.869337551352,918.399438781139,828.240390225838,969.686441194975,969.686441194975
"451",888.074190851222,822.206137001447,659.833253384955,853.771127568365,783.378857310348,890.270181633253,890.270181633253
"452",899.063804164061,880.670648213827,658.880937913431,807.325453545079,780.447163243871,887.904750943318,887.904750943318
"453",890.866951334756,850.878068815544,667.872227547919,794.147586280473,789.704523725693,877.776998078224,877.776998078224
"454",898.227485773221,878.583292190059,666.55477806033,795.578605987286,795.827160589063,889.033714735644,889.033714735644
"455",844.194558400959,790.049267000971,630.854462458451,767.208006938974,740.409266486245,831.828022705552,831.828022705552
"456",861.049655671179,854.191709427247,644.110259779386,768.764797818147,768.423021023431,854.83496413627,854.83496413627
"457",879.440318058678,862.252726791476,632.551187670085,794.863122387296,760.809723232499,876.553915939157,876.553915939157
"458",886.643665215836,833.311340496997,643.69320149367,792.403006307771,765.63746586718,875.646405269541,875.646405269541
"459",895.7134660213,845.640583579969,646.86208800877,833.641246368279,776.477789346008,889.693750447672,889.693750447672
"460",898.261713213182,884.62669384866,661.022450537585,864.594049617137,788.925297918007,893.508893122315,893.508893122315
"461",849.901912612226,805.623338642098,623.757652958652,753.056079892725,739.900012662666,839.763013692519,839.763013692519
"462",885.448360015941,807.677325525548,642.576453947588,818.954356881367,760.986189550919,882.141174515252,882.141174515252
"463",928.21012063224,874.999300336414,663.590722608709,902.326008652843,795.80032939322,922.468765673404,922.468765673404
"464",905.246743552648,856.231487511011,648.265720294458,796.772801378941,773.327163909663,910.923708220111,910.923708220111
"465",897.79901958239,893.064982582284,658.219812766494,784.513521789487,788.364466734919,880.533063727436,880.533063727436
"466",867.823445133218,836.545752122286,629.240513320043,784.264389301118,747.461996458333,860.207166981784,860.207166981784
"467",932.628454542687,873.325081505943,675.950414214426,791.719881838489,808.419104030636,897.499396069487,897.499396069487
"468",845.605011682265,837.319350902738,634.400302838207,758.405422978889,748.82038877021,831.819594653503,831.819594653503
"469",886.178605144765,828.809706286196,644.929529981963,818.281387866764,771.133679388208,877.160584184733,877.160584184733
"470",959.286796082191,854.645744690635,661.576797332075,841.032168163408,785.359716100404,639,639
"471",894.04039844815,809.100898064224,656.457682512624,826.816671096126,782.677228713904,886.023838535684,886.023838535684
"472",879.60927124968,875.825401039978,656.589797085561,840.8253627685,770.880415828559,842.004747996786,842.004747996786
"473",852.73970300596,768.628149232186,642.63608814496,788.46849684052,758.095547394603,841.590417739676,841.590417739676
"474",884.275501978566,801.730166979188,648.468679463914,780.914998609149,772.835542313912,861.013472395695,861.013472395695
"475",918.289088026502,785.605854195365,660.073183491929,895.109974917781,781.751869981311,899.613543740888,899.613543740888
"476",969.45875821959,901.07252471575,689.303020830182,823.711794138075,833.717361872862,942.658107581167,942.658107581167
"477",879.393468368653,776.680064035032,654.949092816533,800.072278431601,762.99492642739,880.406250460852,880.406250460852
"478",958.079699936433,851.368727836377,683.668923074907,847.48241055503,798.895776597544,929.013854412842,929.013854412842
"479",981.983730715784,920.750373781805,678.018025109627,849.016282352268,810.213968384916,931.378625109333,931.378625109333
"480",917.594037037361,828.672497401356,669.859421024954,833.845289657527,795.77228043908,886.312303867715,886.312303867715
"481",833.083215419012,783.627817302381,621.706810026564,750.118698142147,739.150330832123,830.849912191323,830.849912191323
"482",874.629373907452,839.65349717824,648.45700885857,802.946127946412,775.84911520573,865.516798436946,865.516798436946
"483",904.17821289071,885.903090298679,651.42614780735,777.166157914264,778.631676556183,890.687754919825,890.687754919825
"484",909.810243088878,865.768394150607,661.088289324042,826.840143755467,797.156306321579,901.26846025614,901.26846025614
"485",901.666410944245,836.956101103868,671.95700002156,820.817796269558,797.956672973685,898.148989561536,898.148989561536
"486",924.545698521916,878.644177760187,669.549288028984,877.579028766059,808.12687047212,924.389221332444,924.389221332444
"487",823.448922076067,805.127662366294,634.014851650808,770.531193735509,749.460691347925,832.795677624226,832.795677624226
"488",935.657674827098,912.831378905552,691.995481590451,841.247308992507,821.34293204387,915.019168103936,915.019168103936
"489",886.592982024863,806.559218158473,637.987193285923,764.32918394739,765.154304066262,896.788174318932,896.788174318932
"490",927.445057953141,868.396491089492,656.917165500936,827.657463456217,792.886486830668,910.763879915894,910.763879915894
"491",857.804743303274,837.752807791654,656.582434788988,754.856080856939,779.752463847232,855.305742721009,855.305742721009
"492",844.144412738491,826.515003609495,635.347463488952,747.310766978724,756.253851222005,839.322212380133,839.322212380133
"493",875.31331192902,840.333124856425,653.610515478818,804.38781939249,778.190060289823,874.772522788503,874.772522788503
"494",873.392099076017,744.605957277243,628.650577412002,1927046.45455386,743.971682793805,842.02974269843,842.02974269843
"495",861.510707984721,761.335176992925,625.10942536069,736.690975692097,742.708203216711,851.579727850236,851.579727850236
"496",847.57910706251,798.035028877647,635.101387256149,721.070551792406,750.313942724148,853.039351296256,853.039351296256
"497",922.943390992985,898.29530633547,644.488718840286,843.094563038462,783.903717603817,961.004684028312,961.004684028312
"498",843.790796461363,786.935352437481,634.797911265382,754.723170136873,756.18376472892,857.360822294633,857.360822294633
"499",962.272638761896,932.477434627471,635.863518397636,789.511711210212,758.893334191758,890.853750160658,890.853750160658
"500",951.131613024366,852.870733005076,680.187694194749,881.664208734926,807.11621014797,957.930047655404,957.930047655404
