"","correct","wrong_link","poisson","negbin","oizt","Hurdlezt","ztoi"
"1",969.678082749895,910.397437497177,684.702114157205,895.05647874589,820.751509050886,963.907320021477,963.907320021477
"2",889.394323301173,802.018085085872,651.256281634234,877.849368588124,771.076327624174,883.076537474112,883.076537474112
"3",918.716408384947,828.092358061239,664.389505209951,882.44739298491,790.098234804135,894.105897888376,894.105897888376
"4",908.899656539413,817.087265752916,684.2548472717,894.89840120209,801.830685517951,922.691232135071,922.691232135071
"5",912.450191006711,841.57799797639,668.813442812507,860.94231045752,788.989661192483,901.712682275428,901.712682275428
"6",850.48796362291,846.642755889179,622.862352376345,741.680583238159,748.251825763406,851.150939970366,851.150939970366
"7",867.068552011489,776.777587906653,626.440415230834,791.721994932306,749.6588214598,841.60960866064,841.60960866064
"8",966.651127573061,930.218285444371,677.354167567032,953.265537225667,813.116750464044,979.356324291424,979.356324291424
"9",920.696986458536,907.247223770301,646.270646065722,1021.90336421343,777.600494084199,900.861860390243,900.861860390243
"10",917.521368221958,851.508866432947,667.218184486095,835.726097053077,771.16404936346,903.880485171795,903.880485171795
"11",907.426061518466,843.640378670761,670.773521387693,939.689835489088,798.569835699776,907.70324252904,907.70324252904
"12",939.108778317092,908.304991989291,684.630818740048,895.562324521725,814.46195869161,905.191732320841,905.191732320841
"13",923.875462536225,864.965676367041,646.29125147572,828.93050775926,775.222196726938,901.572127085084,901.572127085084
"14",929.086423696278,792.636357639385,670.983834102267,3010444.86305518,785.416223268371,896.994116557394,896.994116557394
"15",866.926435248638,812.301556738527,663.266588305925,824.612575881486,786.445078061873,881.053389660399,881.053389660399
"16",1011.89526261773,959.253815794356,702.986153615008,1054.7331833663,844.466182562297,984.986374684203,984.986374684203
"17",928.888520929382,887.222761627853,689.504176853202,879.641528087989,823.407902400156,933.962765430924,933.962765430924
"18",928.39165831219,829.102688870356,655.934508503936,821.534407516965,791.814027182311,905.580159725507,905.580159725507
"19",948.804184775915,877.397640422345,678.726069721167,875.227639521495,788.235245515238,907.238049980725,907.238049980725
"20",893.569405886056,868.034504883753,658.716974036183,759.153752776545,785.54280168266,895.844215544426,895.844215544426
"21",907.56079611597,852.414797309705,648.639168750188,904.452319588859,779.39947239484,910.88613440386,910.88613440386
"22",896.504502662816,864.593400998685,644.797368492369,2251470.61365255,756.452145930543,862.599033509832,862.599033509832
"23",1005.66951654614,828.34971204621,689.867074888016,858.810939056546,815.9996400502,963.023735510173,963.023735510173
"24",934.323426237865,882.740288689959,680.356133449463,898.474691572209,806.796411996172,935.414012104176,935.414012104176
"25",1005.54161366068,871.814884996797,689.073653258514,942.856400129114,807.86372815137,975.054911667625,975.054911667625
"26",930.966884622091,896.4941579349,642.569734594625,835.088360759248,763.70595694536,908.980602687841,908.980602687841
"27",853.685782223721,835.001233581297,646.187211110156,776.667232563679,765.086810059323,838.882866047075,838.882866047075
"28",865.893985541935,814.98338364695,648.731671270272,789.273806204504,771.328709746851,853.987923859675,853.987923859675
"29",973.892489715461,884.231733180142,651.5151329426,845.555624606962,776.57451200969,924.151168337952,924.151168337952
"30",967.294004071215,934.391385461894,695.869974902012,878.03062787184,827.777093677435,950.349615608752,950.349615608752
"31",1015.41482113764,945.447539901201,688.18119155559,890.188617191584,812.533458908193,971.895697597159,971.895697597159
"32",894.970565146268,886.313315701588,658.706158642935,804.642344224825,784.325285847568,887.406378665668,887.406378665668
"33",924.266876713501,869.120541211837,659.824237783074,843.84598962216,788.410385609432,915.006722410706,915.006722410706
"34",886.617646662337,884.766873638212,648.808401541116,817.040333461089,775.885182541442,864.108824735581,864.108824735581
"35",876.478601001482,868.665347187691,649.694113079613,766.35642031818,774.414420010096,871.653321783401,871.653321783401
"36",829.217125042425,830.454215493244,645.451794325906,778.840754009954,761.543045826435,815.072230338094,815.072230338094
"37",866.638851032082,860.169679628509,649.168311780618,992.980441012385,773.991594414234,832.606306873228,832.606306873228
"38",898.305898294004,822.765825695464,654.307772073607,907.659793164913,781.031242493695,926.455085576863,926.455085576863
"39",920.671220884226,898.993137523669,648.714326280406,817.981384498406,777.547364582121,904.397540142293,904.397540142293
"40",965.4320786987,890.485748401593,675.242412550474,901.644401156311,799.030656310556,918.405399046195,918.405399046195
"41",874.203068876132,833.08781920061,633.605236741019,826.634487903358,756.419248509855,888.161563987343,888.161563987343
"42",903.552886263724,856.182019557296,660.531631893728,790.749372016894,781.354188936522,898.916757605057,898.916757605057
"43",879.478757571056,851.690140415738,633.174159860225,860.824326204012,755.82046251466,868.130598365284,868.130598365284
"44",905.665204313454,888.884320584708,666.182791252234,837.192439195515,797.549325884834,897.620711972178,897.620711972178
"45",879.132360491014,778.34536364602,646.22017399587,867.898241919807,767.243172609144,866.305701095913,866.305701095913
"46",985.58935394358,941.342970018721,683.202008054442,1056.6811984325,815.923057574901,949.178800530644,949.178800530644
"47",901.520702016106,892.116138751945,663.6675247114,829.045231654555,791.793120344187,904.572238145015,904.572238145015
"48",877.060911477882,868.190606530824,652.850946737975,871.993560495298,755.567855726842,849.092296033616,849.092296033616
"49",948.997517794359,816.512712415025,679.722820175502,864.541388501567,803.999938544931,938.485741221718,938.485741221718
"50",956.927560697163,915.832125804067,689.333457723544,887.07550245627,808.324943245813,916.582491389243,916.582491389243
"51",939.864410867143,922.784836119308,668.073062623729,898.998751560395,789.466939789467,914.460629717014,914.460629717014
"52",956.754222632364,940.105941651068,679.322894239837,825.895558954678,802.531758724196,940.619198522999,940.619198522999
"53",981.574618357583,806.131378594793,663.633157839274,3989989153.05458,791.809758911309,937.700736669608,937.700736669608
"54",894.379299510001,842.684859016701,664.976753179764,898.071637475741,788.788023357174,912.275323488111,912.275323488111
"55",970.602513674782,847.236883630868,684.936331275588,895.925283513474,808.991631481522,952.137601240726,952.137601240726
"56",957.602729425187,855.63828393952,663.890996216119,331619858.919569,780.14438298572,923.632640483499,923.632640483499
"57",910.987330799045,870.102730752249,661.535625121368,846.698663769528,781.496954757515,903.774454855645,903.774454855645
"58",962.638632318296,842.678752940191,675.446029077678,875.783045668038,806.189588536037,939.808573235064,939.808573235064
"59",968.003841955917,954.153913292493,669.247675746553,802.825172182009,793.05676609473,911.170571938056,911.170571938056
"60",919.287369869959,856.070549557605,649.847152937834,955.19357412241,772.610612232247,874.304748051225,874.304748051225
"61",843.691199407389,843.835631785006,637.064013337377,777.652003844669,749.051921123513,829.461104107125,829.461104107125
"62",917.059994646915,874.60153753054,666.827068300949,823.321450647451,796.456938502675,916.519395126682,916.519395126682
"63",939.797618130383,919.545336256384,661.601940006221,917.655574900225,794.475291859259,920.388651618382,920.388651618382
"64",886.749243333267,853.033523962549,653.018874777563,847.978882702158,767.55543550506,874.80802061598,874.80802061598
"65",903.201687038196,883.161333397704,641.703337274209,793.122539410905,765.33465663243,874.613278328895,874.613278328895
"66",841.16830021926,773.925516051283,636.267642488676,787.44755849346,750.558183783799,850.03597826846,850.03597826846
"67",875.825860714535,819.662781490479,640.146847977633,808.376728489163,760.784630081497,875.327059851089,875.327059851089
"68",946.14477913937,902.756170550669,663.788155815137,852.247756717227,767.014646372323,904.913643889561,904.913643889561
"69",916.422209506815,899.679385554412,656.872948372959,806.72892139021,792.987860322814,911.88245891986,911.88245891986
"70",983.59945481634,929.487094803825,685.920675566157,933.235941302504,816.937035617286,930.376763200645,930.376763200645
"71",1003.27635912411,951.367358149027,701.726442743097,900.406778932119,842.526519835238,988.317663542822,988.317663542822
"72",977.953194580898,939.730907186933,687.458217874668,877.595310147165,816.330269786169,967.542921544432,967.542921544432
"73",897.997483316937,821.792427412278,660.796278442658,830.525330000625,784.70795984644,886.812364342585,886.812364342585
"74",887.431551919554,865.903088315181,655.577700249518,824.892909531903,779.93299909313,892.009444658849,892.009444658849
"75",856.18383968397,797.138675844603,653.010825215323,868.920833741993,775.142379065942,866.059068928424,866.059068928424
"76",897.651887603813,860.976475512562,663.556964606245,868.564466647313,791.394351910866,897.649158975561,897.649158975561
"77",973.006359012718,926.118477991065,684.786599763191,879.802905102164,810.206592763472,939.496746584826,939.496746584826
"78",922.96435914445,877.382014193299,653.719297595008,852.147218161482,780.834066326473,917.287351098712,917.287351098712
"79",839.528154470507,757.740342342445,618.834676091988,898.033823198373,737.549010555932,860.793297244966,860.793297244966
"80",881.343327159651,812.1477941389,639.630892989073,780.852536694761,758.249025841542,859.281751081742,859.281751081742
"81",998.519237400861,952.57613828282,693.798911770126,853.660162041917,810.492557676792,965.20280444265,965.20280444265
"82",984.226597913694,787.630484046247,664.360948510821,9093220.40018807,764.699907847713,921.575786744696,921.575786744696
"83",900.491006365585,893.77661083121,650.783535322284,795.019220531424,773.990296120572,893.553326957039,893.553326957039
"84",892.166851636727,816.393658824785,634.195628092022,747.367763614999,761.263148541734,883.6290771849,883.6290771849
"85",957.163819555804,930.671220671153,673.704030285081,852.348605656377,807.898171456026,936.823150785381,936.823150785381
"86",934.538453425922,851.668990359133,668.720161180481,850.052484246657,797.78882547182,943.027686744368,943.027686744368
"87",850.538465206245,790.76392421747,636.579190207917,804.047455759938,759.065359274503,850.629704480566,850.629704480566
"88",895.141593669919,841.998871871574,631.940373754702,843.868708743211,756.090116395898,879.516124796037,879.516124796037
"89",875.825515618514,768.894214441454,644.065950189638,796.235399265933,763.757811291991,861.314724982785,861.314724982785
"90",923.166177876343,923.693641400188,665.269658742668,822.545017155532,790.568568029057,899.757797096629,899.757797096629
"91",838.389803072406,836.24005048124,628.435868332888,775.045880085918,745.754502215901,822.757503931443,822.757503931443
"92",867.564455070911,824.576422342616,648.055478770605,794.982857791367,768.145720166228,870.152076549544,870.152076549544
"93",923.180493028879,829.853531998871,669.843364309657,16000667.6604196,792.10025307596,888.522151145009,888.522151145009
"94",952.992335845998,942.020903338666,685.190380330592,941.275687699454,810.321232017109,934.628729638058,934.628729638058
"95",850.740993747,789.490487737797,634.586837431448,836.473614128084,759.125001003822,882.110913051966,882.110913051966
"96",940.629634930767,889.894840193694,691.772806723362,854.038237020364,816.800382993854,924.683052500811,924.683052500811
"97",878.106008111872,835.711711624069,651.836483497673,849.572574014628,783.542516064518,886.147482285501,886.147482285501
"98",920.300149465575,831.474377981049,659.851823658578,815.219270165308,778.598667968792,892.634857620643,892.634857620643
"99",959.800543521821,905.619507695979,686.534421863837,898.9050427546,815.625503341058,931.276075213733,931.276075213733
"100",899.470684521527,880.850441276723,650.696691713352,820.870491048128,774.181683349769,884.704585508799,884.704585508799
"101",917.680737894079,886.862989574746,667.909159465626,884.049895343167,786.205372723176,891.709302156101,891.709302156101
"102",923.221021695705,859.435686805468,660.832457388001,855.748924968238,780.224485209265,891.688529575468,891.688529575468
"103",915.480053395264,836.344340231224,666.739894989573,967.809353094613,777.12189896212,902.789582521846,902.789582521846
"104",869.475062842027,833.341188414799,631.103502288447,939.263363011095,753.904987550031,852.242752745797,852.242752745797
"105",912.478845318527,889.299236680423,662.36970056478,877.607679708078,790.310953493299,893.725405334594,893.725405334594
"106",956.807503544498,873.087910736697,686.63074284946,934.784886000216,817.017463548042,940.34509226433,940.34509226433
"107",951.73990152746,849.381904979141,669.609093557396,916.979840834752,791.210335546224,922.287710551403,922.287710551403
"108",936.298223690784,876.025654909651,663.366359844288,874.166195481216,796.178113675086,914.591614596115,914.591614596115
"109",855.620724899572,816.382379114285,634.59658276948,782.709965085016,750.293361926363,835.93546664076,835.93546664076
"110",952.435159212353,951.29529689462,679.537339877205,937.525055207445,821.780877783588,953.32915154888,953.32915154888
"111",971.596893388436,926.278158520152,675.730601916225,914.542087639182,812.39642317262,956.404885618122,956.404885618122
"112",975.15571507778,938.572579187876,686.811260526523,885.791993991032,809.845732682389,938.185116052318,938.185116052318
"113",866.26856140864,852.961737720778,638.17655985084,879.333729745678,762.865172431164,872.806446069455,872.806446069455
"114",908.843579401034,890.626782879497,632.695634311905,904.393980396328,756.323950554089,882.79485542519,882.79485542519
"115",872.712408152345,859.19772007189,645.210332430584,835.492014021941,762.614938688257,861.748354198306,861.748354198306
"116",869.54000950288,857.795700592892,655.118835515494,779.340861932555,784.785427174148,866.574630132274,866.574630132274
"117",934.618391151773,907.02075983524,652.525848689382,874.766430160174,773.643176759761,902.40554392607,902.40554392607
"118",894.30306458192,865.158090305142,646.101506226502,809.08480137081,772.38617833731,874.07974850209,874.07974850209
"119",895.622336528201,838.271910783467,643.152996613735,813.93757838374,760.110501549834,894.326254499331,894.326254499331
"120",956.411974223982,898.354272634076,678.228574810184,822.536593524419,806.774545651752,919.675649883523,919.675649883523
"121",896.752435797934,881.937940323844,653.062065063656,839.198023943786,780.877244478257,883.64047956694,883.64047956694
"122",946.58551845068,921.294416537158,679.60313701386,912.549652567577,805.075574289498,931.68649647,931.68649647
"123",900.985605486688,859.40995694152,653.97729034485,862.187268468942,784.528194100438,893.11928190819,893.11928190819
"124",865.454704269642,791.538409878233,647.229666418734,827.883858776758,760.113172295659,844.273655430056,844.273655430056
"125",938.888573046842,895.314877239252,658.339046871936,834.692950967648,779.541292183453,896.317064943609,896.317064943609
"126",898.475374439169,801.544666906074,670.778453350949,822.97296989433,792.848242148532,921.273284650108,921.273284650108
"127",902.650444375659,896.687372015848,675.754957214599,812.146592139963,802.14323801529,895.88676675607,895.88676675607
"128",956.234771095054,913.308110868683,700.280153455236,3382800.14096403,822.190502275973,923.245826163211,923.245826163211
"129",943.879750983236,862.087668184573,680.515988737663,899.444610719662,789.722750619609,915.883483183498,915.883483183498
"130",942.578102728068,920.624755455984,685.656258537744,887.613150723682,796.531056181524,894.128002809366,894.128002809366
"131",895.362120754186,811.8534777513,658.614439409587,787.645851802997,787.511786684049,916.023333172627,916.023333172627
"132",918.777520482667,832.574280830737,667.790096866399,NA,783.102129059241,907.682469450499,907.682469450499
"133",916.218545969903,847.765710009015,674.66217806359,836.79440591367,808.815331783094,923.031091261016,923.031091261016
"134",956.980262740964,862.564899978125,676.725727818654,834.138440296204,798.738021087385,943.653749100523,943.653749100523
"135",869.408825729942,778.982179348048,659.608696216434,13996281.2790791,775.136358598192,866.221536271781,866.221536271781
"136",985.477538435167,941.072145576174,690.544782451459,876.186807649283,815.622683854837,943.806692082901,943.806692082901
"137",934.751197404348,916.6565830217,676.622005752766,807.589375671545,797.979576508431,910.64035945807,910.64035945807
"138",944.012374042673,790.838240175552,653.960553287716,804.845501328258,774.898566706546,900.081306031652,900.081306031652
"139",902.503529515075,852.364892328283,663.058606848103,866.837605032103,783.778223990952,871.952134622296,871.952134622296
"140",938.984006168924,869.551893454504,653.755657601606,906.1443603171,787.456397926649,897.909875209132,897.909875209132
"141",883.189880367853,807.557745757499,633.639281195521,815.579697882857,756.268707677468,875.714419114993,875.714419114993
"142",882.249284555503,799.900686389185,655.726896242191,894.173067936517,776.981009220753,876.383605153287,876.383605153287
"143",926.66389194334,866.74119764601,663.896287378049,964.248013914569,792.12251138714,921.026085844889,921.026085844889
"144",901.578308143288,820.40112118206,670.543528102835,851.750557797183,792.6480710161,890.116232662239,890.116232662239
"145",913.728150400378,857.771432861174,656.83487524403,921.281891200057,782.75122041979,882.072534620669,882.072534620669
"146",896.366436830408,833.656933190796,673.797845026145,888.65875131361,802.638536620595,890.176018542024,890.176018542024
"147",873.470817011323,873.615329065391,634.47299174553,837.486834988596,758.098683876531,859.073024011601,859.073024011601
"148",934.949284896051,839.934429662328,661.656984311383,874.116846554827,784.95576146382,930.739520395669,930.739520395669
"149",907.016585572773,854.311366583499,662.706382522013,944.092851254107,788.52643198196,889.308026596922,889.308026596922
"150",988.557288775674,861.549347243994,668.649228361076,865.582558630897,787.3239737508,939.123605227018,939.123605227018
"151",881.258635435819,799.084393589755,661.827165980792,866.884716243949,783.957323588986,876.976003940888,876.976003940888
"152",935.710457885059,930.698371127258,647.692049916871,797.404665944456,773.874063675994,912.885753148538,912.885753148538
"153",938.479383631653,871.540529756201,659.353112091845,917.222353794697,781.207803193592,921.43126571404,921.43126571404
"154",918.869808286141,914.815916148332,656.750833757033,850.550768454119,782.403745270847,890.866732294761,890.866732294761
"155",900.608211570013,837.665906937418,650.151169765492,885.706234828429,771.741958232108,888.650240320687,888.650240320687
"156",953.859409966365,929.982358603005,677.007789277677,948.580593978119,804.44411038139,899.402736027282,899.402736027282
"157",934.801820530002,934.758533752352,666.523253840163,810.040381910466,795.87609844946,896.50645592864,896.50645592864
"158",926.359404297353,889.095111855066,663.827218751923,966.731622273375,790.37896432045,898.781781511807,898.781781511807
"159",915.473014405777,844.193382837011,642.206188327592,953.903848294579,768.089890660001,882.755584569188,882.755584569188
"160",869.439270138482,814.918461938751,649.488501949933,867.189420121283,771.005527107192,869.193865280367,869.193865280367
"161",945.169549249767,888.517729836689,663.735656953653,835.409808258576,793.471223754492,941.587976413671,941.587976413671
"162",906.127758489251,824.08454195986,676.484776444845,852.99204404844,796.396521447963,897.865456633549,897.865456633549
"163",949.367789125855,931.247368199062,678.89426489231,866.976395282127,796.800317584808,909.286394984839,909.286394984839
"164",918.116637510371,842.674746666837,662.721008966426,863.988021279944,791.499494438106,907.032133874234,907.032133874234
"165",889.695233356562,882.122626619902,648.068171240252,849.891060307189,771.593301237929,879.487268574328,879.487268574328
"166",1002.88631776614,922.269092889347,680.758603932032,894.159042817402,808.121798633199,971.490683275279,971.490683275279
"167",915.089556250703,890.81608832411,652.032057399325,924.481382257467,770.59729209751,894.24945369856,894.24945369856
"168",849.268442012504,830.789836647893,641.638567038493,821.416631438981,760.184898905045,833.985096908004,833.985096908004
"169",949.964263435358,899.579954217447,672.590602224841,894.836036611593,808.577727400144,941.659317721111,941.659317721111
"170",900.011412248529,900.879267947148,659.481327020752,825.63425693187,789.863135018824,893.298663462224,893.298663462224
"171",859.775828031105,830.72010418736,647.18913452674,772.76652880492,762.455013890911,849.693913157402,849.693913157402
"172",910.777165316121,885.64480079522,636.402670929158,897.814034596626,762.598777288011,895.591538267991,895.591538267991
"173",874.723914692525,863.547524953192,658.2689886132,894.677580283504,785.81489326979,875.862210908522,875.862210908522
"174",880.354367250322,862.021260833351,644.567226899088,809.179952694705,770.217639423636,872.452025648963,872.452025648963
"175",851.60519262904,804.466862195816,639.180168728731,771.443573078653,756.592399277685,866.54779416464,866.54779416464
"176",947.25329431901,911.61044385466,681.804020692472,923.050122759289,812.787507125453,921.331458532602,921.331458532602
"177",975.179334451807,816.903822149239,675.283130174715,859.270242187985,790.782281614227,950.771075737604,950.771075737604
"178",868.298107626203,832.642659750276,637.81962501435,825.260746619354,757.750731494546,866.945727479418,866.945727479418
"179",1003.42421468709,883.936218099935,693.90754708481,368216292536.73,808.627466948669,923.337361043827,923.337361043827
"180",933.701204532879,859.523458812409,679.628489386757,814.041607553346,807.311834281778,912.640209303786,912.640209303786
"181",966.277778053202,956.646334138835,647.904614156406,847.679931777599,770.262058560759,890.61888833747,890.61888833747
"182",849.373819859461,787.451103527468,632.639833090762,774.582459921734,730.31438272056,820.218897665795,820.218897665795
"183",900.175851024652,849.102306407521,646.407750919292,864.374346347336,770.922620398926,887.297335862625,887.297335862625
"184",855.48540562479,773.044843403984,631.785294422853,830.782300369398,744.048655552708,851.671344379866,851.671344379866
"185",856.628516858113,826.388790448581,649.441801022847,841.141243377774,768.435096996302,846.648433728363,846.648433728363
"186",940.347214835749,831.97029370641,647.327021042154,857.973509259599,783.221851324956,933.59470604054,933.59470604054
"187",912.576790487461,813.074840520077,675.588152608025,8612035.4449812,796.06257133958,922.141645550644,922.141645550644
"188",910.912013028049,843.350688840392,663.557847881304,781.004551201376,777.504670698175,890.074887520927,890.074887520927
"189",887.706552288428,778.847235186912,658.091208367553,955.494472189652,778.008364487891,871.381969533526,871.381969533526
"190",972.259277953039,942.706772078512,680.66009923445,880.575898500271,802.474619138203,936.593948824833,936.593948824833
"191",1028.73834946343,986.558444764628,693.112190825594,7015421653145.55,819.110403977993,951.905307142381,951.905307142381
"192",879.707986163087,823.598442360678,656.692783215469,797.635925539344,776.024880892167,886.061805856352,886.061805856352
"193",895.911446899413,794.052500793764,633.541136433076,918.061122704962,747.200728105482,854.741568505899,854.741568505899
"194",929.617986379279,810.526815924385,667.947344266748,827.167398156066,795.492118371123,925.573253708784,925.573253708784
"195",952.576024711873,844.340226782441,673.828896793038,905.972132007013,798.84530679693,881.762011320614,881.762011320614
"196",920.093487399767,861.508780565511,658.321186440078,805.220677241901,791.133190849155,906.655264847586,906.655264847586
"197",852.584390389794,812.09088126664,650.445674513951,792.230691991795,771.10945854049,854.489235816034,854.489235816034
"198",984.598885680825,873.207716691982,672.222527794734,874.085031980619,795.685996094891,969.690636078998,969.690636078998
"199",965.131460974284,931.336049603678,663.214109318659,846.173164415968,791.829731843835,937.029415868868,937.029415868868
"200",860.27853669229,835.005892740098,647.525139943181,1935023084.08198,756.693595021532,857.782494203323,857.782494203323
"201",960.29514184974,924.300909034897,660.274951651188,783.936634210698,780.784522799715,909.118518429717,909.118518429717
"202",969.763028587266,890.600584328784,670.076649474204,1010.25989814607,794.185831970291,926.561343797226,926.561343797226
"203",906.456401852427,821.969717430048,647.70328456439,833.807719702138,773.461551921148,891.384417104083,891.384417104083
"204",925.366503688855,836.332105761887,669.395204522685,837.158568097299,789.229601661794,909.893863389694,909.893863389694
"205",1008.97028234215,962.115979614829,707.490980854859,17238610.4327121,807.247727787273,946.219620776692,946.219620776692
"206",941.104007777047,889.07950262684,676.343960973906,841.597777218423,814.19837231703,917.715046522065,917.715046522065
"207",952.816598273945,923.072823195499,666.058817286128,844.342661891827,799.817162670227,913.18409270127,913.18409270127
"208",950.984957782579,925.093884467433,649.204006940597,895.359850765154,759.509009017939,914.326968072863,914.326968072863
"209",897.055398886046,802.127720109042,653.39591092344,1003.20382903017,778.647825449111,893.725809709818,893.725809709818
"210",942.030630101782,850.219797031106,681.342270603547,19933925.5315747,808.00492936444,934.294313032483,934.294313032483
"211",972.590852031923,917.126938052263,675.461167292987,858.270214208797,805.092117039195,940.35127651961,940.35127651961
"212",868.987769464582,783.071557292833,639.411774555409,846.166864021954,768.432385922518,880.446946281857,880.446946281857
"213",944.651760372992,853.636012285861,672.366798492187,821.723000508586,792.180645248789,917.694054062335,917.694054062335
"214",928.8026321476,891.927106509335,668.166885381058,892.21384569346,788.554984851039,900.125464842604,900.125464842604
"215",884.250175235628,796.394496716208,624.587773265842,770.316192654876,746.234212310516,867.905645797283,867.905645797283
"216",932.727857202961,897.656151067843,665.487571248311,925.799961884138,796.426721328942,899.055344149259,899.055344149259
"217",977.141933607753,965.573540749535,660.129624605731,808.364154942297,787.974294767857,948.144274035729,948.144274035729
"218",881.899263803365,856.601662373739,650.871496974795,859.212868258677,777.335933351554,885.710808361452,885.710808361452
"219",916.254271474407,906.72837122031,674.957653994551,843.479392431388,803.914576806233,906.118239246635,906.118239246635
"220",917.301051163692,873.325172085287,675.652800000841,893.136205054524,808.061248664319,911.228464659759,911.228464659759
"221",924.227984306514,838.829265962554,633.018883837166,799.294969614042,736.549463126765,881.615022619578,881.615022619578
"222",874.697716538529,863.268558981922,650.074675160032,875.55614119734,770.842915391175,866.183546550697,866.183546550697
"223",985.044965959013,865.591372987184,676.892051985859,877.552685034559,802.782442190235,954.588294774679,954.588294774679
"224",979.481913004681,905.07531922818,661.348955866021,821795514.469653,794.44818487948,943.23924763675,943.23924763675
"225",981.087256001591,847.030406458909,651.91083963726,965.637230780448,787.995909040456,966.873959804686,966.873959804686
"226",1036.26678484455,998.417462637749,688.989711948782,853.325574255349,840.837298369026,1001.02665492917,1001.02665492917
"227",954.849412615771,855.397075304953,672.719301661461,939.077843115297,800.646947740228,948.975256872936,948.975256872936
"228",983.711321081194,858.02025368259,670.854438012079,890.802806596346,797.950399215888,907.565679774612,907.565679774612
"229",917.773275457318,865.825359486293,658.28212563289,806.384467752361,784.996744450238,888.894894895381,888.894894895381
"230",964.809389048654,868.245945809903,689.136229073343,852.298394722133,824.009351031279,949.434766088775,949.434766088775
"231",902.526091134929,890.053783280114,661.908896621261,837.459984026824,784.487879954221,876.915121247481,876.915121247481
"232",862.256359827279,849.958189009161,619.803515402383,802.11337830239,744.492361364872,835.749225208952,835.749225208952
"233",880.780438611792,774.944937227101,653.170987692575,832.361465336477,763.986195226596,852.613144133803,852.613144133803
"234",935.511580756732,840.128561653492,663.244575203669,834.10083743246,791.78702770958,896.887989746271,896.887989746271
"235",882.015774170175,865.000651718538,653.922325616493,874.622546099406,780.390028764126,859.814789192888,859.814789192888
"236",860.95377058415,765.213297790652,635.342960553069,842.243217385983,753.573538797643,863.196238006738,863.196238006738
"237",889.934722453131,824.788193627039,663.112393831121,843.880086656474,780.524184853041,885.585574199658,885.585574199658
"238",943.49095974685,849.145902433674,665.823884280804,863.450586728155,798.324295524046,892.529914922201,892.529914922201
"239",929.948592937197,875.763802674806,667.194789594572,969.302127036719,791.53277224887,934.515524488762,934.515524488762
"240",958.160735761419,850.512801050852,667.819255423365,910.148592957941,792.838497204332,917.795789928293,917.795789928293
"241",949.473344754676,873.11123274719,670.517280190339,854.969880957545,802.217374458627,939.236024857179,939.236024857179
"242",909.2834661387,872.827806996017,659.926686318644,861.31616252244,789.018050884536,888.698555415014,888.698555415014
"243",986.929581042304,951.15426638923,704.737808595119,937.974992946831,827.818385812288,958.138011588071,958.138011588071
"244",940.49082489045,881.86685591087,669.228409324673,13183705.1220907,804.839771881543,923.429460104103,923.429460104103
"245",892.00631612112,817.526423976553,661.87440483188,834.387436076871,780.809919368314,906.948496343748,906.948496343748
"246",930.768437553177,855.344053538917,668.193888300607,3731422.84368789,802.664769753161,916.990523529112,916.990523529112
"247",931.411451941991,907.026479107753,655.913745678472,832.825441779854,787.381215763975,902.813388279131,902.813388279131
"248",875.260592315249,855.924199103202,670.138944340524,842.118323831462,791.371000274191,878.391846860982,878.391846860982
"249",888.107097549789,869.307109457633,643.527879181068,811.083250894295,765.669436420629,877.225001118779,877.225001118779
"250",866.400972326079,789.352535747065,657.61708137448,957.949068881357,776.058364265302,874.155747715646,874.155747715646
"251",944.327307606418,938.607883210472,668.69776452825,872.589267476092,802.150001481072,928.257776791733,928.257776791733
"252",915.30299144524,822.866259178716,646.47932088862,985.997835337096,771.683501768948,899.332268626533,899.332268626533
"253",941.867465591435,875.317414018538,652.659552923039,887.597057905006,783.504678138362,909.887260244592,909.887260244592
"254",877.521580102359,853.033691056356,644.965809095473,780.622957900172,767.774236974755,878.088639691666,878.088639691666
"255",872.851690361946,806.887158418805,648.993022342424,775.86845964719,759.901347345117,855.957910388772,855.957910388772
"256",966.845767171412,908.262090791476,680.364292819061,944.333058448987,807.764384633019,943.986718854818,943.986718854818
"257",974.610505502498,931.031238552237,653.507922981524,853.349270324887,784.542812937806,930.458314701342,930.458314701342
"258",888.334737908396,843.4276509606,648.823787826898,893.036403616528,781.4978634827,885.487417647222,885.487417647222
"259",980.251102815861,950.69852041744,665.472770275183,885.303641236585,811.412853414388,950.127981460967,950.127981460967
"260",936.553646904313,851.34408651933,666.633076841844,857.903552121053,793.120711804114,917.31837351078,917.31837351078
"261",856.962768101294,797.323900588097,641.469056551136,874.942978147116,761.023498970999,850.030060766337,850.030060766337
"262",900.184550344791,837.921925460531,664.672669860578,822.647564177195,783.779756348686,886.189036293496,886.189036293496
"263",916.566301299552,898.628513320173,676.285401836204,927.401759893856,812.158154994753,906.122198724942,906.122198724942
"264",945.74366624003,858.30944370984,686.315287288301,829.683474364385,817.415138301489,923.376442949314,923.376442949314
"265",895.224110845802,860.285718908326,648.661672329467,827.719153109485,781.156583240982,887.262244738311,887.262244738311
"266",895.643593210026,869.169629184895,660.185527346456,814.095735182747,794.3626772416,883.643975255124,883.643975255124
"267",907.250986811924,889.648376519825,652.869064938496,867.483013646078,782.328119134625,886.756751918757,886.756751918757
"268",935.801466352729,832.146842530583,655.179180295011,873.796194826093,777.14693455392,920.073416067189,920.073416067189
"269",870.532562538311,799.251517081532,630.022688747333,912.628747117582,748.858609826537,869.89837448688,869.89837448688
"270",963.996520359063,903.20781177619,682.933161097106,853.159426810947,810.415891300001,938.145892778321,938.145892778321
"271",909.160447694964,839.8284739982,665.987036314425,861.730849629735,791.885178499725,895.569263128514,895.569263128514
"272",926.302242052147,898.796713373636,655.728959747924,903.710279416338,782.266736349218,917.622170811729,917.622170811729
"273",838.989385755222,826.024167951455,624.74563385335,796.920285337879,732.66752172753,813.074887104635,813.074887104635
"274",880.405921674548,809.011505546667,647.332305157322,810.119354335937,756.952224948129,870.391224430595,870.391224430595
"275",954.763307916857,864.764420797949,682.335150823135,865.65736144913,805.4465514341,954.492864009618,954.492864009618
"276",928.239603798834,841.118782115492,659.97667851347,885.447993231721,793.491012037061,920.99203760149,920.99203760149
"277",952.054044887067,873.8742186277,705.601925329314,965.617165651095,840.432965167839,963.892698225018,963.892698225018
"278",975.617455120992,960.298861797315,682.221948961806,883.51465746342,807.578612758576,968.490619408638,968.490619408638
"279",906.918310425035,900.915874856487,665.412838546711,798.107828945878,789.264325382566,893.793685399353,893.793685399353
"280",955.0905444876,847.471349885281,670.952606030562,968.45416718888,800.088017889127,916.804451749589,916.804451749589
"281",889.437324909902,833.998598943618,666.288156280269,814.989194786635,780.83655089073,889.309860931802,889.309860931802
"282",893.883650885634,798.847071320248,663.851010880646,805.219453074846,775.621622403909,886.166620013821,886.166620013821
"283",964.249087888996,919.30060203901,678.311892227856,829.281542324524,798.725797868268,919.366877151881,919.366877151881
"284",830.839819857241,808.229531251147,611.836500074016,840.432813812439,727.703307849635,824.534269770748,824.534269770748
"285",902.224812180775,901.328397571836,657.472305357157,892.69999570556,785.890462332533,901.389266990671,901.389266990671
"286",918.96309754031,864.193480876844,659.225056222557,821.733431658089,781.344974279568,889.476863955205,889.476863955205
"287",902.46739683166,824.516749822444,657.80326345575,830.325990641898,781.704530296251,868.640634435767,868.640634435767
"288",921.201042277482,835.753822041571,663.139877730511,928.188924346096,791.497435428721,899.857764674572,899.857764674572
"289",876.13301409954,863.397217195037,633.850125022818,912.093687568099,760.835640635481,864.722080758929,864.722080758929
"290",905.476131170959,873.818071098285,642.47395001879,779.637425910757,770.0593423552,894.914100893522,894.914100893522
"291",971.774978325323,923.935340110162,665.637242938104,871.578262356596,798.892550904731,946.048964975914,946.048964975914
"292",915.51719080152,870.339920484021,665.763502186347,901.942774551436,787.155334402614,904.862747444017,904.862747444017
"293",920.291834345617,875.823929384072,672.71978393467,846.683221601897,799.220451999356,920.501071405006,920.501071405006
"294",914.76784815161,808.736917627851,658.413992816772,832.667250880933,776.152409806043,902.868354197876,902.868354197876
"295",979.672591909533,964.902163869024,681.444585403588,932.282323860225,820.483950439666,958.28120248223,958.28120248223
"296",853.594130323106,785.463652727546,622.418543842216,746.963123914286,743.003122781665,844.92122926362,844.92122926362
"297",1002.91359361695,962.219396291028,672.591760675561,890.128701001379,802.524522914941,980.114321488822,980.114321488822
"298",939.515973160818,851.718606055568,660.40702901387,892.808291897565,791.228444991585,931.947951247137,931.947951247137
"299",968.551964038957,939.50826343857,692.581229687683,852.788868103938,818.68930583702,942.689095718444,942.689095718444
"300",886.781760879302,848.042864093309,668.259688850424,855.768553428375,785.924404922458,875.126392660451,875.126392660451
"301",892.709795320153,803.663152142857,662.913733086391,874.208582775655,789.722239251006,874.692077786728,874.692077786728
"302",930.363000208158,896.071280089372,671.152288845137,862.854847708716,804.255273075193,898.301323288747,898.301323288747
"303",931.648922740484,806.3406273663,645.240026389403,770.390381269302,768.030910814725,893.341907750986,893.341907750986
"304",909.220867562069,876.259560982082,675.35037300496,893.850737964289,800.512115268732,888.776538753688,888.776538753688
"305",928.74077993776,908.809261734025,657.800047305337,836.572949278374,788.384913495693,898.529155345939,898.529155345939
"306",920.938139184569,912.591382629726,655.938453488613,828.171213000338,783.17756584689,885.639261083954,885.639261083954
"307",881.804124691434,795.13928109533,656.034808678409,862.835808976984,781.545984033987,900.266337158396,900.266337158396
"308",860.699479295914,847.717540244047,628.172677906819,819.033157075419,747.30463701981,846.298437516213,846.298437516213
"309",925.852189632829,836.638487474307,667.428746067209,834.835073416171,790.987394137863,906.539768573549,906.539768573549
"310",880.95008092564,812.318426148205,642.484714687249,799.934503729588,773.476854049013,881.324626068553,881.324626068553
"311",960.774098004883,852.586848351792,663.670389117272,914.734367204858,789.116292499314,943.101023968304,943.101023968304
"312",954.902280651872,876.556225863619,651.122764662628,895.15487465443,787.265196407286,912.323951515811,912.323951515811
"313",903.327731633012,826.661334457725,663.420762336366,851.638389973842,786.60835565612,879.589307708213,879.589307708213
"314",885.280756882936,835.318441994133,640.016556221494,829.11227886756,765.699694678452,864.0759267206,864.0759267206
"315",898.64558851283,855.141044482656,655.645811461699,848.844566516072,781.894047144305,856.32153416345,856.32153416345
"316",905.775964358707,859.197525904775,649.81160386991,846.73868017015,777.674020153324,911.977631953255,911.977631953255
"317",930.036257652711,864.912476020507,680.526280884447,876.195701978074,810.678384166276,933.478776710324,933.478776710324
"318",869.511335743502,850.285788097259,634.843135039344,896.057103320069,760.964940149834,868.554041653194,868.554041653194
"319",949.506376540195,877.443665619515,666.411564584194,858.088690177465,782.375365945244,911.447411360723,911.447411360723
"320",924.093218018151,843.941463057273,655.9812427642,880.762296786927,790.176117240846,935.312467620249,935.312467620249
"321",887.997752355591,803.258741979879,645.315218671837,823.000428639704,769.685120048755,866.048605474643,866.048605474643
"322",890.396029233167,891.296986318217,667.96657339673,881.047371222024,788.216191500067,880.743373128268,880.743373128268
"323",871.329281296294,806.007397389093,634.477723573735,752.208731417125,752.383932254676,871.263190259422,871.263190259422
"324",933.688107162215,828.315914403539,658.332709089644,887.413045197517,789.638645282021,908.422081326968,908.422081326968
"325",921.231655431173,864.664809506872,648.56073633003,825.80187593125,776.627904264594,915.944956614416,915.944956614416
"326",965.145923507518,927.72579108042,681.139351010409,906.177583295295,797.516600441994,939.117308920234,939.117308920234
"327",935.152803786463,853.704627736783,666.975077849401,871.067030664628,787.849289903014,900.326802538638,900.326802538638
"328",895.26473642915,834.29536461187,655.606637265937,858.835587483381,779.903462949894,906.920614756658,906.920614756658
"329",903.507765357106,853.649856753859,654.145708170563,814.875775034088,775.515137006957,890.828017077199,890.828017077199
"330",904.589279151468,839.796983758293,653.231813028765,838.637195726326,763.575431827739,866.952420996696,866.952420996696
"331",928.098077563016,907.595594385139,669.918717380045,888.774980729619,804.611448728441,915.935638183955,915.935638183955
"332",947.014910865521,922.814642724354,668.219028752627,810.581756183862,790.315794835547,918.330780979151,918.330780979151
"333",988.476373272107,960.83311196908,685.772743121055,23557997.427874,815.302647201842,950.439039277151,950.439039277151
"334",922.346686703394,845.848280531795,652.787861223083,854.172166296224,779.278442960175,906.767772437472,906.767772437472
"335",937.849370563457,917.862594472253,660.605484524503,876.154465242873,768.836818769206,895.879499970528,895.879499970528
"336",913.912712794148,832.910223701162,646.230184533824,796.573140196362,763.977925469189,894.217473349937,894.217473349937
"337",876.847997815987,794.575945651728,655.872319810238,841.687814983726,783.092209545658,896.87830885472,896.87830885472
"338",906.04793848363,878.339153323515,655.913563460372,886.898453826312,777.811522889146,875.096933212939,875.096933212939
"339",890.841295280263,819.091510684921,653.271059355024,816.278385929307,774.294715432131,881.822698724786,881.822698724786
"340",929.749885480924,781.106291677869,648.581347922134,867.09595541787,771.302152787232,911.059619267952,911.059619267952
"341",942.847254823499,811.280556375836,666.562312448323,840.198954632055,795.54529651386,945.284514145741,945.284514145741
"342",962.450351212674,894.552871392976,710.344509988643,975.321102070336,840.282529504043,966.998420926074,966.998420926074
"343",881.360939923025,847.180269020301,642.769325007661,871.875525694317,774.600214221235,896.480738859786,896.480738859786
"344",904.341660769325,851.217451097015,640.012910311813,897.013950241842,776.412372975659,895.185553980424,895.185553980424
"345",855.603756438429,801.361846846025,633.369769297183,768.841620484387,756.208392183692,856.664064821851,856.664064821851
"346",926.240855789205,863.634591186479,657.919948725571,881.310939914035,781.37775409776,892.73482328214,892.73482328214
"347",965.963538212716,896.710835306013,691.174863263233,855.021811707932,815.401334985648,961.819548734365,961.819548734365
"348",910.353970506051,844.187410999559,656.573626152279,817.171337806252,784.670597100516,899.259073120691,899.259073120691
"349",877.77075678156,768.874988650728,636.416807282575,859.00410467976,756.089161619492,881.178295771822,881.178295771822
"350",871.138066723469,839.950265186201,653.858297224564,968.359748260019,773.27146787384,866.041958950133,866.041958950133
"351",995.840338359588,816.66323936799,680.474649410837,47243467.4181881,808.888286857488,959.497105142471,959.497105142471
"352",910.251452899483,815.233991491245,658.378227643469,829.683323235196,783.403753524967,920.104456752765,920.104456752765
"353",866.413337953572,811.147059660161,643.813739654344,802.689673094394,766.791489101619,849.181305833244,849.181305833244
"354",941.896589832596,903.727833640201,653.275334471012,807.873106336221,785.504368806088,919.218816610542,919.218816610542
"355",936.316638911638,890.991812513816,658.156917160149,829.333485467265,779.759076118018,860.018474823267,860.018474823267
"356",912.967267282724,849.137475421395,653.006496678294,852.211766456329,785.475724729736,919.290682079003,919.290682079003
"357",918.330868190037,904.559151055088,638.859850626777,923.646012678969,759.405892229748,913.192815353385,913.192815353385
"358",895.959760792213,857.556890644812,665.513545228598,828.685060056829,797.444776869677,887.753793071155,887.753793071155
"359",931.415206237265,871.712868484823,661.339081323958,872.442092023201,779.459667751587,904.538860618267,904.538860618267
"360",868.709584893915,797.912174523373,647.325258652545,817.955918846001,766.080296436843,845.181011267434,845.181011267434
"361",927.046640315737,894.79806268102,677.252350335462,925.023334785024,803.612043808254,913.149188494988,913.149188494988
"362",1033.00516716749,971.987075344151,681.767227368624,951.575671602257,809.181021802219,983.57574591812,983.57574591812
"363",938.330332072436,872.284559557237,649.79739660651,931.082911852775,766.087756509584,915.352435698265,915.352435698265
"364",892.410498637246,851.430875566451,633.738886054309,884.421848758593,754.573768281366,879.249330321561,879.249330321561
"365",907.070756985549,876.305570012979,651.867584795298,841.981556099628,787.146868425856,890.489057896677,890.489057896677
"366",887.789528859509,868.941852018621,645.78136028317,273328.686151754,757.689009973153,847.06984186981,847.06984186981
"367",863.967787806863,789.525169382389,650.81314707744,771.374766387171,771.52022825387,879.550901651168,879.550901651168
"368",908.28533372735,871.442075593985,647.383952733841,839.334823600431,768.252675742056,875.778446866505,875.778446866505
"369",854.228757967824,784.085831170117,641.105621755466,850.499390258118,757.381183937692,854.082513705168,854.082513705168
"370",893.120650811968,792.547144690225,667.663455809927,916.723687702274,788.108141927303,921.17752457446,921.17752457446
"371",1095.3524446927,867.240532570468,708.070620123323,1115.68773989198,842.046359403011,1023.65475991156,1023.65475991156
"372",939.725081208927,908.062024892003,670.464084908559,938.584282341893,804.107528135149,924.17626893214,924.17626893214
"373",973.961835080259,836.549265059961,682.360264823178,900.580134011849,811.657308968683,970.189557216768,970.189557216768
"374",915.191944446255,866.494712217379,652.663922035052,868.402241571665,775.114317353334,889.17554289133,889.17554289133
"375",943.56881165416,836.341395336713,671.374797231795,809.079073708377,780.57089100046,907.069435548357,907.069435548357
"376",863.59961009178,854.066217611023,633.746927755834,835.415404728531,756.205798694289,859.874229346862,859.874229346862
"377",920.55551611969,838.544142466165,668.467732789514,957.797120360486,799.49466907477,894.725081659266,894.725081659266
"378",869.680114713288,788.918040912089,657.78580043079,784.767824578214,770.576098363234,881.648943232908,881.648943232908
"379",899.216481825906,841.351961972102,651.225546680252,870.25912240055,769.007601163561,915.085366500651,915.085366500651
"380",889.75481726463,877.207023652642,644.341793254159,767.761750773992,764.6336449416,873.499440014282,873.499440014282
"381",892.584076000601,852.970422461023,652.819334155734,882.785951608235,772.098208219427,888.379973531758,888.379973531758
"382",904.503682764561,900.51779983068,647.814744880428,894.141215785135,779.159411177545,869.070353876757,869.070353876757
"383",906.5211170382,837.679415576256,653.439533439839,858.741512851933,781.648211371113,898.922725695138,898.922725695138
"384",915.297599721234,901.82663383015,662.503634208027,806.657707097004,787.199631196644,895.425760639343,895.425760639343
"385",883.047016567584,789.790495007969,650.934750370535,789.118730073665,763.610256511072,868.413849046791,868.413849046791
"386",875.15036758907,858.776100840109,631.370179383052,846.188310922973,756.670057249522,863.094387227199,863.094387227199
"387",892.786744862822,835.078490144518,670.679938646602,812.102771813217,797.824102530278,869.955744452672,869.955744452672
"388",968.727906386145,844.037780691087,656.952461385823,862.946067311631,776.76099345434,914.805192469054,914.805192469054
"389",857.586725354915,812.517559599587,622.263826621249,744.446913949914,738.817431848053,854.436144396017,854.436144396017
"390",959.459558967557,865.379607198362,675.829791473336,871.356234628148,801.621972808,903.637247205794,903.637247205794
"391",985.764396344712,975.566811503086,682.847356619663,893.679497673214,831.459733971379,967.738129393528,967.738129393528
"392",938.409654969967,917.073516093949,676.668571622124,880.768090906853,810.066371873882,923.288925255256,923.288925255256
"393",907.759220640113,851.909580499276,643.631168694937,875.2815590008,772.417504117994,901.728105569878,901.728105569878
"394",902.17232987652,878.417532199743,654.485804103388,830.743614949722,782.774810612334,897.934166849076,897.934166849076
"395",988.767360622198,945.32457080561,672.280692234323,940.361810314739,799.219760480331,979.237180044255,979.237180044255
"396",906.580731418742,883.304552848194,642.654235669779,848.220541635756,768.394441017685,869.803502989492,869.803502989492
"397",920.018513427865,900.542677583133,665.252899752763,808.466722970141,773.122344130124,872.872035922698,872.872035922698
"398",890.280180075057,829.578451716873,664.972843499482,845.542335378054,785.072307837672,885.185063612654,885.185063612654
"399",890.181807114333,874.460865993841,662.750788644939,879.55359776145,788.65735001195,892.924122548612,892.924122548612
"400",874.113778523347,858.272681642191,658.51018088636,812.076260738728,780.473878284911,869.34934168599,869.34934168599
"401",848.193992889681,789.407366291127,626.745317845478,803.157807317565,743.709199892844,846.280407964075,846.280407964075
"402",901.312160848304,836.321587987756,670.337984869337,846.837940010069,790.670633090883,889.281666023802,889.281666023802
"403",912.310307219701,829.421757638956,654.052493865414,910.312950194765,776.775787785226,905.465859663781,905.465859663781
"404",928.781828509829,888.529148711127,652.54515978864,840.629659391155,771.290874925924,890.244673898056,890.244673898056
"405",930.576273993932,852.409217621293,668.67317945171,819.218987697723,800.699049024562,919.437923619349,919.437923619349
"406",878.066639913439,856.202226357812,635.7152701036,821.552935775402,761.162531162856,855.134454167999,855.134454167999
"407",882.090769479673,810.046369724039,657.77831015413,819.560601684669,781.000353053872,889.752882520392,889.752882520392
"408",867.564006314864,823.989547460249,659.613845915079,826.840761093485,777.603354372379,867.266227928049,867.266227928049
"409",909.92300596006,810.500046413198,661.539720676371,844.505404700959,782.565025862942,890.454154271614,890.454154271614
"410",922.018117444104,877.504637691659,683.236319493687,814.729467184866,811.070174472342,909.101916313523,909.101916313523
"411",880.710913597247,836.490765859449,652.850281161154,842.000022502752,782.365111352637,893.22802422275,893.22802422275
"412",926.533642240522,883.320928486318,637.797934345495,817.870217604636,763.518839211945,905.238540910883,905.238540910883
"413",916.2875788154,901.911290782763,660.828077452393,900.811465387952,787.160046005004,888.492872939329,888.492872939329
"414",981.206550314183,903.54332141868,675.936089283918,NA,798.447803116042,936.427083002604,936.427083002604
"415",900.310328562338,825.997849822235,664.398084155153,844.302081411706,779.582227041413,868.695533694534,868.695533694534
"416",904.389820780213,812.942782833915,648.947068221958,53297620.9528407,764.033431685352,881.041861051129,881.041861051129
"417",910.366224849679,844.883576863054,659.052742013967,888.642055534469,784.242714523254,908.776635234928,908.776635234928
"418",957.234214912687,819.463079148441,668.817629133442,824.984861429691,779.615658603867,942.503075700319,942.503075700319
"419",884.959174655228,812.135385520241,664.262173882151,892.385780923366,784.01345577926,904.288723330694,904.288723330694
"420",868.757263734821,824.289646631324,634.309239150514,741.189718001294,755.8796886117,853.04942735861,853.04942735861
"421",937.57493425129,909.992103552942,670.084383989108,839.109990726866,804.985448398519,906.409043276255,906.409043276255
"422",926.259768495263,893.480614227356,670.386047353585,796.153306062802,795.195411027107,906.788324044266,906.788324044266
"423",996.801265500907,963.716641326901,702.82604831053,11088991345509.7,829.177387367605,975.267339671808,975.267339671808
"424",915.920551956448,832.544041649427,643.49247598324,888.703846682716,771.70813151215,926.999387542592,926.999387542592
"425",858.06333925282,789.131483991226,637.40048002215,799.237178137471,753.010094832739,841.327295344354,841.327295344354
"426",907.560607583953,855.205054214802,654.432466762848,879.000296514401,784.772964095295,892.55611729497,892.55611729497
"427",909.515211699115,887.364032262327,654.76942639626,857.766745090206,777.237617150567,879.460746786535,879.460746786535
"428",937.649083368878,803.69153002464,660.728527047715,840.810253975404,785.194901641606,902.970094265039,902.970094265039
"429",856.09380483791,835.986123876087,644.267128851968,775.078273888715,769.279418983985,850.411278592223,850.411278592223
"430",1009.00257144417,966.867970689963,686.270791972703,879.709457161763,820.097965214366,958.188331353304,958.188331353304
"431",956.579040660026,947.759878823327,680.654614825184,917.392770207529,807.820843842985,926.579158969615,926.579158969615
"432",905.777493856357,889.327109080041,658.745415479563,864.515533911676,789.41904079872,900.552254432071,900.552254432071
"433",893.364565476147,783.407190222171,646.580684840836,855.320230524194,769.499220099149,832.376908655702,832.376908655702
"434",805.612527462531,765.244630482671,627.563784203015,815.297531905634,742.19121264633,821.430246158022,821.430246158022
"435",949.020690519807,857.207600893584,688.964048047963,882.261216534079,822.493940070503,935.535592560373,935.535592560373
"436",936.690151395105,922.941181920235,670.797089596774,844.986713749259,806.19618912667,926.230392592452,926.230392592452
"437",878.52785490434,836.343733858037,641.59231545057,815.999464402405,756.418691440135,867.261036873722,867.261036873722
"438",941.92470239132,911.370273544684,663.998609727809,915.731523321396,787.227445766981,923.52755633315,923.52755633315
"439",942.525911667157,913.942054422139,683.495011121443,927.863338208948,815.45485905674,915.926927364276,915.926927364276
"440",893.403137765241,889.755870412215,651.110750027554,867.676413417016,774.303564267064,872.163607435267,872.163607435267
"441",917.120846203322,869.485785312693,663.238177379322,927.524094677677,800.524843675077,904.394472091745,904.394472091745
"442",916.912733018846,901.402483395686,662.536621528589,868.034920632259,780.532334019112,894.073229292315,894.073229292315
"443",940.453411934675,877.625630687995,661.476825369347,872.417082271289,796.614997250689,920.168230805039,920.168230805039
"444",944.434072072262,929.070744803189,670.92399484522,847.602854004272,795.224683533584,898.820685611607,898.820685611607
"445",888.665800209211,871.47977646541,651.371316217432,828.871931990816,784.023847730471,879.490782291823,879.490782291823
"446",890.348101399009,851.136740631415,660.91917356237,791.089511881752,786.359220657725,871.584921582593,871.584921582593
"447",905.68428913798,769.55114959184,642.321660005937,884.951118892778,757.317234140773,874.236625476462,874.236625476462
"448",959.748488378042,844.513777434842,662.449836625558,843.920568624912,790.011656009095,938.182152582479,938.182152582479
"449",889.667729045966,847.539090843553,648.316932178257,820.622544973167,771.086473813749,878.377899309147,878.377899309147
"450",997.42821402539,898.398452019062,700.137615690924,984.623190993991,831.02904382006,980.182224401394,980.182224401394
"451",898.845672390016,831.756146103281,662.434357410631,904.778191927172,786.098312592493,899.67947164776,899.67947164776
"452",910.199056587104,891.355975663937,661.681949913681,844.262593861467,783.148687534308,897.198336042526,897.198336042526
"453",901.224758880501,860.452418563635,670.406931068307,821.803501211509,792.34297921303,885.370006362255,885.370006362255
"454",908.352974785369,888.431957346684,668.786494239807,823.64522836129,798.475429082977,895.861666294609,895.861666294609
"455",855.014780660511,799.72168661873,633.933640538789,803.928629498333,743.091173029456,840.45994525602,840.45994525602
"456",871.42846111769,864.179872402444,646.46109804825,799.411005797645,771.098405540838,862.869395311029,862.869395311029
"457",890.67157411118,873.009909993666,635.142607790424,844.248263678449,763.56221340156,886.50407672858,886.50407672858
"458",899.260425606622,844.19930748076,646.52405515409,827.232948781191,768.410995192824,886.908638576304,886.908638576304
"459",907.318166076994,855.451311834055,649.44107399037,891.178660742326,779.247108703532,899.065396545339,899.065396545339
"460",908.92403587069,895.03277341497,663.439873900721,928.354996931765,791.635644058605,902.335818493355,902.335818493355
"461",860.749176448224,815.423941763909,626.401268585677,784.035224120763,742.597136336202,848.019137319948,848.019137319948
"462",897.074444695669,817.090667150259,645.981850637587,875.54676244426,763.768943263241,892.624462929562,892.624462929562
"463",940.484204487061,885.100565293718,666.617335275102,1007.70023653749,798.606560923026,934.799076020404,934.799076020404
"464",917.871033855388,866.621389542103,651.229656733131,829.665914710452,776.159952273384,925.776166238637,925.776166238637
"465",907.621031456125,902.822692997377,660.577438205268,816.182687772185,791.015664956731,887.690260257161,887.690260257161
"466",879.098770801588,846.845940864731,631.864474261426,824.287807942316,750.191950362727,869.519567812831,869.519567812831
"467",944.044158261116,883.048454123276,678.637550899043,814.399950846074,811.186424910178,905.690367791851,905.690367791851
"468",856.178228157755,847.712467606395,636.881304739736,787.902386200788,751.470358323821,839.597166232982,839.597166232982
"469",896.97273056507,838.187617336678,647.704921444855,877.787653447224,773.862509997904,886.253212046024,886.253212046024
"470",973.625486482611,864.928516759776,665.295058858885,884.956998239599,788.232120026641,756.747809153521,756.747809153521
"471",904.274019653126,818.190737421182,659.106116103571,882.879900045612,785.365045251639,894.249915603902,894.249915603902
"472",890.735141600709,886.858829491614,659.508360351884,898.541259897728,773.57559682178,849.724583484743,849.724583484743
"473",862.528504345552,778.331191465254,645.067296250006,825.845995566827,760.708549197309,848.451703114072,848.451703114072
"474",895.394888437638,811.230814666996,650.907273587315,809.768466124001,775.550731545854,869.825023202084,869.825023202084
"475",930.645502094463,795.086465193583,663.290445222992,979.00694806192,784.521363209119,910.297828023941,910.297828023941
"476",981.315586993639,910.882623980989,691.99284458397,850.139978736577,836.547742168657,951.589747001103,951.589747001103
"477",890.289098530875,786.060283711464,658.502643769587,836.632531493057,765.714405162366,890.131768169276,890.131768169276
"478",971.249064592862,861.163227901829,687.847035211227,889.120198174452,801.788893165548,940.50042556312,940.50042556312
"479",995.312862378695,932.216243061515,681.381129488902,888.836279891679,813.099721475656,942.179197788859,942.179197788859
"480",929.552001136522,838.361411891055,672.834466766478,873.545988280197,798.550773598908,895.513664800321,895.513664800321
"481",843.587681558608,793.058879320702,624.071012479995,780.982814914523,741.825154233185,838.88069071449,838.88069071449
"482",885.069211613275,849.168261440622,650.709610713911,843.784053690672,778.53966176864,872.963454117048,872.963454117048
"483",915.615539117859,896.821183652878,654.153269036536,806.826998726305,781.337504701974,900.580103840229,900.580103840229
"484",920.543639760097,875.298762348348,663.600536686959,870.908730565046,799.900149025182,910.079564633032,910.079564633032
"485",911.660008036598,846.17106487499,674.401655372334,853.088265394937,800.620529374705,905.794401118407,905.794401118407
"486",935.546479077954,888.714677837802,671.835103245256,939.379367585874,810.87004437307,933.375358970189,933.375358970189
"487",833.169700054941,814.423027298181,636.077470641458,809.45449405212,752.029701048962,839.822088210442,839.822088210442
"488",946.118223281461,922.917161420855,694.645565313613,875.883779174443,824.024988400008,922.661727239291,922.661727239291
"489",898.588923373434,816.128534767847,640.755649201445,789.170151231782,767.979911805357,907.46332592236,907.46332592236
"490",939.51427829968,878.94373494029,659.652822008596,872.030443504073,795.721712920344,921.34059575704,921.34059575704
"491",867.434248149306,847.209315336613,658.675175260258,774.177038423853,782.378718873948,861.747813921044,861.747813921044
"492",853.793808117459,835.802255309392,637.521520640269,774.09955037926,758.853841724336,845.828887242792,845.828887242792
"493",885.826557248759,849.886975242756,656.004671811439,842.576429579478,780.863554931901,882.925780019167,882.925780019167
"494",884.951544177798,754.053454865771,631.805282157641,2071144.95636362,746.74490770209,851.349803349398,851.349803349398
"495",872.789264676546,770.588058672981,628.027363562264,761.649148700505,745.47159942985,861.439851810588,861.439851810588
"496",857.736849682988,807.653835704124,637.927633755017,739.615079931313,752.981846932219,861.593038670956,861.593038670956
"497",936.589567298256,909.493980299776,647.233583580848,903.206620595087,786.810680919455,977.904287032214,977.904287032214
"498",854.273702009199,796.262971081064,637.165914912118,780.677042093767,758.893780550384,867.254614610925,867.254614610925
"499",978.904662387235,947.520914005591,639.194392586893,820.123270622903,761.778748236258,904.442871024293,904.442871024293
"500",965.006542692076,862.838094879827,683.254114230702,928.634430677478,809.989821012327,970.900595701761,970.900595701761
