"","correct","wrong_link","poisson","negbin","oizt","Hurdlezt","ztoi"
"1",1163.52080603811,1072.06369815296,709.753192633017,1230.93696986834,883.845670296494,1146.02338990437,1146.02338990437
"2",1054.91371719785,926.422921917348,674.037003818536,1266.14617023131,829.074384493225,1032.3723638423,1032.3723638423
"3",1093.09256832263,957.499631357237,683.819944439236,1228.70736245754,849.318694698187,1037.47097947377,1037.47097947377
"4",1066.59427761589,937.879735287041,709.126093617762,1218.75499956784,859.893431481746,1075.61275761543,1075.61275761543
"5",1079.7026858471,975.276754054415,691.752594269751,1156.50235187084,846.892983516318,1049.20361271427,1049.20361271427
"6",1005.31311332391,999.650466567595,636.754504069954,921.133307965129,805.356861311197,983.15419239666,983.15419239666
"7",1023.76418114173,898.080904264167,645.621924249319,1061.69439012857,807.326388261268,969.184257033645,969.184257033645
"8",1166.83990373521,1107.6372060052,697.139274441564,1408.30820674628,875.025278597464,1180.95069732842,1180.95069732842
"9",1103.28408333411,1082.30840443765,663.912679507451,1837.48585439686,837.379723834513,1048.01669507756,1048.01669507756
"10",1086.66216885888,992.854692864553,703.291537670242,1129.49136604904,828.590661233154,1057.62692726573,1057.62692726573
"11",1067.97939269875,974.813506552729,692.559045836381,1423.04111164082,858.259245090209,1052.84458994921,1052.84458994921
"12",1105.24707102197,1061.15248418736,704.103138443331,1226.02841651942,873.67042983624,1061.02275237472,1061.02275237472
"13",1107.7803069957,1015.91404622852,669.858637144457,1130.44485915202,836.020975376116,1063.39873597159,1063.39873597159
"14",1107.5096004884,911.162310662336,699.071658755759,3234976656.95231,844.074583813136,1045.85665858556,1045.85665858556
"15",1007.38459018605,931.938763673211,676.513611051096,1075.03307635691,841.705000421548,1004.70150624047,1004.70150624047
"16",1218.37779218977,1135.69833890558,726.183375263988,1676.39401453599,908.500070167019,1170.47291277445,1170.47291277445
"17",1091.220456182,1031.23653268498,707.105583227131,1167.97991994997,883.570347587745,1080.30470123897,1080.30470123897
"18",1111.16889353381,960.226784866724,675.817540822063,1068.49733417974,853.938661713042,1057.75998726376,1057.75998726376
"19",1138.69488159423,1029.91132052793,714.894239599787,1197.07893758917,848.18896213059,1064.59877826893,1064.59877826893
"20",1050.36613985475,1013.80429982465,674.608151486644,900.092744014326,843.067236264414,1027.80737143626,1027.80737143626
"21",1081.025803024,998.916679213174,664.509079901662,1353.05378092772,838.554328575026,1076.82825787167,1076.82825787167
"22",1067.0740878841,1019.99055713162,669.880294659982,4066957.3612556,812.957310308645,1002.48020067796,1002.48020067796
"23",1217.80675354179,953.291351407581,723.42652819446,1119.55208155225,879.428489470818,1146.5881982231,1146.5881982231
"24",1098.01968444931,1026.46644379791,702.959713923708,1247.97833823532,866.062249664195,1085.94101979886,1085.94101979886
"25",1235.43296636938,1019.09351529143,726.486710743582,1357.4992445455,871.209293355856,1187.77953526766,1187.77953526766
"26",1136.12182853522,1076.44261845405,667.631356332517,1130.55690418209,823.747462141893,1091.37581092026,1091.37581092026
"27",997.705824296842,970.886720506364,661.706847098422,974.233113455024,820.248656863816,951.62318420004,951.62318420004
"28",1015.98007896278,942.469391439033,663.718171065082,1006.92446689208,827.524211815124,973.137432568419,973.137432568419
"29",1204.23088353189,1057.36213320507,679.21902674046,1140.52213614206,838.935146108097,1122.05197103607,1122.05197103607
"30",1144.40264134687,1094.20295613488,716.431600496164,1140.9964718857,888.022694922125,1099.07634838586,1099.07634838586
"31",1240.25727158003,1127.95368832468,723.18386011718,1209.43464394922,875.44405558983,1168.42408913667,1168.42408913667
"32",1054.27630884542,1040.03216367423,676.775761361069,1023.40052418955,842.24529612269,1030.0238358068,1030.0238358068
"33",1101.55853224127,1018.98411023856,679.086677169959,1129.60760171925,847.673599599883,1073.6942556405,1073.6942556405
"34",1041.69117927754,1039.35663999923,666.530552789669,1089.69924487036,833.903101022591,987.67341554912,987.67341554912
"35",1028.04643872782,1015.36017516533,663.464198265162,939.433292802365,830.620539155092,999.798968678646,999.798968678646
"36",960.352749338045,961.974225882684,656.49591723407,987.680782685843,814.534453584529,915.161863340205,915.161863340205
"37",1018.59224157402,1009.20699913718,667.196073915045,1784.6752770268,831.752766435025,996.277858332234,996.277858332234
"38",1061.47595177947,950.920973825449,674.692672924966,1347.7771501612,839.877182161868,1082.26531938005,1082.26531938005
"39",1098.28395547503,1065.70598551067,668.725300035263,1081.37698046829,836.998857521178,1058.62021427301,1058.62021427301
"40",1171.51729917388,1053.90769856282,705.541251593251,1258.99576887824,860.914412306736,1087.49059669718,1087.49059669718
"41",1035.81185217119,972.587282288246,650.385910673253,1134.0696826658,813.635438420065,1045.13362220483,1045.13362220483
"42",1072.81228401981,1000.18488278366,682.523581379295,979.595623217313,839.44460043956,1052.72476021185,1052.72476021185
"43",1051.09821365885,1008.64289393221,653.061583699857,1249.40994809761,814.168297020385,1012.57786471903,1012.57786471903
"44",1063.38888157676,1037.38423258803,682.415882832871,1102.27899632484,856.390501061303,1029.14033348061,1029.14033348061
"45",1035.5981897998,895.582039667191,667.063002756014,1250.36108782434,824.946242358285,999.891152308059,999.891152308059
"46",1184.80373503389,1115.38136946785,714.097124869062,1843.53638373257,879.548720907001,1121.60704436919,1121.60704436919
"47",1056.3364831601,1040.55076374284,678.240771034412,1073.60909590282,849.103547745486,1038.47553407085,1038.47553407085
"48",1037.7517846748,1024.64560359082,682.586867303438,1263.28263536407,810.19819638808,979.574958411916,979.574958411916
"49",1128.80964374958,938.137881205637,705.482695062679,1133.95751556048,864.420823153962,1104.92884405781,1104.92884405781
"50",1141.41700287424,1079.03137274168,715.647254712213,1181.67967828211,867.008387047702,1066.69638618552,1066.69638618552
"51",1126.59957966306,1099.8788919328,692.619367976196,1287.11964783334,848.437242953581,1076.54471960046,1076.54471960046
"52",1138.5516926326,1113.78680792044,705.507538342213,1033.56391030648,862.418411234597,1106.91110911776,1106.91110911776
"53",1199.09104293863,930.638956213686,691.745305805315,6308527939.34949,854.564317980987,1129.19338729448,1129.19338729448
"54",1050.96287901716,975.098632965991,683.778658869314,1259.83002775977,846.64619649415,1058.79570750234,1058.79570750234
"55",1158.01886374294,977.171540560291,709.830890377913,1217.04780366011,868.759848326828,1106.74736257075,1106.74736257075
"56",1168.7271201034,1005.59552961792,696.552931632731,558823924.258467,841.37417387422,1115.43146457228,1115.43146457228
"57",1086.02341540357,1024.71043469497,688.275998694511,1134.83862820345,841.058186543512,1065.26250440179,1065.26250440179
"58",1147.67701230084,972.172456871604,699.746060061547,1187.97167045186,867.40945634451,1103.11748333591,1103.11748333591
"59",1173.49174622713,1151.06262264003,697.943736041432,1001.65923614154,854.11192212162,1071.64129188123,1071.64129188123
"60",1092.56245888326,1001.07958183044,674.190991083868,1587.02326953766,831.693540037028,1010.92986083813,1010.92986083813
"61",987.261633823714,987.445249013635,653.35536022262,994.334923575281,802.638214025991,942.047448702003,942.047448702003
"62",1085.68776034463,1019.66587305965,687.372078768251,1052.19859753266,856.60096964091,1075.30180919405,1075.30180919405
"63",1119.96815071801,1087.48495984398,683.585131823544,1360.59815439526,856.008385716301,1081.41424745746,1081.41424745746
"64",1046.02645769764,996.78445264241,678.904206647769,1172.95264456067,824.870003183025,1011.97713852461,1011.97713852461
"65",1076.34076554653,1045.80691044332,662.4441798512,1030.75201376488,823.824037250922,1036.45650085701,1036.45650085701
"66",983.637407680037,892.040731638185,658.081079857563,1037.98439288697,806.492033252238,977.690830761658,977.690830761658
"67",1038.10333447051,953.510380733769,658.434132330347,1069.99969077421,817.868525706996,1022.26435876809,1022.26435876809
"68",1161.92645262099,1089.83711441936,704.534191340634,1159.19886743273,826.779879588366,1098.65096874813,1098.65096874813
"69",1082.37612421672,1058.00019921387,673.754994555201,1036.55748261999,853.093703866849,1057.51422066702,1057.51422066702
"70",1179.01532070396,1096.57225640193,716.321936164654,1368.10192869303,880.413336931759,1088.84946589361,1088.84946589361
"71",1203.77622336609,1123.09244162738,722.457692518297,1185.15732199222,905.814065404058,1164.96269892389,1164.96269892389
"72",1172.84772084263,1112.36050039475,718.090523076684,1183.4669929383,878.885331677589,1155.64806762707,1155.64806762707
"73",1065.32653307777,950.593033707551,680.855776584227,1077.20011764576,843.63780093147,1042.85560256442,1042.85560256442
"74",1047.20012171659,1015.79628565518,673.447212962439,1084.54717616077,837.75969328363,1042.95092344486,1042.95092344486
"75",996.06153787957,915.528600014116,666.803569848805,1226.28167309559,830.70085081417,982.194869285122,982.194869285122
"76",1052.8933166823,997.61775692426,678.370280015806,1203.66636196626,848.683836234223,1029.47780970186,1029.47780970186
"77",1160.91361855417,1091.2125472417,711.156326324896,1171.38602344123,870.665335343314,1099.65321015998,1099.65321015998
"78",1101.84474166921,1029.62951209192,674.624787388113,1171.17004661896,840.218179537851,1076.70853229194,1076.70853229194
"79",992.387728989656,874.321544202417,635.886935466864,1470.50162486694,793.747048605504,1011.97857792645,1011.97857792645
"80",1046.00341158363,943.444737155823,660.862990363231,1003.42421459421,815.397880713975,995.77734244338,995.77734244338
"81",1202.5973789418,1132.01541166422,731.062111231317,1105.44068947476,871.547866100488,1150.48503880617,1150.48503880617
"82",1219.03588101098,913.763573767164,717.691061235125,15563049.6459541,827.135458221286,1120.55121357583,1120.55121357583
"83",1074.21662974891,1064.00838357831,675.698549785528,1015.03648833802,834.05293167185,1054.33171200277,1054.33171200277
"84",1055.80629424061,947.109006586049,652.135419991349,914.949266850061,819.708130025421,1027.73547433296,1027.73547433296
"85",1134.13654954611,1095.7363489729,692.906922965111,1115.96298772952,868.389000683996,1083.68834752954,1083.68834752954
"86",1120.94202782901,989.06389261557,693.509850566074,1127.15463651606,859.486194106641,1141.02959349522,1141.02959349522
"87",1001.06825843932,913.359269577645,651.407165881243,1075.30240011997,815.573773819118,983.563238867621,983.563238867621
"88",1071.8238618851,993.105208189736,651.718868355908,1189.39225107404,815.080446081655,1025.40896410368,1025.40896410368
"89",1037.23793024176,883.9999204658,662.595116295598,1022.22022346742,820.643305421559,994.414042196485,994.414042196485
"90",1094.8633639659,1095.66314612424,685.760610296902,1054.51442128566,849.246721547484,1041.42626112259,1041.42626112259
"91",986.415901379343,983.322954905974,643.026630909614,1003.79742955858,800.908816219014,938.478427735956,938.478427735956
"92",1021.75712620813,960.912302983624,667.166454073017,1012.13801179627,825.399505679277,1008.68644361678,1008.68644361678
"93",1097.73336340888,960.600307796694,696.181499076613,25945267.7885504,852.181872365594,1032.00326113669,1032.00326113669
"94",1127.85408520518,1111.55034529652,706.435421833692,1374.08981397962,868.783673788667,1076.8893854512,1076.8893854512
"95",1002.16274026732,912.082025930458,652.683641625522,1197.1090485382,816.960862648487,1041.24899572884,1041.24899572884
"96",1106.33401249212,1032.71699532767,716.558659465508,1099.6907840421,876.307460528873,1068.72455766749,1068.72455766749
"97",1026.67660560726,964.366221246238,664.408053504446,1203.2425250709,841.334165759228,1017.91362719657,1017.91362719657
"98",1097.1876553698,964.916889095271,684.627839003895,1048.12443587438,837.054171906857,1071.76012862518,1071.76012862518
"99",1134.07502463839,1054.92402211159,708.419968345766,1227.4866860504,875.471904443032,1077.85185498244,1077.85185498244
"100",1066.43940111873,1038.77707307784,670.604452529554,1093.79503194302,832.257358218725,1038.31080544989,1038.31080544989
"101",1087.2591724861,1041.37665614285,693.48159079007,1261.54803175371,844.400704809636,1033.38291919292,1033.38291919292
"102",1110.60583090888,1012.46586509731,688.567998946909,1166.30961157616,840.410590639888,1049.74984457496,1049.74984457496
"103",1090.05054355181,973.087612254562,699.236932011988,1548.23711624804,835.456481169327,1063.40651383418,1063.40651383418
"104",1031.55308374157,979.324388470251,652.672059463615,1559.36684036789,812.60113136623,1028.60789174568,1028.60789174568
"105",1078.64431039089,1043.3476932981,681.602549915467,1237.55439785653,849.319329168057,1033.47852025832,1033.47852025832
"106",1139.57346512368,1011.49876556991,711.163215069672,1335.55275591248,878.477024327203,1101.88906872498,1101.88906872498
"107",1148.21656550676,988.311026945482,701.217133066065,1379.26673265882,852.391316838391,1097.52230344023,1097.52230344023
"108",1118.53680477513,1023.64639570047,684.258144132955,1218.6476662591,857.05483006813,1068.31557292592,1068.31557292592
"109",1014.14760977065,954.019754147825,654.830485986702,1011.13531703565,806.622866802734,997.606302338781,997.606302338781
"110",1133.22594555391,1131.48123268029,697.932392011462,1354.83254283328,884.742170299415,1121.18944971508,1121.18944971508
"111",1172.7386361337,1100.38721545257,698.124760807911,1309.01934730985,874.867939699911,1135.25223518916,1135.25223518916
"112",1169.7353537108,1114.21273374542,720.990171784782,1207.61356914861,872.060977626551,1104.73791780562,1104.73791780562
"113",1023.01952459601,1003.21703261888,650.148756615154,1294.64193060498,819.252930517308,1010.03862167214,1010.03862167214
"114",1110.01461323519,1079.72997365331,657.175062203209,1380.97314374715,817.255522132212,1061.62075608671,1061.62075608671
"115",1027.2240658465,1007.72972560658,661.739952793995,1141.42982211203,817.875974251359,987.155070585927,987.155070585927
"116",1013.75811578183,997.526280874967,666.974632398845,966.406869854157,841.679098439951,984.157785425892,984.157785425892
"117",1131.26449774847,1087.41849321677,680.132305714891,1250.98537123375,834.093849344681,1080.46553027862,1080.46553027862
"118",1060.24800560644,1015.14138939093,664.66620123986,1072.35755998901,830.667311413052,1008.97687698972,1008.97687698972
"119",1070.82458144225,986.339334617458,671.324463312505,1080.91108183455,819.751563099031,1061.52604051891,1061.52604051891
"120",1137.68198985492,1052.29252115592,701.487495650143,1028.13626844549,866.932688502836,1068.47180606073,1068.47180606073
"121",1057.66747504294,1036.20142869345,671.420038547688,1139.55095588234,839.347547358479,1021.97442414333,1021.97442414333
"122",1133.29384114305,1090.90896616403,707.562181545432,1304.73268590903,866.109542888855,1106.06046228562,1106.06046228562
"123",1060.95656639926,999.825007256581,672.175122922227,1235.14471835602,843.501913937664,1046.01006398378,1046.01006398378
"124",1020.51172814176,915.188128063982,669.492810822555,1118.97543512892,816.301635847423,971.285483107384,971.285483107384
"125",1127.41513706647,1061.95665861016,687.315198508697,1107.93365705041,840.51465634683,1052.29741680969,1052.29741680969
"126",1058.70983666069,919.851654349869,692.7504123107,1038.64630798772,851.332052809928,1082.37634719408,1082.37634719408
"127",1055.7585135251,1046.28122235969,693.4277766845,1003.3733297226,859.99902924057,1025.01310611228,1025.01310611228
"128",1129.45279265551,1066.90746028454,727.751074536755,5977230.60850096,882.080913510814,1063.96534780319,1063.96534780319
"129",1139.87362120828,1009.40426733427,718.820928100765,1267.28415379104,849.779464993133,1090.5887573354,1090.5887573354
"130",1121.25350389094,1088.43653537205,719.23200918035,1216.09798818033,855.109932509951,1032.66864607165,1032.66864607165
"131",1050.86472655467,933.166127345493,677.309276867476,979.483065368902,846.171095158345,1065.8132523927,1065.8132523927
"132",1095.22465470568,966.129285123925,695.341449172148,NA,842.062326911872,1070.91310168646,1070.91310168646
"133",1078.16039469963,977.433342726127,691.173341962291,1075.56119537486,868.7335568411,1073.7539421615,1073.7539421615
"134",1148.1830123621,1004.01811368434,705.326154220399,1065.36769226045,859.57361578372,1125.1766402225,1125.1766402225
"135",1018.91431373621,894.55629054317,682.827807987806,22187266.8219233,831.957995917329,994.194106147669,994.194106147669
"136",1184.34689995202,1114.6811591903,722.038827795168,1164.25805246016,877.706083165318,1111.09711809351,1111.09711809351
"137",1111.34404185367,1083.97833893788,702.673209919958,1000.05018049074,856.953842160849,1064.15594161108,1064.15594161108
"138",1133.95033641212,912.409189332406,683.705177681667,1041.80482136861,835.215277205931,1059.55764405528,1059.55764405528
"139",1066.54507344735,992.504982600638,685.327891478603,1203.20807418123,841.194326317896,1000.77493081549,1000.77493081549
"140",1122.29571783925,1016.68752277165,675.524527909781,1363.29303190841,848.834230267209,1055.26077862284,1055.26077862284
"141",1053.07665620102,939.281202512088,653.857288700182,1111.37667587438,814.292700682973,1023.23632994506,1023.23632994506
"142",1038.13839832411,920.57314956203,673.640833263917,1297.22036982109,833.793569501407,1012.19453595948,1012.19453595948
"143",1095.87521824421,1008.40003986879,687.359379367022,1547.50046650432,852.13883392733,1077.70551586431,1077.70551586431
"144",1055.5966836514,943.581087375681,692.891466536905,1144.39907062118,850.378898095988,1020.59011211449,1020.59011211449
"145",1089.93904813507,1003.43824126775,681.161613761149,1394.43265198403,843.373547539816,1024.53504511037,1024.53504511037
"146",1048.6960100683,958.591661912432,687.620060269578,1223.92044506814,860.209510371015,1011.31560943397,1011.31560943397
"147",1045.18915372022,1042.8606652655,655.831020824726,1186.42148893096,817.453310371134,1007.21937314007,1007.21937314007
"148",1123.8785107073,975.955548720335,686.620966325388,1209.42037108848,844.882531705792,1111.10958938746,1111.10958938746
"149",1076.47097196765,995.020206606792,685.108831349494,1483.07777022829,848.146139023697,1032.84703319728,1032.84703319728
"150",1210.65706452258,1009.0598404673,705.492718919531,1194.229196111,849.735150525081,1131.57126552505,1131.57126552505
"151",1033.09524247976,917.521177317867,678.833865645241,1195.58484355859,840.498682144538,1017.28385179554,1017.28385179554
"152",1120.98882834442,1113.79248501047,670.156606371626,1021.0921106111,833.779634319384,1071.22056326416,1071.22056326416
"153",1135.22994428281,1030.20134668379,684.055900882977,1350.68764802038,840.931735172831,1095.00751146842,1095.00751146842
"154",1093.74945737602,1087.62509711018,680.43668455764,1168.5332673271,842.401716319826,1036.67927458553,1036.67927458553
"155",1065.02694539204,973.016455813704,668.485360326372,1276.76128339925,828.574102267092,1025.84308230485,1025.84308230485
"156",1138.07741293454,1101.67330863209,702.228783065245,1440.37315207722,864.890351939239,1101.99120285597,1101.99120285597
"157",1114.22165690629,1114.23641270326,688.22484435628,1021.67035718665,856.167735946259,1038.47400113228,1038.47400113228
"158",1099.32588715128,1043.85281357872,692.120760505383,1593.14420104839,851.543091998639,1046.14086088065,1046.14086088065
"159",1106.66708418683,997.594098022826,668.29532102713,1542.69866401985,829.848472846918,1047.58780115592,1047.58780115592
"160",1016.59169857386,939.753101499477,664.049045268466,1246.9350041982,826.476674372085,996.052294563819,996.052294563819
"161",1125.94001434559,1039.53977936846,685.849862895978,1082.11011965593,854.160092261174,1127.56531513315,1127.56531513315
"162",1062.81510660169,947.755585072711,698.210304865149,1123.5918262862,853.679398272181,1034.61175438498,1034.61175438498
"163",1143.32644658304,1114.59028302671,713.183070608219,1173.33650787615,857.755411576692,1072.15904278845,1072.15904278845
"164",1086.578815875,974.952479969818,681.706818403665,1189.868605245,850.518598521942,1063.21613329946,1063.21613329946
"165",1050.65186395849,1039.51074151747,665.249398915227,1179.91103001348,828.828906279789,1018.37470274698,1018.37470274698
"166",1217.88668709473,1088.26171061894,711.797204937847,1242.50371282257,870.239234317072,1169.57916799839,1169.57916799839
"167",1100.89867061506,1062.66449890997,675.740592803814,1407.69771141735,829.337951807718,1054.80744393034,1054.80744393034
"168",990.01325065601,964.260277485098,656.21195220025,1128.56119198836,814.877184583481,941.908420621965,941.908420621965
"169",1135.99683886809,1059.94817630789,694.141617378119,1246.43878576886,871.036830862265,1107.99612698491,1107.99612698491
"170",1067.85928030009,1066.00192172187,675.454751101922,1080.61114896092,849.157952308281,1034.7899165751,1034.7899165751
"171",1005.56034487227,964.041637046984,662.626029773515,959.833605686592,816.528380961428,964.521619749322,964.521619749322
"172",1108.50348183458,1067.40660058664,658.343179180159,1338.66356014438,823.279707262332,1072.71264540081,1072.71264540081
"173",1020.50167376301,1003.19522672374,671.368032186623,1333.87207724029,842.477165847629,996.265712386276,996.265712386276
"174",1040.05162654371,1013.10297271641,660.433963660444,1069.67650635911,827.741113585586,1008.53411684692,1008.53411684692
"175",1001.77905283147,931.747576703505,656.921975151862,967.516282883752,812.463893530179,1007.96324467842,1007.96324467842
"176",1118.38850334642,1067.4189346201,702.241687645748,1322.43583919758,872.948460649924,1062.26118903271,1062.26118903271
"177",1187.65764676229,944.210198244495,710.122974361239,1149.83528631226,851.618188449386,1153.32808758916,1153.32808758916
"178",1024.0463476517,971.306142754825,656.017187868544,1128.88161120684,814.268983364489,1001.6423431813,1001.6423431813
"179",1222.338599373,1037.6975415057,734.29702580925,430290213921.09,870.780925337336,1089.07713273295,1089.07713273295
"180",1101.15716676383,993.125640867284,699.195063945427,1001.66109787164,866.239247465061,1082.00138961372,1082.00138961372
"181",1200.52316340591,1183.82705803312,679.521680504708,1161.81677864288,832.898514075666,1062.70607998162,1062.70607998162
"182",1009.34647208085,918.958674529366,661.359280055394,1007.83787859061,784.364646144385,949.979133693826,949.979133693826
"183",1069.70897779942,993.009921173445,668.671454535397,1238.19592644529,830.241269031375,1038.49902914119,1038.49902914119
"184",1014.14876929766,894.34349042653,654.23805854398,1167.51530908023,799.750117516781,997.970740475051,997.970740475051
"185",995.852951677384,954.439921979563,661.720901072687,1170.29458255908,822.279750063432,949.654640766594,949.654640766594
"186",1135.9673800572,966.912976948032,668.661706267374,1196.38065762492,845.890713834082,1114.13208991749,1114.13208991749
"187",1074.62671252931,934.403844089893,699.843219823083,13830195.4588208,854.573230601373,1079.4323254453,1079.4323254453
"188",1077.20359938596,979.988758950431,687.413467603749,950.36996077504,834.177100803159,1033.49620857652,1033.49620857652
"189",1050.32240946959,893.248534302445,675.660606530872,1498.65092060183,835.053128628682,1003.05272945867,1003.05272945867
"190",1163.05531223717,1118.62221038451,713.189078268196,1216.89011469998,863.924650612613,1103.06470653697,1103.06470653697
"191",1250.62987204064,1184.31434456341,728.898684379976,8207790648121.05,882.803210193203,1127.44776313985,1127.44776313985
"192",1032.17468157473,951.65836536793,674.604701992178,1004.67743196078,832.127636054752,1018.59519748364,1018.59519748364
"193",1083.52625430455,925.697502249751,661.189017923959,1464.0343288528,805.485042382872,1007.59087451488,1007.59087451488
"194",1103.83238647389,932.770228946373,689.34821096942,1054.95230079234,855.465646449582,1080.03878357084,1080.03878357084
"195",1141.46784314286,976.325275771757,701.830055226161,1304.03025498613,859.128528711458,1199.87737350417,1199.87737350417
"196",1084.36319903481,999.365056942167,676.9003907784,1035.70449496766,850.497517624751,1053.21607641705,1053.21607641705
"197",991.059443123458,935.187232314954,663.887766135155,1013.04414348344,825.779193080681,967.524832831146,967.524832831146
"198",1190.06943837358,1019.21011078269,702.047786169909,1181.26965728674,857.502880185124,1167.14099751334,1167.14099751334
"199",1169.70572406416,1116.18658637924,690.127767759735,1132.27793608201,854.044321406469,1110.29057574119,1110.29057574119
"200",1009.64520178237,973.753213656602,670.102495650478,3078874052.0405,811.807954800862,988.201722868463,988.201722868463
"201",1162.58563972338,1106.71792802622,692.307524280732,969.730634213453,842.116664806176,1077.15633127719,1077.15633127719
"202",1173.63658257304,1047.28901240847,699.669146113601,1699.38793875585,855.412342200105,1131.20815531665,1131.20815531665
"203",1077.89021328768,953.324140125054,669.39319386021,1127.39596648885,832.759096549477,1043.47116118986,1043.47116118986
"204",1106.85601745782,970.706946470302,697.873405361243,1098.4522507397,849.573708522211,1073.3077728451,1073.3077728451
"205",1228.09769235235,1153.60300729258,763.203784364768,28491273.2192982,869.96777166882,1125.28908314674,1125.28908314674
"206",1108.63828127326,1032.19410640198,694.876836363703,1105.21426785644,874.860591987537,1057.51043255389,1057.51043255389
"207",1139.58441156946,1092.67822662184,687.009244389095,1104.80747774473,861.017461968765,1066.71425374935,1066.71425374935
"208",1184.5313401257,1139.5994334312,686.482152182526,1300.25001982549,820.520260035994,1123.37611271405,1123.37611271405
"209",1056.76388335801,921.982676142478,669.925904212324,1773.76533719141,835.824119936089,1034.11688042347,1034.11688042347
"210",1110.1271750222,981.126644147067,707.784164091697,31834942.9083893,868.625716648709,1087.78893854926,1087.78893854926
"211",1176.73666982635,1089.96353005836,702.688672016486,1132.8961881267,867.54313897356,1118.82004031929,1118.82004031929
"212",1020.50098477174,900.233665512073,654.766985875396,1199.62904297226,826.436379960514,1021.40595147543,1021.40595147543
"213",1129.71329957008,993.704633661126,706.495237885793,1062.4632653351,853.336123651565,1081.091118976,1081.091118976
"214",1106.42449983179,1051.40080390967,695.444205973431,1269.56909673049,848.005356766093,1049.59834092118,1049.59834092118
"215",1062.69441792521,927.599473304809,645.42260266699,998.304326960892,804.833793871647,1022.48033226822,1022.48033226822
"216",1118.1313026869,1059.73631763601,687.007611807282,1371.91594831411,857.73088084003,1051.14007456344,1051.14007456344
"217",1196.1347931804,1177.12920878375,694.319971402606,1046.74628746213,852.801427537795,1150.52914800705,1150.52914800705
"218",1038.60896627762,998.702263280633,668.055596809494,1212.51261422502,835.30185602858,1027.7991530997,1027.7991530997
"219",1077.7713464839,1063.95240490393,690.894078886948,1083.61588469562,862.308751315618,1040.38713512954,1040.38713512954
"220",1077.61502607688,1015.40741567007,691.134529725919,1231.73012266098,867.154239517964,1051.55958590098,1051.55958590098
"221",1153.22948884187,1005.5118497959,672.687678411001,1068.26682473957,796.871723440366,1085.05562273158,1085.05562273158
"222",1026.31817348258,1010.22294072026,665.231514589882,1262.6553847263,826.65087239276,1004.82477616273,1004.82477616273
"223",1188.23791244149,1006.42657692722,706.907426737305,1196.39406174064,864.743949564255,1139.555425332,1139.555425332
"224",1185.33103830117,1067.86598797067,687.290418588125,5085970736.83162,857.425948391782,1125.66118871001,1125.66118871001
"225",1211.11339303437,990.359029033134,681.28257228467,1529.41273379275,853.71616964405,1190.73602146887,1190.73602146887
"226",1250.53385805374,1191.99038385397,713.060951974008,1101.83333854538,907.383579095277,1180.60099905133,1180.60099905133
"227",1154.96012849588,996.778480744696,703.776467584514,1393.74128396809,864.174168432854,1150.87753183054,1150.87753183054
"228",1202.18179050021,1002.29133584845,704.630614076929,1251.99795735881,862.600264186959,1148.85825643075,1148.85825643075
"229",1087.70828432211,1011.00854417666,680.227170448919,1032.23648892493,844.34997608884,1029.61846305869,1029.61846305869
"230",1151.51793366841,1003.83767053911,709.304342945936,1076.70363631669,885.483254394847,1117.61398259028,1117.61398259028
"231",1061.15664467259,1043.33903887023,681.163501036882,1113.22967975677,841.559015519642,1036.65318080688,1036.65318080688
"232",1025.11532693742,1006.98170957949,638.345163258855,1114.803217324,803.078023352163,969.451484259666,969.451484259666
"233",1044.56975217991,892.259924279671,678.912550376271,1115.02239524683,820.464066861644,984.566425193974,984.566425193974
"234",1115.20709570185,972.998341758216,684.40012055877,1090.34559067522,851.748073883321,1039.68130182869,1039.68130182869
"235",1035.583918204,1011.25000921471,669.132401594393,1274.03940132672,837.59102007361,979.835706658275,979.835706658275
"236",1015.81073256253,881.193887039559,655.902734701067,1191.38238407159,810.578318379873,1004.32234198731,1004.32234198731
"237",1046.78537482761,952.537914767814,682.477385640313,1123.0692615766,836.586716826373,1025.15584144021,1025.15584144021
"238",1121.70931476256,982.631337490487,686.639374874166,1185.76296419923,858.748264386726,1082.78646652932,1082.78646652932
"239",1113.22124436709,1025.48052060395,689.921734291213,1533.53474052851,850.792912930503,1117.43014685211,1117.43014685211
"240",1154.34995837796,989.863219757609,699.153220305637,1340.73981558997,855.348420022754,1085.18736912263,1085.18736912263
"241",1127.21309908304,1015.07405448696,693.217926110642,1140.04301456801,863.293052844471,1110.07324139753,1110.07324139753
"242",1082.4986725347,1023.45066419022,679.349777422728,1187.60857194607,848.820861457217,1042.1031468239,1042.1031468239
"243",1172.83562782952,1120.1137059979,737.608488135213,1325.03483892942,889.474299070266,1120.29497354201,1120.29497354201
"244",1125.45459072622,1037.03116884787,692.330462257554,22110148.6690982,867.646851626973,1090.44205134345,1090.44205134345
"245",1049.20586588921,943.747595453752,685.884936709238,1091.21714594542,839.134160366075,1058.85970027894,1058.85970027894
"246",1100.25354828746,990.863653471201,690.140808251601,6950668.94601809,863.861841554001,1067.17470591371,1067.17470591371
"247",1107.492949417,1071.29574303556,677.045722138639,1125.80669780092,847.441980518227,1066.20592852063,1066.20592852063
"248",1014.86372631489,987.391467872735,681.945365592903,1108.02342110405,845.679333041374,988.12917863912,988.12917863912
"249",1056.21840179127,1028.00485799678,662.362166240067,1066.82495717289,824.568490114241,1020.85222339131,1020.85222339131
"250",1011.86928207685,906.702657709234,678.955456867582,1562.31066181802,832.622346534209,1003.54437338742,1003.54437338742
"251",1122.41585552612,1113.77619318088,688.384021651541,1200.29485591641,862.591189900909,1089.57617442891,1089.57617442891
"252",1097.00602874102,956.085598209012,669.657936736199,1659.97221153774,831.83208784876,1064.43930901434,1064.43930901434
"253",1132.1118234069,1033.24880309753,676.722898864835,1256.85737946088,845.695097600557,1074.27763987441,1074.27763987441
"254",1037.08711672405,1000.95911177349,660.200434094676,982.104572456553,824.475525497429,1018.44480068539,1018.44480068539
"255",1029.54936312069,934.169599247497,668.480370500856,959.39448575571,814.181909911048,986.343110184541,986.343110184541
"256",1153.99903937995,1063.72542198007,704.920826021648,1403.68981115687,868.184654690103,1109.59507683151,1109.59507683151
"257",1198.32087547122,1127.37269990892,687.640197746768,1201.42543505121,849.558874015403,1132.28804649494,1132.28804649494
"258",1047.40498476004,978.904258781923,662.464888312289,1296.93752404554,840.454284897682,1029.44942170223,1029.44942170223
"259",1188.88014579918,1142.71921211362,691.063582933558,1231.70031786441,878.442071004022,1131.97506452747,1131.97506452747
"260",1112.13867918296,986.009817279162,685.08890953602,1145.89573574353,851.330042485454,1072.24238610408,1072.24238610408
"261",1011.55164576082,922.660862887348,659.690987582324,1284.78751156268,817.716634063942,1012.60667633719,1012.60667633719
"262",1066.65099848297,972.839545865556,689.264254766254,1059.24631051307,842.468387824906,1029.48883903948,1029.48883903948
"263",1074.97738272169,1049.12159653291,690.432489071903,1365.83249062608,871.327614479053,1039.27540041093,1039.27540041093
"264",1115.70983231596,989.513108731035,705.683935431258,1030.78968755927,877.120665540841,1066.34719760728,1066.34719760728
"265",1057.1935494735,1003.87553023253,667.167048468308,1121.47038689307,841.31717241854,1028.86652951109,1028.86652951109
"266",1047.00058829053,1008.02631072054,673.258001956881,1060.74221491684,853.369589877746,1005.46806041603,1005.46806041603
"267",1077.85779474019,1051.58030530368,670.818793269916,1214.80510184614,841.997835702956,1023.23321476451,1023.23321476451
"268",1130.8944397713,969.479086104471,682.118199244898,1201.78165210573,838.394636405171,1144.87518987869,1144.87518987869
"269",1034.41478255266,928.694359122489,649.12299157664,1448.76435304,805.924424916599,1011.65365407512,1011.65365407512
"270",1155.73537043501,1062.89095135123,710.225315472354,1111.60081967319,872.132867466564,1149.22709627038,1149.22709627038
"271",1070.81543474718,970.927864606562,687.274408114143,1184.14957013348,850.43486621951,1035.13517010187,1035.13517010187
"272",1103.13012442075,1062.45683767895,677.485062995176,1318.76128553204,842.142827373293,1081.67363161583,1081.67363161583
"273",998.318859239339,978.552803192602,648.980853593056,1088.23137243162,788.105774519876,941.554281231688,941.554281231688
"274",1047.79896522648,941.06029733077,675.704607254762,1073.06172734085,814.096968430635,1021.98908165844,1021.98908165844
"275",1140.70731294073,1003.92437550169,710.981951700379,1147.19491237756,866.198070790819,1137.84180123282,1137.84180123282
"276",1101.72943492969,973.697611170244,677.87611579446,1245.89891271937,854.010069930355,1071.68299623998,1071.68299623998
"277",1108.48383393025,1000.42997840262,724.10631881688,1412.19410588291,899.710946486138,1115.12768879805,1115.12768879805
"278",1179.37757037445,1154.63409111352,712.854017833826,1214.9647789478,869.537584944794,1147.82847678176,1147.82847678176
"279",1072.62650245737,1063.72749392166,685.126312971489,986.91673464378,847.442288388733,1040.26469696434,1040.26469696434
"280",1145.33341865827,982.485114089853,695.986715133927,1511.35533230611,861.276287366561,1077.41154317822,1077.41154317822
"281",1044.10515105902,964.533768890032,687.70328645586,1033.26626612206,837.058525336384,1028.48353474257,1028.48353474257
"282",1054.33145263792,919.96783962729,693.198638110312,1028.24370016621,833.247487526533,1027.87494510074,1027.87494510074
"283",1157.39118283699,1089.33519587958,714.00637286475,1070.03172727299,861.054473748853,1079.11818164676,1079.11818164676
"284",986.920511690403,953.551367722151,627.884155615797,1233.4344794349,783.511631981431,961.449093432057,961.449093432057
"285",1062.88065925549,1061.53519109702,673.943974210783,1300.61670393872,844.122719261302,1044.23516536741,1044.23516536741
"286",1092.88381842624,1010.32915076318,683.708528435173,1070.03479324745,840.687100023868,1033.96209679955,1033.96209679955
"287",1060.25882185981,951.363775401207,675.59598841986,1106.52572584197,838.757423848039,989.787012077912,989.787012077912
"288",1091.81432264869,966.93466219888,682.899772159816,1365.31050316715,851.149333135904,1044.67514777791,1044.67514777791
"289",1047.90248667188,1024.18837000654,654.447595230757,1455.01072773031,820.852114864248,1018.00456062813,1018.00456062813
"290",1079.01176378683,1028.77314476169,662.240640059858,990.629869941125,829.134890232999,1050.65149688203,1050.65149688203
"291",1186.02432658189,1108.4327395598,694.47027908601,1190.9188350854,863.0639161257,1142.81850288886,1142.81850288886
"292",1077.18385764331,1012.05055987453,685.165592199187,1294.75897607431,844.521723633881,1045.4519427402,1045.4519427402
"293",1081.45932612222,1015.95843560144,690.384477915934,1111.21898500092,857.009254436526,1066.84031503382,1066.84031503382
"294",1091.60264605517,935.323919464091,685.678523251614,1093.18672190358,835.266761035849,1065.43023853315,1065.43023853315
"295",1168.86438990287,1146.65694225028,704.41347584089,1352.29835243328,883.446854213938,1132.15899942446,1132.15899942446
"296",1012.86511732936,912.17123027036,641.085716542925,939.939579369508,800.295349032471,975.355814009271,975.355814009271
"297",1224.92517978362,1159.80112769264,705.014643721227,1247.8793426104,866.657741894319,1195.88522972027,1195.88522972027
"298",1126.1949213249,990.139102226088,683.956215091826,1294.63176344488,852.368543743792,1108.84125498154,1108.84125498154
"299",1150.72997033911,1108.00042252406,721.662429076094,1094.27094336783,880.20877542133,1102.46513839164,1102.46513839164
"300",1040.27195799466,983.302725157523,686.064056828504,1146.27526279841,841.425882257253,1002.15622050504,1002.15622050504
"301",1049.72821045144,922.870754226377,679.057344825998,1219.5748782736,847.515766290566,998.062699943173,998.062699943173
"302",1097.64944640988,1047.06776082699,692.945191745431,1177.45940144418,865.194988170479,1033.31099797686,1033.31099797686
"303",1121.66453413409,934.082539491561,672.862373499246,969.534926683722,828.760410612951,1050.85424358206,1050.85424358206
"304",1061.81715639517,1014.78272410661,690.76486133836,1254.12143445323,856.952371095308,1007.56995599121,1007.56995599121
"305",1106.92357001754,1076.90592457253,680.597561961659,1119.74609186102,849.256031976672,1049.47226488323,1049.47226488323
"306",1097.66395250779,1084.99967192836,680.091509606215,1102.31564772274,843.82326848706,1029.46854523398,1029.46854523398
"307",1039.08346444321,913.466399957353,673.453741475511,1189.96397532252,839.468999279372,1050.85878748109,1050.85878748109
"308",1025.68262352289,1003.0042062177,644.776804271438,1128.88924100863,803.985185799378,980.713216253724,980.713216253724
"309",1109.60118593841,970.683984554919,693.755583538996,1097.54375982957,850.983297601778,1072.24869042342,1072.24869042342
"310",1043.76041620048,941.433436419285,660.940308664324,1044.00808238383,834.063269914697,1028.13483016571,1028.13483016571
"311",1170.05659901105,995.940531557623,692.062737739296,1347.59778067353,850.983454409402,1123.11621802701,1123.11621802701
"312",1154.54836883364,1032.80149652681,678.754876139389,1329.40605088525,852.040182635434,1083.89884661218,1083.89884661218
"313",1065.25897714009,954.142058353069,681.035733941947,1146.74384871693,843.757677447857,1013.71357948256,1013.71357948256
"314",1047.30071913856,973.72793739264,658.41353003348,1141.23321930024,823.825854366109,999.520822422528,999.520822422528
"315",1056.46609496723,994.782251145914,674.285660022521,1171.80932957333,839.937500893288,1003.8194909607,1003.8194909607
"316",1076.83281872756,1008.50631072889,666.566532883213,1140.81409647202,836.570310868915,1071.16911769001,1071.16911769001
"317",1094.90528230575,1000.10166155798,702.71373205634,1178.75862972106,870.826114993421,1087.06549314532,1087.06549314532
"318",1026.16132221629,998.366621477646,650.809801412732,1406.7336901713,818.593628774055,1008.08331162547,1008.08331162547
"319",1144.01601851792,1032.20005484197,698.763443215544,1167.54802916111,842.948470630691,1075.99693232488,1075.99693232488
"320",1102.82112361017,979.074489879054,675.191965245484,1253.59930008188,851.0776744986,1109.13833680005,1109.13833680005
"321",1059.63449017222,930.826845803754,667.346988293178,1110.47268026098,829.184539065727,1023.66662733363,1023.66662733363
"322",1042.10189793094,1042.91222622625,683.129080124157,1219.74560427757,843.70324564472,1002.36014432782,1002.36014432782
"323",1038.95462717746,942.818993172819,657.650303168231,925.691770568049,810.37543353687,1030.31612938206,1030.31612938206
"324",1126.50705225613,961.146983148315,681.900158366752,1258.98890699165,852.07881224853,1078.39432394851,1078.39432394851
"325",1105.88103540104,1015.56527994822,668.104608618611,1087.37118781534,836.41062927856,1078.71645536774,1078.71645536774
"326",1161.95954108788,1102.05063929795,712.402952011043,1249.15734309853,857.577968095313,1124.62792368186,1124.62792368186
"327",1117.975051674,998.214733838108,694.291683482181,1190.50719668338,847.900651637475,1052.70639990134,1052.70639990134
"328",1060.85444742264,968.280643095829,676.368519500231,1176.09042412161,838.673058151336,1059.53314725893,1059.53314725893
"329",1071.35773690287,996.887258607581,674.524274284769,1055.2674993122,833.186783383927,1031.35982848877,1031.35982848877
"330",1080.78368052861,983.024817633287,680.822565161285,1139.39897852126,820.589824518593,1011.97385101144,1011.97385101144
"331",1103.57646619809,1072.46232719994,689.227593154685,1242.10464504837,865.76657474626,1067.12303574837,1067.12303574837
"332",1145.39344659026,1106.9569646787,703.822839677029,1044.06162726026,853.122339219162,1097.56671012077,1097.56671012077
"333",1188.78475563932,1146.59754377515,719.307292379917,4261550852.78503,879.628070841701,1125.37255024507,1125.37255024507
"334",1098.88979448194,984.419005525064,677.531469974742,1205.57065842465,839.310853672832,1096.84542225757,1096.84542225757
"335",1130.86552503043,1099.85407644311,692.553128940302,1225.90009494957,827.255660483224,1060.02635847199,1060.02635847199
"336",1096.55150758484,972.809558983326,670.106031736063,1019.86652490692,822.295535822117,1059.53910539863,1059.53910539863
"337",1029.66388826116,913.348241640422,673.771764261229,1122.45199177695,841.682380856097,1042.04752789673,1042.04752789673
"338",1077.4380255405,1036.25759099617,678.576917679444,1269.50678098725,836.556628131508,1015.56321306061,1015.56321306061
"339",1058.11144214036,948.993000266961,672.067233328648,1063.86967302446,831.788394067669,1028.43101336759,1028.43101336759
"340",1118.48443641082,899.561936303344,670.85230571559,1206.98625266599,830.48072755238,1068.5186595931,1068.5186595931
"341",1132.82969998533,934.133296991721,692.729322119409,1108.22704994936,857.079085296656,1124.8198552257,1124.8198552257
"342",1129.80103621824,1030.79668140291,729.921723361929,1375.56175302529,899.358976250846,1124.22721676972,1124.22721676972
"343",1046.80356884776,989.915536274206,661.000110896672,1259.72108406898,834.98822723488,1057.04351372051,1057.04351372051
"344",1079.82182635718,995.244808806288,658.286231188264,1376.95829516208,838.127126518728,1047.90870822862,1047.90870822862
"345",1003.54442726524,926.048644893965,647.783792310672,981.758260145614,812.230686659139,983.688402805969,983.688402805969
"346",1108.77699394164,1013.29395687031,685.522692522546,1265.00808411703,842.605350034797,1047.75851481298,1047.75851481298
"347",1144.77494735386,1044.8688831638,713.362191961859,1082.50043424883,874.400809031338,1130.28570312162,1130.28570312162
"348",1078.38014578078,979.317489795154,673.500512421075,1059.04370068021,842.96901514218,1042.13642289469,1042.13642289469
"349",1053.17206908562,887.723196139812,661.812368825273,1243.93818408927,815.470979805946,1050.18316716432,1050.18316716432
"350",1019.44039857903,976.067478557836,668.931078680071,1632.37974340891,828.454616373517,994.964050697392,994.964050697392
"351",1211.39933905111,939.952925125054,709.615407204235,2601624358.47864,872.143785457118,1151.94273004488,1151.94273004488
"352",1080.63733461719,940.497019849193,678.025451518774,1079.51358623906,841.91183163702,1075.24694652904,1075.24694652904
"353",1021.20927935436,940.049168163819,662.713946802734,1054.31760343148,824.723999748791,974.657989350805,974.657989350805
"354",1136.22192862745,1076.89604466511,677.266946591659,1042.11119010152,847.790890462165,1090.55363105165,1090.55363105165
"355",1129.5127327447,1059.28768856843,687.398798417357,1094.19352887823,840.825862649255,1108.14956878858,1108.14956878858
"356",1085.68261827956,987.469543156041,673.206303350986,1173.92243660357,845.965138724602,1088.67884223749,1088.67884223749
"357",1117.8272087229,1095.3825117569,665.253821496267,1424.68374193106,820.050806749544,1109.52556542971,1109.52556542971
"358",1049.38038394167,992.522812426539,680.111127630011,1085.49336048179,855.70526150393,1013.71123425582,1013.71123425582
"359",1116.29950310117,1023.61798670121,690.918138035036,1219.84156488711,838.896753921901,1067.12648316997,1067.12648316997
"360",1023.0485289149,922.725156364117,669.490027835241,1094.52434338246,823.765739772715,968.622488247876,968.622488247876
"361",1093.03895697826,1046.58165662755,701.496638468222,1366.55217177111,863.29830289018,1055.59736324405,1055.59736324405
"362",1279.43055232907,1178.95846892997,723.515726298557,1438.93274528686,875.525467066035,1207.22088376756,1207.22088376756
"363",1143.77826924385,1035.44169783077,682.053851168139,1433.63964398777,826.703131564459,1107.81328206002,1107.81328206002
"364",1075.55261610379,1010.83236459984,653.897792224234,1317.79511971894,812.786389607376,1048.73471088068,1048.73471088068
"365",1072.70935591178,1025.36232801552,669.761532955849,1157.31837112096,847.721747060964,1034.34648557724,1034.34648557724
"366",1052.48218816644,1025.31791260138,674.807645548812,4153398043.27125,815.889376983446,976.559991076444,976.559991076444
"367",1010.12118918655,907.118267038886,666.67215885846,945.560159400986,827.432249618373,1009.15968477074,1009.15968477074
"368",1080.03887508662,1025.88181421386,668.92626854992,1149.78229224962,826.063957742766,1012.29822811987,1012.29822811987
"369",998.261677938609,902.205158589261,656.134948036222,1193.14486384713,811.928887577591,976.361797966057,976.361797966057
"370",1054.18317487432,909.386234326466,688.652018053773,1306.37728758264,845.97999695929,1080.55304093769,1080.55304093769
"371",1372.56673780513,1001.76982956582,749.417113775677,1909.74982870626,910.055857564903,1254.2860254146,1254.2860254146
"372",1116.15650454034,1068.95743794436,691.147566427912,1410.62161976714,864.890913610902,1078.13024154109,1078.13024154109
"373",1177.77170462718,965.553761214353,710.672865796604,1228.33007585477,874.961469968377,1165.32361206236,1165.32361206236
"374",1096.42978519053,1019.58669100145,677.922052478434,1251.74588312614,834.472421598196,1045.77116697391,1045.77116697391
"375",1134.01713002193,972.969662759481,704.605715374891,1015.72419943738,838.963460922014,1071.98592450515,1071.98592450515
"376",1016.55056137656,1002.88961225521,648.405886408802,1181.08302049832,812.369875419448,990.449450780835,990.449450780835
"377",1084.46822375804,966.457534527345,682.877795652061,1483.15772562021,857.863091348885,1017.32417183072,1017.32417183072
"378",1019.43456872189,908.7624975166,681.201338902762,968.438108486057,827.040516994049,1021.89296836366,1021.89296836366
"379",1069.49894174027,980.479024904766,675.430818531822,1228.55812878639,827.131163386274,1098.07466756186,1098.07466756186
"380",1058.04628458969,1038.83025749545,664.553397739679,959.051273257338,821.77489615966,1016.88389202775,1016.88389202775
"381",1056.79799976988,999.445944242528,676.897477227656,1290.2639064059,830.223407398551,1038.0824947431,1038.0824947431
"382",1074.66200978547,1068.56098902186,666.194020750508,1346.64124139503,838.951522175718,995.670265129495,995.670265129495
"383",1074.89143337735,971.532743986912,674.000479055613,1224.01450520474,841.177950920837,1051.13056355373,1051.13056355373
"384",1081.8403882679,1062.24556759147,683.35018029644,1017.03733941644,845.531587747927,1036.80740741946,1036.80740741946
"385",1047.75175165687,913.299056064954,682.036451146228,1007.06858408073,822.273203101088,1012.47218671941,1012.47218671941
"386",1039.39668975274,1014.84858167377,648.041110481703,1219.87551632228,814.499001591599,1003.59940880417,1003.59940880417
"387",1039.13838560781,960.068720512583,685.300840927565,1018.86540743438,854.578479554122,1011.5420526838,1011.5420526838
"388",1182.05268361792,985.794988233711,685.953091609059,1189.27171354798,837.358141322237,1090.55602806604,1090.55602806604
"389",1023.08296499373,953.535705588789,645.449167882559,936.446519586529,796.617837285462,1011.43517497633,1011.43517497633
"390",1147.55708883171,1005.8457260942,700.4104497326,1175.87050767807,861.212840718061,1049.19387674122,1049.19387674122
"391",1171.13149264341,1155.90926638102,701.52454327481,1233.3198248553,895.181694591974,1125.35627494488,1125.35627494488
"392",1104.92196008243,1074.34369471867,697.299243177985,1216.79328068169,870.266180824129,1067.03247409227,1067.03247409227
"393",1092.68153999013,1000.11706812385,663.813804075347,1259.1770628584,832.799527039112,1070.33965493851,1070.33965493851
"394",1067.6805837353,1029.81858517923,674.395252943365,1113.52744285867,842.045421635531,1049.23402015016,1049.23402015016
"395",1222.5087468818,1141.17273792974,704.620481527134,1394.02728131836,863.200917243186,1203.01932851154,1203.01932851154
"396",1079.23497406006,1044.8460485971,663.539348567606,1204.63706343354,827.366926117669,1012.54823797505,1012.54823797505
"397",1103.90908515336,1073.74015493094,698.737901074129,1032.90057974626,831.758737407904,1017.91756934783,1017.91756934783
"398",1044.73901281051,957.169303898569,683.365554661805,1135.54565637611,841.42158276213,1017.52335260598,1017.52335260598
"399",1040.8588445746,1017.16422064131,678.401733526073,1233.27615906954,845.705176746909,1023.882966815,1023.882966815
"400",1030.22948791834,1006.72603342576,674.474179395083,1039.03604121882,837.477586223228,1004.2753403931,1004.2753403931
"401",999.961085944722,915.334248192454,643.540848665683,1086.35545537552,799.308966451951,980.852043035947,980.852043035947
"402",1059.257998569,965.450016462381,688.949699831901,1110.62828646511,847.127924280911,1022.90301807253,1022.90301807253
"403",1085.70503197249,962.684341168392,676.598583217839,1355.01780456599,835.802216308454,1064.29343927692,1064.29343927692
"404",1110.7192890418,1050.56130969106,678.292505998675,1155.44863397289,829.502268040595,1041.33070588247,1041.33070588247
"405",1097.86382072439,984.927539868086,687.396805313725,1042.8529124444,860.283108628106,1065.54013233923,1065.54013233923
"406",1040.41260233881,1008.36349611198,651.656424528284,1123.44720492245,818.858286335515,985.624008540338,985.624008540338
"407",1032.30678964967,931.459432675511,672.563995619639,1060.03100315796,837.07418972805,1015.61676330902,1015.61676330902
"408",1011.15822138052,951.313926160561,679.149255339163,1086.56318035508,833.618233532862,988.156365408222,988.156365408222
"409",1071.85590888512,932.781454285202,684.691980434462,1146.58049926793,840.48034089399,1025.90231769399,1025.90231769399
"410",1084.02307992746,1017.797630243,703.620246865558,1001.68421970993,870.107396245391,1045.75048283146,1045.75048283146
"411",1031.73648245059,967.012331565595,668.967358740009,1163.6964060215,840.347134874708,1045.87151276864,1045.87151276864
"412",1131.32806141591,1060.7337651524,662.186799822907,1095.19594696309,824.545534212343,1084.13607582461,1084.13607582461
"413",1086.2717949848,1064.97360379382,683.559465902628,1321.01899019426,846.642963775613,1030.22776682443,1030.22776682443
"414",1196.80766007003,1073.02195302418,708.665381074381,NA,860.874734397909,1119.37141125084,1119.37141125084
"415",1057.98986566111,953.981952385363,688.008393973808,1144.69103044269,835.863688069071,991.416553453407,991.416553453407
"416",1086.29425319942,946.98561219835,679.055584111471,6065683688.24925,823.939467919591,1041.6292205958,1041.6292205958
"417",1082.58677906903,982.117381717185,681.039466853392,1274.42281204665,843.915681819663,1075.98898453683,1075.98898453683
"418",1163.49860806449,951.753943397814,708.367084045543,1078.77917454302,840.886791880132,1147.87243325434,1147.87243325434
"419",1040.12597617813,936.151649755214,685.139224380234,1247.1890901818,841.644273783312,1055.07395604116,1055.07395604116
"420",1027.97074220859,964.059033167812,653.002889296507,899.260337228235,813.21770894282,989.483957570554,989.483957570554
"421",1114.42929144528,1070.25656810466,688.59135739428,1096.21446464564,865.653065122322,1043.40450312018,1043.40450312018
"422",1095.14030271383,1047.70344552126,692.582943975195,977.082946334865,854.075361114973,1053.05915792957,1053.05915792957
"423",1188.87335046739,1139.44531533496,733.360065524899,12963949226702.2,891.56277553395,1153.14585812902,1153.14585812902
"424",1102.00664719518,970.411152082115,667.248486399754,1313.99947713194,832.800804587568,1114.34024442182,1114.34024442182
"425",1013.25665774447,914.123639149001,656.941199203007,1043.3435456509,809.124771391107,971.540733417863,971.540733417863
"426",1072.01344421079,993.804088969995,670.004457835458,1263.16719082968,843.202261272896,1027.6197390241,1027.6197390241
"427",1085.06844587212,1051.32852596093,677.274100126022,1188.66915672127,835.931025630251,1024.64102817051,1024.64102817051
"428",1121.40541507005,926.437694915513,688.527691771108,1131.67892523135,845.848865440547,1057.99676343822,1057.99676343822
"429",999.712126560124,969.804287600197,656.304429702984,974.641177615768,825.832750084842,964.292494174811,964.292494174811
"430",1220.61573152483,1153.48564398134,712.098369100472,1179.70467432725,882.731723678146,1120.65815820881,1120.65815820881
"431",1148.34635064913,1134.32575179164,703.823072970765,1302.93399781376,867.947209282871,1079.09711640927,1079.09711640927
"432",1070.74100815691,1044.45126309664,680.872682774592,1214.41862803058,850.243621992216,1050.74372722951,1050.74372722951
"433",1058.66874010001,901.422096401218,665.659524685884,1200.62539950495,827.071285583001,1048.43788582679,1048.43788582679
"434",935.431454971564,880.059980969575,638.820409265457,1154.91682488857,794.921395367282,927.489939391933,927.489939391933
"435",1113.93358480799,984.996798312429,709.909898668274,1184.44967234219,882.613693951182,1081.53665126179,1081.53665126179
"436",1112.25313219208,1091.56017773336,690.811166865651,1112.60261561177,867.469157393346,1089.14541351181,1089.14541351181
"437",1038.10936848601,975.074671766906,659.379169237308,1091.50079232281,811.357232049061,998.651818475455,998.651818475455
"438",1141.61838360946,1091.8881007717,694.140579477667,1347.78760563359,848.951324680672,1105.95666553441,1105.95666553441
"439",1116.83801519205,1074.16129127566,704.570798196494,1331.40705423401,875.948117193734,1059.0137013326,1059.0137013326
"440",1058.18406012451,1052.76232745109,669.660610501395,1228.38179345988,831.847982187662,1008.70644846156,1008.70644846156
"441",1079.3988054171,1009.17213820774,678.478175448526,1423.13823048729,860.448072362499,1037.67691279026,1037.67691279026
"442",1088.2764863297,1065.42673733142,689.426814135825,1209.5027819555,839.273913781154,1041.30219061444,1041.30219061444
"443",1128.03186671923,1028.68732335459,685.035159686931,1214.06777225572,859.40924049749,1086.76576863691,1086.76576863691
"444",1128.02350061129,1104.75893918016,698.12912884656,1124.1136598724,855.941143203951,1045.81745040429,1045.81745040429
"445",1047.27354112497,1022.26107577645,665.889715648053,1110.19806284878,843.243316975252,1010.31219822068,1010.31219822068
"446",1042.73977876539,986.771057700429,679.017788647023,995.334308962218,843.960703640197,992.893396847881,992.893396847881
"447",1083.37569603468,887.02371421261,667.137288344655,1298.17838516221,815.271389020381,1024.38249732136,1024.38249732136
"448",1171.50272215653,992.251654271553,694.907216855822,1124.52921245812,853.812302955805,1155.52365464428,1155.52365464428
"449",1049.84158715517,987.017004572852,664.811575188463,1091.51590607562,827.699520589252,1015.90597479322,1015.90597479322
"450",1186.03931242905,1041.06298736331,729.70848088335,1478.47870671303,893.710524326836,1154.50312111351,1154.50312111351
"451",1059.84386393118,962.418975895574,681.371201593449,1295.58847673437,844.085308232953,1049.49122181349,1049.49122181349
"452",1078.97424269886,1050.91651904821,684.224606740233,1136.34430463698,841.340794646864,1046.69582797555,1046.69582797555
"453",1057.186383971,997.86551783156,689.039098058078,1049.11133282944,849.056452696192,1013.12910141462,1013.12910141462
"454",1063.87673773417,1035.87899247069,683.577387684544,1052.81190200244,856.119029372472,1018.57581617125,1018.57581617125
"455",1013.47002609818,931.944809890333,658.530278216187,1087.96367698682,798.823474990948,976.600063138922,976.600063138922
"456",1024.95870645433,1012.38997501941,662.237899045498,1039.84233743082,828.183714354362,994.19288833151,994.19288833151
"457",1061.24896420953,1034.52895111665,654.511170329568,1206.59741963836,823.016024724613,1045.07331985971,1045.07331985971
"458",1080.58367463174,994.825479118623,667.852172509102,1107.08295716226,827.07225157212,1053.68960643359,1053.68960643359
"459",1081.44828861865,999.618457304723,668.287400257645,1310.23630553526,839.029851353176,1051.91602464433,1051.91602464433
"460",1071.67432175682,1051.62721531307,681.581874378303,1389.86901276617,850.421367058458,1047.48951669218,1047.48951669218
"461",1022.03875885063,954.596115811636,646.16921731182,1031.29689996867,799.014009196075,983.75215716778,983.75215716778
"462",1073.06489966869,951.270721088928,676.174862835355,1290.78355561142,823.809311055265,1057.7512132411,1057.7512132411
"463",1126.30650531662,1036.86940966628,690.777543356411,1698.41624899,860.261404416773,1119.41697917307,1119.41697917307
"464",1104.59996283065,1019.99973896862,675.46222452628,1101.2078231845,836.850290645977,1132.42687890524,1132.42687890524
"465",1063.18433104111,1056.5007340352,677.196190985926,1063.63433764129,849.190170844096,1014.00630875416,1014.00630875416
"466",1048.11727467889,998.369832226508,652.477918804553,1135.47215394401,807.709980299716,1019.26868053657,1019.26868053657
"467",1119.72096191582,1026.99098207264,700.01729426035,1010.4175682925,872.110800075582,1042.85885479032,1042.85885479032
"468",1010.28834117708,997.810252194215,654.926701207735,1023.3354196696,806.720481476796,965.623896414505,965.623896414505
"469",1062.84839965801,975.188271940247,669.532939051671,1299.39775481601,833.103265283893,1034.54245538974,1034.54245538974
"470",1189.32510459182,1015.43341132777,698.320827069934,1238.48759279799,850.778233292996,1523.63802153866,1523.63802153866
"471",1064.09411016533,942.929737088528,679.981255974991,1285.15736251701,844.033578647325,1033.69588427084,1033.69588427084
"472",1054.569046166,1048.78459273079,683.098042637048,1319.96895881635,830.374706460981,973.37775041301,973.37775041301
"473",1009.51463176542,897.135243650504,662.339189924703,1115.32372238208,815.595362148139,966.181883252332,966.181883252332
"474",1061.7537420702,938.718501359599,669.446760397988,1047.45522485745,833.779980152489,1009.55180370564,1009.55180370564
"475",1116.02043045067,915.163227631032,689.93860536022,1566.2623050594,844.162073047126,1075.91429944485,1075.91429944485
"476",1167.3044640675,1059.60892741875,712.987113125745,1076.82340259026,900.39429490073,1103.75601265542,1103.75601265542
"477",1055.65772986009,906.826942552631,691.304917757519,1131.43790701187,823.624513080548,1045.55437349644,1045.55437349644
"478",1173.39317001961,1003.29529725446,729.117983336449,1227.81125073455,865.076069674532,1119.74226446051,1119.74226446051
"479",1203.92930656807,1107.21158819697,712.09252500292,1215.19759792144,877.328806910202,1114.34333506217,1114.34333506217
"480",1107.81271488263,970.590724123776,696.884639356885,1190.200842953,858.696955124679,1040.99965276768,1040.99965276768
"481",996.667216984377,921.948918446876,640.353389287222,1025.23695055043,797.63007267911,969.906912701128,969.906912701128
"482",1041.65710999349,987.556713483894,665.523888504623,1155.1429845253,836.285967675505,1000.30563255653,1000.30563255653
"483",1089.62209022484,1061.07086125378,674.119312608503,1044.79469918229,840.012341884576,1057.29104786441,1057.29104786441
"484",1087.21104150659,1018.92554271325,682.264313810414,1208.33483242246,860.687233474718,1057.13433036953,1057.13433036953
"485",1066.73382165302,975.384845758001,693.283957223474,1118.97968236596,858.669374225735,1038.48019535053,1038.48019535053
"486",1105.60294359315,1037.45110986021,687.62477296488,1392.49153468808,871.64345835836,1085.21481930372,1085.21481930372
"487",971.952042464831,944.015302223604,647.98430061022,1097.77151347095,805.466758562724,957.877395010576,957.877395010576
"488",1109.50897463674,1076.54514197716,715.241685796112,1155.21956517021,883.144660857683,1054.78491671279,1054.78491671279
"489",1076.87221901413,949.954068219998,662.583147531481,1003.00049981144,828.552427171863,1077.24451593613,1077.24451593613
"490",1124.80082710364,1033.98436096276,681.266060501764,1215.97977180706,858.126234410109,1088.85743514857,1088.85743514857
"491",1009.23885758301,981.450589361706,671.222082924005,937.272037837743,838.159134401788,974.380209307302,974.380209307302
"492",998.246766026732,971.961670227092,651.085836556741,985.507595350467,814.029805542089,960.578157010176,960.578157010176
"493",1042.05313761141,987.580938346058,672.360632143131,1138.70689652567,838.080681389171,1018.24391522615,1018.24391522615
"494",1060.06535847578,871.010929684296,659.007079102977,3813916.77073867,805.470335325496,998.085421413985,998.085421413985
"495",1042.0373625997,892.003463211875,651.922245717528,968.955664663667,803.828379967776,1015.60376863351,1015.60376863351
"496",1010.15494395056,940.423553852197,660.736079907213,896.896640725091,809.556312197046,1001.45483609655,1001.45483609655
"497",1137.45687192785,1082.33745940049,668.628963591349,1344.86772988281,850.653337100582,1217.12717896846,1217.12717896846
"498",1006.47754206988,921.151778434602,653.532846683196,993.932804620742,815.924007840163,1018.51893945766,1018.51893945766
"499",1220.66400315649,1167.09856919916,666.912654255448,1083.65360393857,823.191080312477,1099.32731955831,1099.32731955831
"500",1166.31230819137,1001.84843683425,707.984593416139,1306.45018222727,871.511023758937,1166.66413067727,1166.66413067727
