"","correct_data","ztHurdlepoisson_split","Hurdleztpoisson_split","ztoipoisson_split","oiztpoisson_split","ztHurdlepoisson_combined","Hurdleztpoisson_combined","ztoipoisson_combined","oiztpoisson_combined"
"1",2719.637793727,2537.6204800382,1765.04845671999,1544.59738131244,1483.53886206641,2530.75891180038,1740.86599217695,1498.96043188552,1440.06715979101
"2",1697.8673419794,1734.99414888257,1392.73982334238,1334.96107201053,1281.31127870575,1658.7486951324,1336.66476315388,1292.79620495111,1240.12059846328
"3",2303.53416735012,2282.24944458121,1951.24803853164,1940.88971952501,1871.1637634827,2234.84510328536,1895.53080943665,1880.93701346449,1812.07973261434
"4",2395.53013966836,2213.9781427611,1506.68044218379,1513.10425313786,1422.97158973725,2276.2809572474,1481.33734735009,1475.13645568242,1383.44334327168
"5",2155.16861179285,2151.59581581657,1675.30715775782,1600.71739836241,1549.90554087603,2088.71438652008,1620.7396677482,1543.88192057191,1496.18424385823
"6",2181.67551780763,2173.71582382089,1736.46340365313,1663.45469158853,1607.16463313993,2120.12232249679,1689.97558650637,1601.75321346503,1549.79094763875
"7",2216.57108298629,2231.77050976204,1974.56985534115,1941.99882392242,1881.13053891309,2169.38239071448,1912.50042030067,1863.46543146135,1807.46805210152
"8",2053.17135112099,2106.614925861,1691.97077124464,1650.0813905235,1581.62037449685,2008.94703089478,1637.21518007157,1584.97288070039,1523.83306438529
"9",2330.04472671133,2319.37209453672,2129.7762776466,2177.19558180054,2089.90829794059,2280.19359991163,2078.24331332113,2120.26756142802,2032.34336443161
"10",2304.25016424818,2332.84256377817,2185.07752290644,2145.67462223992,2101.75464833611,2251.61185470495,2106.35952051689,2056.16246471588,2015.01949486559
"11",2007.06204236696,1965.97486750768,1449.71840559964,1486.96710814843,1389.65157789556,1988.55060175725,1417.41249155647,1427.2466450053,1340.08015186235
"12",2421.69782083353,2431.09586315089,2087.90930341545,2038.41627334445,1967.60326183749,2375.02829067042,2037.73927602333,1969.18062073507,1902.577635518
"13",2268.09566897911,2288.27620479078,1956.23504330798,1909.92624050956,1855.41738613618,2212.73724349775,1900.924053647,1848.74253146912,1797.95807709433
"14",2147.21851209158,2229.26076870203,1750.75014779254,1724.9460708799,1659.20302339135,2056.0874669557,1686.28678648921,1656.14741536699,1599.56190817853
"15",2213.99971187258,2232.93452563053,1928.68266563053,1912.45438298721,1851.3995058524,2161.81370901221,1868.35537115402,1843.40337333842,1785.17325055821
"16",2262.58154029164,2260.48197336855,1949.54116759242,1809.35543149481,1757.97897218235,2169.01288510768,1879.22025177335,1737.76038805241,1690.68431549206
"17",2048.24119021826,2071.06938793609,1580.87781441081,1562.85123209564,1490.03783237812,1977.65990272276,1514.77644113874,1500.63200381663,1431.23942717493
"18",2313.98955081238,2279.43253899271,1834.83310672104,1771.22015246918,1713.48975398866,2298.16621010847,1810.8421874811,1719.5136617024,1663.91010441929
"19",2296.81530524532,2305.09358826404,1805.68020352796,1639.63938754801,1562.73441005765,2260.30345476703,1753.99715809655,1572.40723880039,1499.20436609145
"20",2215.096448657,2219.02554009513,1868.14508870677,1800.41245119288,1736.23246003847,2175.55658220756,1821.7117797269,1737.18615886407,1676.40442709615
"21",2134.83787166574,2145.67029673507,1637.21238915146,1496.12159357114,1446.56518694548,2057.83922841925,1574.37743469196,1440.22906868305,1393.72300034845
"22",2262.87231326611,2288.82559774099,1663.92533173267,1651.91257446299,1531.72405548821,2224.78951888261,1634.71738779168,1578.16976608966,1468.15357433803
"23",2341.15231062626,2314.39310435027,1924.25628161627,1797.33921917625,1744.74723419975,2283.09903265262,1891.86543893064,1738.51627487088,1689.60761770013
"24",2334.127697055,2355.30763248035,1949.75337185016,2023.014231486,1913.17244039254,2269.62920498876,1884.32960576171,1952.25301394155,1847.60509380812
"25",2197.75433342046,2214.68547482879,1522.51122109473,1440.88932556349,1375.73649772818,2172.65967858814,1485.01470406744,1399.11641144887,1335.28809594839
"26",2259.19224379278,2314.08852882454,1612.44754117883,1530.75961670884,1468.73031147471,2153.24834644787,1536.73481977803,1457.705677337,1400.05365128412
"27",2320.07936219417,2314.57050413206,2133.60638098776,2190.51409941894,2103.3520700248,2265.05406204646,2077.90894105554,2127.1169658628,2042.12817778296
"28",1977.42711775311,1892.21727405378,1506.84336419239,1471.95889339478,1410.92554473326,1880.18001234244,1466.39709746141,1420.13020798834,1360.70799882406
"29",2109.05934644409,2104.82185731847,1702.04213643912,1609.5199104779,1558.48995162664,2040.81639680052,1651.48836924636,1554.65562584093,1506.108065782
"30",2233.76601732962,2187.45416245742,1945.80089770711,1956.74227541847,1893.04038238473,2190.03552509166,1896.77527745629,1903.09525083052,1835.42741152364
"31",2127.04493647073,2158.11867630726,1806.10089806843,1837.20751900288,1755.98827884026,2079.08700327696,1742.71145720407,1769.34383184747,1692.41504272133
"32",1905.99103742098,1867.91804547322,1445.95648405395,1399.09190155723,1347.74760169352,1849.9907568649,1411.82043280275,1355.40680417581,1306.26882653259
"33",2080.97194980648,1993.05867997365,1516.12915708089,1534.13020616413,1457.26658747806,2055.39833736245,1491.02439060797,1501.21258904323,1422.93528099915
"34",2037.5403111022,2032.11511695425,1741.02319624856,1695.84961175736,1652.34567205983,2009.89525711304,1690.41551855151,1635.92556475333,1593.0868527595
"35",2270.15995352725,2284.25438608186,1948.36709769864,1852.68984656225,1806.31270768015,2193.75985404559,1879.44756409849,1777.31756656201,1735.28924914776
"36",2354.72109871007,2143.6186423257,1899.83293921337,1895.90507500893,1842.30000164299,2288.49772053258,1896.21157290411,1859.00006046394,1800.25904139356
"37",2085.65930440562,2147.49900561758,1543.53297471404,1572.89599884386,1486.98107118908,2031.97443233341,1487.38616607536,1512.68963964962,1432.80519718394
"38",2424.75011206013,2357.20366252868,1792.57921021784,1626.31645366119,1561.61699821746,2413.97057554914,1763.2142313241,1577.06240519248,1509.09889693482
"39",2281.48898853264,2259.70385845293,2004.77598151525,1992.01610099069,1925.12564562835,2228.49301622303,1948.73146158419,1924.24430724101,1859.29691992221
"40",2330.72240183802,2362.03973680887,2013.82933918141,1939.84394936142,1885.02993907091,2272.86116170032,1944.35941225953,1869.11117705689,1818.56251483133
"41",1750.64472374065,1674.61627045003,1362.84051649245,1321.73371176931,1272.82063445565,1693.96972046997,1334.813230445,1281.37314156502,1232.77125618077
"42",2169.66756971914,2160.44037306668,1907.5718802005,1769.79066559589,1727.3868404282,2104.98567538239,1850.85026867452,1713.67255377516,1673.08567400309
"43",2042.67751494482,2068.86603457923,1629.25266323068,1620.98848441744,1548.8298560237,1989.70788182372,1583.81353862284,1557.95970289459,1492.80241651574
"44",2261.01626532549,2314.84403589774,1705.12236900334,1696.37489691541,1597.09076626197,2168.8801397649,1639.82466400556,1625.6728762814,1536.01331304222
"45",2239.11246632696,2221.96439342686,1835.83559685536,1826.6914845551,1756.94789561836,2174.67637106031,1785.90707996283,1776.92411532416,1707.16985589757
"46",2184.03101745389,2244.73638934643,1682.28257247969,1691.51479772495,1588.3399113806,2058.92277475703,1608.60760749228,1624.76607076391,1529.54167932113
"47",2307.20123071791,2330.14504630263,1949.27661805282,1952.18567502341,1878.93496876718,2236.59285496513,1882.65193164718,1885.10772654975,1816.39348403238
"48",2067.56884524859,1997.12520098929,1525.09029503805,1474.33414559072,1346.22312902797,1983.65834241029,1505.58421333229,1437.66884448729,1309.86429440101
"49",2083.23100343574,2086.10806580273,1622.67859326171,1580.91249462097,1504.92889162657,2038.49271935088,1577.95411845441,1529.41908034113,1455.20593098426
"50",2223.22874836878,2262.37789837335,1965.21743068223,1938.37197846793,1886.41234951851,2184.46653799382,1892.14687598484,1856.90747966231,1808.87707293667
"51",2042.92784940424,1982.46371734608,1553.22959285438,1529.96388993655,1444.32103570427,2002.89418764248,1534.71465321147,1483.76694918048,1401.5622728648
"52",2278.35359776802,2290.50565230461,2096.7119120186,2144.23919013826,2069.35361406872,2213.79074235922,2022.59898853926,2069.2016817352,1996.24420593561
"53",2102.29884225783,2131.54517236463,1729.99033083575,1670.60792970051,1604.75997730408,2052.4086501563,1674.3333830603,1606.99087188929,1546.83753369145
"54",1873.43644040367,1811.45832235643,1582.45175324317,1528.68039074861,1484.02776112648,1813.79538288225,1555.43430791213,1476.72812414128,1433.52224388848
"55",2163.98101151462,2084.42447419397,1726.18440458459,1640.57179604646,1585.81051628991,2077.88504670606,1683.15728530788,1583.58866925451,1530.97970951479
"56",2030.70967167126,1996.04187295941,1629.02953926827,1572.30260027238,1521.13934615617,1962.47583178511,1585.53645670096,1520.68700112898,1471.73671869514
"57",2419.14406853063,2350.81076087091,1943.80791612909,1985.85437709217,1897.39433965379,2364.37342983074,1899.35059417603,1940.86586794379,1848.68074989125
"58",2137.9878773118,2089.09531958152,1632.50168525313,1497.80045804188,1441.13292748586,2071.86068437295,1596.79879240239,1450.28288074348,1395.17570784215
"59",2205.44625985746,2179.20461192635,1882.24390210852,1829.42287266457,1781.45901674738,2167.11029191126,1841.85410641499,1781.361671879,1732.63900807979
"60",1935.01519207172,1955.31854329233,1525.78972898358,1545.18375722721,1457.57459361116,1866.14705685295,1472.21564695921,1482.52750461593,1402.51550135334
"61",1855.6982371103,1825.76943537819,1428.53026710647,1362.68683811585,1281.17189970903,1824.33828846154,1408.09792551254,1315.65289729844,1235.90838759496
"62",2370.82599902783,2307.89839108795,NA,1815.26404810422,1734.62043117308,2294.88309619634,NA,1764.14704445504,1682.79578311328
"63",1764.85970826833,1751.26429118868,1394.38647225787,1420.63710376921,1352.96210875474,1714.75932622796,1350.46366147238,1370.01700099232,1305.28069766512
"64",2279.93057071728,2272.83063698268,1968.58853986448,1983.79134828685,1911.7933199153,2225.5963046344,1913.49048903307,1918.05621034793,1849.69881548315
"65",2417.07706264901,2465.31408575862,1971.19651869947,1974.85610177109,1890.38341238462,2374.37820546237,1898.81543174116,1900.00766661616,1820.23045976013
"66",2089.49647181376,2084.69179344546,1833.66010964543,1836.13936435552,1767.95390473149,2040.27430985459,1781.27409319541,1773.1802312767,1707.91431013884
"67",2009.16011129159,1939.11728639044,1478.32295694735,1542.37835684624,1429.13993504502,1971.59792901821,1439.4590645012,1491.09220233656,1380.85998063775
"68",2221.03159881354,2136.57246188562,1496.45867764064,1439.03932792733,1370.19113678969,2174.70575519416,1453.41941119941,1399.5295823851,1327.38094059532
"69",2406.18884531652,2285.00405457716,1854.50411205239,1836.46287309514,1753.4209546252,2400.83253018116,1842.5105082172,1790.77143347375,1706.86606548132
"70",1913.05926620049,1964.17458799414,1636.96532297939,1552.33117961808,1501.9214890063,1878.66282409312,1564.05014536337,1482.51279921482,1435.2790579468
"71",2324.46415461822,2350.14160574407,2097.20669623632,2147.45271048559,2057.9466604767,2259.6616197243,2016.23221117487,2068.42574863148,1981.28432478292
"72",2344.07965148909,2337.5432697523,2190.05587512696,2123.38628363119,2076.12048443514,2282.27049187107,2130.80037192749,2047.85693475622,2003.611572499
"73",2078.8074328409,2077.24822480566,1810.12571881941,1787.5689287427,1733.44819724614,2004.06061966839,1752.2459680787,1732.75063553558,1679.75113707197
"74",2293.30198581769,2258.04487358751,2042.2852074674,1921.93353586303,1876.37337691752,2243.81273798568,2009.57961946189,1865.54327353526,1822.26368512881
"75",2267.74271169948,2194.12914860228,1803.85817573632,1775.27099696047,1700.61462886601,2164.65713016629,1756.98074430256,1722.47345396343,1650.81195893885
"76",2024.21212005035,1990.27098786995,1763.7949308665,1756.17099897348,1694.24505941882,1988.42767368847,1735.5185198306,1709.9378483251,1649.81258991642
"77",1989.72329484274,1960.01683301745,1611.53765170955,1663.89794755224,1547.67286366597,1946.79283099915,1581.02158448634,1614.73115731151,1502.53787868152
"78",2280.22953004207,2236.92000841869,1863.2287224451,1869.31757877167,1785.66617928242,2221.69942554894,1818.77503678461,1815.16533697347,1733.87918310204
"79",2234.2533711528,2131.33247898292,1553.48812846781,1422.30902664358,1351.92738056688,2087.02983126626,1526.73399799398,1391.47567956613,1316.20355161313
"80",2237.97020296928,2243.43932011759,2040.37566198019,1981.89833336849,1932.5726868487,2166.08108370979,1970.89314278745,1917.25669989198,1869.74105980455
"81",2128.4876620802,2135.4139123604,1838.61069420346,1811.6389633886,1756.4652457043,2067.04686657777,1768.77632566862,1743.07049678158,1688.58003883691
"82",2250.47320440892,2164.1104253973,1829.13019258041,1823.93612286022,1763.19657209622,2219.78361571608,1793.77275280964,1779.23175388787,1714.14628927607
"83",2018.71678760223,2005.97361597166,1646.16793354081,1595.01714402972,1529.07912825301,1969.85311849352,1601.63052499115,1547.8525862699,1482.61211217008
"84",2423.91603620052,2432.56533211419,1984.90123908104,1901.14563173356,1840.0697042983,2355.68007411981,1917.33225424575,1834.71631936806,1775.35552375199
"85",2297.97429566073,2298.11666329955,2050.36077061155,2023.70322802489,1949.30607872199,2225.92843343552,1975.42352442017,1952.7509848793,1878.36561980465
"86",2309.37369501911,2304.19734257549,1919.77622963838,1844.14911263874,1786.8166158748,2215.59996742137,1855.1902594115,1781.94424704981,1725.65955706742
"87",2114.54498965849,2124.70110408976,1716.90422871075,1663.6711297105,1597.37161518881,2099.26889392579,1667.5660644023,1607.44760149007,1539.68338702009
"88",2165.59771671232,2217.89518470249,1750.14595409099,1666.52812306826,1611.63589371072,2095.18873375531,1675.70824616502,1597.63445630795,1547.70873069743
"89",2237.2987964592,2130.75583725723,1697.00633929083,1684.7612408779,1603.32716163226,2212.28607807293,1664.81134806196,1637.76064694176,1556.12213927544
"90",2322.22396944345,2338.57458250077,2085.47648424873,2083.78645765649,2028.35996339178,2278.78561918424,2015.60581018091,2005.14237857311,1951.55147975658
"91",2085.00220793243,2124.41098193155,1842.64103431163,1832.22036748984,1775.54388284015,2034.0525912336,1775.17795768813,1757.83373813966,1706.04356121442
"92",2179.82996629036,2141.34717916476,1921.82361983448,1941.70715504106,1874.96780486629,2125.23092448915,1866.12456772556,1884.98991177378,1815.16550064998
"93",2339.65659246736,2245.64928756409,1928.07509991655,1817.80430974178,1770.65050218899,2272.97569658506,1918.7286683074,1755.15841483691,1712.41434327881
"94",2225.08497464082,2170.6498828851,1791.45713815561,1830.87633565349,1746.65951144477,2142.52288397302,1736.64599692579,1771.09727654341,1687.84682140975
"95",2333.2908922652,2349.57143857063,2112.23770984497,2064.13891110076,2002.15981551871,2265.0942245709,2035.93454701867,1987.90729114501,1928.75097541643
"96",2343.20219500689,2277.15237951244,1810.88318857307,1825.08846827972,1733.48606967773,2332.42012881971,1776.10517642541,1766.24399375416,1679.18572856207
"97",2302.09719204643,2307.07914774872,1879.1027850047,1840.08609449207,1779.995206358,2226.21700191753,1810.72711878044,1772.16162884935,1712.37932587683
"98",2363.75982893682,2282.31729502648,1593.3577281181,1562.55385020631,1469.0401622525,2280.15535115861,1549.80569947029,1519.38649477388,1424.32161320736
"99",2399.13419944645,2379.74477494429,2003.55782134708,1983.76606446642,1879.54768752009,2353.1146197535,1974.06752096373,1919.95802646505,1824.21346652818
"100",2094.65417505823,1977.80834858371,1556.89977556924,1453.14908288751,1403.31771266347,2093.26198271057,1538.93378594331,1414.08270847795,1360.73408608103
"101",2258.04710253461,2241.32207664118,2067.11744142826,2031.24050602248,1986.03537199876,2192.07966863129,2006.18142316274,1965.26643026562,1920.05250212906
"102",2325.23348955561,2335.7277360047,2017.48927415223,2035.27264547397,1962.26331285245,2244.4992166525,1936.69295418898,1952.07722066704,1882.26616153792
"103",2397.63832720017,2301.73452654808,1731.69351964135,1587.96422091667,1470.87268149212,2360.08371636688,1717.17282680018,1539.29067946164,1425.02183258469
"104",2141.96314698375,2161.50828672193,1880.75749012443,1913.00940699744,1816.10082116196,2084.46791028248,1821.96510414649,1838.31685098774,1750.32010347979
"105",2465.5727237924,2490.25683752974,1934.58799993308,1923.55272622346,1836.98444507093,2416.13448757902,1870.81846503579,1858.99545210784,1776.22794989342
"106",2143.41952455956,2182.96546987379,1949.90915416371,1895.58471784224,1833.63074060288,2099.8238967232,1880.39936964114,1822.66403152417,1765.08035131311
"107",1992.02005263076,1978.10858682448,1703.22094763018,1639.50402062502,1589.43740640319,1941.65498474396,1656.17465617879,1589.93538510149,1541.40509275728
"108",2308.0139367439,2383.04020345261,1755.96901579314,1631.29207506245,1568.73437470607,2257.4150156308,1678.74519082527,1561.00166186771,1503.2871953874
"109",2267.84436045456,2273.49588325669,1998.65005339608,1919.65371965513,1870.02502995826,2219.93816675077,1945.41984374955,1856.63658025978,1810.94268839598
"110",2316.90478342769,2274.26958473151,1659.2777478036,1534.52940602255,1479.58442733289,2220.15285136284,1605.84362812331,1491.55198002546,1436.44554022195
"111",2307.79379658841,2304.31194335816,1935.2017600158,1882.11339221812,1824.04156851317,2240.95124890395,1878.37151456559,1816.59588066661,1762.22234999521
"112",1996.66094727241,1682.75890784859,1524.72525336911,1549.78238977905,1496.56488618926,1944.420520846,1561.5590068055,1542.72665453672,1479.74588695097
"113",2069.66437829929,2075.65545799803,1687.2342118926,1683.9896282934,1619.68644340451,2045.22041543576,1635.38641360628,1622.78246248622,1560.40720580366
"114",2062.95436922798,2025.59573111234,1422.23630144349,1430.63754141438,1357.26429790007,2017.22416962494,1390.25436303221,1391.00426607954,1318.98080107345
"115",2305.89287681145,2291.33177491167,1953.14465467935,1960.39937957247,1888.80194862997,2263.39118589567,1901.44074583547,1888.28971700546,1821.77676094832
"116",2103.72442138946,2080.69441615981,1809.35938289035,1813.73513633773,1724.00109250764,2055.29628056775,1769.39565994509,1760.75151510229,1671.46048411722
"117",1869.91884863922,1837.03184464293,1439.78327919404,1367.45995473043,1294.68608384036,1848.07200407406,1406.02352339653,1327.92212264209,1254.29905793352
"118",1959.88400572193,1965.61507644479,1617.34464028941,1575.36489825445,1516.81731923092,1921.60643764971,1571.09435031312,1520.06885409209,1463.72884405881
"119",2028.59428873477,1993.346756896,1763.42154525007,1706.0399095463,1657.24786403749,1974.82267250212,1728.90453469781,1640.66971402769,1597.16034626727
"120",1937.35828436613,1924.0100951278,1620.47937317494,1624.5269058833,1557.00130790976,1885.59706321587,1576.94636167485,1572.94015660445,1508.04915068356
"121",2355.74767387218,2331.75644148994,2023.1228230214,2017.60743453193,1950.99208270949,2275.2930639287,1957.27055210157,1950.57694168735,1884.87881431678
"122",2386.48323204747,2456.31274260556,1996.83574693351,1940.99933049382,1884.498549214,2345.98728743938,1908.85053037397,1864.41658255735,1806.70365153266
"123",2231.18147940027,2229.06594714683,1963.23541695429,1941.73694336303,1889.04467867283,2172.17592733425,1894.5225961735,1872.63697753025,1820.15084094251
"124",2098.30037651439,2137.20524322899,1457.31144705634,1475.50562035877,1382.83280705732,2058.83269485442,1400.13155792585,1418.45182725818,1328.86056178177
"125",2114.9138968379,1986.40867256102,1737.71795682654,1732.09747205295,1680.69310531506,2062.44579547979,1726.31985785389,1688.3120369581,1637.01121444061
"126",2170.43105810164,2185.45745020267,1781.22500331241,1699.98765978846,1632.94902044246,2111.91358830564,1729.33219350219,1646.5275518727,1583.16169251071
"127",2185.11304243286,2144.8486940731,1696.88457905721,1654.05041492126,1577.18588460242,2103.87583961618,1657.15536000665,1598.06422328725,1522.19272019368
"128",2156.55374329884,2123.20560230265,1482.92135591211,1499.68446998522,1403.25540427333,2103.01502501585,1429.97506481656,1448.32117514646,1352.91321357996
"129",2074.34126752,1991.83438470036,1594.07948789329,1476.8271784874,1424.2467922329,2065.39250167033,1597.81529632059,1431.10789676829,1380.69230581132
"130",2013.63180234827,2047.06752508296,1482.44365324077,1495.19329962697,1411.11161311541,1963.54961452917,1430.43498448947,1439.79492716967,1358.16272255447
"131",2692.69979672301,2467.54086237006,1967.12973470586,1842.85367473891,1793.14331742343,2640.76637907217,1967.62999100018,1790.21599080038,1741.42818899862
"132",2153.73416167469,1991.74249114105,1548.39951986168,1559.37150699847,1474.82558436216,2090.16468942776,1536.3775762639,1533.83776401536,1444.16611052671
"133",2214.0856124437,2199.33384938706,1994.99469266527,1932.33956353571,1891.53757290095,2152.08516393591,1940.39208301274,1873.57636907293,1832.94099455929
"134",2275.00952902375,2299.18040757162,2033.3778774134,1976.56165718721,1913.40075978439,2190.73576579489,1953.40367866959,1901.58744705872,1844.18973231863
"135",1817.7754570008,1845.23854406543,1499.17042275318,1497.79899486325,1430.29185313841,1760.42448016671,1441.8845029723,1442.97086699193,1379.50345710788
"136",2319.79381782536,2356.23405343316,1691.0400462317,1612.45159718948,1547.76156694279,2229.3343864688,1629.36257972957,1546.22238509332,1486.67802023459
"137",2300.40251231374,2280.30550121934,1963.43251751184,1876.52016628462,1830.47711130721,2232.404720845,1911.45804233543,1814.78463177182,1770.24012080141
"138",2066.48451412884,1990.33918457962,1661.60134111255,1666.88429548158,1581.56782652636,2021.97391547392,1642.55652004231,1632.73985629086,1546.46315797781
"139",1828.77381050615,1903.85506611158,1441.48210938693,1498.84309292234,1395.5486776453,1801.32816590187,1389.72724261552,1437.27709180954,1343.90332288563
"140",2277.30009430579,2303.51419115995,1932.31286577856,1806.04158659919,1730.95082918783,2225.73769110431,1878.48655283451,1736.45220272623,1664.40285008973
"141",2013.64607019133,1984.13623656989,1564.76880478977,1614.77952786663,1524.75767302969,1974.05795317013,1532.64404160338,1575.85837501964,1486.03992566766
"142",1934.78828458346,1907.57119068783,1389.35555061013,1412.0856499567,1343.17623264145,1928.18468779467,1353.91178731772,1371.9434852327,1302.39009323928
"143",2292.1692854455,2265.41993855615,2010.44128064411,1957.90618345191,1908.75850769984,2215.63500173795,1947.24502469017,1884.82561640502,1837.40761880145
"144",2316.83985652824,2324.22794253146,1880.98870449808,1883.87777193359,1780.7175889525,2252.45615533404,1826.21970012342,1815.82749346359,1722.6929860972
"145",2127.81817964106,1936.23510801106,1638.62297539396,1603.11271845762,1555.02493073062,2086.00791133757,1641.21946629197,1560.56029523367,1513.09320597319
"146",2279.31815219855,2274.0029427311,1980.40383295758,1951.09228694871,1893.37242453927,2216.2466980278,1919.07927004579,1882.15082702779,1826.72042986089
"147",2024.35420697718,2015.70130880455,1543.01803893977,1582.46131745728,1496.33771318374,1972.67673570609,1494.0716369966,1532.12213789539,1447.48025554169
"148",2361.11377815802,2391.69123970186,1944.91299013449,1987.82628112999,1892.70954210884,2293.33125164873,1872.42122278992,1908.5481286075,1821.52945828596
"149",2450.25339934825,2333.14361395953,1893.26487253475,1904.51256457229,1792.00163817304,2404.01837737921,1877.13919802069,1862.61079877299,1749.78433617752
"150",2377.63123414292,2385.5197016387,2065.89896695234,2012.4692680647,1947.08520985684,2299.90752743757,1986.69813973818,1933.91300788508,1871.20116559067
"151",2161.02537408655,2162.50875525046,1841.64540937757,1757.86718956965,1707.15762188613,2095.03590549592,1784.71794396412,1701.01393586926,1651.926003099
"152",1968.02108788254,1884.44033166464,1448.57516421072,1362.3417897451,1308.41509666294,1962.74686468171,1441.61585178503,1318.75112418645,1267.6063107944
"153",2494.88181996976,2233.72311257371,1558.8139558686,1481.69529693428,1395.74905589813,2481.59726062209,1582.16906385694,1448.08984177248,1363.85447000016
"154",2159.36839035608,2149.26504641185,1984.13596384259,1938.37522830186,1881.99412315831,2111.26944497706,1932.83095532912,1873.9760524439,1819.47740290109
"155",1943.81750968711,1907.52694199,1635.20854793794,1594.55436839208,1544.25443251739,1914.65393873804,1602.2791508481,1543.00356730034,1493.93211518098
"156",2068.10842470073,2208.81952755396,1420.95078602526,1470.44979677411,1362.8437020089,1990.55996373166,1344.34604764284,1390.27257582347,1295.45110450324
"157",2061.8548967415,1999.17426037402,1555.21314851459,1568.25433055623,1491.61329690591,2026.02353233231,1525.63826538951,1529.4326169002,1452.23212903913
"158",2104.64141983782,2134.92572557466,1813.83060961828,1760.34174079237,1702.14394778373,2039.27600571228,1752.87475914773,1698.26624385438,1646.15555753584
"159",2394.41599324166,2381.55980749518,2093.10751810905,2069.44425041592,2012.86669119953,2341.16936734781,2040.91035111049,2005.24695069608,1949.52107711392
"160",2287.19720389316,2264.9288425833,1964.14587410929,1991.10722006885,1903.27346487771,2218.92265889988,1904.47227103204,1925.37973884083,1841.01338250947
"161",2231.90519038177,2165.14566886562,1843.90012734542,1833.76138855346,1775.41251189526,2165.80968759137,1796.71914102134,1772.96902608383,1715.73573283513
"162",2297.12602743075,2320.91785695622,1988.94255634356,1960.4515561378,1879.32392531906,2236.35082954551,1924.1647928979,1881.00670240625,1807.49788664318
"163",2217.39231744328,2329.17122796819,1963.28757739023,1968.35369552265,1893.90208463434,2184.63958416594,1868.79476624125,1872.8175527437,1806.21387590004
"164",2143.4923513353,2116.75443132135,1867.4955850169,1845.68031363391,1792.81492241404,2070.2183923965,1812.42325041989,1785.74355972905,1734.20718619608
"165",2164.74152151306,2101.90218772987,1703.91781988655,1628.03634221313,1561.8908182658,2097.19948514692,1678.29123749832,1572.99160243159,1507.8162402415
"166",1920.85626887889,1675.61768777302,1454.96822306059,1436.65908037152,1395.06844961024,1878.74043908074,1479.06737011266,1422.14235497784,1373.90814038062
"167",2414.58308013076,2346.67961669654,1786.41203825723,1757.78887749122,1648.87766544821,2373.9600870733,1766.66871153101,1704.99964966513,1602.60574797932
"168",2564.03409504998,2605.05993812336,2019.09622060809,1923.81598032577,1859.60436560209,2502.23418844394,1949.2967097299,1856.39837060306,1794.81573926763
"169",2154.88261094345,2143.32751060606,1867.7636792704,1922.96346338516,1833.86640649357,2091.19776056419,1815.80990187973,1855.71742672807,1775.18075539739
"170",2450.95843812765,2386.22822648329,1769.339922427,1814.56566371511,1716.29843185334,2373.61283444934,1716.88042228299,1763.93859167647,1663.3303394431
"171",2095.7483471092,2110.96889777618,1877.51592690285,1859.37268797017,1791.04333850234,2034.92091148584,1814.66325619884,1793.50628022851,1729.49500972579
"172",2289.85884861633,2234.8698131231,1959.12546921497,1848.76961140001,1801.94322284856,2257.31906386094,1949.08895589457,1792.75426475335,1749.11322177457
"173",2284.52309659981,2275.29734072623,2067.41709319969,2032.55137000015,1976.14983743709,2243.18858396474,2025.26609714156,1973.71053128092,1917.95310518924
"174",2054.11722977604,2034.85466342284,1668.62557332996,1568.61518879645,1483.3364536366,1990.78214094912,1623.65893131233,1514.84659387087,1432.23946693713
"175",2304.77304524646,2389.13813100572,1727.09512946044,1643.02615024528,1587.24108618912,2254.84716438157,1658.90695030708,1584.03022450744,1530.25413329918
"176",2010.78408378861,1965.93250907856,1486.49393009544,1447.51354790189,1385.8197462529,1947.0023592383,1450.14387370856,1400.50506664832,1340.23329620343
"177",2421.19487485385,2333.94981183327,1836.90504749703,1744.37310489693,1641.97929533763,2315.45609264038,1789.64575527511,1688.459195953,1589.83509966747
"178",2111.02169055146,2098.29936007089,1759.35933660135,1809.21597213358,1725.21068809808,2058.66507887155,1707.70346741953,1748.89306736477,1667.29816281013
"179",2172.78221348463,2171.74009336805,1958.07790719356,1947.1166848639,1887.29453038934,2103.53468365455,1895.21222348949,1878.37130238032,1821.64202405563
"180",2079.55792857771,2000.26327844131,1682.80405058043,1612.96837117338,1559.14996194132,2037.6059500569,1665.83671204857,1561.70604479495,1510.88902006416
"181",1957.40837200021,1888.91919244218,1583.5748568273,1551.80164558949,1495.81679996354,1924.20717388925,1567.35738887096,1508.0516205125,1454.07176997211
"182",2261.49864585598,2222.0198300721,1954.58086919224,1978.2360783824,1910.46436095565,2190.46349523572,1892.20885011549,1920.02582911233,1848.74926223652
"183",2215.33711894528,2247.68883143346,1676.18517153059,1662.82801595108,1572.06932174692,2184.03054239479,1628.33608910713,1592.82740359121,1514.5771012272
"184",2046.30562873257,2088.28130068285,NA,1674.37806106402,1624.99507070078,1997.39384364838,1661.05840884084,1608.373926192,1563.58291834697
"185",2135.00386549526,2065.88100827251,1610.89030510623,1532.56987398703,1477.65726657631,2072.07819131536,1570.34070317078,1484.67879746663,1429.47743949067
"186",1945.64390934698,1980.07946936581,1603.17903629926,1572.8255926655,1512.33026940653,1913.32294057643,1550.51349666206,1505.99455708995,1451.90403799006
"187",2081.3199469294,2039.8591669923,1545.69021218197,1638.31497119675,1532.70269000696,2013.04588285752,1494.18441007417,1590.88522493998,1482.21327869883
"188",1971.02100025766,1955.91710535815,1566.32594600295,1482.22112545717,1416.05954468588,1941.39109178453,1532.17800862473,1435.72272271483,1370.96194193407
"189",2095.96577385677,2084.87766021972,1802.77098387266,1822.81937895138,1761.57716363535,2041.57754515555,1725.36082532308,1744.25440308508,1681.33062989992
"190",2223.84557159256,2254.88004870342,1834.54991278334,1754.72784483046,1694.8373683697,2132.67721046196,1760.22541737834,1683.33137521408,1627.36698955649
"191",2224.47520547579,2197.90805388411,1696.53561610313,1638.31297793726,1558.94577695167,2191.94893124943,1671.75930438927,1585.60677733922,1510.95336837221
"192",2244.23060395994,2241.21041392285,1884.46084059529,1863.81955461483,1804.52737461198,2184.00007130493,1823.60114200565,1800.15374629685,1741.15520426538
"193",2150.57061743476,2122.69656477709,1561.49202915206,1547.15672333694,1435.81144893503,2152.79486028242,1532.82403826494,1506.26974462948,1397.30535515702
"194",2427.41460674446,2390.16704804564,2120.80217547191,2095.47971277522,2030.91526992502,2358.66881919005,2063.8593543626,2032.84332656028,1968.61367481977
"195",2174.15348700258,2212.63083063102,1812.85377007129,1814.90925169372,1731.3707099861,2101.45620133936,1741.82413676773,1747.04336476697,1667.16676652003
"196",2376.91157862275,2410.33332381513,1958.99928640588,1917.48173907005,1855.00614292354,2328.46856059646,1897.22033733322,1851.15159849382,1791.56507767865
"197",2144.26953099443,2105.14978771536,1816.62650684247,1740.05898416071,1685.80342608256,2084.96507299382,1777.9243934938,1689.29838599362,1635.97072078434
"198",2408.87063474418,2311.42334205812,1859.54270295166,1840.74855284496,1776.14856770946,2367.12318201142,1824.841299871,1794.41377113269,1728.48656408467
"199",1997.50466177976,1948.61599880324,1634.84161828076,1608.81089150726,1541.2199981249,1964.92414134749,1606.967211316,1567.71015470366,1499.47302847587
"200",2215.43724612735,2246.50188293075,2019.85168889441,2004.18414378005,1940.60775215358,2163.99438151625,1951.0502601358,1934.10371133147,1874.43978447448
"201",1832.84150949445,1777.03770784018,1405.72774921954,1381.49062187022,1322.38211130227,1805.20790444071,1391.25127918641,1344.66195660708,1285.73748851859
"202",2081.71891837381,2053.36686817715,1666.28485581595,1616.7676603426,1566.22662149525,2026.50885444666,1615.39689393716,1560.46267893118,1511.05394014137
"203",2192.49176961535,2113.79696902713,1586.52940216954,1477.95452651078,1411.94814646958,2120.98401812208,1558.63948031353,1429.5196737265,1367.37260139435
"204",2105.80621454097,2067.24899231647,1497.00054408825,1413.37349915755,1346.03648867658,2034.65908128617,1444.01083596708,1365.06744742796,1300.1923787967
"205",2162.13111120273,2214.74930889539,1561.21000523798,1619.46846889509,1518.29356637237,2110.11265825089,1505.88385595583,1558.51432869313,1464.16773112161
"206",2071.85620702147,2124.17082768398,1492.99201516707,1468.1835534975,1387.48008539393,2033.03862397613,1448.36620564086,1413.75302826994,1339.41189179385
"207",1734.4829445641,1646.34314705035,1362.38699158468,1414.58891267346,1332.25584352763,1692.93131362211,1340.7696966192,1392.57344347404,1303.90607508757
"208",1969.57768718958,1951.51952907603,1583.51667890806,1528.33096658042,1461.86496636898,1904.00847799198,1527.61894091359,1474.37747816759,1409.20602748419
"209",2133.10432366577,2144.13423183247,1774.54863086711,1753.76519160439,1685.86823301177,2092.64940740799,1721.35602433734,1696.0901008849,1629.51005655262
"210",2118.91492845096,2107.22383070148,1430.79562628442,1469.27637965069,1368.08918673557,2015.63512030419,1377.03825437058,1413.31910094605,1316.27318423914
"211",1833.65983679598,1798.67217662548,1439.80562533808,1435.31454428518,1374.50642778002,1774.01406987855,1406.34041217121,1396.00052502425,1336.20971937993
"212",2276.24667353509,2036.28920220423,1549.98345056104,1616.60067021876,1512.31802479077,2253.13514165218,1529.76381002403,1593.77386389344,1477.16151373167
"213",2321.32556867397,2310.16993862373,1960.62471247098,1979.74600537048,1897.96056041165,2285.77770945178,1918.28584055373,1923.15949545589,1845.06768288556
"214",1968.81593963423,1889.87736025132,1446.11117584914,1456.78582793882,1326.64005674247,1939.01884385717,1438.48794386314,1437.12722036914,1300.88225979925
"215",1893.09528054155,1843.229930089,1396.96289921607,1417.92597511904,1341.74168421525,1826.79691775263,1363.48702088764,1375.00290953299,1301.71823577203
"216",2261.8945613431,2236.92848854351,1916.83874501077,1906.32501579956,1844.00680171948,2228.09511193671,1869.50203956822,1846.80102848567,1784.79756121742
"217",2379.27828728457,2323.65660782945,1914.9463043364,1843.28201012729,1789.08839976606,2343.39911552814,1887.18263649814,1796.53951984531,1741.41105291509
"218",1883.54800333878,1821.70075343909,1478.89875508727,1430.10766509718,1381.23576907644,1851.70261896005,1464.73940538919,1386.8606697479,1340.62510275368
"219",1843.38121741043,1920.47412940479,1372.37172536958,1419.59774688318,1320.51861617454,1787.53477219946,1318.00802160405,1346.10453206442,1260.494826812
"220",2257.24947010536,2217.7595679665,1932.07071549458,1833.85039132718,1790.28335612749,2205.4588811212,1892.937051519,1782.08187616587,1739.08282300368
"221",1983.36684461384,1938.74224184878,1445.12016044164,1393.80034131681,1328.39113949707,1921.02733467094,1405.49754507477,1350.77444295132,1286.01666956358
"222",2268.40771571408,2264.56867005654,2071.83428214532,2063.7264552769,2007.10249626694,2218.04452786854,2010.8226324598,1996.03984576867,1939.01900806187
"223",2035.49484537102,2043.75051167487,1586.73766070422,1552.78937163707,1489.10754116892,2001.02511173324,1547.83780426882,1508.9220741627,1446.77783566165
"224",2274.41237753428,2137.64007219473,1699.57664606735,1743.56868578821,1647.22818094594,2213.82240531244,1660.33905840135,1698.45913195013,1595.86168015185
"225",1716.21942089048,1631.67304906236,1394.5219447524,1383.99424190122,1329.58687838987,1683.64657269662,1383.74247661877,1345.63527192588,1292.77444879707
"226",2254.91687904825,2283.23868788473,1682.81104425886,1557.55693368462,1465.6294203434,2171.63417964787,1588.68229148753,1489.27554076159,1403.24687807697
"227",2214.9377828724,2141.00363722348,1853.2472938037,1807.80132897631,1745.26833307373,2155.65908983685,1833.73303206674,1750.55978222227,1690.806296892
"228",2341.6495690993,2306.80450209825,1747.83262056638,1675.82016242066,1611.18349029557,2323.2494654247,1726.82393883535,1625.9787982021,1564.92646575054
"229",2267.25017868882,2290.18527682754,1917.7191626176,1961.26640453191,1877.55642240534,2218.49742007281,1854.09072914869,1890.91866956379,1810.94438653109
"230",2515.30376370861,2351.69075733476,1732.01204072869,1555.12634810248,1471.95448199934,2521.15045663049,1733.19969714593,1512.06267204262,1425.74019412335
"231",1992.56645672027,1920.18629675015,1589.04470268579,1502.32279154032,1434.62558338242,1957.79762491276,1567.07212344121,1468.00434322836,1398.26104555523
"232",2284.43609036304,2318.83194283376,1854.06995163171,1811.24201441023,1739.34096923013,2205.78803259918,1780.19344508377,1734.90503383045,1669.08886102886
"233",2084.74691023021,2086.91540882352,1681.00242465733,1646.55021510007,1538.83213273041,2039.88442882197,1644.46553108405,1593.6372909971,1491.38858255533
"234",2146.72930338257,2207.01762856097,1718.05453975047,1737.65059837649,1655.9939896316,2082.17062049653,1655.12819861592,1667.49097751349,1594.16034644595
"235",1784.83387205886,1804.00025338815,1360.80028875069,1383.83601089123,1277.69378597617,1726.26905765753,1313.02047849329,1318.85861892065,1225.47312665198
"236",2352.28295429499,2328.1289761746,2029.00200646137,2080.93587370584,1988.83215768289,2288.26043209602,1969.46676106929,2013.77803623176,1923.35392278715
"237",2384.77341432282,2410.6051394139,2217.0665212162,2272.07384087961,2170.26595889509,2319.29171185722,2137.5500734382,2181.81398830606,2085.88356835468
"238",2291.19693077973,2256.70077191695,1810.95880978015,1798.12409745382,1705.33300028409,2208.48823924518,1755.26118348033,1741.22001612523,1649.9550846113
"239",2407.66081679083,2395.65856120362,1969.90074590828,1937.18591294572,1873.81504038602,2343.92197847393,1918.60801946699,1864.69331610956,1807.34514531028
"240",2237.37846882806,2187.43317145147,1898.30639643262,1822.20896301296,1781.69412000476,2201.66990835081,1866.85711855133,1769.49059228388,1728.82388851105
"241",2671.07361990533,2559.37180700925,1827.51123422002,1555.02603428855,1495.31918855371,2546.84810747575,1843.26141465421,1492.65336696816,1439.18307523848
"242",2374.37310586327,2302.33611055406,1993.46286912269,2010.14764428344,1935.42663738128,2320.60588726701,1950.92275528947,1965.34015342763,1884.8072220846
"243",NA,NA,NA,NA,NA,2150.76386946689,1747.90908346761,1739.28744685411,1679.7945780483
"244",2402.60905799791,2440.61342475717,2068.89514317549,2079.3136590563,1993.91492178256,2317.62532476428,1980.07678701052,1987.29805528637,1906.85412576864
"245",2290.99213698667,2224.40270328948,1410.98688307695,1409.49552885979,1329.10301202656,2230.38271628702,1367.91636308671,1368.12817688892,1286.40962387539
"246",2062.88869212619,2113.94017597991,1428.52774281903,1410.42336539322,1331.04853510179,2019.91434585462,1381.43172397185,1360.87432332425,1287.35866972344
"247",2361.72423245977,2226.94774070619,1895.00593506329,1906.42186220991,1834.18556670187,2330.09994054624,1873.46006191633,1867.21620387522,1788.22183778678
"248",2528.54845269648,2546.52489134433,2035.95686657997,1855.32141296777,1805.45607754593,2475.85277215863,1977.02767931841,1775.0427784464,1729.66686267268
"249",2130.10351112519,2114.69803704409,1696.67288589709,1625.11881076049,1575.87647841218,2048.13820913295,1644.44308956825,1559.94295289476,1514.23249743747
"250",2348.71862087385,2311.64866871519,1917.98407905463,1948.35100472763,1850.198664922,2305.95471429058,1876.94060286343,1894.69870560203,1797.62145366976
"251",2336.59622922815,2355.87680892074,1983.60032963338,1897.82404806694,1834.53374992705,2263.48060728459,1912.05420119538,1825.50761224803,1765.75807381531
"252",2206.99782181564,2182.09247943384,1812.29817260357,1836.57560142365,1759.33666888012,2141.7486981826,1763.30279284575,1779.28439524241,1704.52054314061
"253",1989.81858029723,1970.3135822542,1430.16018776258,1370.34618980291,1281.45808095022,1961.78768754932,1396.45116941658,1316.32396453001,1232.27442203398
"254",2227.83773285642,2219.27379448981,1855.72716548497,1796.80129996798,1735.37226545898,2154.76085174983,1790.66376657275,1734.89439662734,1674.33665878949
"255",2115.58265567155,2161.94171666415,1745.85144819989,1733.23991302501,1665.72359206775,2071.34331076525,1676.80546008157,1663.20519275405,1599.35570009183
"256",2211.24037807203,2115.77455468772,1536.12823916205,1457.03173594009,1388.27311317851,2113.87321698652,1495.65915099274,1421.6353325217,1348.96466682997
"257",2397.19981617194,2384.57145898005,2111.64545751512,1962.38024301379,1893.61440028178,2346.26895839634,2075.31513339763,1885.24689635091,1822.69142656877
"258",2122.52198659574,2079.67056329192,1901.8351293651,1886.95673700226,1838.769060518,2075.38572919008,1862.99973940338,1835.1091807648,1785.53101548702
"259",2142.63375125597,2052.92620702546,1648.2346141928,1642.72367828646,1528.96593088417,2113.46567425338,1654.88392772721,1613.17522932422,1498.52904703305
"260",2110.1385041252,2094.81907744359,1788.58189824622,1775.29460519532,1717.36605761324,2059.89482700469,1740.57123955135,1723.79458945087,1665.85280467617
"261",2451.25775356451,2272.29710971271,1909.72511823678,1843.52357705488,1783.86760038814,2365.87545204906,1911.2513880693,1783.33438436134,1729.28460236984
"262",2283.04800791216,2307.11329522692,1762.37838931607,1692.12057308865,1585.6058096047,2210.78541786418,1700.75270483762,1618.73127882605,1521.01200614543
"263",2326.16080742742,2266.69924336026,1779.79252698966,1798.38858768771,1720.28626457278,2262.68418823174,1728.29070333913,1739.10922274282,1660.23814763131
"264",2344.06724036142,2362.2726871625,2110.31601033922,2067.87978307659,2001.40896931979,2277.15324258912,2028.01422479505,1984.88798050055,1920.35753218961
"265",2236.14516881665,2316.18425427831,1757.68834808711,1777.89040059535,1692.81232456856,2202.236402093,1700.4186486827,1717.17308026211,1638.59991728723
"266",1914.58203880012,1876.67195640067,1398.34058379354,1515.81237302696,1296.77040908706,1857.57280724671,1370.48827027294,1472.93904002087,1253.23249541843
"267",1964.31407246749,1999.16555663085,1587.16936670989,1576.16833264583,1487.30019071263,1893.34217023967,1516.43699140248,1518.33031651271,1433.73525909157
"268",2222.10319292911,2044.11088335659,1586.5637316366,1519.35325417941,1455.30332881084,2263.90161833689,1604.475837239,1478.31688474804,1413.93296242293
"269",2348.58404038635,2335.38781011179,2075.4382321064,1996.30179917206,1949.23845920652,2302.15390173987,2019.60402069605,1923.69020235802,1878.55451493431
"270",2378.12584291757,2431.42147227595,1915.35098207344,1870.7790608535,1806.02058120714,2335.34907300106,1840.71900952632,1796.07751973296,1734.11975298537
"271",2285.04689937951,2289.23150020184,2006.44217815875,2035.96375939494,1955.80301726083,2207.03019473581,1940.17213169911,1967.42722261535,1890.53041076762
"272",2371.71644748543,2422.00479782127,2092.84609890495,2106.98319590093,2002.53853337998,2302.0443829117,2011.47655917602,2017.3656602729,1922.22674594981
"273",2081.83627429385,2126.3366566377,1592.22350578246,1590.87961364743,1515.36427239132,2044.22196633272,1539.30473409369,1531.55737750811,1461.66627566502
"274",2451.96363275607,2464.40494202758,2039.80747808064,1875.29144506092,1806.40224218612,2374.99407871332,1982.31116309896,1806.33486898168,1743.69901809227
"275",2262.05587845645,2147.72757835854,1579.43905711324,1536.4644927491,1447.84361526212,2218.82365464717,1568.41644465603,1493.72356515923,1405.85851273327
"276",2074.71654424475,2045.29191377005,1605.35890472469,1496.82799453443,1443.01591417281,1981.25397408954,1553.54188169081,1443.45578747721,1389.83019109017
"277",2309.28829855868,2233.30150781683,1944.37141319341,1918.57200739391,1859.14575860873,2282.45400025974,1908.88926609466,1867.92319443482,1804.44909427992
"278",1877.62474408746,1856.42504295896,1499.05737246096,1532.87691282436,1414.51964509881,1807.16818953545,1458.85843634178,1476.14233074937,1365.48086990023
"279",1959.05393293019,1964.53336482931,1636.91406312315,1637.38061926584,1575.45806138785,1912.4093751919,1576.51657228257,1574.24490820159,1515.69590744191
"280",2284.3922156084,2244.09610185912,1841.58313542009,1820.91768426837,1685.02324231781,2269.79827765177,1815.2297419094,1799.23589357673,1646.72510980508
"281",2338.46764190504,2366.80144697282,1976.22620835424,1868.70032998093,1815.67511612951,2285.84097344369,1903.48566772867,1798.53109652261,1748.16867696058
"282",2380.65089130501,2338.6731571801,1904.93588628746,1885.68391394291,1815.20156114973,2334.2692008502,1854.89247564815,1826.70649023234,1755.74431382243
"283",2273.84892399007,2273.99360114415,1871.88572240662,1784.43021534014,1723.42715315127,2203.8401645249,1824.08457516693,1714.53359529671,1659.62812507251
"284",1811.75537059726,1791.90093560247,1520.42612185778,1495.34675594018,1448.14400227265,1795.03782343487,1491.47462809001,1452.95097853999,1406.59622409424
"285",1797.63560760154,1809.998163884,1434.82465067173,1486.28353311485,1391.54066591926,1724.17246832796,1384.35100538525,1434.69121060041,1344.93704692951
"286",2137.4603172085,2105.89186348299,1824.57240322145,1788.28285465735,1743.38771268081,2072.44234151119,1771.0067341394,1731.51661135473,1686.03229191041
"287",2337.52029261028,2301.46606847666,1636.67118442085,1566.49854869463,1489.49192194058,2233.75258527714,1584.62209897575,1513.9710254121,1437.81897088121
"288",1975.67138090635,1960.72382556274,1415.05661539211,1468.80099633825,1346.63145371889,1903.03644428019,1367.9012231227,1414.2437071996,1298.489251719
"289",1940.06418879292,2063.92756628272,1457.59733810397,1475.15525146241,1382.7591724199,1882.14221931482,1389.16948370849,1398.04033698703,1318.19783096168
"290",2286.88441945365,2301.6210442009,1894.09522902443,1878.2693977385,1792.75858448203,2215.73305148498,1823.00974923765,1810.59066174949,1727.36880383031
"291",2144.61054890461,2093.99591979806,1582.12535229478,1525.88177665887,1463.35886277421,2085.62239363854,1538.11351750439,1478.04798084339,1416.25033205311
"292",1975.61141131697,1989.61359823851,1564.65943341279,1491.69992157814,1437.0974470354,1918.51484157121,1511.90299522295,1436.13959602352,1384.94065916423
"293",2061.29439125844,1936.89913402483,1510.96850733677,1439.01766018749,1388.69345441532,2027.81988847959,1507.831222963,1391.49594680492,1344.11881545882
"294",1983.3144003187,1937.77496520579,1441.50533170002,1392.88333904141,1299.78417873708,1912.50579683367,1406.10096465703,1342.30093366039,1256.56752999269
"295",2388.87714327982,2318.16179432658,1958.04857847664,1895.88255677402,1846.57441707238,2342.70896150167,1916.63474192541,1837.9295482272,1787.33201522537
"296",NA,NA,NA,1533.98312753254,1473.31561350062,NA,NA,1473.39410191657,1419.75888098505
"297",2287.37265255402,2274.01508110522,1972.44226605635,1848.57107001661,1805.26383417263,2221.88823126841,1918.44784895946,1786.70930465603,1745.38341846906
"298",2399.22405090852,2396.43033156125,1853.59310943814,1747.94906701699,1680.8287793231,2351.35032181067,1802.63952515071,1688.99188924463,1625.44932780063
"299",2166.4584452587,2140.8923762003,1880.13578178279,1859.35947745335,1789.21700097628,2126.06495973514,1852.06116694314,1796.70454014636,1731.1534624715
"300",2240.69642189318,2215.56275101619,1898.07513173408,1958.40732581803,1841.11496494463,2175.69797958008,1845.6756428914,1907.02498545854,1788.05595130781
"301",2498.3660542523,2503.20117181996,2103.55966334473,1974.20569606801,1927.30753037569,2427.39591512949,2045.35827618513,1917.44150319813,1871.56871394538
"302",2225.80873447472,2138.88060243494,1733.47000475169,1772.5845987508,1681.30002165605,2228.92186403396,1715.99565403137,1737.50450006366,1641.66463503084
"303",2079.53906419769,2118.17983900273,1798.80670123637,1801.76664547861,1740.64389758394,2023.74287221375,1734.38680458437,1732.69611512167,1677.42092338389
"304",2294.9714677281,2255.91213209512,1952.66979061588,1969.94813057378,1903.43231844859,2231.10788615127,1893.55022202534,1915.32919650689,1844.32162310987
"305",2269.43927340098,2229.99138655975,1772.36835501571,1692.6463787527,1599.21626023208,2185.26411895214,1727.98107654179,1641.96238119492,1546.16207592826
"306",2114.21493939113,2092.64153169936,1728.19152337818,1727.18103377785,1655.17425414845,2053.29050852347,1676.82420659419,1670.93978523333,1600.79484591921
"307",2319.4448026391,2334.03404094458,1902.3288359095,1786.71793882982,1718.03286977306,2262.3322470841,1840.48087419809,1719.04239697369,1654.39964737298
"308",2159.09872178101,2173.60523463983,1826.26510649765,1834.73253987768,1759.51457223275,2085.85867128273,1766.87831693826,1768.86501349152,1699.62050314538
"309",2115.61404570193,2145.13059962331,1717.6714570385,1666.9656530613,1606.39105211805,2087.03449636195,1664.34697022414,1602.26536460333,1545.03497787042
"310",2351.26145427136,2474.1554308681,1838.05125000984,1829.75553714089,1742.78442050458,2296.14391663704,1758.98923906142,1747.62323032622,1669.98370930189
"311",2060.37750517799,2062.51252598076,1664.07024027729,1559.43382043124,1511.01661427615,2012.62122216067,1618.89406915324,1503.75377974741,1457.39094638747
"312",2355.70728858146,2407.70460816924,2136.68849922342,2059.09215449513,2015.48616939329,2298.39627036768,2061.17864482399,1972.10037851008,1934.29575413743
"313",2155.74713637098,2186.02917358524,1670.81870631451,1659.12151222871,1568.61985015207,2092.19524246769,1608.86967430521,1602.22326655979,1515.56470785118
"314",1947.84135711887,1848.73429462724,1458.20114176679,1462.6027915711,1380.5934308096,1894.10784238474,1438.80716856863,1439.5564107962,1353.62474475945
"315",2149.12472619004,2104.26185987689,1659.38936349197,1554.37303086662,1501.94773205252,2086.61318576277,1611.85128383141,1499.73528409138,1447.8982195402
"316",2126.65618777695,2131.61153766678,1442.06795032964,1436.51021169986,1348.16413819704,2079.35097513728,1411.65924235046,1387.9934279382,1305.83502652152
"317",2029.49204626203,1955.51228611569,1639.32819613466,1679.91372937472,1580.4452231268,2003.78046002737,1619.68495396264,1648.55646953189,1544.29647687971
"318",1821.89741350752,1830.13195244747,1413.62710924172,1382.48638785607,1321.36963592238,1762.43939300834,1370.99886822073,1328.80100896689,1273.14117096545
"319",1869.79440813877,1888.66340431802,1542.83240701102,1560.15563472922,1488.06683183804,1816.09225222761,1486.92122254177,1501.07244038087,1433.8268083212
"320",1939.49635880501,1972.27432539611,1550.31518006194,1523.28773740407,1471.56329305094,1899.49087184147,1501.68418247348,1467.67968395989,1419.69612267486
"321",2241.91360652385,2228.18556627112,1951.15227333251,1938.32472713504,1877.04222192169,2188.17239367959,1889.62262534263,1871.14121028202,1810.99313480971
"322",2188.27196503476,2208.63108545909,1888.69015970814,1894.93956439894,1821.97627302177,2130.20706175648,1826.0989374207,1825.26311496449,1755.97482000495
"323",1879.39136738794,1856.12896462888,1470.44342298043,1379.04077359573,1303.09007812084,1856.43754150198,1439.590729084,1327.72177638451,1256.89168913187
"324",2148.17529656791,2098.71849795998,1764.58101320348,1718.17334728806,1665.78639250399,2089.96161539544,1713.86673059404,1664.45059846912,1610.64478684064
"325",2085.7840485968,2090.76023499263,1766.28295521437,1793.18669081344,1707.75785419506,2030.27829108161,1708.82017611153,1724.29703730955,1643.86033675521
"326",2310.82988292092,2360.51114798488,2011.67227783107,1954.64484481524,1890.25120506417,2192.87888505744,1912.79304269872,1875.0844418347,1815.38452727218
"327",2294.26092701069,2320.69184438662,1573.85874524011,1471.75939707747,1405.08906601303,2243.75614729133,1529.74292171196,1420.12278444918,1357.94242301288
"328",1955.07847492506,1944.58514245373,1451.91834322443,1467.41127384288,1385.20571486326,1894.80554332888,1404.90582646104,1424.77012448849,1342.17345707269
"329",2245.5141737764,2149.33049842888,1712.38408106941,1640.47824215874,1590.12085853653,2230.00052214874,1681.46184437954,1600.21036808843,1546.02286516198
"330",1894.11080550072,1859.75861060247,1498.02195107062,1429.57886414829,1332.38029060509,1837.7467661896,1469.12507875155,1389.07327517316,1294.62970979216
"331",2288.24552474193,2234.45414658899,1801.09636670095,1751.45663729713,1690.55476375831,2225.11750685081,1766.98954188081,1711.20832366053,1650.31257592429
"332",2167.45307496563,2128.38542626263,1717.78823487563,1583.67834095245,1528.97979866003,2132.60261398486,1680.20326789583,1527.89271820763,1475.39472700851
"333",1907.46117977563,1796.64474057337,1465.19094119939,1427.34976604026,1344.41515714375,1874.70739822324,1469.81855550467,1396.89213095948,1314.26595161952
"334",2154.659583297,2252.73976408217,1834.46858205447,1776.28414813601,1722.23401564471,2110.20377899381,1752.66032075739,1686.33443565383,1641.0806992494
"335",2292.28640935615,2295.94145362867,1474.2540484279,1466.75841763888,1364.64782664689,2244.57066995268,1425.80818596638,1409.55845843953,1313.55689045182
"336",2134.17431512786,2138.01128682665,1866.64837352895,1879.33036078646,1807.19398246692,2079.10457479042,1805.6831502649,1805.98632432474,1739.45114690718
"337",2302.92232554145,2315.45362355243,2072.30515881407,2098.53925230856,2011.34676151911,2242.54789516579,2003.50440875324,2029.01982200582,1940.75031452559
"338",2334.7109151266,2325.94302047882,2108.49860758593,2062.51349850903,1994.28054884231,2267.98845710423,2051.93594400425,1987.8923982593,1923.24237949369
"339",2405.15048194108,2381.85553383034,2076.57792643877,2034.26768128612,1952.57932733394,2346.11183015022,2031.30920790915,1971.44224223921,1892.97911991744
"340",2420.76030315829,2420.94943954351,2094.05971822629,2001.42174199619,1954.21010675373,2343.68750677818,2029.80948567893,1939.15481099436,1892.63099784862
"341",2381.1428870792,2349.69623401615,2160.04171116779,2151.24111789354,2081.59011455345,2333.91530081213,2120.76537002169,2101.49219981126,2028.4154255856
"342",1972.83491020143,1893.11692394389,1597.14509384437,1537.67590900423,1465.79923432043,1920.9529331393,1593.88273372474,1487.14678478373,1419.81273177076
"343",2203.19323501921,2114.83498416231,1790.81971931412,1804.07591644874,1724.04286328912,2128.40592813708,1763.82852790225,1756.69323505615,1677.3459748345
"344",2362.08327737742,2327.91429355066,1743.39901780976,1583.01260684607,1523.68323619026,2287.97168055073,1702.04930944021,1529.92664676585,1474.31786459415
"345",2204.78755859943,2176.8214264304,1908.40068347253,1903.71023742234,1832.15589333657,2137.64651266249,1860.38246266579,1848.1069242373,1777.72553781119
"346",2191.66921575564,2230.38398635922,1925.5189443337,1965.62160211464,1875.95428331126,2143.8210349844,1857.15327654404,1892.76906522341,1810.16150046172
"347",2175.98687575318,2164.9721213656,1840.79464334553,1767.34638180518,1713.66076171271,2115.14113828077,1784.08510501051,1706.77406460181,1655.52544258124
"348",2197.9095284688,2181.2267483472,1666.06207256796,1553.88381281197,1489.88960674232,2126.62026427936,1617.62610426847,1500.72886038684,1440.5767778817
"349",2255.00490867823,2166.36731712372,1778.20067794996,1690.31731076604,1617.90779147248,2173.69072953776,1755.68198636643,1636.89662060624,1566.62843574012
"350",2303.68835399606,2230.48412309591,1800.36270641319,1788.19503563452,1708.59562242569,2259.3626703095,1755.21505820644,1735.18316273066,1653.40224550969
"351",2029.38557737971,1992.27963322485,1460.64141109161,1418.38634567097,1343.71986797286,1937.27414429132,1411.78584342038,1363.37129732567,1293.28716020437
"352",2234.19458633685,2237.50923822973,1884.22911790598,1847.55298128632,1787.26658606122,2171.39842594572,1820.55736205461,1771.40237995375,1716.32647552064
"353",1972.65925364883,1955.37304548446,1643.9812261251,1663.09055682436,1593.92786058001,1926.90504558711,1594.22261045611,1609.40783453262,1540.43962315963
"354",2316.31988227539,2287.51647261393,2074.1690135199,1988.51374508952,1948.20844782293,2272.96603576159,2031.95096100217,1926.10806892652,1885.71701272503
"355",2150.58381708282,2153.31660460407,1901.17529465532,1816.70321919947,1776.38216837264,2114.09591104474,1844.08994926806,1749.5733727937,1709.80560444987
"356",2281.88116728329,2285.74216472716,1714.27799746497,1612.87283331553,1548.61944249468,2209.34188351135,1659.73448145762,1552.65379827532,1492.31916348675
"357",2066.96412666289,2113.75125232818,1644.56243100712,1688.86233474589,1603.24890543564,2021.30535355683,1581.67769627311,1626.42239973383,1543.15426152375
"358",2057.52121089628,1993.65603357461,1739.353395124,1670.37902040594,1619.93493570436,2007.13743146876,1709.38753236401,1611.35682298395,1562.76425163271
"359",2046.46237479342,1987.36014471904,1595.8789493687,1473.02668183639,1423.74467190773,1975.80490880081,1555.92590023973,1424.01113316291,1375.3526893406
"360",1976.49136986331,1840.42455143262,1499.49047353011,1449.48552444193,1368.0898223818,1923.52000538454,1513.12514539452,1417.29673529778,1334.46688651268
"361",2236.37932876644,2169.45501913831,1842.94358770235,1729.56088499739,1674.5819539477,2193.72085099769,1818.40973673897,1671.54236543333,1618.28750684869
"362",2260.31354046793,2199.29683826787,1667.76271594952,1570.86785349104,1517.98728906705,2198.80005498933,1633.01820235146,1522.63068865565,1471.63073903104
"363",2219.09019370837,2201.26936475915,1792.06814228775,1635.14865722397,1583.68110537774,2181.88299538548,1757.44399021347,1585.08959333322,1536.26262307727
"364",2246.34030938009,2213.43381496804,1958.21009144996,1940.39833325484,1880.5698343151,2179.87372971025,1903.39221656732,1875.93933402785,1816.76734584595
"365",2251.57547719219,2252.59228138564,1883.97618226095,1936.21236382087,1832.20319608895,2201.22731528846,1819.32926145221,1869.88309133099,1767.15405301592
"366",2201.98415434432,2178.34889932396,1812.80220869774,1806.08595978864,1741.30854415585,2145.19139221507,1762.20159377215,1750.22652065028,1686.17316016641
"367",2074.68435196793,2021.22329868587,1601.00723022866,1610.07733557061,1539.49643578434,2005.42014198609,1559.45807980235,1564.61188490155,1494.44040893529
"368",2109.47355151268,2102.65173498567,1752.60181725474,1754.36130825764,1647.2658255376,2039.23882738742,1703.84484538212,1699.16468869703,1597.52583487906
"369",1999.71989191512,1970.49707886633,1548.07154754202,1399.78858390791,1358.29656511368,1931.43181843772,1501.09730438323,1347.97575504392,1307.15667814433
"370",2072.66740627966,1997.95407619385,1551.9471992185,1408.28382885748,1360.89083211301,2001.65598493954,1516.13201792707,1358.23238844453,1311.43525060015
"371",2212.14695890822,2135.13677078702,1750.91845266757,1658.88918049932,1602.22335219489,2170.31686099484,1728.82562020732,1621.37603905241,1561.45254675977
"372",2533.96844644825,2473.63684530601,1695.63608453235,1513.21254301648,1448.28967763266,2466.34965616797,1636.94414098791,1456.41719457936,1391.26151948616
"373",2348.18473940669,2379.62543158677,1963.9325187711,1942.45615543312,1880.22529724459,2260.18409613046,1890.11270843772,1861.64126022087,1805.50287454857
"374",2218.98773314759,2239.95120098687,2021.89689138069,1983.11957796075,1934.58829885079,2156.96419346976,1952.43781016924,1914.02861940991,1868.56844809956
"375",2212.91088729384,2161.68392408285,1699.57884987009,1575.0881453765,1508.87492548356,2137.11970504905,1665.83074642077,1518.695759441,1458.83468819578
"376",1857.42347271519,1744.25901368358,1384.5287378383,1395.96473734945,1319.0919779156,1838.60547512699,1360.33794847068,1369.45475478381,1287.2316128044
"377",1908.69476453069,1832.07474014128,1445.94176053621,1398.91472021874,1315.41706974252,1865.85150423125,1433.10408905769,1354.57908620676,1275.17122331105
"378",1965.84564687286,1956.70993933958,1389.28353545552,1442.95786721454,1353.60078279706,1866.89232963433,1346.86966274386,1391.05291981027,1308.39600050132
"379",2680.37201214338,2644.52707183906,1712.14383380601,1566.53412500338,1473.59668457514,2638.53432674037,1665.39452324445,1505.56933143243,1418.09443934921
"380",2032.11600446737,1981.92893610505,1618.77531317002,1561.42210249831,1510.07329246459,1970.01870408419,1577.64503784295,1511.18400260685,1460.9242034073
"381",2164.6119419747,2166.25035932256,1872.40552351718,1935.33263920482,1842.19326097177,2101.36635355441,1807.77238311189,1865.73553893882,1774.39258625906
"382",2034.9688597007,1944.28388703916,1583.77718250666,1482.32062269244,1432.42626306677,1953.9673104123,1571.45760294488,1446.76019921445,1397.1013586641
"383",2299.79335923921,2376.29543302399,1800.5764054202,1809.09535857635,1719.53865615239,2236.88509970472,1726.3750333197,1734.65308490279,1651.66085441072
"384",2035.46921437918,2038.73376290454,1819.32866496976,1771.31275360022,1719.62713517145,1972.10831165901,1755.87328944954,1707.38036456257,1656.31710933447
"385",2461.25670265584,2443.79335786638,2032.76755970856,2037.37153418388,1938.22802071053,2410.71870458866,1986.43002327294,1973.72842209775,1880.51763316951
"386",2583.00518128263,2572.20698297647,1861.1184305174,1881.57762990155,1756.11325780345,2522.03468358558,1806.89945350293,1811.82062977831,1694.13983077386
"387",2370.8428625355,2360.46447757017,2054.03555798539,1943.00550623047,1897.77670607479,2297.48959524147,1993.50265992532,1883.40987734593,1838.78680626942
"388",2427.73923012729,2365.81072955655,1846.49259413982,1915.23590328417,1810.39128221674,2346.83203999616,1800.63922837173,1860.23610170682,1758.07262801975
"389",2007.69307082442,1893.15037072287,1470.10693062354,1506.29086231016,1372.49871135284,1978.52184783542,1461.54357872558,1470.56793704843,1333.3345211375
"390",2098.72816193122,2053.92023277539,1580.59026517351,1490.90513255646,1438.59213925595,2079.638272729,1544.66550545837,1440.15994127595,1389.78551498851
"391",2143.91594940515,2031.3894418491,1583.96275642275,1583.11365989869,1499.84425777643,2112.28518101237,1550.41971782381,1546.05282829379,1456.48399358725
"392",1852.66755296316,1841.47822888154,1371.95575789387,1389.37544182399,1304.01144351707,1847.33757167067,1346.6109709761,1348.29883146235,1267.51759234344
"393",2238.81602909023,2261.62444795323,2067.19892469038,2043.37856431447,1978.4588396521,2181.88194656754,1992.02977663384,1962.36793425591,1901.80781756425
"394",2133.39712177898,2049.85542287614,1804.93462963495,1758.3405737794,1708.79582659755,2084.2930781175,1791.44298948981,1721.89020911129,1670.24068910607
"395",2375.97368605005,2386.30787765366,2178.44092856085,2188.74361971683,2125.50161612739,2316.90183555505,2109.26471097181,2117.70271587703,2055.46577857277
"396",2300.54263470958,2293.65006411924,1728.50380399103,1685.23411695503,1619.7380609781,2231.16650155934,1669.68167123497,1629.07030433955,1565.55843419174
"397",2210.36674196688,2229.84591821713,1869.01100802222,1821.06256515566,1767.34217384412,2131.95362282773,1804.01985053334,1750.28832876612,1700.41827743957
"398",2215.17068530775,2112.05028654952,1643.27205552766,1658.56463847226,1580.1250200751,2147.78427160437,1604.19218546586,1612.16213070962,1534.41874975639
"399",1869.4636771401,1832.21725221953,1372.61225537233,1401.12376654067,1293.35283530942,1810.01323927963,1341.47022955856,1358.21563383752,1251.63383847304
"400",2198.49431004106,2208.34433367813,1932.6903626753,1902.42769816701,1851.05760404838,2144.84640904833,1867.24724615785,1833.33169604365,1783.50396328374
"401",2495.47187837069,2282.65128846676,1849.08527016788,1723.62811129858,1662.70801695303,2480.42297753262,1872.49765585634,1693.04774436488,1625.98896393094
"402",2243.00943147293,2258.45002955032,2041.37739444235,1952.0660659233,1907.71706239871,2193.66839740857,1977.61342637373,1887.72047598645,1844.55447168005
"403",2410.12463212935,2448.57071355287,1964.87581399766,1943.24307217359,1878.1575888432,2348.23776340604,1894.30203918011,1871.14539305627,1809.95850108006
"404",2347.96138899721,2374.72767512496,1835.15703714242,1882.51090406116,1775.25221071625,2330.54328974621,1784.30153243727,1813.25894626981,1714.01042636064
"405",2054.72960413076,1965.58772607956,1542.01204098274,1450.35552387498,1369.2978159152,2018.51733371908,1538.73381703873,1413.05800958438,1332.10221799334
"406",2106.96558848467,2088.47755008453,1612.70807500488,1605.54590910615,1528.22240296638,2053.10434538914,1552.21081469256,1549.05041779442,1472.86859654003
"407",1881.86649852978,1909.26045902583,1606.54174117206,1626.65041979329,1539.99146944595,1852.0566618961,1546.88415703731,1568.24856940705,1483.37308028143
"408",2260.69917633056,2281.53851532865,1739.71655320834,1760.2126505558,1671.11271579464,2212.6714818658,1679.96787589415,1681.92592182452,1599.65058434417
"409",2310.66313052473,2259.21803550535,1755.45245472213,1790.06980640632,1632.53910360962,2281.8696553782,1772.09747051077,1735.56340597598,1590.96961287948
"410",2266.39558394063,2248.83679046206,1591.42298793878,1643.97683955758,1538.39181677735,2205.52946750928,1538.33049103919,1585.23572945053,1483.59109879832
"411",1815.91189339212,1718.62302070058,1354.90821745892,1394.92741258986,1319.5544898985,1800.03281176107,1332.24769359436,1357.68254098518,1281.00709842786
"412",2109.01375245128,2123.04280138073,1819.38913777763,1803.45753714319,1740.53930375548,2054.6760406526,1767.99604685593,1737.49400481287,1681.76945996892
"413",1969.06456863188,1950.40830659798,1605.61569339818,1549.72832728586,1494.70821261697,1932.64029808187,1572.01342865043,1498.97631152709,1446.78113786904
"414",2273.41039924258,2116.15242170415,1578.1711405765,1363.01662081521,1274.77266743594,2215.3394526201,1588.87444779788,1311.21564204811,1230.07276719071
"415",2257.0347028868,2187.31387683519,1524.4187626402,1500.07524829706,1404.72723802658,2240.65932983701,1498.06133572934,1451.19162911212,1362.21684428112
"416",2394.36939813378,2383.38359590848,1978.93873818036,1982.64055359679,1849.51473715443,2329.11079978803,1925.70375006942,1911.66915497403,1784.93456745198
"417",2063.36257368587,2105.28506575199,1636.18045931239,1610.28570119995,1533.86075830239,1990.06337026176,1568.81559490927,1541.97010131362,1473.28898830856
"418",2473.64275013015,2470.61908354165,1984.30599680078,1836.68337279594,1728.23212360667,2405.39529668119,1934.43552943762,1765.92396860711,1659.56908861961
"419",1996.8189731262,2007.98148566699,1607.50233862986,1625.75842932884,1549.40762592976,1973.56992599812,1562.07343790559,1568.8809355765,1496.14695948792
"420",2070.52891379184,2035.96480117019,1492.03973007516,1435.26177481826,1380.68628937958,2015.80114154241,1451.93666244595,1381.68840416042,1330.3813878743
"421",2076.81929966063,2031.44016728685,1598.37991156157,1551.90207571257,1481.47473473432,2033.58820500384,1562.46734276352,1510.16247818614,1439.12519194597
"422",2330.95174974734,2266.9119251902,1667.8411809673,1591.83336167675,1521.06634629373,2313.16158920185,1658.15801569834,1548.96802102865,1479.34964846111
"423",2150.19461966615,2149.32527573073,1805.96459208182,1853.95061231351,1770.27974563801,2087.69058526431,1742.88429009951,1791.48680349793,1708.75557581865
"424",2553.49160955299,2543.81603738101,1920.58111953486,1924.2820250557,1838.44782967804,2510.21435377302,1870.22003534466,1864.15843032202,1779.88917023012
"425",2271.50934941586,2199.760921899,1628.86953094905,1627.89596226287,1535.26554144195,2209.63405056487,1587.50404899852,1568.16245441523,1478.27936763506
"426",1997.89768075663,2027.13234266221,1631.92140530308,1516.29352133744,1422.0712004441,1941.13351978311,1571.95944244769,1443.60885013077,1354.06492747057
"427",2054.45861529124,2073.09637722336,1468.99906099815,1431.60442667506,1373.77417581198,2018.48331391204,1428.93296870676,1380.10520375273,1326.20127044897
"428",2273.58816237537,2194.51837229544,1666.98000763743,1609.08415303126,1541.72113975322,2260.09446668346,1649.74903276562,1565.61884237438,1498.8292372679
"429",2339.60367474617,2255.83429217646,1805.58676379739,1775.13742916145,1696.29966753966,2301.98235463988,1782.86579888926,1719.25726333502,1646.05836528951
"430",2238.09750560369,2258.39454501571,1757.1430119801,1633.53076900302,1545.58156343182,2176.54815566235,1690.63373796208,1574.39713209884,1490.10616305287
"431",2104.95570017244,2141.8401195671,1624.54088386842,1613.65510047153,1536.62727815381,2024.32422021466,1551.70920494682,1549.03211443451,1474.73283151485
"432",2085.92900528261,2081.63219722015,1726.22614935192,1663.56065824202,1612.57500537608,2017.39007314001,1665.6500874338,1589.3732908181,1541.8511510061
"433",2074.82070899128,2048.26014662498,1518.0453111391,1541.58943087998,1415.43037536606,1986.21783153015,1473.39696150025,1488.23547446595,1366.3968252947
"434",1952.10482989862,1921.26205734568,1562.4552992575,1546.52878972307,1479.79554123452,1897.76333228076,1520.01101619146,1496.56349535669,1432.12581454711
"435",2250.98431266478,2224.8014972444,1927.28578007233,1821.77281923108,1757.76805141799,2177.51193129186,1879.12056624999,1762.11350195161,1700.16600575939
"436",2074.16212385809,2102.86958024032,1792.92522510189,1832.06634471845,1753.0643392678,2025.93720179685,1730.59316149021,1768.19055781268,1691.43070191024
"437",2208.82552557642,2270.66274591922,1906.30830906334,1977.20328784359,1847.9990036213,2139.72186014313,1823.89390380192,1884.71150542108,1767.90051896073
"438",2244.01823147429,2227.24983038574,1974.64501485693,1950.37445433087,1897.10786764885,2155.84610742842,1912.42902947065,1870.59853340784,1821.79226774422
"439",2047.12975017734,2026.80171984725,1769.77033806693,1738.49135740419,1695.4170646418,1996.11909129947,1709.66317447672,1678.00969918112,1633.50494390396
"440",2339.53801669819,2306.54468789421,1820.41442297743,1742.69255100302,1666.42038791044,2323.91179351231,1791.23511609892,1684.7002431752,1611.90273450939
"441",1835.71996808302,1831.02315294302,1560.3388855387,1574.41723748768,1518.99711728265,1768.19721189478,1504.5168992832,1516.16614373834,1461.78031196373
"442",2341.92936540361,2315.56319051046,1960.30193983263,1986.92836780619,1866.76851474233,2310.49924824438,1937.63755587239,1916.61849707886,1806.66378819144
"443",2457.61511060322,2434.0774522856,2009.71756774747,1870.44346779875,1809.43144955857,2391.36047086407,1943.67352770842,1805.6956763118,1745.73423576518
"444",2051.33610951483,1960.35875836398,1426.80336746,1392.7274257345,1338.93852596508,2035.98315496201,1405.79638471122,1349.31711405309,1297.16136800284
"445",2303.42114296438,2148.37216820384,1503.0144197616,1422.0705615621,1353.17235294696,2257.76440286233,1496.01051713462,1371.3857446029,1306.78486984728
"446",1790.2710337452,1746.86519538679,1387.24901905123,1339.9123461588,1287.36961797976,1748.86876256955,1357.46159800521,1293.2358172863,1244.69266689991
"447",2057.89146915161,1974.36928344806,1633.26121366492,1538.16864183358,1495.96974317333,2037.65896693435,1628.48957769318,1491.29008616552,1450.97130928936
"448",2106.25506468226,2006.61604174689,1505.93426772503,1534.29298436842,1450.33566347447,2023.76103233571,1471.23462749306,1487.82030355601,1404.6839891844
"449",2330.33507393844,2296.35980148927,1953.65283668923,1988.27049441394,1893.78681852063,2260.10864501116,1903.52826924687,1931.6844770388,1838.40203492355
"450",2320.19420481183,2375.92981939057,1952.00069530155,1959.35351654685,1881.06999785963,2273.24284183007,1883.51117796709,1885.38283989747,1814.17059704338
"451",2015.46304429121,1961.86160116619,1573.46861605924,1550.27436161559,1452.35410768798,1927.72170915293,1525.69049386197,1496.88360014708,1403.08541543556
"452",2070.87267613805,1867.96907450345,1549.27670492313,1559.00288646929,1487.84427884835,2011.32631463658,1560.99179212685,1527.42975537405,1456.41653593847
"453",2029.27219715476,2016.89678970262,1506.60407625756,1534.68471559016,1429.64949155832,1965.42541681896,1457.80745165312,1487.57528183918,1383.7043148269
"454",2210.42108532086,2256.31719937016,1497.78858878169,1434.54098018046,1363.83792276989,2134.49469718389,1434.12738390589,1380.86259559824,1313.87535288769
"455",2323.81398592623,2293.75044052333,1650.55267391065,1652.18051830818,1557.81184233149,2211.55888823715,1588.89396157171,1591.42625583817,1499.46844438913
"456",2242.87803715977,2241.42718305235,1952.12723258476,1953.39586181482,1889.27702629569,2196.62291769293,1902.06445917967,1894.789493764,1831.64207600721
"457",1938.17381779867,1937.37927095574,1437.65824149726,1384.3582765359,1299.43153614268,1845.18278583687,1381.80273789433,1325.01863684936,1248.95178646551
"458",2195.9104414073,2232.98248902418,1984.31851910691,1983.28883320046,1923.85641503161,2132.9325716088,1905.72855576092,1906.23320458647,1850.92711545288
"459",2233.60507114147,2149.29357857271,1643.27353094924,1607.22791192358,1470.88514163267,2179.30043993848,1614.09016079136,1553.70992656571,1422.53448887802
"460",2063.01479953221,2051.49602187312,1617.87622886276,1543.7972841734,1441.69565576798,2022.21730109888,1590.08422785756,1492.93465183166,1392.6278055015
"461",1986.07522032861,1874.79886781346,1447.31245606555,1327.52576821795,1281.70100182516,1943.07931847542,1433.23502277735,1291.40493405716,1244.40562595892
"462",1814.59382199587,1852.55665877138,1516.97219511667,1584.93039038282,1497.00290038943,1765.23301393539,1463.49171074625,1526.75302382949,1445.00856511584
"463",2344.6966851057,2314.2137687984,2011.59069247545,2037.24046795519,1947.12487639415,2310.17665723166,1959.58062575851,1975.07537974232,1884.92374198786
"464",2167.67167836815,2113.09588852923,1766.06584955099,1769.56145562177,1698.52984436449,2137.58142408752,1736.57118812053,1735.052018187,1660.52239235599
"465",2266.50759973009,2265.75837212608,2017.57584950298,2035.89774799111,1942.12776463789,2207.37563014976,1961.24718787044,1959.92517000083,1874.52405985285
"466",2029.82365102096,1999.80629060888,1485.03707546271,1439.52724868603,1376.86508174946,1990.52718898331,1453.37559453751,1400.11712124934,1337.70449633981
"467",2258.60125480899,2176.65371219111,1937.32204383575,1968.55100104937,1893.96731488351,2196.697162015,1907.45263421573,1909.03310666469,1838.80691076946
"468",2300.23121380602,2347.71978741745,1994.56823519764,2029.83356392035,1919.85320752533,2220.67541084362,1914.56141264056,1948.18112506017,1848.88188981197
"469",2101.36715561713,2141.06301721377,1698.21837023053,1721.14257666481,1643.87516336634,2031.0279730403,1634.84717090599,1652.39606923608,1582.35289795121
"470",1759.34882457147,1771.07702455209,1451.01182622549,1379.22130046623,1331.09469461405,1700.81731748233,1406.35949621737,1317.33909191355,1275.46591506009
"471",2257.2951845146,2261.3069713126,1734.4778341048,1715.75762366828,1637.11036040252,2200.25146524731,1677.01369723014,1661.81672486777,1585.16363105024
"472",2211.89572211437,2129.24071604777,1801.16495309747,1709.62943845126,1640.20502924879,2183.93669405814,1774.27189844743,1671.08741788805,1596.19646607668
"473",2313.82403727915,2303.54009127953,2076.29459306003,1988.31776515022,1937.25416388364,2276.00970696117,2024.38741882384,1919.42991798964,1868.11422976874
"474",2144.30383797399,2186.56979155537,1726.47052833749,1810.39298319304,1647.78494364073,2073.72393424865,1666.68788099875,1718.88940896898,1575.42068180602
"475",2243.35885781998,2227.42368890246,1834.21269052118,1832.60729459532,1745.51157826692,2182.16543890221,1782.07645361284,1773.02175505461,1687.40522140737
"476",1947.68302517641,1921.90909431121,1461.26572845397,1499.31130780657,1417.89312189438,1868.92402075284,1411.7593086663,1450.33067293613,1369.45163866345
"477",2359.88020923384,2355.59292477235,2001.49725254846,1939.69929011862,1886.2199356765,2297.16858820862,1932.43544679412,1874.1167688072,1820.80706892553
"478",2237.3542959045,2249.0659350791,1922.81881955818,1922.20384552637,1859.45486788542,2181.50946571462,1854.73063558209,1854.43479761522,1792.57769410134
"479",2324.49992702248,2356.58820721529,1836.7147761956,1806.92558209542,1733.2678565758,2247.92588688112,1773.5491863159,1743.1610903108,1673.20229213794
"480",2202.8440513682,2254.08410979628,1999.99285096966,2017.90919182999,1928.0903010115,2146.35426788159,1925.29741635879,1935.48781888413,1856.62558590992
"481",2187.24626967037,2224.13889396292,1806.7051085267,1863.95303573959,1765.36168375562,2129.81736937094,1739.48957438763,1792.60423984136,1700.3170895442
"482",2028.49529287272,1944.1359544683,1401.04865722827,1446.95306822434,1353.87302531956,1977.06142029401,1375.64656590082,1406.43566459097,1316.42756865736
"483",2482.82476951694,2332.41061378489,1714.99004878552,1704.16688147908,1623.88581659923,2462.17103482391,1693.19345230451,1659.38885420358,1579.80251496377
"484",2080.92703483637,2054.56796826414,1662.72283987155,1567.29244373074,1507.53315894643,2001.16583341797,1607.51232351006,1510.82477098974,1454.16463646245
"485",2234.99444677687,2259.1688002222,1654.4004031284,1722.99892659609,1606.39519129682,2193.47895229796,1596.72449166864,1648.63334871579,1542.79614267528
"486",2349.89987878363,2306.57136143119,2054.03611327759,2014.27045475591,1945.45352733037,2284.26935757222,2006.9802013287,1958.25190364186,1886.34015169254
"487",1811.69393484288,1869.94779899849,1505.18665010615,1511.02537848411,1452.04325681389,1759.93447791984,1435.17978000813,1437.45778094,1384.0422945364
"488",2400.48814243836,2334.87893479993,1947.17134938155,1868.90068589381,1812.91951794645,2356.29097434924,1915.72381034641,1812.96193209442,1757.36223230823
"489",1760.78497600882,1769.81538151646,1451.85708178678,1515.04376098008,1418.98815777157,1705.70366908012,1401.20093278166,1462.95766108992,1371.67153477823
"490",2268.75484550648,2250.83549808681,2001.18568301258,1941.42204504844,1896.05993465393,2220.8947276973,1953.79392147923,1872.88573898629,1830.46364949745
"491",2332.35252596459,2346.15773278406,2158.59203257073,2181.83933623454,2106.29442483089,2278.85374307364,2099.14197853428,2109.98739120916,2039.03892196823
"492",2138.37067409963,1843.52469650878,1756.92113650177,1763.78322149299,NA,2082.20537904276,1803.11569396818,1769.66144803538,1721.53491296405
"493",2184.53871799076,2147.36613273208,1862.22492504888,1822.05674100768,1766.91408712628,2131.39366746013,1820.55127144234,1771.92907775785,1717.71513970119
"494",2272.98442700038,2308.29783693197,1848.49269517401,1758.69168105728,1693.3615976765,2212.00826718105,1773.84310150419,1686.97851089272,1626.14154306774
"495",2125.96772313122,2139.9471149801,1903.17021933553,1873.64983127639,1818.82614353913,2081.24837086622,1839.68687639448,1800.93027015833,1748.92640717299
"496",2064.77957190097,2068.47817934038,1497.71875514292,1584.51216505499,1407.16726411439,2019.39264362126,1451.76638903737,1531.81720283757,1355.70113442442
"497",2241.09213477404,2224.50183539489,2004.72939273885,1928.02895362725,1886.0605709731,2189.19687790127,1953.71490923715,1864.28155663257,1823.66345072927
"498",2253.7652571922,2202.08231342662,1786.72618446607,1796.19345704935,1723.3121099328,2199.55081445554,1740.26396864776,1729.61844682702,1661.3498727945
"499",1752.42647873764,1724.2481804308,1512.39371818303,1500.43594576003,1453.69875896873,1723.88946653495,1484.90310059336,1442.18636561065,1401.76559205105
"500",1898.98275777391,1845.32354700138,1546.13582374661,1507.9370481286,1446.94210396961,1857.22001122695,1519.56873987132,1460.1133108659,1403.88388705446
