"","correct_data","ztHurdlenegbin_split","Hurdleztnegbin_split","ztoinegbin_split","oiztnegbin_split","ztHurdlenegbin_combined","Hurdleztnegbin_combined","ztoinegbin_combined","oiztnegbin_combined"
"1",3268.95757042612,3559.48453655442,2088.43640078009,1902.65596017016,1632.59499339933,3334.56643653265,1907.00834412153,1781.87897011377,1539.26641415435
"2",2149.10856732199,2308.71195434531,1594.93165741169,1488.22717291288,1360.49215867028,2155.5571024959,1502.61386389675,1391.28612836692,1280.86497560913
"3",2292.46747354678,2674.08258026784,1739.04175083222,1618.0154165769,1496.82417334454,2246.76092977733,1563.41260439497,1495.28322502072,1397.02654435567
"4",4370.29828201613,4944.07729757417,2316.7546609953,1615.36707071193,1441.54903335913,4795.06697306397,2135.27602192994,1527.01242789363,1365.54010278198
"5",3112.24447169697,4613.86781725715,2342.41547938029,1893.84788361463,1599.01645671178,2898.45994639982,1709.52434445459,1605.888991122,1413.47365281839
"6",3856.70736015549,4246.96613911784,1818.99857465904,2024.19016397203,1719.00381560381,3515.42018303779,1612.11144798575,1828.00665227604,1562.8820484009
"7",3271.98508136844,4276.01395910989,28197784.5806371,2170.02562449938,1913.32586961208,3189.51392819603,2105.96315792104,1920.88976628996,1738.291149994
"8",2886.88567546539,3577.53242162113,2485.06704222665,1948.96017796128,1779.884233402,2863.47414870143,2127.82808109104,1763.18187260229,1642.92182226709
"9",2329578446.49247,5459.44960546713,2806.41343065962,2192.03322799804,1833.50319136492,3771.35096657278,1936.29707025434,1733.36774303265,1502.93967250155
"10",3319.15987994461,3083.08123850591,2153.10632700139,1711.28004839559,1553.32822610851,3232.48952368475,2201.70262183576,1632.21003273638,1483.90326169556
"11",4746.41970467687,6580.36776497118,3866.929226617,1756.42916790839,1500.38275611053,4367.85842664868,2637.7023555272,1612.67801108547,1398.92584529408
"12",2271.03849484422,2358.34651661621,1681.92170236816,1619.45422001756,1513.32490339168,2188.31358207495,1578.73116681183,1544.05559694674,1442.31668781459
"13",2455.28745969922,2536.72084211109,1466.67691387017,1491.21756069113,1312.92589937221,2470.56266975025,1404.84102026811,1417.73366976318,1255.04816618367
"14",27221011.6356942,4095.01802430485,2280.39561897599,2057.65420938564,1869.17122610768,3750.33393064579,2141.64398370224,1928.14131919589,1759.85788139572
"15",2508.54069661207,2620.24402567836,1879.13090313621,1771.50287209145,1668.22780480178,2455.55689194357,1778.85082570471,1684.06955300808,1595.63859157054
"16",3301.940969784,3686.31902619139,2474.80588187428,2100.47835800084,1924.24001440665,3058.93436523168,13208136.7297842,1908.8568617462,1769.21196475044
"17",4602.15716032837,3250940961.05356,3084.13788095003,2289.46348259888,1945.19141124094,30590912.2850182,2080.86630917308,1851.86266251391,1626.21064803843
"18",3016.91190710384,3324.27618733126,2038.88852340521,2089.3982951413,1831.98021664535,3058.0139201359,1927.74326486712,1948.87326583457,1741.58451469698
"19",2548.37226243185,2918.62844731287,1962.12834556333,1645.36438288116,1497.415446334,2542.18402269079,1781.63667707703,1548.26927053666,1418.01088234928
"20",2261.83489376693,2621.51897804874,1524.3130066671,1533.74902646064,1357.20734189408,2280.40482893976,1378.42466622105,1413.78317819967,1267.0518081697
"21",1876.85086048151,2131.49037181943,1403.67019167111,1353.08294872597,1224.0688650314,1879.44798797899,1302.98920256309,1254.68566905533,1151.42258865558
"22",5454.73711210988,9757.77842717872,3544.68450619208,44238263.5110208,1483.627495151,6021.89456265877,2381.76516716201,1471.49140193624,1328.09927059139
"23",5303.74721685734,5469.41850744787,2939.28115777865,2367.92408834679,1949.92188899275,5578.32293226299,2899.86678565697,2291.90854771128,1876.23652345258
"24",2694.90341701304,2710.59778675716,1695.74353411618,1567.84688048568,1426.05131897514,2615.92785106146,1609.24997217729,1486.09655410415,1356.78400289332
"25",4672.22157693071,5960.57987002719,3646.67580282955,2025.87368089838,1818.17080179459,4844.50152247064,3045.23907351786,1894.83100436602,1708.99602440202
"26",2601.50608101744,2654.48965004664,1887.65307378082,1635.20803089795,1554.12682071897,11442482.489781,1799.44705893866,1566.809246237,1491.05206755646
"27",2729.5494904234,3005.88328446336,1669.17250965616,1688.08805093439,1506.28330301394,2642.43483852805,1526.50823556218,1568.2143547543,1406.7275962531
"28",2427.96628567431,2490.68432063622,1572.85777411712,1411.14417420379,1282.73107243278,2293.11531756762,1476.86364499552,1347.8382122438,1230.19193378819
"29",4575.03344815557,6022.43483553029,178941651573491,2176.76254799844,1843.67413229922,4479.40341917654,NA,1929.60804734186,1673.18668226923
"30",2563.84464334607,3007.91877881353,1970.61982966163,1827.52414067709,1619.99015386388,2511.75470787199,1724.05897204827,1654.22077551915,1494.14542528234
"31",3379.37146435806,3873.70926820943,2073.88950122113,10680060.6022956,1636.89732379664,3304.14856528356,1829.02739608535,1660.92539878335,1526.03802504275
"32",2334.80150683215,2470.15214955418,1628.0563724915,1435.85884472173,1317.85116906075,2216.79268952011,1499.71135678644,1345.23556234788,1244.72268793976
"33",4146.67931632681,4182.70453826107,14357365.9776688,1778.33403520316,1515.5450852447,4512.90282299016,1930.09186799691,92222714.4489866,1485.71304677998
"34",4122.20997404581,5734.03815032315,2532.33574380372,1468.32057624205,1334.08154926176,3992.43775234225,1903.41112288562,1319.38140520457,1222.02465615895
"35",3816.58176054326,5122.75959452038,2904.47405097621,2698.2451951548,2227.63021700789,3818.70465942781,2364.06509845704,2307.67477806605,1962.52306495302
"36",2571.07089977051,13388286387.4804,1898.73802138755,1968.17291114071,1772.02238932729,2487.41290646987,1761.57672918478,1831.36414262227,1662.79469916998
"37",4036.43487741502,5059.77263505847,2767.86946779569,2145.85874374353,1841.90430089328,4084.52268389408,2285.33016813149,1886.33235730003,1669.62851092242
"38",4705.6740727629,5282.66177713786,2480.83278554619,8704329.06402849,1549.19149652262,4512.98975084349,2141.18054965181,1678.86985600155,1436.12512306478
"39",3120.91365200317,3418.61647318362,2549.03546534026,2081.69600419903,1954.9719251642,3048.55393818006,2333.01149475997,1947.93626342612,1845.44194579173
"40",2307.73743843999,2775.36858449966,580198612.515324,1909.8774062619,1657.05399418064,2281.91150477286,1621.84235244376,1709.8815774492,1529.11808986577
"41",2946.91231509002,3489.751980397,2171.23719949807,1962.76376206757,1712.3050690681,2947.18561070484,1943.74775873443,1794.14292372052,1602.35158917293
"42",3549.11913962856,4844.03069987495,2473.32173733046,2060.64808133825,1774.61845829056,3364.8051797706,1889.84577692014,1802.3048184257,1583.70582585877
"43",3216.95407602421,3923.56014141274,1942.05861539676,1785.0652438263,1599.1476911888,3098.09319431865,1670.24479370612,1604.13552591155,1458.87000194518
"44",2452.63033294252,2387.64331780163,1614.00989110048,1502.36694782056,1331.54967969576,2284.26790541726,1545.83177788329,1420.24421874331,1270.26944731741
"45",3645.26382638074,4064.35503165401,2329.54458294886,2281.57476851314,1931.33380221044,3452.79366099654,2067.62441714276,2082.63962536926,1797.05653014113
"46",2696.85875164578,3156.69847651785,1813.38753405359,1541.40211382424,1416.99881142269,2503.88825758894,1528.41524309823,1362.07252302705,1267.93790750672
"47",6191.47547792287,14381.3066324481,6622.64409169816,1578.14322643933,1349.96606870287,4114.81141780285,2328.83325072733,1360.49305936412,1199.21129987943
"48",2466.60915933046,2460.29979371276,1571.14917443035,1462.27405391046,1341.00949408255,2479.94320838465,1560.11607618249,1405.78841270114,1293.17058016971
"49",2550.19835174047,2727.40897923374,1790.28897428776,1731.59713602872,1555.67525609424,2511.84190916826,1654.19833710489,1622.8186167242,1470.06593380476
"50",2535.96773347897,2791.34402743423,1957.50292178806,1569.86984636096,1484.9854637323,2470.49262475883,1805.6176189189,1483.26916957173,1408.72877384061
"51",7335.08674408983,8560.33563132534,5086.87733298775,1653.44248137434,1443.57242663694,7397.69782314778,4354.20001042075,1537.94058901976,1362.78045215778
"52",2660.4986202052,3486.54683699558,1991.04905630611,2018.61645251721,1703.06208114856,2598.95291930438,1663.02316997936,11526050.4294088,1530.54707537176
"53",3202.95404202489,3363.10534003583,2137.41395895067,1931.4793978598,1730.0158061746,3104.23151374762,1971.61388077601,1796.11807666621,1618.96514978881
"54",2874.19870265329,3320.06562109168,2056.36113003837,2054.48074727759,1767.63318936031,2910.55909169696,1839.86136410876,1916.20664117434,1651.70706079962
"55",3866.79127151588,5939.0849672429,2533.35242499829,2066.42803359202,1826.98198774582,3910.72186508606,1963.1898318058,1770.97854482066,1618.79141228517
"56",3048.64455277247,3094.16838419298,2040.0887496572,1590.25423247438,1459.2720819756,3098.4044066686,2011.14196626729,1558.81886834239,1424.94211993402
"57",2539.90734138191,2542.44958026253,1899.57970242261,1870.44251335506,1749.67366417772,2470.61076303089,1841.72652097491,1791.39002878882,1682.05867765698
"58",2376.28446626173,2892.27148596211,1794.86320063079,1618.75624105955,1481.52553555127,2266.65165369508,1559.18237723369,1458.03559711776,1359.48368863716
"59",4878.04308403918,5748.06784053913,3554.82463976841,2046.90520875203,1839.30872132351,4937.60318060898,3052.50489440712,1915.54580993197,1736.19878496274
"60",2263.90187387181,11350928753.1345,1880.46455197311,1907.71964648268,1720.62967657257,2262.27684761148,1722.63543936261,1750.6756680497,1602.63275290584
"61",133709534.159188,2873.31738040671,2050.32454394033,1985.74024772084,1790.75601617132,88762627.8974847,1842.20661520088,1787.89018264155,1653.70823766062
"62",3201.71714925947,3680.38999295663,2053.7506984812,2164.35407603487,1878.16937637384,3172.2068361134,1883.9042542634,1991.31771613005,1752.92498536653
"63",2458.56153417756,2572.9537965575,2027.95020129886,1949.99451820212,1793.91512152836,2478.01750341431,1954.85149827243,1863.57423465478,1720.36187920299
"64",1815.46052756782,1892.92185880705,1315.37639006673,1183.52274891692,1096.3013453791,1825.90879687434,1277.05921405227,1130.86582560244,1050.96846762013
"65",3547.89363647423,3579.5611583289,2025.9682489965,1735.88345111765,1626.62961710217,3504.51610483355,1949.32688651211,1663.82632318631,1561.50806876489
"66",4196.97060277254,4451.70788348388,2381.79376936729,1889.61943058094,1703.35819068692,4113.1230034583,2240.30771009177,1809.05784176755,1630.89518861963
"67",5378.30529674429,6567.65332407976,3552.23317107406,1967.29732255691,1691.93128365953,5464.72532600325,2994.98477193879,1797.56907049046,1560.79373781753
"68",3212.57621186883,3300.83351607882,2098.883601758,2159.93073792597,1862.53594974857,3259.17062211292,2025.90370049404,2040.84647935917,1769.5365716107
"69",2890.19740225652,3126.46532063927,2265.51848504282,2125.89312576762,1987.98302471295,2804.50402476882,2078.1643455879,1952.12983921231,1840.55239010636
"70",3297.96497850333,4383.88007426525,2718.05589337614,1869.99699598414,1674.89937878241,3033.46367108306,2129.30004193707,1682.19456264927,1539.87294616905
"71",2753.02918238362,3011.70922099579,2090.38075117711,1988.77923651598,1805.79190451077,2683.6263034366,1914.77287045773,1854.28015358532,1701.10531161233
"72",4654.57784890319,5612.60871352184,2040.53324410628,1573.40116970408,1407.04709011499,4436.63761300098,1785.7446492166,1441.55811353345,1306.47274695059
"73",3176.70993245233,3432.58565927239,2301.68397685612,1936.14855378041,1812.79616473689,3088.3693476482,2116.61654547155,1790.71016324428,1690.80424560441
"74",4291.34572418173,3739.12458720871,2415.30295593382,1656.37164242054,1514.19262434657,4344.51436788532,2744.23313822814,1643.72854445748,1491.79602100737
"75",9407.45915005149,9335.86447145832,5732.72019661947,1944.4295192781,1632.98359564055,7380.89649692244,4547.52478603484,1792.38119739843,1522.58418172069
"76",3268.8634518887,3187.68792341615,170011576225731,1620.40427122435,1435.02389335183,3136.76975078531,1542.44600785538,1562.76657182731,1379.2413383486
"77",2589.24954150532,2689.95127415801,1981.07197561101,1893.2044568491,1765.41029660699,2596.61677389479,1916.21479142801,1810.58325150735,1692.1864221437
"78",5383.8147939628,5632.84244374168,2794.79346566207,1862.93262313135,1706.4363602649,5618.76021803891,2710.00153511574,1799.93206863018,1649.07972853283
"79",2624.18015886105,3061.83632419733,2208.26635567045,2176.59334690817,1936.65128754348,2511.79522815007,1983.54371005933,1984.49685948091,1812.68948709247
"80",3363.3615883159,3919.098671062,2097.3723161483,1771.76879727567,1576.37098187366,3239.00134822468,1796.21391438585,1603.71454187175,1458.55894882285
"81",2568.55128252416,2764.00919263224,1610.67657310351,1534.72896926716,1362.30210096625,2617.58215082381,1500.70097909206,1448.56363820058,1303.19342989729
"82",4083.36361970227,5063.23329127898,2894.27836143613,2361.36522631836,2053.32008456786,4239.148531186,2494.76250127514,NA,1885.79909919813
"83",3075.58754783715,3232.89779164852,1862.0867511055,1922.16674282071,1714.31014333846,2932.23940538374,1731.02114293762,1807.19424829506,1612.76706243524
"84",2838.1308805072,3292.02307789611,2121.35255773124,2118.76842752263,1962.22872099565,2769.54535940116,1929.55379652016,1929.10800283697,1807.03615989867
"85",3477.67533775029,4378.22284590214,1990.14527028292,1873.5850321044,1660.49211108393,3107.53126571796,1654.24288449775,1642.92798187588,1482.825422027
"86",3553.19298399339,3778.85709980887,2366.77751058097,2469.89124120281,2235.64685207609,3359.59262703595,2179.81182986672,2284.97005912303,2067.55584496337
"87",3206.36389346106,3343.62596558932,1978.73963226808,2124.03434073971,1861.94050430161,3155.49863564808,1855.31865574427,2003.78248533195,1760.9158242405
"88",3142.14256395909,3269.35819369104,1937.15914453785,1911.54002099911,1677.8088881365,2974.31402972947,1791.92576991876,1777.99640783249,1581.39708568115
"89",2441.36473874715,2815.353671067,1620.74969729584,1566.37678596087,1397.00733928765,2430.9715663351,1497.0026463152,1450.9237740286,1310.93931691357
"90",3793.90842610887,3778.00042545272,2461.43052306099,1816.93170311611,1678.59455885878,3728.12247600557,2297.67746874819,1736.34780298661,1605.94209920086
"91",3711.54989722179,4712.90726940971,32489256.8484268,2154.35851446655,1957.34402734828,3445.1440309519,2286.95083973393,1903.33319605409,1750.66186232904
"92",5612.07260662678,8128.20724322298,3470.6596263456,2103.2768497365,1723.83294040798,5249.21106149342,2432.12654016171,1803.17850048742,1519.71404755161
"93",2144.71050120435,2798.6278531547,1694.5480842677,1455.92930807332,1308.78524926586,2079.34057026288,1410.15271272354,1315.22704801689,1210.6855179734
"94",2497.81287237996,3351.16735314956,1960.78838367559,1797.7062346949,1589.17056877899,2465.91312236686,1582.46863545911,1541.74562542,1407.37751963655
"95",3015.26608103779,3844.67220485738,2152.27158422136,1833.02363578025,1479.57986665102,3124.40967328511,1799.5841985301,1672.51992263415,1383.64821375633
"96",2827.1905002037,2941.02692803655,1944.08896703464,1846.86588694469,1704.82150224094,2748.1255454226,1826.41144832136,1739.13272426942,1607.0484364716
"97",3554.73841511885,4205.92351642178,2611.86944932727,1800.57408495145,1619.72668698193,2931.79905125186,1952.39652805865,1621.06984466094,1484.18121101664
"98",5110.30197615263,4519.0954603394,2159.53697912098,1721.53374350869,1439.69468891826,5082.75367469425,2346.9911144632,1714.09753702096,1415.93103243216
"99",4071.96269125631,4326.63599279777,2704.01868740378,1588.33839890687,1455.89809901875,4110.78080639263,2586.83675689635,1505.23407226345,1386.05355109714
"100",2986.29466236934,3251.25744401165,1690.6186102135,1446.55053987206,1199.3866095716,2771.04644450896,1512.71763115051,1304.46029497642,1115.80372790735
"101",2849.65843330468,4130.12375795079,2177.76499754999,1899.78513402119,1570.55254671095,2799.14828425512,1682.37274326815,1539.7917429371,1324.9036760771
"102",3428.43726764081,3642.35991058422,1919.08983538229,1492.80743756456,1371.43271130492,3108.51797518692,1724.23536241585,1394.10830922839,1291.43914641054
"103",3557.71678937311,4263.63490344155,2772.08213991026,2109.61029535259,1905.83393760659,3483.58976785001,2366.25638948452,1908.4002232789,1750.89114400677
"104",2814.58605738887,3135.96873936686,2113.01467825479,1798.24436603006,1683.72459241585,2702.66301291277,1903.00067821212,1675.01993432229,1579.90409287754
"105",2840.63512570359,3117.04773906013,2193.81536832536,2078.50241402183,1884.89678583688,2820.08855075535,2035.59184301621,1941.78384325546,1775.4815447568
"106",3048.21198835289,3214.81900749004,2202.49701557529,2043.63319363177,1869.7433471983,2929.10473328041,2044.59495345104,1911.72053550795,1762.48213349826
"107",3200.21675760153,3548.54228073209,2049.76396847994,276461473.47289,1729.28773714727,3067.83385655792,1890.85241646322,1738.40258924106,1630.14514514706
"108",2894.35503757024,3165.35167953565,1898.71047549439,1641.52520226573,1455.68318102718,2887.1629924504,1734.88913435413,1551.21502332594,1380.56523519841
"109",3705.75267851792,4365.15961491492,2366.44419722896,1589.75290528924,1454.98506042222,3487.1241667956,1960.05206488956,1467.17880475611,1353.79033112425
"110",4068.9725055149,9906719329.90485,2795.95817531114,2186.97576292805,1955.42305370224,4075.92803588108,2455.87219353677,2008.66673486922,1814.40259514082
"111",NA,5612.65152998357,2301.11283971788,1509.4436005991,1397.87459281623,3802.8668552601,1711.70917541349,1317.31508384782,1230.50804373096
"112",3274.62655974931,3454.66623178851,2387.71492742205,2177.40679379692,1995.11146266232,3126.59257353962,2199.49162960001,2011.94128638849,1862.48984967206
"113",3744.31227259979,3348.08978226758,1821.76257778711,1512.25921178375,1326.30259020692,3653.73187676056,1916.10168992817,1477.49265588029,1293.89422712025
"114",3882.12400568878,5030.91539692943,2806.26816033684,1899.00635280744,1718.26926976663,4048.20317502815,2275.40694414694,1696.21939274379,1559.87281619447
"115",2471.09169813069,2542.01907345052,1741.19705034389,1768.22424828072,1620.74522538021,2439.32083164492,1664.37639721617,1698.3095170353,1556.52158338791
"116",3680.80018140618,3634.74477935904,2535.04127898843,1760.81843458601,1639.96664677697,3402.76580381798,2443.7505906718,1668.77307882596,1564.28951979827
"117",7440.99187708569,8941.37359686217,5366.80161225573,1565.70309394417,1341.33422233349,6841.88285406974,4109.1302102868,1450.554680271,1255.98110552379
"118",3301.48262332228,3988.97560162595,2165.44983296378,2005.48465120459,1754.49170165602,3152.38567523136,1897.37202963299,1826.79155070278,1630.28344205368
"119",2875.09634946887,3345.94921612473,2254.62340913796,1769.01293500512,1629.98109013397,2810.94682028845,1994.08906545314,1648.82825993017,1536.78863830787
"120",2769.13358611851,2871.6028051842,1990.63349595769,1941.25625442189,1782.67004718808,2800.54908849318,1901.57384828568,262718472.938895,1696.46265470007
"121",3041.44155563961,3511.473933873,1652.14966352636,1517.84304888653,1319.85316081042,2805.96484058366,1432.13213764763,1383.00959293101,1229.65653060566
"122",3874.60171089354,4544.2031552405,2621.08761696669,2498.93531950364,2106.57775595169,3753.29103303677,2307.34021836265,2281.17062661709,1945.57282490373
"123",2510.83966417996,2700.23318295043,1732.41475106408,1613.39926413384,1467.89457433855,2480.84170133227,1628.22918733966,1507.22288379134,1385.39905929935
"124",2709.71335325077,2761.14551247405,1823.04200319939,1692.19326115253,1567.37159419461,2557.91173252637,1728.67603775209,1606.55826934018,1495.59816116041
"125",2146.52138328976,2256.05079473956,1490.4544430226,1472.0217800819,1359.81956078228,2052.64835385791,1411.3763973912,1393.14576983279,1291.39883276622
"126",2340.36886874145,2476.19780109115,1676.60040843337,1587.6620005406,1409.8018982315,2193.65703806161,1563.93315598102,1466.64793841383,1329.6025801315
"127",3718.10646661297,3487.7576667301,2219.56037208476,1816.00396557065,1666.95632662602,3470.53553295911,2147.4763147842,1734.46021605408,1593.98712756573
"128",3430.05573511338,3205.72551284363,1895.73692984999,1336.95472192009,1253.88686125799,3516.92828126521,2034.18450002057,1304.2721294895,1222.35381792327
"129",4864.0786632929,5709.20223447951,2696.2445210874,1720.09529863378,1498.55891078187,4471.90578134054,2129.92675257024,1575.7678123486,1381.26625855163
"130",2756.33337943211,3143.48349134,2043.2630801324,1756.28677334467,1613.06320904101,2708.55908601074,1820.282156679,1622.58490863355,1502.79813711651
"131",7508.85613057019,9005.43572246729,5073.5723191497,1710.20204237575,1492.19840287777,6458.36163603286,3510.43495736333,1575.79705455123,1384.86545626871
"132",3356.61296044418,4218.50046377983,2365.25554610088,1577.49410547286,1358.06952612549,2919.17791934315,1710.46895470122,1360.35767972293,1199.32225726101
"133",3417.05294285661,7144993429.4212,2699.44256754947,1768.58522996606,1635.42521109728,3392.11392052564,2312.3966763877,1633.31262064532,1526.18481318565
"134",4420.28647990765,5313.4133318635,3398.42368332229,1766.43141347634,1586.04811005703,4420.89189386467,2773.60239798037,1645.56183981462,1495.67335031455
"135",2643.0565507686,3169.73687639101,1777.65936002522,4549352.31027498,1626.82160469912,2619.66862765225,1642.05068493332,1650.86804148902,1524.38119189675
"136",4256.97252418431,4146.14493435267,2723.98464025042,1940.94628958971,1745.90051518418,4443.84882125216,2866.21215552718,1888.00021236983,1692.05080185938
"137",2458.72654099704,2686.63432089413,1749.47341142895,1785.71136843692,1615.93619556876,2411.07253225626,1608.35820356018,1649.11771862119,1505.03935608104
"138",3376.02668514689,3329.50143884574,1982.92858531971,1726.66221960794,1519.07513147788,3350.8384580913,1975.58665420172,1606.73490278559,1413.46187951425
"139",5659.53247832125,5924.33880038423,2382.50537059711,1776.1366278103,1619.53225663845,5357.7849793121,2161.75093663299,1672.83536026291,1536.22128041085
"140",5691.87383892785,5524.63774568715,2765.0195783156,3342925.70736872,1964.25318334958,5487.76963643499,2826.39784054301,2106.01939168397,1878.31574399835
"141",2043.06595595664,2289.3886526305,1399.22039045357,1532.70371025757,1333.25083934515,2051.49414178641,1309.61603674459,1405.43219201087,1245.81420111299
"142",3598.91972759423,5048.05157014415,2732.06907965948,2077.8555543768,1835.46102350213,3235.78666320167,2055.69875925804,3887706401.40857,1639.52924367812
"143",3084.19375969175,3315.63959419059,6834152.43826526,1537.96405864209,1344.79206669206,3129.22015873128,1503.09375926069,1445.60573877674,1275.9723661117
"144",4717.41192700013,7717.5790859831,3459.57483184164,1855.79015594364,1553.53160867767,4190.58578689873,1819.53196948309,1449.36577465764,1264.26061314916
"145",2703.08482640996,2952.756994784,2068.40678191011,1966.51512045937,1826.54848194919,2647.89627675417,1913.57696588385,1833.68980550371,1717.30780176572
"146",3394.02932249533,3525.3366158265,2123.11613917749,1671.23653595417,1514.16659966976,3203.56856844225,1886.73386392424,1545.63381038818,1415.92588174602
"147",7069.55088563374,9023.38583832583,6495.45093531143,1358.77411398465,1244.54363964386,6559.19737870919,4495.65341372843,1284.79131769719,1183.24687945436
"148",2957.89518333262,3473.560046132,2408.52009898439,1875.74277626843,1737.28397293846,2926.13693166658,2061.04468334108,1737.03388552968,1625.30740529967
"149",3180.11608935863,4156.38535153198,2407.40341267757,1716.4671789278,1563.88011360278,2994.37614959485,1924.00657928124,1562.91523813711,1443.03055949008
"150",3962.88806610478,5069.12752869617,2918.61474351721,2125.64097861349,1860.59714651787,4069.56401462633,2487.09041279544,1982.53245014946,1750.41213100178
"151",3293.06520213928,4098.57538921287,2547.23104056136,2409.39880941592,2086.43898743772,3253.145673275,2200.6690658304,2129.82550406642,1897.51578148199
"152",3549.03537374832,4330.14094148549,1992.65669167667,1524.70126213486,1325.82569772827,3395.03286234146,1676.4002869923,1358.71136362958,1200.26016471421
"153",5586.87182291027,6477.26806714679,2516.71617361298,1744.66032498977,1551.45988066364,5532.38019683626,2040.00436573197,1569.91674871647,1414.5381290491
"154",2451.50226684199,2763.04337371501,1878.43920689364,1544.56771345158,1445.4116193409,2484.42818564208,1748.71505084064,1460.62664927142,1375.960987348
"155",2678.61054466562,2915.28445108137,2225.94613473449,1952.73330829448,1843.81869474848,2667.66141690275,2063.01200904783,1849.6872589894,1749.88937632399
"156",5725.25444560021,5488.33361877325,2740.44874228718,1941.45453319732,1749.56059772708,5563.10333066719,2824.49326720031,1899.80631642431,1704.39992498539
"157",2357.02441412856,2817.61333361653,1588.70793865218,1505.58437156077,1357.89893799531,2405.65529914298,1437.29624504548,1383.60515417442,1270.78838195495
"158",10519.5228768533,17205.3930986572,10426.7514252886,1963.75308612928,1611.00786713991,9937.99815217235,5350.94142555465,1796.81887192002,1499.42422427269
"159",2782.84304401225,3025.1201055657,2004.30846424748,1660.05638531862,1549.13130932548,2728.99866872093,1870.04982030909,1581.26206500544,1481.50469563085
"160",3769.83478733195,3974.6090843923,2374.28903165675,1935.46475323798,1771.5569549633,3660.65683282407,2233.12951110654,1839.0332330135,1688.9449850257
"161",2579.36796108135,2808.44730130745,2052.09407178584,223172191.008118,1735.98449548189,2484.85347511457,1906.08963281413,1726.91783670719,1636.53030141291
"162",5720.8753642764,4527.21395903599,2658.51922178093,1773.55682413337,1636.35329452726,5758.2829811749,3208.72081973501,1770.65475548303,1622.0454577342
"163",2910.11520418732,3282.57165181159,10462848.5997168,2202086.81755393,1520.80956399137,2823.04150477169,32123252.9139065,1551.09708614917,1411.03402524523
"164",2896.45740679204,3021.82493691777,2008.83835756588,1769.52758186576,1631.63336299846,2827.19165844469,1904.7316087476,1693.01662349405,1564.36937380257
"165",4063.35490095191,5332.61680606054,2146.57604494294,29141377.9254058,1863.41285499384,3977.53009016293,1817.11038157548,1920.29579995007,1665.58135378696
"166",2587.64003197655,2928.17374192394,2019.67668700154,1741.32203968789,1565.58983917486,2581.47997479566,1855.78431885414,1644.93301435103,1492.63006829646
"167",6661.86334941811,13457.7723252082,8735.22705436706,2079.23312249657,1768.29411254138,5777.61244912619,3243.15447761292,1690.26724325489,1482.67703419261
"168",2443.95718226947,2556.10484888458,1777.88484215682,1844.66280996872,1674.33872424801,2339.53678100413,1662.92707294752,1749.49877169459,1585.93174312171
"169",2534.00555267413,2648.9532607969,1968.01637435197,1894.23033824932,1741.63000502255,2468.57143485986,1856.49771423781,1799.21900922552,1661.1705152657
"170",4395.21331224911,4281.51858006991,2617.97018762196,1735.55640157909,1568.83893377722,4007.59354877347,2428.05548447054,1632.53117658413,1478.48899488217
"171",2652.85058497732,3293.24623184626,2113.3651878707,1427.62657518712,1283.26031983953,2608.3340080134,1771.52464334869,1311.55737168262,1189.08963793003
"172",4893.73058019632,5545.99693239398,2956.27493866727,2102.77219429744,1778.21131317142,4403.88917782797,2345.44844088582,1868.01000359959,1616.84745331769
"173",3147.77869903675,3858.5126205468,2569.06963676691,1763.88531445892,1649.99633605329,3118.28131481821,2169.50560161586,1642.62282365401,1552.07587833784
"174",3078.33876812268,3691.89036475269,2276.44696797491,1871.97930379704,1674.5801603216,3083.9837481719,1975.179486028,1713.79724735544,1558.25981772743
"175",5321.36974501121,6053.39599835113,3336.56989089943,2278.15801191899,1891.23587619618,5389.89880543847,3022.7799715889,2179.99765004578,1804.8759486629
"176",3852.69547685559,5817.66932797004,2868.99207053233,2429.11453215668,1971.40900045727,3637.13622093948,1992.66191308045,2002.43230330606,1686.85974642746
"177",3693.41293430908,4647.36690972425,2828.48625697357,1956.20030621802,1738.6044724302,3482.72512566164,2182.33192566145,1764.94258073055,1599.19687264806
"178",5058.41153667844,6606.51204109871,3498.77687146332,1920.08458869711,1712.6948475155,5112.29094189869,2490.93955412739,1767.71275648555,1587.01845961563
"179",4313.57198251282,5310.69050481956,2443.22278010293,2606.18981094046,2075.19837348552,3907.41060284694,37162620.326982,2110.96410420006,1766.85367691146
"180",3766.35823756198,5584.56965176503,2596.00624127213,1813.98735543156,1591.50397880817,3600.37384658848,1802.05278585495,1551.80759606133,1404.45974920916
"181",3995.78846761337,3984.14869595577,2546.64350816059,2097.43346457933,1947.09015193605,3903.19791246188,2437.34154536061,1984.24595507876,1846.39843530184
"182",2584.27410417867,2680.18928482117,1974.0785743785,1947.06475383511,1808.98287623157,2499.95359004122,1866.9028690577,1833.32500241422,1709.16666340645
"183",7178.97692924216,10377.7291878082,51370510.7504886,1652.56677611598,1448.36109779388,6683.2765186402,4519.30738894581,1492.64563079973,1331.46744347233
"184",2351.722936924,2393.37341392431,1656.26361362484,1788.86913102901,1594.98629868352,2297.49518929548,1580.40602597145,1701.47535816948,1524.26324970772
"185",2363.43076192294,2606.61238074724,2004.45695315385,1695.81626885877,1572.53599027619,2285.12106681401,1839.34574871475,1573.66671021868,1480.45331245834
"186",2613.67369681944,2899.39666530195,1910.43216222869,1808.64478566894,1644.61881948594,2540.28578600057,1762.44329728991,1682.72477388733,1551.27578222447
"187",3404.74107014739,4830.22421822501,2439.47232243769,1722.93640408525,1530.23007682174,3411.29269695321,1884.80721226349,1572.90279047836,1429.68357357689
"188",3237.97740788146,3666.40570883243,2204.38787139134,2157.97778953785,1942.29410591329,3181.0237226816,2017.02857223153,1981.94078962688,1805.385538627
"189",3007.9658549602,3033.95373380571,2235.48732521414,2030.02123327791,1918.24770539325,3044.21794632951,2192.22230908017,1942.4457906466,1837.50263301508
"190",3170.76714061285,4162.57301421281,7665902258.11679,2148.70578226597,1846.24295880246,3037.05763033703,1855.6294810824,1882.31581964424,1671.02308234573
"191",2404.081025856,2782.20245321103,1803.6224755299,1957.62366452092,1725.29247678972,2312.44617907388,1627.17637824985,1732.39099841214,1566.25498190034
"192",3153.97580329579,3445.83650316079,693864177.329392,2236.05426013794,1967.88406433031,3139.78363887962,2038.209732721,2088.86548294918,1845.59055663449
"193",3408.28213686003,3683.13443573024,2344.26020606847,2072.74958769571,1851.94077831912,3425.52289032229,2202.13121728428,1982.19849075232,1773.66972091797
"194",3645.40804527591,5833.70477406558,3429.25672897672,1752.41493553995,1452.27920016847,3553.00777932082,1906.49537476662,1493.58039246686,1283.16484075688
"195",1810.04864043137,2080.66050401782,1502.13949455923,1566.34584357687,1395.06641224044,1805.88971385657,1387.48624370854,1424.70675817323,1302.69292641583
"196",3330.25632695865,4046.63249945571,1961.91519239311,1982.15273092612,1764.45056231295,3166.16083098465,1740.35169395433,1786.3372392706,1617.09741454966
"197",3057.74491586688,4082.56899922702,1976.95999285067,1819.58281913832,1581.0382974885,3040.06750991179,1669.55031646524,1585.04737118961,1426.81919991361
"198",2356.88211381693,2977.78094903239,1730.96398459257,1886.91530077215,1638.03583622258,2311.79106459208,1541.27618146869,1657.38576353021,1481.30792686043
"199",3029.34780472996,3029.33679385414,2232.20271455175,2070.48428110713,1941.90563109013,2991.80683317406,2148.00472787308,1976.52984825887,1858.63180182634
"200",2400.56318182198,2499.70624941201,1654.1702994664,1660.02060663908,1409.40814779989,2199.62973430171,1486.54455058171,1529.84570052262,1296.46255882006
"201",2662.32760362311,2729.39137067039,1769.3787268416,1644.20724093468,1539.94839121181,2574.3920541207,1672.11073934584,1573.36033585099,1473.95146658753
"202",2636.20496622853,2860.74461148285,1911.66443178754,1688.46151298684,1553.08493749951,2518.12855492924,1731.73479529236,1583.1219469322,1467.601717114
"203",2421.41406750848,2541.90625775918,1942.77571104189,1850.83951939055,1713.51232533918,2362.0973544458,1827.48801449979,1741.0699545831,1621.60888507577
"204",2772.41337900882,2926.3413528713,1803.30020611669,NA,1405.98784390276,2740.52788073676,1682.11461703011,1480.93807054469,1327.26197962805
"205",5517.17843900602,5971.49946214988,2067.51866810681,1725.42379730193,1586.51820955089,5035.19275048992,1888.83269269728,1599.79110501772,1472.29896641691
"206",4322.98257817426,5714.4147778714,3419.99505439271,1860.81150207825,1664.45552771621,4277.13861940163,2494.45563189546,1683.58116661653,1532.8121106947
"207",4856.25627703906,5722.60863001896,2355.40036107112,1735.70787026646,1503.78263081792,4504.2835480097,1889.98767970771,1556.21960133304,1369.2207393561
"208",3687.32596429567,4624.67260252137,2932.30831928112,2476.51492677748,2159.50208090445,3403.69361899377,2356.21628987079,2120.43772724745,1896.97809018094
"209",2534.58306130499,2716.63741864095,2066.83778400713,1856.1673035013,1749.40221473088,2511.42855843527,1955.97618942243,1749.22136023656,1660.43024316587
"210",4113.23935569132,37312876621.5698,2012.82504577181,1945.75513329877,1657.67393688499,125824060.981207,1757.71491970301,5740609391.14584,1522.60746090046
"211",2896.42953296019,2988.35777125751,1865.90552916474,1726.4476513021,1546.0203568527,2814.53014029129,1774.58322632989,1640.48288801823,1475.1465299679
"212",2174.59594047487,2195.49494699992,1761.68860035142,1688.38270424449,1609.88692312198,2145.10880240618,1704.08179858043,1621.55403106898,1545.09607749676
"213",4779.8559869713,5761.69350667586,2775.38921413176,1976.25015338555,1667.76755521208,4462.15014596237,2091.53863163136,1748.39630428343,1493.31875650386
"214",3127.63168306769,3417.11545638255,2345.18494937919,1961.68651907345,1758.7884651838,2798.06787856293,2027.19794907603,1807.95847809355,1646.82836325114
"215",3153.32056766944,3414.80437977909,2030.20941839213,1914.85909782597,1735.15888337281,3064.23986221299,1870.8307923151,1792.76956381543,1639.62859819749
"216",2826.63228329585,3457.57372072813,2268.48368031278,2069.16764704878,1833.27507648197,2803.58886707773,1965.39614900518,4290802.84814614,1706.23703326043
"217",2325.51425721155,2843.58838285105,1691.01086310735,1626.55557403386,1457.2421349615,2313.50600453983,1508.99436309769,1460.3319165283,1339.72686883928
"218",3621.53211107377,3974.75224169746,2480.89213213495,1998.88021050386,1762.60830118888,3605.19215109857,2278.10452933094,25710382001.5931,1644.11033612272
"219",257173682.272976,3269.91805987381,1893.2488315681,1713.42632714418,1575.07906386553,3354.66260997069,1820.66158677115,1633.62954716171,1509.12788985689
"220",3376.73190363093,4228.80258644419,117622717.000803,1928.76859943535,1721.22944675153,3278.13666370294,1956.62008785553,1746.11112692911,1584.24325527866
"221",2959.9882435802,3194.89307264169,2136.09174769052,1819.28796933361,1656.27925200993,2853.95749534494,1953.76919682022,1713.15937216954,1567.79268949173
"222",3067.54469249383,3208.17607985899,2164.2232601975,1677.035205626,1555.83880646429,3002.12290990557,1961.02067471903,1591.40488918306,1478.72730184032
"223",3916.54575263596,4164.06592442902,2626.54241225068,1721.29467597085,1550.52721731901,3927.47210973808,2456.86242239151,1598.32610201608,1451.18730449236
"224",4741.82095693622,4874.41890089852,24347734.3182984,1755.48918285723,1589.25888595377,5126.80364562635,3005.41601318513,1667.42803145008,1517.62921406603
"225",6750.44189212158,7944.5631389375,3405.48439608281,250526803.419976,1757.26764235317,25354346.6840648,2578.74170328846,1858.40642362283,1613.59725125799
"226",2876.27003234127,3303.89518706769,1904.31280586291,1733.42647562123,1529.73368560674,2736.72620667501,1665.07739271777,1569.7612698001,1422.10010034321
"227",3668.07524308412,4393.88796399164,2317.4773370872,1584.04725524146,1456.77269612273,3401.61767426362,1778.52464396966,1433.92073205929,1334.44781062324
"228",3057.59963386602,3433.35395903688,2041.59051917547,1845.0547635503,1682.73026785228,3018.87309341276,1861.79925122755,1698.39836248112,1560.9500834081
"229",6667.38839686459,6546.13988917033,4319.84896474193,1508.75075212583,1354.90132792224,6525.30416744949,4338.46614710961,1432.49187540095,1288.77271577699
"230",3475.70019435025,3947.70749156521,2553.81175931012,2158.42446732247,1995.28255185212,3436.71114747436,2299.0669568607,2031.43548996715,1888.46738786573
"231",3039.27072233717,3166.61424870103,2273.48938777277,2077.68320069428,1938.53621505878,2877.87903651404,2113.67380723906,1950.45533052815,1822.97203513778
"232",3043.83214296333,3418.38257603869,1835.62049467177,1801.6361939128,1516.81304178215,3101.58718512705,1716.52929524877,1623.51395953248,1382.6139321005
"233",3007.72928295982,3244.46652879181,2489.29364941959,2095.05535221751,1963.42583457342,2961.33134807146,2323.61977620258,1966.75929761518,1857.56130404081
"234",2224.1498506562,2308.62533783759,1428.64795400048,1420.05615183768,1306.3494102263,2192.11454364172,1358.92628495187,1351.72626041399,1248.38684606714
"235",3946.61758799509,4531.15034161077,2473.11539345359,1622.11896214563,1395.86327241504,3673.38256037577,2113.38200083347,1534.9197675736,1332.39619905957
"236",2683.63383769725,3180.01962226936,2101.91348450666,1793.76002672583,1628.08942187152,2517.70172718926,1817.90900930198,1609.31739881765,1479.46545108213
"237",3255.03901517651,3486.71854730721,1839.55733781265,2011.88284670061,1725.91219182752,3196.0793796349,1700.37908016281,1875.47333499937,1615.18673395886
"238",3626.39863327524,3970.69336865676,1965.92213427818,419595737.964052,1724.40253897693,3520.4219752358,1813.23910119786,1752.16895252429,1612.54629700595
"239",6011.78727541445,6637.99653356658,4012.14243428075,2316.43490590279,2053.49675655629,5656.30530927233,3569.63764693681,2138.53996583958,1915.53449033216
"240",3200.77834124319,3409.0176518991,2364.09185840207,2150.60325150585,1998.74531381574,3080.04903772189,2188.1759044503,2023.45482298564,1886.98715895473
"241",3278.79335945596,3182.76194220217,2009.84342977946,2045.77272262041,1775.20060988138,3232.67110611878,1990.05436761521,1985.96915312229,1719.15816851644
"242",4440.61728232088,5944.39126709101,2859.78340365484,1604.63482339698,1412.66125307606,4285.93448153088,2052.56097685684,1400.98404011472,1261.33015938867
"243",2485.8512369615,2463.90512007286,1488.18526864235,1447.56458807659,1271.46648361336,2374.41353061152,1429.40416913468,1381.42229924886,1214.28744276428
"244",8564.73424144558,7791.40451077849,4125.99781158108,1610.12446062318,1455.98531861872,8080.56685254004,4425.37883457901,1575.07112033987,1420.01666131119
"245",2764.15999524307,3360.03090477359,1860.25886081906,1546.69680801073,1354.89734978194,2685.47989549675,1552.72263007009,1423.41191382859,1257.20691728716
"246",3007.60729921345,3576.72321942936,1893.82984284952,1611.18075277958,1427.94828783386,2797.412669414,1598.08842796379,1461.63422897529,1320.86181462968
"247",3367.18205373326,3966.25859301586,1972.55113379073,1350.70175467794,1214.18325572235,3338.80886829557,1664.54991213956,1253.95604878218,1142.47867995184
"248",3005.24927868518,3323.72917318755,2272.16459785753,2192.23045549662,1943.51897167605,2983.452768941,2112.01077125909,2051.08649623851,1838.12132350381
"249",3468.47854079151,4335.07048535208,2187.80508463688,1818.36926543645,1580.95479542259,3083.45510780029,1696.65596337395,1592.97635221103,1413.31112737739
"250",2352.5940248718,2411.31926296554,1691.30550400482,1424.56314038811,1294.97646858565,2263.54142710308,1660.61969371297,1344.59348074701,1231.63547739277
"251",2233.73575817173,2741.01863493612,1567.55375057194,1631.60363303546,1421.98488624032,2151.57678676868,1373.87791557778,1450.78432721396,1294.04248048146
"252",2469.42239773418,2540.58817008623,1915.8599824556,1705.73109634641,1622.78379971067,2402.77316333904,1825.42239399351,1629.30714909337,1557.80675557254
"253",2733.27289908284,3023.39026319989,1685.52530011698,1489.92036364407,1332.89449148057,2616.40340504672,1508.89132591041,1404.01039874529,1261.10695660849
"254",3226.09866332367,5306.03838211489,3122.37955254581,2030.92749936874,1737.96237572888,3132.21783930919,1970.391883863,1721.10476728345,1544.74198820503
"255",3054.75801663158,3433.14644743117,1751.67013676582,1388.16093468293,1241.39179921684,2925.91358860836,1548.76674837534,1283.08033938075,1161.58529027473
"256",4907.29635906888,5562.22193534674,2361.38104151359,368584774.145055,2073.1457708263,4519.72178075481,2126.08833697705,375688281.26789,1916.11715031482
"257",3300.01937956022,3591.63173258016,2222.34912128417,2190.15264298449,1988.67404263454,3210.95198096003,2068.58127134194,2025.61396239592,1862.41467650811
"258",3842.11896042379,3964.82819311245,2171.35804820306,1969.36085458024,1744.98920913125,4029.94434490554,2171.64892965973,1935.0204668627,1707.53972997102
"259",6400.032397023,6504.90702017765,4016.91560802923,1652.30100989148,1442.52594207012,5711.17138190764,3519.95164155475,1554.79623500557,1361.27129631019
"260",2604.27335014966,3116.05152165205,10352431476.4079,1967.96417298608,1725.66413164148,2570.04705489666,1773.70093335766,1738.77559082394,1579.54695233393
"261",2306.82387390299,2660.8701666457,1904.21318907524,2004.21127417641,1748.34553119819,2293.59961196284,1724.04774728449,1807.13792315219,1610.0812707374
"262",2255.48060178099,2573.9418259432,1752.91784465168,1459.12647600399,1352.56412195836,2206.25402259577,1561.43952823543,1363.43181897314,1278.66803601452
"263",3256.03211005792,3679.86332802817,2141.44730140006,1531.77733864437,1360.91970902765,3176.00385109132,1889.3171528107,1426.82787862672,1278.10746015011
"264",2087.95903977927,2894.25775500854,1709.1480084661,1399.36452630227,1230.26443939686,1969.15841356253,1328.63357475169,1225.7453967798,1116.75701297555
"265",3657.66837283253,3882.48626249592,2454.85150272147,2057.58665948955,1808.37020969929,3741.7229430739,2362.56098438263,1971.09651582583,1733.31782370164
"266",5623550607.65263,3563.80675367859,2243.6641070173,2237.00850936504,1997.72772412097,2806.5343386709,1907.59495863082,1944.4883119401,1775.15541596235
"267",3335.16257370239,3350.62013500136,2492.06688601505,1924.93734688886,1809.13460712893,3167.11056495431,2339.87613048373,1837.26955375161,1731.88149474134
"268",2666.86796242358,2936.99515939504,2120.1673889765,1741.63446246018,1623.02756606093,2639.93133474244,1927.39578885532,1640.77900228182,1532.18627368215
"269",2531.62714733589,2798.16755712191,1927.77841689513,1756.97085759028,1629.31165988986,2422.49803842094,1745.89206538022,1611.38700863042,1510.71092882818
"270",4410.00772812521,5932.1505859183,14266261.1183045,2831.15323461391,2365.27287807806,4121.83272941004,2416.48668005402,2370.50871858306,2035.56212239566
"271",20978718781.2361,125004725.0049,206379.663576599,1780.07053136436,1435.86603668477,99933.2888613964,12526122405057.4,1627.83997294749,1339.67126906033
"272",3027.47059215797,3914.96457373458,2156.36730123317,1400.19220640728,1303.11069524066,3037.54886812749,1745.37314075226,1298.68686469196,1217.78857007055
"273",3833.54417360593,5099.65966854074,3220.71571790225,2246.76797309781,1988.31249934393,3757.92524877246,2578.85160459415,2046.60559648732,1847.25467102918
"274",2712.62356328277,3077.81468410901,1988.7839524964,2037.71417513001,1785.16170730352,2654.44662512647,1802.37060833853,1867.99601849832,1661.14524946136
"275",3557.02245334585,3549.85803285666,1808.90047286071,1691.83859702372,1514.04252644153,3298.81668242383,1689.92295367636,1594.15812162738,1431.11955695313
"276",3353.60145749325,3439.66463750927,2274.35128697079,2120.56824746192,1886.9463669746,3372.55081627998,2218.35847604754,2060.13463253602,1824.16577471101
"277",3910.33968690657,4253.85125421351,2505.18380741799,2336.29749319923,2103.84053359163,3891.96345410097,2296.01648545737,2174.39907299609,1971.67205962193
"278",3211.24706729646,3402.28686894465,2059.11408496888,1905.46266852361,1723.68589337624,3108.79110744321,1914.7754722114,1786.85096789614,1626.59901853327
"279",3092.64047359397,3370.4471764619,1616.33333405447,1358.80616350848,1199.48905852094,3222.80065660666,1573.74812807476,1311.76737682985,1157.61469799701
"280",3135.97478778055,3538.27861994671,1785.50561718244,1476.14580806485,1274.46300557788,3000.37444523478,1568.72300437782,1375.07116609848,1196.70361053459
"281",3158.18844917425,3194.3561228766,2138.51805701852,1931.99196529174,1778.74137233019,3197.90286953929,2079.94149324221,1878.76619804524,1723.95529808189
"282",2840.6011176745,2869.78103660545,1922.09759964764,1904.12393002076,1746.84769789861,2791.56832142062,1834.07396914675,1819.77503279921,1667.61407894867
"283",2949.77148423913,3169.93426527802,2139.16404315957,1692.77666792643,1560.69004941887,2998.10668169399,2028.23599144828,1614.05602952812,1489.50500361361
"284",3638.57452022304,4534.74304165582,2603.80750010647,1752.70745620936,1508.76134842509,3561.62824442882,2111.94286998943,1594.61569973556,1385.76830313596
"285",2858.65533164855,3429.48748786096,2195.68234447396,1868.24145726943,1705.3758315572,2691.22334820339,1879.02898331006,1692.81932056361,1572.06961368039
"286",3918.62721621473,5493.14895056195,3147.97572228854,1681.91548198886,1505.68496167494,3905.74513445747,2281.88312868918,1542.52215691689,1404.70305036018
"287",2917.89105148298,3217.371292646,2190.26996506041,1621.05844345091,1511.93649824154,2845.80147901503,1957.20815295723,1522.38079780192,1426.35954940086
"288",3002.66278808576,2908.35156119061,1654.69105120315,1373.36466143238,1258.1642287199,2927.83616681814,1577.0586504604,1305.33255908793,1197.90558583566
"289",3286.84662380513,3468.40037455432,2360.21959891034,2002.05048993451,1857.43953184694,3344.21147713346,2218.66498800831,1885.89154506297,1755.12716751459
"290",4439.87375123055,4306.34418653531,2273.98231856395,1558.09378780289,1341.01997136495,4292.54740261537,2359.77305819094,1469.38764932092,1268.75851965884
"291",4614.75960424029,6112.2923451788,2197.4557500398,1630.3345680755,1387.18376997185,4179.33347586047,1680.71392592153,1452.455869984,1263.42964624579
"292",4539.01697576063,6112.34590114386,3061.24913327182,2444.81662445259,2001.72353400567,4635.47080596428,2335.79778190103,2110.52789957661,1784.4076300391
"293",3663.67757818134,4993.48211000773,2905.41597307683,1795.87903451675,1537.46587180801,3880.43468600828,2377.94131522213,1630.58530083079,1421.35857348803
"294",5246.10860603305,6419.94942645066,3829.92518742828,2153.52978027808,1944.27376288916,5046.85118561291,3076.66939454217,1941.7864276567,1781.82743118534
"295",2577.85369154153,2752.41026966075,1941.39908826828,1955.25811664109,1810.78635700707,2565.26876055691,1837.94346520603,1846.96565480945,1715.51242891198
"296",2833.84166974928,4166.84033554731,2499.87002980182,1642.66319535586,1439.25004676741,2492.5925616554,1728.12743346683,1434.79720474236,1300.10945441471
"297",2583.00407943272,2601.53943528041,1821.43402347977,1416.2957614828,1318.25649040968,2585.88268832835,1776.39198979574,1353.52815609088,1261.06161767696
"298",2415.26311048397,2685.01570735907,1677.64965017586,1335.43391133851,1250.11999403758,2289.20410091976,1473.69803874072,1237.22347018471,1172.11391459727
"299",2568.57113609581,2732.99458518266,1838.73131439249,1680.30954528448,1586.22882356054,2460.51787492853,1697.30437785059,1555.05357822115,1480.18881397656
"300",2655.21725948061,3069.03550408153,2087.1367897433,1996.86882513715,1805.40183512992,2548.40434863739,1896.37344170651,1809.02892983401,1679.46294145129
"301",2828.28213827466,3140.97834929151,2074.38294827639,1535.37023648093,1435.16791763803,2783.67755005332,1872.33037320981,1425.70923192892,1342.59277345444
"302",2544.21692532251,2479.11569341791,1959.57588920128,1856.20444718536,1750.6226581111,2463.13188083407,1911.61421797415,1781.89194716939,1682.81045509014
"303",4009.92732633697,4363.82175372972,2471.31655651572,1596.32762177828,1376.15170899387,3818.43995953373,2131.91071967136,1512.90824558073,1311.14812288522
"304",2897.3491834464,3646.68968102459,7340668.53578721,2172.03557552828,1968.5836052551,2849.0360390961,2066.35414055148,1928.23723482319,1784.50438887959
"305",3562.556384659,3841.40783172553,2816.78079204909,1946.80975638857,1813.67185399303,3506.82380250616,2603.6116741836,1838.6637847947,1716.8362756927
"306",4518.15158618217,7658.11527917204,2161.18312850082,2010.40877434404,1640.24760211379,4213.1964673212,1482.0602725512,1604.34379278976,1349.77380939058
"307",2490.24566510601,2763.86336220369,1620.57912921088,1473.4481969854,1339.12246346481,2442.07631411727,1462.96835856829,1366.61104153417,1251.33089847659
"308",2501.26805323997,2656.30753432211,1889.3437250281,1793.89243941934,1659.43976574929,2432.82960629099,1769.97430215923,1681.24448339504,1567.12903723024
"309",3367.59683376582,3735.839632037,2539.63795998069,1861.07789677279,1755.39224813558,3213.43229632639,2254.12511597358,1729.81695253536,1639.71991481159
"310",8145.11255147924,10088.4985552352,5317.89442492138,1997.46496964371,1669.70657374505,9354.15311461525,5008.80753350039,1855.91638938276,1564.21542781105
"311",2801.30575453315,2839.25156145026,1915.05697827169,1933.1252295716,1779.02956959524,2768.58274975569,1830.74273233766,65284481.9142805,1696.30924007898
"312",2620.28302736566,3187.5573471395,2213.81137910796,2200.49898523242,1971.50634551599,2561.4994630134,1963.46854626819,1961.84542728809,1814.36519855775
"313",3251.71012094027,4339.31056722184,2431.33226368936,2520.64290563371,2133.50179122983,3218.18248594427,2029.03098418297,2152.03560980159,1878.36029162728
"314",5935.66574002743,6952.60288714691,4337.44417575987,1577.49205896227,1383.64647727096,6221.78767758251,3743.56921232402,1483.73627408499,1300.56239890533
"315",3946.13496487981,4100.4659941701,2498.59220651165,2069.98310664026,1902.83757889273,3739.00180221112,2302.69730045039,1949.40780814045,1800.81025442749
"316",3001.73859542194,3213.54661392861,2122.87715502139,1685.37096379351,1531.4575312072,2983.30440038652,1984.70959525125,1587.50866394016,1451.70850174136
"317",3593.15578531448,4204.20053734751,2642.71716391982,2165.32077518951,1978.50288045371,3626.50556925292,2352.37098706592,2019.94652403433,1857.00638101688
"318",4265.55686384075,4108.64813290991,1904.47184304902,1791.31097362966,1589.990886659,4140.06587991095,1917.16364010369,1745.7954773148,1548.12774364795
"319",3749.10627353914,4036.1975399758,1985.27863716322,1910.74289112963,1749.16699276282,3799.53925672554,1861.53067859764,1785.15859425209,1649.06857446334
"320",3045.86931012527,3718.98673800819,2014.1287888241,1601.31377290341,1377.58925778811,2912.37531168654,1650.8716345241,1464.29884576738,1288.36581660523
"321",2731.19764776025,2754.42458057501,1794.045971214,1520.31451631344,1408.17314520292,2775.99570215333,1741.70460433215,1456.19708406082,1345.66307219831
"322",2712.41063536911,2992.76483673041,1987.78282044693,1958.27579807146,1796.67181848167,2587.79594334751,1816.93091384757,1791.6325968123,1667.35888689577
"323",3077.65231798796,3130.32649189769,1885.23369813886,1471.36675446234,1373.7031889549,3114.27123861075,1878.81625154179,1413.40132939403,1322.19138135607
"324",3704.02669218318,3607.90559508707,1920.35097458926,1612.09569177778,1427.03794753405,3762.78297151092,2016.03363178692,1558.36559683051,1381.08505414931
"325",32136469.1463357,3535.42993632819,1970.41144664924,2000.06716382528,1768.9235806415,3532.36671507578,393415882.725585,333308267.566797,1673.75653883809
"326",3362.17270597908,3916.37281286839,214953901.81374,2328.71003964441,2015.8467248399,3206.9984730355,1989.02719970234,2079.18426365436,1831.83478059962
"327",2881.89162507086,3120.08263092343,2141.73198192068,2194.46377035974,1985.56309171909,2825.22959896983,1986.8561650381,2044.26834292627,1864.35070638079
"328",3057.34232755056,3398.42578269621,1990.73976587113,1941.95496030414,1777.81861017857,2942.71386648956,1804.34811279727,1780.48448247842,1640.44748582547
"329",6032.22235987624,289174428.307638,3538.66433150035,1665.23162679095,1523.19697689783,6169.93295493354,2451.40395913378,1489.67098943756,1380.87979529836
"330",3091.83624795375,3446.87636983182,2296.10881867675,2080.38619113134,1881.03773513894,2853.61431784102,2026.4890948269,1882.65435832595,1732.40645909328
"331",3108.52299422326,3266.69890558051,2118.6548149534,2109.06350440513,1916.72083251313,3129.53190877651,2016.67157092048,1999.44350213822,1821.61176805399
"332",2646.4188081491,2951.57124827776,2225.05689835687,1915.2744898675,1796.0308157826,2684.6786705214,2058.96606317984,1780.96385206326,1686.80516269063
"333",2268.2437572795,2230.65700815921,1532.74813085439,1516.80550147599,1384.80963212775,2260.42632640649,1526.75527566681,1496.47414974496,1362.2462950534
"334",4825.65134930376,6389.47130673359,2947.70918498539,1712.22419003965,1488.81405153938,4633.11689307895,2239.43717625417,1547.62764886561,1365.31464868496
"335",3812.72922214023,4708.89258428393,2155.80559126259,2141.48803643899,1823.32497952577,3673.02276654796,1801.41340933699,1871.55288835896,1621.75446407886
"336",3547.96167746227,3561.35576845677,1906.47063599162,1695.69236804815,1489.89871571854,4017.99915379726,1937.1361542513,1633.88338874459,1445.63467842194
"337",3045.03273767651,3976.75116518181,2114.74999969718,2024.38455890077,1774.41181058224,2935.96046008866,1726.39779439715,1735.39980035863,1561.65097450072
"338",3270.65286445287,3377.20552631783,2353.46922756738,1826.76962419023,1666.92284568858,3046.91899696478,2179.02049563796,1724.11455900654,1583.92973670694
"339",2578.23482624613,2886.80849638061,1654.39974759378,1789.32982174226,1558.03865104896,2513.3812113547,1541.31526218806,1676.40719774107,1466.59187943247
"340",3486.12969117269,4306.98291512422,2674.42077954053,1871.77883314088,1600.27666204312,3229.51495699575,2124.58058284332,1652.7222756424,1448.0739803475
"341",8352.3117581915,9102.93435415809,5379.74028378916,1899.96799125131,1613.59044143478,7994.23786941211,4974.74477360987,1764.14626698092,1500.56861980954
"342",2293.27742880506,2472.58905930878,1870.17714362846,1688.14236062411,1559.05646182524,2209.32591991442,1720.50113652599,1559.89157011944,1461.45364165317
"343",2371.35146663574,2634.02706042596,152533157.563889,1882.66139199701,1690.41929909291,2295.86166211146,1722.77647574462,1732.62865505431,1592.93997296434
"344",5043.0756717969,5053.36888356669,2158.4901699736,1624.91370470984,1485.03378128747,5089.09208952066,2147.56577424755,1581.02450559509,1441.55085848464
"345",3218.21799092777,3727.90282943877,1967.24398820732,1668.49344653463,1475.64539026244,3485.61943935896,1857.0166752204,1564.7580603581,1396.72464920964
"346",3425.71886065748,4842.78934444679,2608.489022134,1818.32381893417,1594.19654555547,3273.20245185362,1940.74874569591,1556.98206210588,1419.70787265689
"347",3357.62884229979,4612.39312904259,2944.99106741546,2055.29163470391,1853.70560246354,3062.59134800084,2151.79014331896,1780.51628309233,1638.8177963494
"348",3461.03457487373,3712.14416239765,2416.81202358282,1759.91406109287,1624.42624081446,3357.3323684959,2168.7800960745,1619.50198948256,1514.26770342963
"349",3022.33791087791,3568.23584052764,2147.48506134881,1625.16881354673,1431.04374684758,2969.87572476969,1823.93033731148,1468.67561342606,1315.78499111118
"350",2236.91319363877,2355.48062508542,1738.89914421247,1626.23217045968,1516.10000806435,2183.55493704117,1625.50144251092,1528.86332853589,1439.98286047009
"351",3350.2407565667,3670.19434419407,2019.74207304748,2014.94989946001,1684.99643960575,3312.72478207015,1799.47311194836,1873.90997526287,1573.17721145366
"352",9173250118149.97,5129.63236853314,1882.61792625784,1662.92756312571,1449.00563956172,7489438375224.92,1725.38167106483,1562.09162610897,1365.54629709286
"353",4191.19628789438,5118.76739814428,2933.59524448725,2194.73501143542,1903.44427130107,4595.49406437897,2623.00376356085,2037.39426765613,1774.88803571545
"354",6240.93386999224,5221.95039996912,3237.42701849096,1483.11618435217,1348.22249691037,6434.55798649354,3915.072928028,1476.51685170403,1324.43005298682
"355",3436.98664771326,4171.87730413673,2554.31592914698,19651559.8364705,2016.17540825359,3231.92556462986,2177.68089412749,2049.18282079,1841.87125134411
"356",2558.27589131391,2906.60107814315,1997.16158351413,14654286.0762177,1654.27059357315,2482.04659585235,1747.09722775149,1645.70557996019,1527.81494178109
"357",7028.86407100952,8754.52517141844,4101.15581470756,2917.55368484796,2361.56059323878,6759.21516151357,3175.93351932879,2560.72260108894,2103.99918299423
"358",3096.84203203263,3303.83245353064,1840.09248754964,1698.43809788404,1528.23539301057,2923.67305102045,1704.1526167682,1613.55705345487,1454.63996503655
"359",2774.41548143851,3750.7004757825,1891.76786363703,1513.34096690593,1361.92261939019,2885.27995590259,1645.93242491977,1398.97156171077,1267.21564417366
"360",7802.03844997472,8302.48514285964,4054.96458782071,1695.4858825427,1447.87682633684,6516.68387793984,3086.41098610349,1564.72635920766,1346.98618359147
"361",77728064.3108819,6153.75656223213,3137.24614583662,1768.59226589558,1561.68957769043,5073.06330561923,2539.50522661477,1618.66942288274,1445.30802862002
"362",4114.88628182,4153.91363683272,2331.67095781756,1986.82296895941,1850.06280822792,4260.28490097948,2256.57813019049,1896.44505704229,1774.48937637549
"363",3940.38135361711,7458.41424044197,3825.58830837544,2145.09872656664,1872.84931159371,3591.6713860378,2341.85312451336,1839.44350879632,1671.43853684902
"364",3993.6036573396,4502.04232790841,2147.81698300339,1913.17038210558,1732.7096455734,4095.76294814451,1980.08022434271,1781.03607522128,1630.43031229851
"365",2797.5936039637,3302.68340804486,2146.60280798387,2072.59937645894,1887.02013172294,2697.57465329977,1963.91511136437,1874.4146072743,1746.68697709507
"366",3398.873375804,3966.23779303752,1923.73977694659,1591.93403303632,1420.31938230332,3745.73756256292,1640.94307476301,1434.35218125243,1313.40065902991
"367",3915.73182845755,4392.82563351353,1616.95613722761,1462.6904384536,1349.12516589204,3991.77857042499,1498.94839488531,1381.54589399725,1277.65520134182
"368",4784.97947325104,5601.84103437463,3333.4462388997,1942.4751238912,1725.4548045777,4811.88638108309,2931.3403012552,1828.0067181689,1627.97509019627
"369",4011.66484245746,4841.44528233956,2605.07280154248,1497.60403320766,1371.22724019977,3727.82733673778,2003.14450641442,1379.862201834,1278.35574980718
"370",670229987911.799,197305223390.716,3789.8249042862,1815.24460271301,1588.95742153174,3161809564.66834,3002.88332545415,1635.56017624811,1455.93775001914
"371",6499.64982077976,5776.6173552541,2869.0591452723,1630.21258929633,1478.65564768847,5862.60476511017,2966.4840243767,1600.51743762486,1444.89329751381
"372",3807.05827997141,3538.3942308116,2208.43744477073,2126.51044256306,1840.33778728028,3843.34240248122,2213.00648361387,NA,1789.30229361981
"373",2886.68314204165,3126.57834376695,1932.09369776577,2114.33442508686,1867.76361124257,2878.27519592653,1810.79107068972,303542283.733812,1762.52957570376
"374",3158.79564368648,4031.263318088,2455.04220136894,1998.07965180649,1854.76169593886,3095.15460090138,2089.85450370553,1794.34024483859,1692.16978023231
"375",3059.13550997778,3585.94321718287,2555.76695461532,2012.6884978915,1887.07590670723,2953.96008692178,2243.04768568949,1868.81061584429,1770.53281327746
"376",4203.78837891542,5651.4751404377,2731.72752192475,2052.3976779773,1795.92093379785,4298.82949954145,2236.92943180971,1826.92777466407,1634.10079101307
"377",3882.97655571722,4462.75036422067,2636.68168289498,1813.95910288538,1592.40955334961,3784.61680890499,2277.95255403764,1669.65767713334,1479.95988679892
"378",5793.87705428325,6738.96805662274,2214.65893772087,2196.43981718406,1875.83231188,5797.06926242955,1907.29601536047,1934.43541073864,1691.18346107901
"379",2611.03974758638,2958.51092548529,1961.79635757716,1946.90582121739,1731.51118095297,2483.08549935969,1772.38422232896,1771.07874765997,1611.24776855692
"380",3137.37924780954,3567.71015399032,2131.91845555714,1694.76674085204,1564.31606726947,3180.86868734918,1958.56948786828,1589.16882384647,1476.06997324774
"381",3006.41428150903,3734.79881922742,2364.80832583623,2111.06545107958,1865.82020461167,2888.36881979983,1965.40085560746,1816.68155010396,1654.6901978617
"382",2139.28284227888,3006.60619434101,1815.47511390224,1776.85082628259,1530.76537843718,2054.2629340188,1456.61907324848,1476.72021830166,1348.74810985052
"383",3294.12863351876,4057.81093676553,2188.36482952962,1844.62820160568,1670.47999212693,3341.04374270533,1872.67933995288,1667.14418585329,1536.25870070565
"384",2863.93640855511,3292.35301777019,2082.89149862618,1846.56449909534,1710.06507081841,2779.93464560719,1882.07194745049,1691.81459439672,1600.46755497312
"385",6096.00924637104,7831.76977640625,5140.73651141659,1878.96927044867,1696.82521529611,6680.08662307793,4438.36940120195,1777.13552448054,1616.78581630106
"386",3127.10902645309,3969.55250560247,2445.18756493554,2152.51308683092,1950.27907321528,3001.02246230248,2060.75909835199,1497485671.45641,1758.84060299911
"387",3855.68880388836,4029.23925426217,2684.53928125143,1812.51810089024,1671.24448211355,4220.20173835079,2763.8569109285,1739.60204358014,1607.78270736444
"388",2297.99337656113,2720.12617307483,1746.63730833857,1496.53442948559,1360.21819505563,2091.90393564264,1493.54897446222,1377.2240420416,1275.17030121932
"389",2552.43627455624,2608.55040204131,1658.48515939236,1333.98392590296,1204.90821552047,2412.32652349136,1500.94407824183,1273.46850411811,1156.55905781846
"390",3991.65570976904,6790.05115939593,3235.1335543801,1972.64682695669,1773.99721063084,4052.13874500027,2114.43491444999,1642.96531362293,1512.84998387596
"391",3146.85147097741,3828.14345131648,2235.51991201094,1436.9680358389,1244.57895884925,2993.47606573033,1752.94509802787,1322.72104494767,1169.10488154515
"392",11142743652.106,3531.20008170427,2220.41046623406,1832.60369096883,1675.53691012684,3308.86744619859,2118.11389848406,1723.75290919747,1583.18810307046
"393",2144.79432918362,2138.299665848,1487.93063353891,1361.41694142496,1286.18161365538,2126.05669827403,1455.5949094157,1313.57998341369,1241.92795877732
"394",3068.01531843529,3682.17026905941,2521.20743321693,1745.71379150317,1632.95253475999,3120.48175359664,2171.90327590144,1611.70437963932,1519.61382954924
"395",2949.60861509895,3994.95700368664,161515124.86747,1678.89586360423,1472.39349354452,2646.75246253074,1517.34404326783,1447.45831451508,1304.41983974161
"396",3497.31119912874,3746.08664651892,2198.78130703301,1748.49913732686,1606.48299078622,3340.35310462856,1977.77453934909,1631.55198263332,1512.88656666873
"397",3846.91175729679,4459.85621010429,2737.16197083527,2300963429.24842,1896.35052860526,3748.09691212907,2383.60555704873,1905.10578994688,1758.03520127348
"398",2935.61337863779,54315723080.7657,2525.84184141125,2197.89822770992,2029.86668465412,2897.31286946304,2159.72624292133,1979.47246438719,1858.36448218169
"399",23812162.6125552,1394582340.26112,1941.54710706783,1895.15991870193,1754.14406822492,2918.02114333985,1909.419769563,1828.52080496131,1694.65931932515
"400",2512.87404235575,3319.68655269322,2224.022943342,1934.37668078999,1725.34544411414,2491.5758607245,1864.21002805491,1738.40908896561,1599.49165302806
"401",7248.72850004846,5451.05985703724,2841.61279968358,1624.67424980834,1372.51827676898,9437.96855392186,5213.09389430959,1701.16659810502,1401.55713439031
"402",2737.3261736809,2961.18531638466,2093.01213345392,1831.27800996479,1700.26856153583,2718.88900139341,1997.30712282691,1743.98915668175,1626.90139851296
"403",2989.10678279734,3141.66114511305,1988.70018855188,2004.93530023445,1830.96710460721,2929.99154465165,1895.37222560639,1895.18058465954,1740.85545379619
"404",7996.15861378118,8520.60504759176,3563.50847713625,2441.90793059963,2010.68476070391,7653.41499412076,3028.1023999437,2234.22185626487,1846.16394112668
"405",2792.94729491374,3138.35031537888,2066.21273604355,1846.18917049493,1693.30591980116,2660.11923368387,1850.58546747473,1701.41214840133,1584.45619824835
"406",266033578.920372,3117.53149409779,1905.52071308562,1896.68501057812,1727.70925972336,3031.96634263518,1784.37370020597,1770.16692058984,1623.79804454854
"407",2736.30514456991,2926.74335708922,1998.20775690234,1870.73280655077,1754.74295619349,160887699.141073,1860.37227668834,1744.88115512211,1644.70320185371
"408",3392.95914083964,4053.39263565739,2437.5961189043,2218.04073847308,1907.03033853157,3300.17101407182,2098.57718545124,1959.74547422841,1728.81502391836
"409",3029.62926965738,3042.96689443138,2111.55407665057,1583.03294960028,1482.16251698803,2992.87878680791,2040.93222329393,1512.3340529655,1421.29972911785
"410",2853.36915730959,2772.25831896567,1787.47287410028,1657.40121346109,1513.73300563279,2882.77880689577,1816.0846323633,1598.70398797168,1459.89570648424
"411",3096.11328981367,3045.32370945377,2073.52890383742,1668.85580260726,1536.2179161449,3081.79828729943,2060.25889013348,1609.7245476514,1480.19335278595
"412",2855.92498498366,3436.3350582406,1760.12094002263,1642.06952530006,1485.52098172873,2652.91582331961,1488.37985425717,1431.31894135614,1319.40013626752
"413",45738007.2820136,3297.52259901523,2247.56302747346,2062.62829361672,1870.20994848696,2865.10342154095,2005.0065884458,1875.00312303107,1729.93991745712
"414",3834.50008546172,3754.83952180695,2312.70064503462,1796.31817857857,1693.10697713597,3790.50037582695,2197.97667658541,1713.19102620904,1620.30908336763
"415",3789.81613484503,4001.23567086702,2347.66220943568,1465.58233501968,1332.49417854563,3859.31109997617,2265.54444125048,1420.90517355061,1283.97540492712
"416",58845368718.6564,28501692.1452823,2190.38655725513,2196.59191181643,1935.93749331117,2860.68006956457,1950.16409105104,1972.21180210669,1772.68759142809
"417",2585.07384367916,3000.85096064954,2193.30971188796,1989.79379728523,1816.86625792243,2513.2897824978,1951.35172517661,1824.92065412911,1697.15670883778
"418",2723.31478721894,3126.57704445372,2194.9793940581,1925.2499560615,1771.80514744005,2671.11373942252,1976.15441411106,1801.6905485525,1677.25257349883
"419",3517.47814576063,4534.04497576593,2947.75234049702,1724.07954440121,1554.79834833304,3578.1875548766,2399.84229956129,1594.54720074759,1456.55642269309
"420",3241.38146557522,3681.9797533374,2157.47463441072,1412.39216775473,1243.22800431854,3018.62213159261,1766.94591396657,1328.27067352274,1173.48024001799
"421",2583.04089686913,2921.60415351952,12361298.9705227,280360192.561352,1694.67626145412,2541.01361922383,1760.31872840984,1698.82243242377,1577.92898916341
"422",2520.26878234875,2759.60598285464,1923.71267326404,2037.70466706487,1830.81426169718,2453.77656111561,1779.34933875209,1883.02543719878,1712.77503797281
"423",3216.53471531382,3539.02674586588,2098.70737658174,2055.98540875233,1859.28171572407,3121.06860062631,1905.05925705733,1894.38229049475,1729.42556347761
"424",2358.5640231879,2621.7172119899,1606.01240961243,1635.7608177695,1450.6186705519,2246.4744469113,1453.31305338347,1484.24399151426,1344.06330687602
"425",3785.29210253168,4016.10863805633,2517.63668201124,1458.17134945266,1342.9662429097,3646.78975442069,2363.37391713843,1370.64865761762,1270.38945793256
"426",3611.30631150031,3836.70786645557,2176.26993649927,1733.0679275826,1503.5873152111,3518.34328813487,2000.00856759773,1607.56001045114,1407.0885509102
"427",3620.96378242797,3455.40229459154,2291.90780886804,1587.66684796178,1467.94701688237,3432.86028909086,2232.51297136707,1531.613358078,1417.57905578021
"428",3186.48779291774,3390.85135203955,1738.78730729267,1469.61917444381,1383.73290726775,3074.78886849598,1606.93191348869,1379.77225656039,1303.15544936343
"429",4662.56928747053,6592.22789249814,4123.56250209457,2224.0383296567,2001.06608302452,4510.61743176707,2882.54412965539,1953.94574332827,1792.92262240337
"430",2836.53176582404,2812.43247646913,2055.48332325058,1817.51856834683,1696.23612085297,2685.38807836401,1959.67700546014,1737.93849087215,1623.22393247202
"431",2607.13734142982,2713.29289272035,2118.75214626675,1770.42697192677,1689.12992202489,2497.97171596876,1993.9994463133,1670.90137547514,1607.94662459715
"432",4491.80232149431,4418.72282475305,2005.45414314171,1785.41202962698,1572.33873068138,4336.58387599516,1867.33585319753,1705.82428378106,1501.89890630346
"433",3300.48060648001,3809.18410733814,2641.20601835976,2417.30651903666,2188.39976815949,3194.03362520442,2345.12688838717,2182.50121423118,1992.55706560003
"434",4862.32419653147,5983.52441160358,3560.5557547064,1855.50704060365,1669.56411200082,4791.63243775548,2853.6098199218,1689.3475472703,1549.39058867249
"435",4556.87628257734,5342.99362452264,2475.78592286732,51506533.2502995,1933.91083440822,4227.90319978644,2122.12631146234,1978.28109658108,1760.08796139079
"436",3301.5843191534,3908.30053037112,2371.02349416167,1443.26343508782,1249.24807844628,2901.67237554141,1871.84184633377,1313.71976132024,1163.92178719818
"437",4416.8808615067,5022.17282668502,3184.76524469301,2152.69369527272,1833.53372197984,4197.41630270371,2607.50183050883,2020.90632196897,1723.06290223266
"438",2526.90046618491,2775.39290808227,1957.17516844679,2007.48830342046,1773.40701678896,2487.21627666791,1813.04660849345,1868.88312797303,1674.38002429775
"439",45116892.0347649,3395.85288172233,2273.92562534802,2082.29686751306,1908.36444413785,10520489.3838666,2065.82409202776,1913.18482007256,1770.79048011187
"440",5956.96910173471,6400.3802967757,2776.1090356326,2078.25571956882,1762.54461129029,5622.41347020355,2414.57963686183,1872.97781478001,1609.62498208538
"441",2850.00507302353,17420153809493.5,2416.10305539397,2139.99596088962,1989.89339202268,2799.91553385676,2149.84324383599,1942.11244500248,1829.44227585542
"442",3612.28044323512,3528.33675572904,2173.52943126567,1807.01517298846,1551.34542003395,4009.74751780204,2355.73283747143,1757.84374144493,1497.46406812291
"443",4714.10478873391,5018.58718945856,3064.7100169989,1407.65913819442,1272.621446251,4863.85733492591,3058.46488811458,1343.11704625049,1219.59049256439
"444",3459.48607646429,3806.82193288813,1838.35122273497,1870.49721819258,1670.48097017378,3510.00885333089,1743.89080220193,1733.18477610435,1570.19183817412
"445",5136.9985877894,6909.45020063531,3627.72955542335,286548093.679447,2054.63300224522,4931.68923495747,2554.36099804933,2114.71568223931,1792.91760762858
"446",2722.6616529251,2778.37091499736,1913.75806554951,1692.23279341124,1560.33761200925,2582.29899982073,1808.63110905233,1612.96381581379,1489.91094552101
"447",3664.16017572171,5505.29947412613,2936.44355540537,2378.71679833001,2072.14924208614,3567.51264437128,2188.79472133715,1975.14381540068,1793.4362348609
"448",3597.69538015974,2389854753.3243,2249.39189174835,1970.21596220202,1789.19074712299,3547.57867737453,1933.75454872197,1765.08821000079,1624.22828742735
"449",4653.80567290718,8699.24570044652,5468.17452168719,1674.67857353093,1487.46805834795,4492.95449827125,2495.19997177599,1424.33618901558,1294.16087790786
"450",4156.76671546538,5916.3260034828,2886.54036950256,2136.62121194041,1867.14597374343,4301.66549587099,2214.43227075565,1862.81755509064,1634.12233494246
"451",3783.34977285484,5778.42817039606,2947.1911520314,2599.90747430919,2075.09927931812,3730.01301416687,2098.19464420212,2047.46054878776,1727.16789366014
"452",2916.57879820532,3206.71612558685,2050.59978864701,1766.7411733327,1592.05812500822,2761.6524311734,1853.43087278523,1630.97531176544,1486.6817041387
"453",2194.10332890917,2587.04209919344,1851.8305840643,1994.58718084687,1778.8084175268,2149.23438396534,1662.5319334785,1756.99143717967,1615.86681414067
"454",2689.30699767765,2987.48094798049,2163.87401271859,1886.32151333353,1756.6303936379,2757.12804379234,2010.96179119814,1758.00126668914,1653.00881516748
"455",3352.1813029582,3734.75189581422,1734.55178975813,1524.64183646783,1355.63206213028,3334.0354397101,1570.7952252396,1414.94312374974,1266.67118403726
"456",4242.54995945175,3955.36202172255,2367.31560949409,1611.05047567852,1478.46574783983,3791.90105635071,2213.58088248202,1506.82513789308,1392.5272124786
"457",3094.86502604859,3534.06827340016,2143.94113151103,2161.04833189764,1901.75060282521,3064.76057163867,1954.67986699131,2015.87848438858,1780.93227102247
"458",2788.65834276635,4070.68253911933,1829.48080410089,1711.41710338627,1496.21058238544,2648.99246083874,1541.32120432585,1509.41021139768,1362.71374616265
"459",2875.92554235854,3230.83636612506,1985.94753481723,162664961.454861,1733.04035525013,2952.36660352525,1895.47469530602,1841.20114875305,1627.25010824716
"460",2550.49577301419,3031.15033944419,2160.32672571193,2134.60871281177,1926.42927446682,2527.40823576446,1899.40985464785,1893.22314962971,1736.05495684234
"461",2923.18780961723,3085.02467329092,2213.3505638297,2060.23294232661,1857.392348116,2821.19572585075,2075.42061429997,1957.90297784258,1780.84102023856
"462",2066.90441664937,2309.96600232866,1618.35456259896,1483.44698644714,1368.51440406018,2091.92879035918,1500.96067427008,1389.79320400288,1291.90081695535
"463",3161.57244060605,3365.65617136563,2550.54066581267,2284.40882213043,2108.46723827807,3118.40828853959,2392.89537837364,2152.25682539295,1995.97536886584
"464",3637.31170487367,3909.26261679958,2121.03370198477,1877.01677381287,1715.38013044207,3508.68693936509,1960.42570840518,1750.91529115827,1617.13503600534
"465",3582.14130852094,4008.35476566753,2606.92133780931,2051.35317197666,1868.58390567717,3556.0470772734,2326.96465594253,1904.25656891824,1746.44858111434
"466",10293.9102683459,14294.1026217201,6738.44584308854,2103.41875522054,2024.58733319087,6223.00571582931,3303.04863729719,1719.29618924489,1642.76167002455
"467",3383.1440600198,3172.33157776104,1768.1231081866,1510.50651694301,1397.03781025167,3428.44370386416,1815.73405559028,1483.03151780258,1369.28476146621
"468",3062.64989902851,3554.97895478892,1751.6300261174,1467.62578387873,1323.21284208191,3031.6137539097,1625.98899800677,1366.04292960051,1246.89989696033
"469",2752.25346861085,2807.92959487571,1818.68215824145,1627.42200821269,1472.74416188024,2832.26884016757,1778.28796776622,1542.1328825025,1405.54928540969
"470",2459.86626003684,2764.94626785845,2026.75957408852,1720.01928413691,1649.97758273675,2406.21377588933,1861.5028571561,1616.27761977083,1562.44810816347
"471",4389.93811810971,4597.88589774186,2512.53053639724,1642.9626473326,1481.77776771284,4208.65911591544,2243.86987690442,1536.80861717145,1396.38464006871
"472",3092.33621371398,3439.00273158111,2416.32203011008,1938.85016823139,1816.43148883442,2974.38182402841,2128.77055113626,1800.15571745741,1699.67379297071
"473",2489.70518135685,2983.59331256838,2088.14941769823,1767.35659376108,1645.40575826508,2340.55963712901,1786.2336284549,1614.12766664385,1525.79039476323
"474",4772.41077085996,4985.61602789946,3052.67295753243,2372.72496155464,2044.67785786612,5172.10158872695,3169.92007552975,2251.22565915366,1944.79908797756
"475",3841.55304904761,4306.11585181035,2590.37627934828,1843.37090634085,1646.35263476323,3878.24706158869,2335.55386761845,1736.19849197639,1563.22586977456
"476",2396.95001333222,2583.16789400674,1832.32142755643,1737.05383718158,1559.46210285087,2451.8070963278,1752.02585040851,1664.83096362555,1498.94693204689
"477",2974.45286729812,2984.40436436292,2206.53326474718,2039.17737405308,1840.07944071357,3088.23592454927,2206.70938394274,1975.21311070201,1776.50724072201
"478",7373.80178026196,7722.90333873805,2699.30088127078,1690.48383186888,1533.10721618774,8554.60095069497,3007.54358035759,1643.83296218305,1486.84321556048
"479",3304.70027762899,3472.15290611205,2486.64333449023,2073.61295745277,1925.10849844832,3147.5538732066,2306.2308987674,1957.04630965562,1825.44622152206
"480",3104.17291103338,3215.28156437583,1894.01911016169,1499.8155892319,1387.68614953321,3069.62765159372,1795.54863897479,1421.34629372381,1321.43709469536
"481",2906.8013887362,3125.55638837758,1909.24618629381,1653.32648971859,1527.49690764538,2919.96874613569,1766.09106767621,1530.9609562687,1429.17688720912
"482",3769.32994695848,4491.40205319206,2464.08000049145,1841.80154288045,1684.19574276471,3584.64985900982,2049.62179623895,1683.26925362337,1563.39113109161
"483",2542.38307838772,2576.79003347275,2108.21580909093,1946.308520332,1842.93260138913,2446.33778702551,2010.53477209504,1858.64170511247,1764.9783039425
"484",3646.80859840181,4532.33252158356,2768.11992809857,1540.45672890894,1366.36982289877,3755.66125692418,2349.18932449084,1423.7668014622,1279.43928173428
"485",2809.50268260598,2967.10655690486,1753.5368516559,1727.5350576004,1590.93342325011,2886.20626132099,1669.80031632721,1636.53059723216,1509.82829589085
"486",4513.04695247065,5142.66492572347,3039.86478126192,1915.33053600765,1669.87843193414,4233.17604554533,2602.91936541755,1755.61953741168,1555.94120321808
"487",3433.85160294514,3806.340352322,2552.35754611361,2176.42524730704,1966.3349830444,3311.28324956177,2305.67898879483,2019.22599453618,1844.40464292016
"488",3471.76861416754,5350.77744041762,4159653799255.7,1803.99021763004,1519.73231671408,3401.78492618772,117234857868506,1546.32985938918,1339.33480892217
"489",4048.78749642569,4830.04037140763,2396.03383592654,1838.86830012379,1612.42165683782,3938.51660594889,329770.887870003,1660.40003928527,1476.9642225643
"490",2986.87991303539,3294.17491380529,2230.45380749518,1953.96752210443,1777.17064246646,2938.63238878929,2041.46292432915,585821700.833902,1661.40262533783
"491",3379.40701634675,3483.83493048131,1721.38007477345,1589.98811126564,1449.91092532984,3544.28039887641,1676.89006750675,1518.37988595288,1390.25442705833
"492",3213.60553836435,3308.51327598261,2315.73591030703,2026.65949587754,1871.68494804717,3158.73835413038,2203.23654435861,1908.52433043625,1772.48918305292
"493",3487.89336332967,3797.41212669463,2243.07019741461,2138.33603361455,1928.70586835225,3333.64575364783,2058.47571553153,1996.16217212456,1811.01397852246
"494",2891.0302524942,3499.59891747047,2074.59526197864,1732.57976387641,1553.88794053845,2813.56085522384,1792.27721120874,1585.74474399922,1442.34245394668
"495",2512.77774830176,8794033889.27669,2177.86231499943,1827.42177752331,1640.07037738992,2367.85526718084,1748.49296905638,1610.30503202555,1490.8968462621
"496",4101.94075350348,4942.94935989018,2987.71204211331,1623.42739418705,1446.3230620024,4107.89312710582,2430.06701408895,1505.16134438681,1349.93086710987
"497",2605.80954094345,2970.96309736796,1955.40713295348,1859.69193160266,1732.18609785574,2582.33630855764,1782.10423403955,1691.85125999423,1593.57893574011
"498",2390.01587477179,2619.09966955759,1720.54784276143,1769.08653839069,1574.35741541214,2394.54933872911,1614.73138603589,1636.7562910174,1478.92980542151
"499",2819.25915749918,2870.54326327024,1774.28358606084,1387.64295149267,1268.12876458636,2796.97874626084,1726.8692547328,1322.24711783989,1211.74266238542
"500",10872.6751386566,12009.4898592632,6616.40116202329,17320937457.6072,1625.83031878451,10379.9244996745,5292.15362372183,1794.55805680567,1523.21037509815
