"","correct_data","ztHurdlepoisson_split","Hurdleztpoisson_split","ztoipoisson_split","oiztpoisson_split","ztHurdlepoisson_combined","Hurdleztpoisson_combined","ztoipoisson_combined","oiztpoisson_combined"
"1",4849.58002652939,4288.18789232137,2287.81063800126,1669.66386804206,1592.39425348208,4431.66312608356,2316.2493036318,1624.43940347446,1549.84213723501
"2",2513.88167449579,2584.3841594428,1675.48756103188,1433.8116678991,1359.84984362789,2471.89696871205,1595.55543186813,1389.68868958729,1315.76214829327
"3",2841.33661435666,2780.6208574147,2126.73675381169,2050.55897879977,1959.77367611896,2759.10295439675,2074.87877957613,1989.27081082322,1898.64935007203
"4",4758.67572461924,3980.61483649531,1767.10133796916,1656.55046332997,1524.0143385646,4510.8758697191,1791.08783811747,1622.59072637917,1485.96172626271
"5",3683.6570383246,3595.74499831475,1954.18330261733,1704.70355660681,1636.11204390571,3558.21920343815,1908.97367466931,1645.70760049754,1580.72500479028
"6",3019.94208297147,2953.89812728874,1979.80743145298,1772.75042763022,1700.41938433103,2934.63222150811,1951.09743449724,1709.05558472442,1642.36978612642
"7",2660.49878328478,2655.428435184,2157.10390691504,2035.85616261294,1957.56840186654,2612.11676868621,2104.470864227,1953.68307414767,1880.72972191516
"8",2778.63521534428,2891.68695450912,1923.84108348908,1758.92007207101,1664.07672436987,2730.98526031599,1866.15396538938,1685.14175677906,1600.01263094644
"9",2567.11619058206,2534.97849212026,2240.77109403876,2269.78074612961,2156.4256858855,2521.79822333444,2198.19057895375,2214.65138964448,2099.72161043595
"10",2534.79241213438,2556.52362372924,2321.6463254173,2222.79228751206,2168.46805743761,2483.37531540374,2249.50488975655,2131.43589254608,2080.46719526915
"11",3395.75994432116,3198.50821664813,1676.60863244744,1632.09878790423,1491.6182672278,3438.61624517071,1671.37584643041,1561.9654864855,1434.6053698402
"12",3053.29695385585,3049.77613429123,2313.54287452265,2149.00480816996,2054.59202051211,3017.67583450932,2282.64246736119,2076.73353972236,1987.17623879314
"13",2690.33013073378,2713.35874780999,2109.54280286366,1996.82939927768,1924.82024168458,2626.43060807626,2056.11984996972,1933.30444901467,1865.99456605096
"14",3234.23504008628,3470.35034375657,1980.90909887047,1831.56749605939,1738.21924639274,2893.88253071462,1899.29746976159,1752.54314209324,1671.95986930332
"15",2633.85431189094,2647.51399768988,2085.12288372974,2015.27178220994,1937.37666857422,2580.3253542177,2031.74066704301,1945.3370187644,1870.79717601496
"16",2933.74717531986,2895.89133942415,2247.86734268035,1906.01968647995,1839.98642216607,2782.62904026826,2174.81462666486,1829.84858646686,1768.69029240205
"17",2802.88278765859,2825.71295601171,1816.29477747207,1696.25821063221,1608.55058531493,2699.71626342266,1736.90679112499,1628.92910524753,1544.25563111049
"18",3007.95062173748,2919.09029182053,2034.93344308592,1875.71181455403,1800.17810012324,3025.47931094172,2040.07157963109,1825.54436508579,1752.93343828189
"19",3554.35353946079,3514.22811300181,2311.17222091169,1768.33002565776,1675.17903756764,3544.54562288671,2278.59724483059,1697.78022139786,1607.74668092651
"20",2826.7450654378,2807.44408627236,2106.96706253516,1901.42950896621,1819.93429711429,2794.81871009537,2075.63716412798,1835.66640379066,1758.20687199489
"21",3106.29999192562,3108.61178382364,1953.7149693289,1598.8345283221,1534.44650161238,2986.35907260579,1874.90327543722,1537.21275450832,1475.81958356378
"22",3402.5541056833,3425.5841632793,2002.82963718954,1833.8579088989,1675.34555061435,3398.27696309908,2014.24627258966,1751.10292185329,1603.87357611999
"23",3180.4826625881,3092.22746660602,2217.7925035734,1898.32710538654,1830.01429914415,3115.17654955171,2220.11839217741,1837.77962578125,1774.30947860139
"24",2843.86545726156,2863.53346992065,2065.05457476669,2146.22485659114,1991.98754623932,2774.53648733365,1999.93088126701,2073.59930991613,1924.44542155883
"25",3764.90782119084,3791.10602771876,1867.74436974658,1574.40573572532,1489.92609104661,3779.37454347978,1838.71202369693,1532.19503739643,1448.73852063654
"26",3874.91678958055,4036.93285084894,1933.67526063404,1660.8450630092,1582.69826863716,3728.35109486054,1856.707039114,1582.1955095903,1508.99289879499
"27",2574.24538181691,2549.73991532394,2241.77312279726,2290.03966618411,2173.12901061669,2519.88116939461,2191.52261765321,2226.32089946852,2110.77424045853
"28",2928.02568704739,2658.04181653777,1729.25197132298,1576.08776753459,1494.10413456737,2732.57758560545,1706.72184713093,1523.69028312664,1443.47656144189
"29",2868.82343831995,2839.95903753051,1962.51488687103,1713.32223194752,1647.46483263101,2769.63200351274,1914.54392876366,1654.93249635288,1591.76322029416
"30",2636.6968668464,2519.73029217257,2071.70011899439,2049.53242250797,1965.43666626338,2601.20272856635,2038.07046462648,2002.19056218344,1912.5751110045
"31",2571.47647343877,2609.89883221832,1934.26890621239,1943.93917755597,1833.72533700581,2522.79100929949,1869.48988185838,1872.99618355812,1767.32426911941
"32",2745.81901863573,2624.10756105092,1650.70070968041,1498.3052344337,1427.0380634017,2667.90461110335,1630.87664998915,1454.36800258307,1385.58199637758
"33",3232.69053882452,2933.91923982613,1704.31327258695,1657.44352901773,1551.54391981431,3265.78609234211,1705.92675790019,1630.32630943476,1521.92721683852
"34",2513.47367608847,2471.67176500781,1893.57676427896,1778.7782447859,1721.16205767279,2505.8032923442,1854.67876669767,1719.9279652625,1663.00497135058
"35",2889.41513117158,2884.45036821962,2167.33658860754,1942.27011984351,1879.81288789106,2781.91409343297,2100.71032857815,1862.55500959461,1805.2042127434
"36",2888.97919341675,2449.3583982885,2007.70918895916,1975.91373034296,1903.78034116511,2805.15477581733,2052.56262610564,1952.8204701897,1874.87931484052
"37",2893.30419941995,3008.87431253677,1702.7390127116,1695.07852105524,1577.25019261397,2823.66513492098,1641.23916782274,1629.34587937888,1519.06019075633
"38",3756.03114218519,3553.23104536708,2176.483146242,1747.05667245663,1664.2603090099,3815.06757131687,2186.01466608627,1701.83147263958,1613.75082727268
"39",2707.85801480461,2636.55179238904,2163.59986137355,2091.7751538275,2003.65293196664,2653.98589903773,2120.49653366208,2024.84118902797,1938.96093719397
"40",2932.33278133138,2954.27387237516,2242.80698605798,2037.81663817928,1966.19132288051,2861.7417485903,2173.81926165161,1962.66762180174,1895.92316732203
"41",2616.91916854386,2372.83762574965,1591.35481469614,1420.20352441569,1356.16093696227,2536.02487002315,1591.02273711098,1381.51049763467,1317.57488374846
"42",2700.59130196985,2662.21010844735,2165.74273963559,1853.09998917859,1798.0775583736,2619.8469858371,2110.98515843243,1795.83584945513,1742.84996526582
"43",4108.53913818279,4084.85587367358,1828.7610140684,1735.42933427548,1631.49153735831,4001.99585639857,1806.5402215487,1668.12371266877,1574.18644360337
"44",3400.23913869188,3511.25787093772,1999.53820758995,1847.92329833519,1709.68669400713,3252.23389760436,1922.75267950388,1765.93119736079,1640.30497060756
"45",2882.0584688925,2829.55841283579,2026.64264778152,1941.47703244391,1853.79271056714,2794.97763162567,1977.45965992,1891.69137590246,1803.79172287223
"46",3072.85170963498,3178.46345066567,1917.83985351443,1833.20747137367,1688.62584812515,2875.74254683752,1822.1813445927,1758.04919021155,1621.53656672393
"47",2769.17779362879,2792.09793293161,2083.991026239,2049.94366496934,1952.01509060372,2678.90415000744,2012.19594710379,1978.89764025775,1885.92912457426
"48",3049.52495631915,2889.99702337633,1964.99931179604,1710.37009536871,1536.49540181473,2907.79257154217,1978.53389034041,1675.70264901639,1498.16335121312
"49",2922.63069750932,2908.10334857674,1899.25587441619,1710.20554610179,1615.34825154565,2875.6232018589,1854.44461261922,1655.68689179105,1561.38040642762
"50",2631.50051704969,2675.25559353342,2110.31704029155,2027.72160268154,1958.97426933134,2603.22987733438,2039.27106820336,1942.40655830756,1878.12753332624
"51",3017.87422520329,2834.08791144716,1801.16112589996,1663.49488923122,1543.83445465558,2991.87358060647,1819.94860059115,1616.62360341808,1500.3878087668
"52",2529.76191226024,2528.59100907656,2190.99503481407,2235.49377251926,2135.75082876203,2455.30001053924,2114.08390063849,2159.18183124157,2060.58241161826
"53",2838.4653753883,2870.10316035806,1960.25594194391,1781.46434197221,1695.1085474573,2780.60932166474,1905.45046590506,1712.76602213174,1633.55490863699
"54",2403.5044625276,2239.1421757976,1766.96422460068,1615.8618293216,1556.15367056382,2324.82003870646,1770.74385098724,1564.82160174764,1506.62910821494
"55",3054.39147050949,2814.12002083922,2004.02974097128,1742.85436795022,1674.13722210413,2916.4017240274,1983.15800227149,1685.05228131553,1618.25978135198
"56",2724.49550245578,2618.51959883464,1838.50782781462,1672.82900725729,1606.84501786105,2626.78380974471,1803.4700984508,1619.24210880941,1555.54356429815
"57",3008.28579758542,2860.5805461394,2075.73276265246,2097.90338467674,1980.04029722793,2956.36047735912,2040.61428452165,2057.52702994075,1934.19891111485
"58",3347.98798570658,3161.44667832303,2001.14371668851,1600.99244131322,1524.24636155464,3240.53771554059,1992.06755260151,1552.73193267284,1476.88550708726
"59",2812.98461064406,2731.04534227162,2058.13010729964,1916.58325474275,1852.99260193864,2794.0472943634,2032.98340533193,1870.96098305115,1806.23894195021
"60",2690.25785489456,2722.70600042766,1727.26372522032,1678.48685835464,1559.35179426496,2577.48922886145,1666.40917049795,1605.01067057675,1494.21372140291
"61",2858.23776039817,2735.30839562087,1767.63021376636,1491.99466160695,1373.39829016615,2837.45627093934,1790.26239754596,1445.11620276073,1326.57910183191
"62",3350.20392552067,3162.47180484121,NA,1937.5548989729,1827.023635093,3244.63899209906,NA,1891.39228282704,1779.64237984677
"63",2379.16283841588,2317.39113123391,1540.90608728041,1531.48880962755,1441.54880330733,2318.82925853621,1504.55747876352,1480.47185887961,1394.24469721364
"64",2734.68182055544,2695.04325829169,2100.62127844492,2082.78965215434,1984.59885422142,2677.42907156901,2056.07605688101,2016.58401725735,1923.09905425553
"65",3004.82995472302,3070.77112273976,2136.87534717924,2090.3468774428,1979.01616148761,2974.68037338969,2063.82738133711,2012.76285107973,1907.17733231089
"66",2487.51814518524,2453.3011801993,1988.37334155934,1938.88837639709,1851.41886666165,2433.77350679081,1945.29896356887,1875.12414880484,1791.19508733318
"67",3138.21739519033,2901.88330436117,1749.86729713916,1720.41476732466,1579.9241411951,3120.80089428227,1725.40739815357,1667.0070266822,1527.98920538693
"68",3443.20559222784,3207.237789289,1781.05336209549,1571.63468695079,1485.30860520502,3397.70574778552,1747.20677379944,1537.26081010802,1445.92014989702
"69",3451.18305406965,2944.57357464655,2060.10065326242,1954.29799035201,1841.05763497054,3519.98037749288,2116.32943910575,1915.94979209631,1801.2662837074
"70",2491.30121345474,2571.36250113521,1889.59807979666,1656.52180037746,1592.45592263673,2461.48008203229,1803.37230701907,1581.76160993979,1520.96796387324
"71",2655.13826344813,2678.84145576784,2222.41644307242,2257.88537060303,2140.44997030432,2576.08046947933,2133.49938340811,2176.07375786772,2060.281107665
"72",2638.97257811977,2606.27922852959,2365.91050158546,2205.3130494009,2145.67516385376,2570.36509753796,2317.25859348756,2127.64246388185,2071.33700669234
"73",2645.74914297909,2620.43324340819,1994.98420523513,1880.34214228099,1806.42619040556,2555.22645433353,1938.2409748698,1825.08829210748,1752.04570762531
"74",2778.93755373531,2687.49464923057,2282.33280254609,2002.84752803869,1943.64194542364,2734.19531481947,2280.5077439072,1945.64182015073,1889.03073282435
"75",3373.73025339202,3055.36854853237,2072.29466438249,1885.00850428586,1779.4863463899,3182.78115489239,2058.85823370977,1832.58195182744,1730.36908501661
"76",2483.87304316159,2387.30878502139,1931.64491636564,1850.20632010432,1769.80801243399,2462.28154896682,1931.69814278927,1806.39788325267,1728.57311600023
"77",2630.7464738592,2531.3165040514,1843.60625064927,1820.23852814508,1665.6656601828,2598.00871318023,1837.96652503881,1769.32772083295,1620.35494866763
"78",3042.25972628718,2892.90795828689,2054.42686368692,1981.60497684112,1864.63743180084,2969.83294089486,2028.41107832508,1927.09788848689,1812.59360399124
"79",4056.45893459789,3674.68729548432,2037.18826230753,1554.84763114932,1459.86774826113,3663.25994783998,2049.6936348356,1530.1820117053,1426.13998674217
"80",2608.20207768817,2602.9071157755,2214.56944655778,2064.58252010517,1997.63642463701,2515.40301599048,2136.88371803331,1997.07440400684,1931.57863592381
"81",2575.45589739102,2547.3115925828,1997.87049322642,1902.51492928412,1831.22195947773,2502.30119260217,1930.92938237809,1832.88169609938,1761.85513734768
"82",2834.83136129723,2630.44239390968,1970.58088657411,1919.37568936442,1837.11359029292,2825.3015867624,1960.60347464225,1883.51201807351,1795.68465706958
"83",2597.65071641438,2553.50764403802,1842.57462841794,1698.58144686945,1609.28913438576,2540.6795527376,1800.79833361836,1651.32564827521,1562.18611795967
"84",3047.11662820521,3041.0095558695,2206.30126196326,2004.0948424454,1925.28854602603,2967.6077963794,2137.42743529758,1935.2578146168,1858.04730984539
"85",2707.72096065532,2683.85637625534,2242.86886259127,2125.66668668631,2029.47789184283,2617.01941418262,2161.88184182042,2054.07060922683,1955.98132960196
"86",2960.16828640562,2919.26525726429,2143.28267379539,1940.36173096192,1862.97860358218,2820.50321699716,2081.30701320926,1877.83300113519,1801.21842753971
"87",3042.83613063115,3031.68835728525,1972.01614138926,1771.46434906915,1682.39766284537,3085.17583394251,1939.74322114904,1716.92735897575,1624.28122276148
"88",2858.57998040443,2936.48098850006,1982.10795886017,1772.76742638017,1701.91719709426,2765.51097309473,1897.07465066919,1698.74144341362,1634.00920640358
"89",3541.30103575436,3097.23413669372,1918.38001288567,1801.22260925307,1685.69854489034,3581.24205096281,1919.87335035415,1758.07554016355,1640.32070937064
"90",2622.3825052319,2625.88397574022,2202.29131570778,2171.98067011202,2101.73060817734,2584.87135876996,2138.38471997738,2093.16104433385,2025.02220344623
"91",2490.79012283308,2547.30763528899,1985.36716992602,1927.95728581188,1853.18550914899,2435.77403311291,1915.84933780649,1848.41014523128,1779.41311097731
"92",2541.54987213935,2443.04670337586,2035.49305331064,2034.47309208056,1942.5162756161,2487.08680707628,1988.5463550716,1982.61892221156,1885.46187862948
"93",3291.64236532757,2893.94379332771,2205.55532398735,1907.47660364157,1844.57418959373,3202.83946723579,2317.86564793252,1845.66364337061,1788.76380626141
"94",2792.02515004075,2655.52487118539,1911.06558460422,1938.85227602875,1823.93494834748,2676.68593666473,1862.83499167748,1880.57278470073,1766.39318191538
"95",2748.26246531764,2752.43883928885,2317.71149065213,2161.05239917486,2083.3622495987,2667.86489915709,2237.55939437399,2082.31538690381,2007.35280410956
"96",3263.71159423138,3051.46719828145,2009.25511060872,1953.27837858481,1829.16392594441,3322.37793907036,2007.39300994771,1895.07185655851,1777.0199574218
"97",2834.10032920286,2820.25786455558,2039.64575693799,1939.50269189469,1861.14029107188,2732.61402835607,1970.13754197542,1870.46886759453,1792.00215767516
"98",4358.64048711296,3989.68649599648,1977.01750448599,1712.12403867313,1587.97396710347,4216.74895357969,1957.53903256047,1672.63307122448,1544.92018371159
"99",3142.09832427283,3050.06311060142,2261.12552468817,2109.99625702351,1963.2264794747,3100.37616921755,2277.65479697979,2042.05651781494,1907.65797612864
"100",3230.32311538001,2878.38508327921,1846.13450018145,1555.20701218571,1488.76845887243,3306.34174083617,1877.57931382574,1524.43375406548,1452.53826088297
"101",2553.71709059348,2505.38021882612,2211.20474526614,2112.65675479119,2056.44302880152,2477.62875742211,2155.79077639895,2047.18381364993,1990.42219713142
"102",2737.69465382619,2725.92874316,2152.68180087686,2139.4696275876,2046.16691371412,2630.7496144231,2068.99607918446,2053.61492650181,1963.73913152619
"103",3922.31976380722,3627.55183824441,2304.6665044505,1754.84313336947,1589.67005186745,3929.62952308254,2357.9632901989,1704.55510806247,1542.56562492337
"104",2564.14179038464,2574.80235158019,2040.11469492933,2036.53856552633,1899.28248325307,2493.43571880714,1991.90667016531,1954.92302269109,1830.30801016148
"105",3291.08859836435,3318.90935644017,2141.15042093417,2048.80703787614,1933.97183305342,3247.48090500838,2073.23215470462,1980.99950337236,1870.09812607233
"106",2661.41958448317,2719.15980603492,2218.15589210714,1987.1392523781,1906.98587992676,2643.44787052415,2150.24964887368,1909.92876924758,1834.4622586371
"107",2522.63146490272,2474.62173263282,1926.38444090634,1738.73398208214,1677.31592259105,2465.42660397947,1883.32037168677,1688.55046941107,1628.8472235491
"108",3406.14781811383,3526.45658117097,2086.20122590092,1755.86804720161,1676.60552442425,3353.0818297922,1991.00846683539,1678.89401113618,1604.86389985235
"109",2799.68666037962,2801.62920616324,2214.80786159555,2009.11546680695,1943.24168807809,2762.62006588574,2168.32677218107,1942.53965347187,1881.46395242354
"110",3543.61713927739,3425.19535379105,1974.10436660493,1650.60605711816,1579.35089498982,3380.3732803205,1910.74371053669,1606.62059089486,1534.50944546139
"111",2935.48806052097,2901.40583086406,2134.92587006355,1982.79404837883,1906.48423416165,2853.18878463381,2084.85015420612,1914.05512108828,1842.21406468704
"112",2633.38718121238,1925.06991696202,1611.77474610738,1629.82460361736,1550.76205918805,2571.92970989227,1743.02501770461,1646.44354547686,1557.19194721204
"113",2699.40844052951,2675.85763448759,1836.68168153573,1783.33449113636,1696.52262095132,2701.86880532564,1794.68856800599,1721.4144949613,1636.40759974474
"114",3234.08402040366,3105.9727896715,1616.28990425294,1556.73793762336,1458.51416799332,3207.18653956765,1602.03456421343,1519.57462132892,1423.25479756401
"115",2954.99040487192,2923.19077483255,2112.69254163943,2064.35803150517,1969.91974515709,2912.10593184893,2080.81128125674,1990.86194237206,1903.08781079043
"116",2602.52152021941,2531.28374136784,1999.09003752334,1934.67524991892,1811.65371264087,2548.87662259064,1972.95153946741,1882.12453093193,1757.36331784402
"117",3094.92820580691,2966.24509103086,1849.35776690124,1485.94210201804,1387.97635683833,3132.35282891955,1844.03249604165,1449.12807693401,1348.36425048772
"118",2597.00753398181,2587.81823779335,1825.51810045838,1672.14628523433,1595.93459841899,2564.30246637408,1788.24828728905,1614.56495440906,1540.72686160331
"119",2560.75252687662,2425.67716895583,1966.65668041782,1797.31069618897,1736.09116931844,2493.74344853428,1964.9562780307,1729.27568291865,1674.33946428104
"120",2467.79891819756,2425.99138905285,1793.82623511054,1737.07967617741,1650.29905498309,2402.2579128243,1757.17698673689,1683.71436425809,1600.03112870893
"121",2834.97053170547,2767.52438631092,2191.46953670421,2125.95746538586,2042.83474231048,2727.72342520674,2127.31147106513,2058.47685692319,1976.13216979869
"122",3144.78291820294,3249.00979005696,2183.98735287267,2041.88820334621,1970.16849631598,3125.3335569781,2082.29698632261,1963.22402269184,1889.05605109494
"123",2646.71550355824,2616.87810909609,2107.34617071063,2029.6976839469,1960.20708681658,2581.52422432491,2039.21704353662,1960.25091310721,1890.23688428755
"124",4280.17329446224,4257.91487520765,1687.79887738399,1617.5797415064,1491.85241890519,4275.92089579468,1622.11802324529,1556.85100313289,1433.52721559117
"125",2615.43427934514,2331.30421052304,1860.20989814826,1816.74984854155,1747.06858104714,2554.5020073419,1890.75822240794,1780.01572654971,1711.11095863853
"126",3381.69623187879,3320.12131587069,2209.03584641407,1816.9219400195,1727.49865926565,3319.88252460744,2191.82180261534,1760.5412622188,1675.10832907627
"127",3111.64167629794,2987.42380020746,1963.61726431065,1773.33035265181,1669.43735841334,3006.82605249415,1951.47095946162,1715.74422966559,1612.20669469238
"128",3362.24082611213,3217.40073703475,1714.59014554825,1644.96440175958,1514.8568017093,3293.79244331398,1662.56362756302,1594.61420921583,1464.58693871489
"129",3562.23673879103,3205.72916822144,2009.27122027063,1584.49810836944,1515.42364538207,3661.85099210917,2133.05048909774,1539.60483222548,1472.77777291316
"130",3057.4951733021,3170.70517818263,1719.55273635223,1634.14480521036,1522.61483681297,2990.95577911437,1656.29145692897,1570.66272733685,1460.35605497771
"131",3881.71154031889,3312.99454139658,2236.77551090859,1945.60001972101,1881.9338976781,3838.41364917269,2312.12906360195,1897.83819382359,1835.35724188402
"132",3103.33063874742,2706.11189975841,1742.57968798868,1686.47617775439,1570.90613354339,3014.33299470739,1764.63137031677,1669.17765333525,1546.23283472102
"133",2604.38082571279,2556.46272874403,2163.90513572344,2011.21039589345,1957.119463422,2529.11055551817,2116.36694206102,1952.9434064234,1898.88520148758
"134",2741.22086894715,2769.14456454832,2247.29474745073,2075.13499334493,1991.86034334065,2619.58418527138,2151.45909523034,1992.9617594911,1916.1154657404
"135",2487.78773538969,2535.91187277944,1685.5914360845,1606.40895052813,1513.03961850575,2403.74409373452,1617.53390685531,1547.80599871481,1459.33971842313
"136",3732.15251928977,3779.19955527025,2009.76806872468,1740.02101002336,1655.50378242141,3577.34199451972,1945.83629652637,1665.14750743159,1586.0106982206
"137",2785.58425988534,2731.23265610788,2141.89692734683,1960.95449407283,1899.84619902582,2707.89450023208,2099.32448369882,1898.775897416,1839.41304916227
"138",2717.32214464633,2526.06411633081,1891.79544120045,1791.82506084145,1688.98653595703,2683.45999712131,1909.72933969339,1762.88502521105,1659.75474214343
"139",2590.71781929178,2763.55593138125,1641.36216827908,1646.36710725988,1505.31789478838,2587.33846999702,1583.6196419705,1575.53707084567,1447.59594346278
"140",3021.85571484089,3052.63925273315,2280.00115962924,1917.30905377084,1822.91629288099,2966.02728235656,2245.08477281667,1844.93267800176,1753.75831304229
"141",2793.78116853311,2697.10678834952,1712.45525954181,1743.4629525391,1617.48696551641,2759.89322068646,1696.57120657754,1708.49761529579,1582.79292879822
"142",3123.40055789227,3006.61118618312,1561.01438271901,1536.50281797299,1446.5326562076,3175.11189351576,1539.03287648122,1500.04096072068,1409.11973860549
"143",2760.59492504791,2668.98276956296,2185.4980656854,2047.91126474229,1985.93854937527,2660.57847755894,2132.99851547249,1974.48554237983,1914.18698791621
"144",3222.25855869146,3199.68859921024,2130.19181832335,2022.62895540645,1879.7995798754,3126.99599662073,2076.0334642736,1946.08152624218,1816.06880841213
"145",3218.08465496805,2569.32000525322,1830.28344207605,1703.33502921875,1641.75291997922,3179.80644166816,1905.82411597136,1670.23700901193,1609.5894834098
"146",2731.3971395426,2699.66144578269,2143.15355978026,2047.44999670344,1971.41684151922,2657.34107665738,2086.23159530044,1976.63844467995,1902.83829422101
"147",2804.21017002704,2752.95538066482,1702.53554912091,1707.29159346808,1590.27731179449,2743.4469405851,1654.73335554759,1656.54667692236,1540.17003420361
"148",2978.17965989686,3009.80035700285,2107.90910459983,2119.16430000149,1994.22944607223,2886.86314083351,2031.38824878266,2033.58177943221,1918.89123856234
"149",3389.27547049452,3071.17739285873,2155.80123053543,2042.64796505195,1898.9621460005,3360.21297938759,2194.19856245835,2006.74595721852,1862.47296473859
"150",2918.9294901222,2899.80743690838,2259.90450979418,2111.50216086144,2023.36115546673,2814.30371660255,2176.51834520821,2029.63703166172,1944.088910347
"151",2715.36601542371,2700.72719981147,2060.06877735601,1849.98596907219,1783.27146709614,2627.46446200791,2000.54186633483,1790.61384987427,1725.18278313179
"152",3291.4582552223,2994.14550111184,1763.51684860647,1468.11177887355,1396.33627486762,3372.09640261289,1823.94585394483,1423.08981210459,1354.73616646445
"153",5042.09044675666,4034.1230516814,2046.91628678735,1640.81483102973,1533.72410615553,5142.04995032271,2218.15466786985,1615.02782471177,1509.79371917704
"154",2483.39587800433,2438.01553056491,2166.79455925675,2022.52798967479,1952.117872145,2439.58815464532,2128.81388292948,1957.14699373287,1888.83945893635
"155",2510.51129861513,2397.64871797634,1826.51795108359,1686.94228063065,1621.55215232196,2496.26294925706,1819.85756570202,1636.80303379352,1572.68896541144
"156",3284.5959138353,3609.22975361834,1631.55900850657,1629.95633695416,1480.41674823001,3151.59340385242,1522.96640650171,1531.78173382275,1396.69954394775
"157",3103.85454296953,2907.28922703609,1761.1265214059,1692.73389952132,1589.05015929697,3089.92816028934,1755.30010931568,1657.03071972626,1552.17165755977
"158",2736.9316790442,2779.92278243764,2040.91829679788,1858.09635932119,1778.63037581332,2640.44576783158,1972.35803783057,1789.43475434091,1717.6503690472
"159",2826.18737574164,2784.21833123286,2242.77626953358,2163.18602041442,2091.2370085446,2771.65107549269,2202.29990532877,2099.64066891479,2028.69641430262
"160",2776.94667788761,2699.968956722,2132.31393657824,2106.20658614727,1993.42075321343,2690.90618335097,2077.60479267335,2039.70737619709,1930.5661482476
"161",2787.41430599916,2617.71329358603,1989.75871095055,1932.05270861006,1856.29095778147,2706.68209023757,1960.27529026752,1874.14308002502,1799.90074600323
"162",2841.02488400596,2866.32782901238,2224.55869306087,2081.50408314563,1979.67468323275,2767.58543696887,2158.4442370423,1994.05812441621,1900.70695094708
"163",2576.8407279488,2750.30774940894,2100.829355647,2066.54778303529,1967.84243307334,2646.87821617832,2004.9249989175,1968.45304735296,1875.43907519919
"164",2577.71150851126,2498.31506171943,2012.59181414929,1931.57188022358,1860.86663954424,2478.5418149887,1965.00166097192,1872.09977684853,1802.9527528729
"165",2958.19557011712,2795.33875576785,1976.2405836213,1748.35806522147,1664.55379515683,2877.94073824236,1988.53706035921,1693.62505318672,1610.71111186056
"166",2506.71944379386,1990.64320205268,1582.08644551518,1517.61145525762,1463.52011572065,2457.28599369555,1670.82780538465,1522.31533483777,1461.30989376388
"167",3752.99600058441,3531.72935106626,2145.60102159956,1916.64087026466,1770.68828112923,3733.05944363119,2178.61122875265,1860.08004054745,1723.35375882538
"168",3865.64046675474,3953.27846930249,2313.06032523518,2040.46200212714,1957.42243567284,3806.91963493949,2235.83135824257,1967.98174326161,1887.53716623579
"169",2595.20014439099,2545.49755616755,1987.87292024684,2037.75366724812,1911.34995535334,2513.03298282263,1944.43263218095,1965.76929479624,1852.04235643378
"170",3419.43095058338,3249.46653533411,1922.58599006433,1943.02646889997,1807.54866321709,3307.01844187019,1872.22912764162,1894.49103463656,1754.82965155538
"171",2489.72742589373,2501.64179449551,2059.66724075949,1954.38286675424,1865.87423969144,2411.60099184708,1990.81594936886,1884.13309432626,1800.16538520584
"172",2982.61867288286,2793.93916905591,2220.86320052046,1931.35408324362,1868.57797621759,2991.47607986354,2297.01545198281,1875.82763624497,1817.56914167699
"173",2637.37483782485,2603.65348682261,2240.41053201287,2125.45456373697,2054.22545126107,2601.21285057271,2213.40387780183,2066.4985375822,1995.34739334068
"174",2801.08737633804,2722.77364964688,2036.17216580264,1701.84961473492,1592.96557576026,2706.24315665886,2001.29764200619,1646.17520409899,1539.6843267183
"175",3305.48407412429,3496.6698796249,1986.71323325912,1757.2045164799,1685.6259740404,3247.04611070039,1900.75934741695,1693.80692901307,1624.18513267514
"176",2952.97282576923,2820.31443526484,1714.09385158659,1562.10112772152,1482.17564597034,2858.96362891191,1692.21883463212,1515.0681000465,1436.51401806422
"177",3836.13943034387,3513.24733495251,2277.14580549956,1875.71771942445,1739.94117827618,3609.26906647903,2243.48319675491,1816.64708000753,1684.13357673591
"178",2618.70382524751,2564.76801277861,1883.65142383079,1922.31694671404,1808.44583255719,2560.81155809757,1839.23249458915,1861.75895944535,1750.28681599882
"179",2524.19910567053,2501.78475408131,2100.49242094942,2037.24841909325,1957.14788997459,2436.8055314489,2039.46096468566,1965.81895607105,1889.03463374201
"180",2931.65612192006,2669.9320009381,1942.65683921384,1713.82060535751,1645.40523821375,2898.14745628954,1986.42887580339,1665.10851333643,1600.38014734018
"181",2632.51672839,2438.61861439744,1793.08144459645,1658.70530913,1589.02238767953,2621.37150294778,1823.08792413549,1619.25185049419,1552.77696070951
"182",2610.49303510592,2517.97913729737,2054.1229174228,2065.18540738654,1974.90997474805,2524.21782784782,1994.70245437955,2010.51026587441,1915.20280506163
"183",3468.23715147081,3512.87420323103,1955.07265748663,1803.49441557522,1670.97115097041,3470.20302360379,1921.67626751949,1721.09113814096,1605.53844862032
"184",2952.97778221279,3024.86287905705,NA,1769.36288254584,1700.52360806546,2909.89440997362,1895.20089771219,1698.82040099251,1635.68794367257
"185",3519.76550515174,3214.66631578703,1920.88374235452,1641.89855676602,1572.17298474286,3424.3468026597,1906.49106955423,1596.08578697101,1525.48721202819
"186",2590.1238253608,2628.10217976227,1799.28993277463,1680.19123543293,1601.83478894049,2571.7614159335,1754.10518861399,1608.25018930998,1537.79190423291
"187",2925.98370393945,2776.0793038318,1624.28740115971,1748.88106121297,1598.99891554463,2842.991624411,1571.00992236796,1704.11409391375,1548.23208394409
"188",2945.51165378133,2852.03397034265,1884.98232682459,1593.15454630529,1502.3382468322,2947.62209315082,1878.35102552304,1546.48965500798,1456.08060546901
"189",2502.90894140389,2440.02650977655,1905.01054133713,1907.36285224095,1823.22095869382,2440.43916736867,1833.32410420037,1831.65378926898,1744.88453433568
"190",2933.76361634069,2973.27728456921,2080.44680798848,1861.62114995474,1785.79143615812,2706.14276849421,1987.32875921671,1783.8072958971,1712.17889532293
"191",3341.71702052524,3236.4193248014,2005.53145074918,1765.69395187824,1659.55925322464,3335.4695948453,2019.92879418611,1707.93199534334,1607.36379040128
"192",2671.74700103588,2645.50637653082,2014.50898776432,1952.26884092539,1874.25111052131,2601.96534330896,1956.51127364098,1888.74443738236,1810.8246030164
"193",3690.96412375579,3542.97635473471,1978.35292405752,1715.88444675103,1561.74666785232,3832.19163507969,1994.68306711002,1680.19228018272,1528.78523528023
"194",2891.92669619385,2792.86917899501,2292.31280303549,2189.74491565579,2108.24245855389,2810.48361836299,2244.01341547112,2128.63242535022,2046.84839864016
"195",3096.27735923621,3163.49202672555,2026.22618714216,1938.7233384976,1820.84569527857,2985.01504563799,1942.54474369787,1866.14157145283,1751.04764806854
"196",3135.44836799376,3197.1510559915,2132.14517926551,2016.68095256264,1931.87902577901,3090.24792830907,2071.23469055231,1947.22778382625,1865.58738465333
"197",2731.42076489124,2619.44751443342,2032.77943470682,1828.9748497366,1756.13232555173,2658.02620438701,2013.81911887165,1779.03241337606,1706.962370153
"198",3168.79880922155,2938.38818740403,2030.04335280798,1949.88494920145,1867.24251639025,3148.35635994092,2015.40561783314,1908.67236811789,1824.2933201782
"199",2650.21949271847,2508.79703878404,1835.31948579069,1710.20679672132,1620.82961482399,2640.50269484637,1832.55594551693,1672.28356716343,1581.18481205323
"200",2550.67803030936,2592.05040691821,2179.36999954775,2100.32052918013,2018.52916786577,2497.95657199886,2106.64350407012,2026.90700677161,1949.50605103427
"201",2530.54631282683,2381.46809203906,1578.81074003405,1481.53029976073,1399.34916116405,2521.39105889498,1596.93274352243,1447.82939236688,1365.61007707736
"202",3009.81276570496,2872.80976294118,1886.12756538998,1709.72386072814,1639.69206484796,2945.23151847283,1847.9917861355,1653.66470243164,1584.48909998366
"203",3927.85226009354,3538.1843461578,2018.56589785675,1602.30985332322,1519.94920111134,3810.32108304417,2060.4058264967,1555.32053943208,1477.16754838823
"204",3583.01774633118,3421.41871850457,1862.62520046939,1538.16090991397,1446.87875992353,3451.00714844405,1801.06177415986,1488.16768671889,1399.19421610362
"205",3183.52680286072,3284.24441260982,1695.29261041874,1744.70016340755,1600.50899953568,3126.93037009789,1635.05123993878,1678.14738060689,1541.83687025961
"206",3163.72191778843,3280.85685929624,1767.99833738409,1604.20371682514,1499.14097393985,3132.38001011686,1723.8830233311,1543.01680562743,1445.47922374822
"207",2387.12042963417,2137.07792332845,1518.60157934721,1545.22036993234,1438.40658406056,2349.73692441501,1527.9226364095,1539.27872248956,1425.70288590504
"208",2729.09443954154,2657.93763721786,1846.66701602922,1645.24855681993,1560.00326301656,2630.49515768386,1784.40040607661,1588.98778714093,1504.35059996098
"209",2806.80489383857,2809.01918701387,1950.74631901812,1863.01364832985,1774.16550319502,2784.14771321185,1902.09567730413,1804.59456846143,1717.08313182447
"210",3925.1975286384,3865.3506948841,1641.35800382094,1629.06711908305,1479.06755349222,3675.4141963666,1583.6587390905,1569.40519589781,1423.51520703291
"211",2426.54637037495,2336.84175171692,1594.0923676226,1534.94035569123,1452.06099090135,2346.26167078643,1572.28885593232,1497.34174460254,1415.93126463489
"212",3594.33350192043,2794.12122076064,1676.10139906095,1741.08322751865,1591.43286802887,3620.47988733597,1693.50918319584,1736.98312149794,1570.62572616867
"213",2874.46321659941,2832.32466745692,2116.31347649923,2090.75264893216,1978.23296480758,2862.10843943806,2090.97464958426,2034.32939033608,1926.61191209963
"214",3192.95188045406,2921.96915680841,1886.56182968086,1664.11760805366,1479.33634257537,3212.20892667471,1959.40097336112,1661.72846840287,1466.70925959468
"215",2899.32717868629,2724.48656433295,1566.74034416564,1537.005043455,1427.89486544774,2789.98133789262,1547.5850274327,1493.82966589903,1389.02507395308
"216",2769.80816391586,2699.17210235069,2087.65400266386,2015.1353474225,1939.17163267066,2753.20079139342,2054.93939552393,1957.46715292617,1881.74455995213
"217",3265.23758571798,3108.4488174057,2116.67347441339,1944.39443097643,1873.63019067204,3255.279922568,2115.9345762501,1901.01366193902,1828.85518043948
"218",3287.91575580227,2940.83438421441,1685.14622659511,1527.7926393143,1462.44963686057,3288.89870274548,1731.51064481268,1489.41082147763,1428.25072666306
"219",2696.17186364368,2859.19336155324,1558.35812134683,1567.56038359261,1426.23706001527,2610.09938739762,1497.5841700467,1478.6161451148,1354.95193468374
"220",3152.82175323911,2983.8444148685,2216.70671129102,1923.5738366549,1865.13423799505,3102.34383916692,2206.36972511242,1872.22450365077,1814.1009728733
"221",3039.03341105706,2901.27058890725,1714.60479264547,1516.61955959649,1430.05900878893,2939.80290090301,1682.01774198088,1472.47058069079,1385.8531305043
"222",2558.94024075203,2531.73060508729,2204.73432436674,2154.64987330919,2082.45819921733,2509.16006666843,2150.56403292234,2088.61103157938,2015.4661259089
"223",2845.81419247352,2847.44983239005,1801.93841063221,1668.09038986435,1584.78262793864,2819.11946818924,1769.82611144167,1623.42289185235,1541.89391325565
"224",3068.95051520311,2720.19364559367,1831.58846043244,1860.05986309099,1722.53757504877,2994.52411953363,1813.21616436272,1824.33968801874,1676.84605667554
"225",2414.59288457172,2134.76886525068,1561.93405238435,1473.1504564725,1394.67940508606,2393.45284991704,1608.7718025881,1439.48363124598,1363.33792960324
"226",4161.23690997123,4143.00537149204,2360.73330274975,1721.5727088202,1597.47307715959,4011.70316704813,2192.38624154662,1643.75645441077,1525.02885443133
"227",2959.0806647181,2720.34923656206,2064.67308751882,1909.38840467514,1825.54016907213,2883.31359310215,2097.31854911524,1853.42958380177,1773.40671793127
"228",3325.10360382464,3224.52515527333,1998.12190201441,1796.46354462021,1716.21597057505,3347.94668308768,2010.08420817707,1747.03290719587,1671.38336448936
"229",2685.76558983857,2706.69867832,2024.28042542663,2061.44669094801,1947.79118766612,2638.27249300948,1963.08709622129,1989.22924915826,1879.79294290872
"230",4358.38587802883,3828.7106642215,2266.14649059176,1693.57316812861,1578.9088527241,4488.59157405731,2373.71418193448,1655.41974145227,1533.8363171306
"231",2931.57894576495,2710.31426001372,1941.88846866523,1619.93546212684,1533.11799046378,2922.31367251493,1965.46714258537,1593.04242653855,1503.17126425676
"232",3034.66038464049,3078.60034329114,2087.09887723641,1928.52759882673,1837.05284170395,2916.82610440315,2002.71842739103,1845.84010373888,1761.19671429447
"233",2834.23235407366,2811.95808625561,2017.9128604889,1805.08903162129,1659.71407764575,2778.25765334064,1995.55454849654,1748.26500957922,1608.96117084773
"234",2672.16847701457,2772.13367621472,1863.67301727972,1849.82639104118,1743.9677296563,2587.9143533165,1793.65850204945,1771.59386781638,1675.42331695973
"235",2903.30468199333,2911.73015989322,1715.50128602049,1544.18685506339,1404.62350007717,2816.88557783353,1682.0019927974,1466.56978266484,1344.5285053093
"236",2774.14494206994,2700.39092893544,2191.36022692169,2203.03999116229,2092.65881618713,2700.58191348458,2138.19918887303,2135.84757438414,2026.63125634275
"237",2601.51452699468,2623.69892635574,2325.20907955628,2383.02418073614,2240.25783599665,2528.65360908386,2245.12367672045,2288.14359790183,2151.6719010173
"238",3132.14406416237,3017.47353751138,2042.27530784535,1929.59834602225,1803.81398235576,3003.36134581099,1989.09168711859,1873.11253132389,1747.92452671086
"239",3062.77832567696,2999.40864646705,2124.48509132826,2033.98239958625,1950.50600750722,2990.65467288614,2089.19023627687,1959.91829013958,1884.247070729
"240",2775.2299094064,2648.43441381611,2071.15867492814,1904.86168146739,1851.40836701974,2756.99197988127,2066.5775002993,1855.3265520346,1801.74916341014
"241",4870.12122130976,4475.21749037521,2462.40049981258,1683.95770573959,1612.55911937114,4638.12567353802,2621.96909439744,1615.25278546618,1552.06773507515
"242",2835.55056070362,2680.63748242383,2132.93116526095,2117.9012364492,2021.87890101264,2783.67400812472,2106.16299540779,2081.7668741012,1978.22327051881
"243",NA,NA,NA,NA,NA,2732.50930267307,1882.22333238005,1832.33329899573,1752.0812383968
"244",2883.76312870885,2927.82362134233,2233.48200053267,2197.93400461144,2088.37146022301,2770.41984162812,2133.51384692215,2098.6632244665,1993.35522461691
"245",4852.03464362385,4581.76469548043,1672.31302826754,1557.23563581878,1449.99778610484,4737.07063238105,1632.44701438377,1516.13389502567,1406.0835143832
"246",4075.57798151824,4225.99708332404,1769.46766692896,1542.62306249563,1428.62834967123,4042.96868065331,1709.71919198932,1485.53019995931,1378.05354772927
"247",2904.01675853122,2622.23991474671,2020.5711220054,2003.7874769753,1908.09394887127,2892.09948108588,2033.21920609859,1976.2159205556,1872.48405451117
"248",3369.36642308622,3370.33160618287,2356.71975234518,1963.89189624616,1901.9130750393,3322.75025433458,2314.51826460724,1878.45321362315,1821.38931360244
"249",2909.5014211063,2843.43451394489,1938.9442245328,1734.08257636723,1673.14117028853,2785.87737139499,1896.23605619196,1664.27715546625,1607.30648399988
"250",2959.10658750392,2861.27192246084,2083.49960423929,2070.6389026234,1937.356518477,2923.24631526384,2058.64320916884,2018.90138909747,1886.28196485697
"251",2965.96036514976,2978.24668206509,2217.17564080131,2001.27933391486,1917.2188050723,2867.0621188999,2142.38818753996,1925.64697432526,1845.70047887001
"252",2733.25987530886,2659.76015059484,1940.34146182421,1938.68440037621,1833.91037228167,2652.14099442859,1901.74191798723,1883.28658358977,1781.4290253448
"253",3340.99129559627,3239.70366378388,1820.09211300794,1520.37051056312,1400.87908207644,3333.86536426606,1808.73293062149,1461.75415771022,1347.37750607628
"254",2861.70602724239,2820.67088876691,2092.24066786543,1907.15447789528,1832.20448561354,2761.18359940301,2021.36978160745,1843.39940966037,1768.62114682481
"255",3419.7396215887,3486.05879587102,1920.31090111483,1840.57419635357,1751.40353237386,3396.30439364545,1847.15498462397,1766.28115484924,1680.74462124076
"256",3550.27108682171,3249.32612901559,1843.4520867708,1576.00741784692,1481.39319181295,3372.04836164461,1817.96791570296,1546.36287501862,1444.44056617881
"257",2996.13959843134,2921.53574396586,2441.70444940704,2063.80006171439,1978.92936651179,2949.4351239391,2450.61456911551,1982.73212922316,1905.39140011426
"258",2494.48351867902,2382.70585375981,2035.76291789333,1968.06927976539,1902.44023369228,2451.0316140222,2017.97966313103,1919.89129060628,1851.90050674198
"259",2975.80526078346,2721.8283438534,1950.16244751683,1797.61183083675,1646.64209041664,2987.02839368893,2048.63543222018,1777.15751031123,1625.1330435941
"260",2579.06247303953,2530.12844598475,1929.66801371483,1867.10530397085,1788.61992170544,2521.15629734294,1885.14639809708,1815.83653928621,1736.54385638119
"261",3581.01053782006,3000.73081753604,2143.85371700338,1951.30137776683,1873.11265466627,3446.81271199184,2230.81716413058,1891.44609602869,1820.59691802466
"262",3323.25402267628,3341.38964171092,2132.66967322291,1855.22711229772,1716.00212113705,3212.11676399882,2064.03814408312,1770.98397632218,1640.89229463211
"263",3081.59515008866,2925.12175690223,1924.46188271016,1908.50887020862,1805.11839590182,3000.15793929093,1884.42494463107,1851.23828766244,1746.14649031872
"264",2774.2733204941,2765.9488599834,2296.64892506692,2162.31393959793,2075.36047512799,2692.90443118168,2216.94636352077,2079.07075318927,1993.45377279404
"265",2886.13177354242,3052.61232357915,1895.9176564036,1887.88818020164,1770.12493236577,2861.326452868,1832.56350627618,1820.97806965644,1711.58118411486
"266",2956.59443269556,2798.57715643997,1780.06312800863,1898.61030224812,1489.64652792778,2879.02825806307,1782.40227868978,1873.1407788335,1443.56938415804
"267",2851.93442842284,2917.89908236526,1861.78310174936,1701.04370023397,1576.17643092244,2735.8344248558,1758.16897137624,1638.17725960315,1517.58360806156
"268",3304.86892781703,2833.86483086268,1836.21140248878,1630.86064062708,1546.31940028234,3498.74594877326,1947.51371911772,1598.0267258743,1513.30099365808
"269",2829.0055230089,2761.34063355598,2269.05732487055,2083.30689834276,2023.61303815624,2791.34257096321,2231.79624532067,2010.67479363012,1953.03366701862
"270",3021.43567445181,3099.04653178074,2099.0667673031,1977.42693407795,1893.55804287233,2983.3555029209,2019.89036807063,1899.46147477859,1818.53434627694
"271",2654.99930229288,2644.30524108388,2122.8028871749,2136.91245988469,2025.61587084463,2543.81216961224,2053.03972681767,2064.96072936924,1957.11489318827
"272",2819.77903678541,2892.18203039958,2302.3566068103,2235.60959476537,2101.3270259423,2730.00960514164,2208.52169797999,2136.1608763299,2011.45625002059
"273",2753.00630804228,2824.14257914458,1757.76074128638,1702.47326598803,1601.63193220738,2718.98054017584,1701.92175023786,1638.27029529496,1544.21152143811
"274",3510.22197124393,3475.69382738074,2494.48192352477,1982.81205116186,1896.38302988178,3375.85081759745,2456.60013909392,1909.47222416536,1830.41143466351
"275",3550.87140836881,3209.1072599488,1870.76437185735,1673.84957591652,1551.55455242797,3527.98735282889,1921.00519205035,1634.8527168412,1512.7167464142
"276",3013.80105893451,2906.17684112031,1900.13614704197,1604.28781214504,1535.88403072554,2844.08802337571,1850.39330698627,1549.99890481322,1481.09139793942
"277",2785.18487762466,2618.24176745764,2099.24041767551,2012.71406557691,1936.06727190613,2785.68452161981,2089.1603360559,1968.75792167185,1886.5881207834
"278",2627.79960968794,2541.5106815813,1764.5726437911,1688.28271689226,1513.86240489581,2517.50497928277,1740.50519863305,1623.87104469666,1460.07285993111
"279",2542.03275783565,2526.15637935161,1797.19683983242,1738.2149802789,1651.56459653289,2497.53655035226,1735.87423022587,1672.39456584359,1589.47115483191
"280",3068.78989657924,2956.29909997532,2199.73021296539,1990.35107372349,1794.23038833201,3085.21508094122,2209.09964825284,1995.61443971775,1763.68277652545
"281",2968.29334797148,2997.98658821212,2231.87759129897,1972.00058566325,1904.2656400753,2915.31515321263,2153.70493741695,1898.40548457501,1833.32673692259
"282",3012.57031659269,2901.91412299932,2067.89127135385,1989.96791000335,1895.22543205577,2971.71514146474,2030.89922979723,1933.18415780528,1837.25976330214
"283",3008.22333706914,2980.57859836437,2126.60331791321,1890.52421337024,1811.4864817135,2901.35212244635,2089.93732472663,1814.51389430543,1742.83455142537
"284",2318.30484698657,2252.85425934856,1677.88413449887,1582.2475181109,1517.57756765968,2328.60851107847,1668.74817592036,1541.9752078152,1478.2782874363
"285",2496.74714634136,2505.08283255513,1609.72886890166,1622.85192241434,1490.18183803741,2368.60006313703,1550.90964791693,1566.276391781,1439.79708319202
"286",2535.49960452558,2458.34266471129,1954.58568707191,1868.44823288746,1808.82419923248,2457.0793873509,1908.19877103358,1813.06761226836,1752.51556684222
"287",3675.78793533386,3538.36994696893,1938.79273262392,1694.35238009035,1590.03146687285,3472.81444116911,1888.09777967309,1641.19899090706,1536.34900914682
"288",3351.74668808856,3224.62985924286,1703.27799557315,1648.23112325195,1484.95211905288,3213.03071848697,1652.04220326608,1587.62567679822,1429.05299715064
"289",2972.79924289067,3336.25176646406,1700.86652707633,1612.55502781497,1480.6857076208,2879.60597957427,1602.79827601056,1517.56760029624,1401.03926437782
"290",2933.57232296309,2931.04275528697,2142.02969403106,2006.2552036442,1905.98851446918,2841.91093388073,2065.88228339149,1936.79245115005,1838.54426165693
"291",3064.57124633288,2925.23930783471,1836.5342441753,1646.11288271774,1571.22436441208,2985.8292447259,1799.65647006169,1598.38985694356,1524.15200414147
"292",2634.76155037965,2640.37176449311,1793.04672694935,1594.27519811519,1524.01543601597,2557.24070728926,1737.6809201739,1534.36142850324,1467.88978382721
"293",3132.12122432265,2758.73080267306,1758.64545551922,1539.99734882905,1472.75059245733,3105.90908046761,1821.55625531601,1493.90641839785,1430.18894016243
"294",3389.77083937962,3171.2554090293,1814.70917436755,1530.12979502751,1399.93866120616,3252.56569819271,1797.92585578042,1472.5769087626,1351.94710475266
"295",2983.93189225689,2820.22537565772,2131.43305432186,1988.02708939216,1924.22739105028,2945.06388575832,2111.65123323477,1933.74270426821,1868.14672555099
"296",NA,NA,NA,1639.15159431004,1554.42816066372,NA,NA,1571.21033221877,1495.68915962932
"297",2909.3709993003,2857.53782476649,2233.86888632589,1936.55514322696,1880.15245312042,2828.63258962622,2190.48315046407,1873.48123645351,1819.23358940509
"298",3494.11002256151,3442.14070866905,2184.52365867784,1863.8671586615,1776.47712213654,3445.97600351418,2143.86405043782,1802.67203141627,1719.04686972955
"299",2624.35557797724,2543.03787856796,2097.7403754359,1977.9680763763,1895.67306007088,2590.50387084973,2103.75282058246,1915.05808110332,1838.39733000498
"300",2768.10573861427,2689.24564900155,2083.07488590213,2100.01077586446,1945.03961390947,2685.40662677016,2035.261691527,2051.51501130565,1892.77602502257
"301",3311.65685474106,3313.01183901504,2365.82944533666,2071.48938910511,2011.39885646286,3227.44864573891,2312.61760047049,2014.00282482066,1955.13719097507
"302",2906.90185660127,2698.23175235694,1895.61752185035,1896.92977584262,1772.97529137539,2973.36046299115,1920.12439882903,1872.83504588434,1742.58805197846
"303",2539.74967562452,2594.1457102578,1933.88769981256,1895.71805604661,1811.46611314238,2479.99168809044,1869.45323927388,1822.86225594602,1746.13954381291
"304",2748.73172261742,2651.50241870001,2068.92005143795,2062.12884828286,1973.07605752595,2672.17942012617,2012.80186235242,2011.37198295002,1915.76653468314
"305",3280.87230181315,3150.62259359821,2114.06723063384,1822.14833031198,1694.12112914427,3138.21417976895,2083.49533086886,1774.33939307509,1638.61596716554
"306",2843.97170061264,2763.22377959327,1908.65781225557,1842.20884289899,1738.53581609776,2764.58978737525,1861.33397550698,1784.1097530338,1681.76523909686
"307",3129.64767083794,3143.37458244884,2252.47466537768,1909.7821059993,1829.24260925358,3059.21001462312,2181.72114932671,1835.11644112744,1758.32891513152
"308",2759.9343862022,2767.45791676938,2005.51152409162,1953.8870255963,1852.83871693672,2658.45312709532,1946.31666570409,1882.67036010575,1788.96969066351
"309",3026.06392741969,3042.15357728086,1967.61096997544,1770.75189493698,1688.67268732514,3019.47312621691,1935.15372929046,1703.67018802574,1625.01530024203
"310",3164.2735704648,3405.17103726832,2046.38720590738,1960.21190398328,1844.7625464464,3102.00345703033,1951.76369593046,1867.51497131662,1763.10302996927
"311",2866.77173678842,2851.02141170643,1947.10886334001,1659.46054437067,1597.35365937496,2825.07548036707,1913.14217622729,1599.79164875031,1539.48537482684
"312",2765.37375066459,2836.85189346422,2323.04638558786,2144.68134375766,2088.48890044806,2705.59792362943,2251.56402827709,2052.55367853358,2003.58020221378
"313",3120.85712652548,3165.19402810852,1941.08101032025,1794.75431550672,1668.73259992056,3029.87788064793,1859.77922468833,1732.94242276968,1609.82076609295
"314",2863.20811537044,2578.81338492203,1718.15153665524,1602.26672468276,1504.53471022115,2799.4762797248,1727.80177338431,1588.82936990878,1486.16133487708
"315",2997.62645607061,2859.83114456744,1922.75887632592,1657.31490258215,1589.25725569898,2918.29079273622,1890.0971668418,1602.82613156131,1534.82563821873
"316",4837.89290973716,4628.76037340497,1776.38802411245,1577.9768946029,1453.26913207263,4770.20356557378,1803.85729650701,1527.0460222388,1411.09560991359
"317",2669.89645490906,2464.72650552248,1824.99736421347,1816.03036306703,1681.85867136928,2671.61604079644,1841.66225492534,1796.66359544829,1655.55877501569
"318",2646.44647900861,2644.20200339774,1649.16235260838,1495.81325269809,1415.0349426294,2551.6895368193,1606.01123999,1435.00288536376,1360.55107726968
"319",2451.84357296897,2473.76144948534,1707.51674055216,1671.29291482283,1571.79523881761,2384.43064544369,1643.84189771024,1606.25550163252,1511.79109882085
"320",2802.27602625838,2861.3024421499,1730.23307930242,1620.91684666962,1549.77430040563,2773.99560826691,1687.863276582,1562.72174803962,1496.31300161062
"321",2717.06721492154,2662.03135334571,2106.4466914246,2031.41895378034,1948.93227333238,2666.28926723641,2051.24799884326,1963.1635010918,1881.15102024151
"322",2582.41176015375,2601.73242296439,2024.75288968443,1993.31932634642,1895.04798376474,2514.21657939828,1964.0079691883,1920.31969972911,1826.11474956448
"323",2933.16234554222,2810.83345621716,1863.53380910779,1505.95811346396,1406.39504721746,2944.2034768388,1862.19663810546,1449.81675841422,1355.75821747333
"324",2935.17839744531,2721.63046513052,1947.43427174625,1811.88267642385,1740.93365479846,2876.49531706197,1910.87972937284,1761.88756657392,1688.35479773983
"325",2550.31295909432,2541.67462993608,1927.05714851093,1912.59672718888,1800.87699872383,2485.27797801508,1872.0378270062,1839.09981580171,1732.62960738204
"326",2783.0964936311,2858.3966099345,2213.09828579158,2059.43257250079,1976.26099890263,2605.70033865525,2087.79496602117,1973.26834636641,1895.11909916523
"327",3512.20797232301,3552.84557911433,1877.52029975696,1595.44080249885,1509.44531885454,3425.90364292758,1834.15910925251,1539.19154567242,1458.57618864962
"328",2936.11087369341,2885.33822989986,1644.46050614373,1596.00239733224,1479.68622848323,2845.7812595253,1591.08093099251,1553.14323613148,1434.36329471034
"329",3504.99592626467,3167.86868809511,1941.27684695582,1740.9192876552,1674.37031111371,3559.26679278106,1936.12683318226,1707.50596510594,1635.59411732508
"330",2837.74836288921,2715.95306422636,1919.50292158623,1586.0301939471,1452.72661520154,2752.21212064903,1920.22514676702,1543.65541899743,1413.0395958174
"331",3141.86326803123,2996.65522875815,2023.59996052029,1862.16143875924,1782.8976939529,3050.48209773541,2001.8913831052,1823.64060598493,1744.21097680459
"332",3219.27469235026,3051.99704090206,2049.27848227496,1694.79497012944,1626.95288964401,3207.98650926448,2035.19448854781,1638.99948174276,1573.07389283515
"333",2816.84416932775,2495.53650360193,1777.56119111698,1571.73072684243,1464.35320338277,2809.89135766292,1851.41603463401,1544.50771406296,1437.14180855133
"334",2731.20950239106,2883.25422784157,2029.8225871553,1878.72797666246,1809.47332850088,2683.81689117109,1941.01230425639,1779.63171453329,1721.0805424622
"335",4459.80390751776,4404.46234474077,1875.94930713616,1643.58855249727,1510.27550089631,4403.15244094489,1823.89000865238,1576.38723406021,1448.57939103122
"336",2573.73131032714,2545.40489842103,2015.77244192705,1984.59850763635,1890.78062373554,2508.42068898862,1959.0422456505,1907.04586685102,1819.6546587041
"337",2652.06384377342,2660.79456276681,2228.71543377619,2206.42056168633,2087.15674925024,2586.76700604287,2155.01313846152,2137.31198169371,2012.63061406688
"338",2694.2165560105,2655.39521847011,2302.43256965033,2159.90655522536,2074.02388370808,2615.7653436823,2257.42525703438,2082.30603104316,2000.17778087434
"339",2937.3248793102,2862.1428205589,2302.47223584744,2145.07669125475,2040.39291984016,2873.75188079137,2278.46808384947,2081.62770313505,1980.9677266272
"340",2985.69934535978,2965.15878371552,2310.21057216266,2090.80482673839,2029.91291439003,2889.2043591432,2246.71487151565,2027.00036866742,1966.64101844154
"341",2673.59060097857,2607.6940549665,2301.03663178568,2241.03536865232,2149.59528367563,2631.87119840181,2280.09410052216,2195.81623769227,2099.29404066399
"342",2762.24149734401,2506.68601765359,1872.75915776618,1648.09060688622,1548.72917649056,2697.58764119997,1949.22059852489,1597.06314569057,1504.03067808743
"343",2779.92207054049,2577.76121726133,1982.16355084382,1925.15428034601,1829.15425349599,2678.7183609239,1983.0985619549,1880.16662524768,1784.91799857543
"344",3473.81630142988,3378.9003047274,2091.19609829436,1695.93763394748,1619.64403914495,3357.41173152267,2057.9978079902,1639.59623305461,1567.85458489374
"345",2658.11107961671,2578.97984713784,2073.96300871855,2006.12191594585,1913.62555581398,2573.86632255629,2038.52534544003,1951.81914911301,1860.77540122264
"346",2584.22031133327,2638.63239878693,2051.57976515294,2075.34721119029,1949.2069282561,2536.66640240019,1975.92925515548,1996.6689355036,1878.45181153679
"347",2749.01084936843,2700.75135597838,2054.20536609469,1859.18957144837,1785.29521074278,2674.76724164119,2000.93454078379,1795.87872336319,1724.29273965777
"348",3290.17886947439,3218.22464045666,2021.70871245363,1669.5077867696,1587.07547025708,3180.47937301478,1977.09392585925,1612.94356766412,1534.49996231814
"349",3145.3240292378,2902.91439464465,2097.75143690584,1821.42285085372,1734.14875829244,3028.56381931598,2121.81615435171,1770.59836782018,1686.57495013946
"350",3035.66877565705,2852.0208317496,1996.8042790193,1905.93967023289,1800.84915508344,2998.17017410748,1965.61038358007,1856.1688422349,1746.93549643987
"351",3362.06417453445,3194.56550388352,1791.46124379727,1551.04549990486,1455.0173161952,3169.11474042443,1748.22337401756,1491.83842814486,1400.69287804264
"352",2871.93357233528,2826.72231384462,2074.11348619012,1950.34434529424,1869.67855900165,2795.46421985699,2022.93456309516,1871.08172772564,1796.86442763167
"353",2435.50635221954,2376.64785284734,1777.37029010698,1765.23384625172,1672.66194280649,2387.81124942162,1734.16376595033,1712.92233633973,1620.23600911785
"354",2764.79078103835,2670.72362698992,2264.15638645676,2067.13253240653,2013.54704889328,2736.74714824956,2257.05826490036,2007.11239559714,1953.07708212444
"355",2579.52688692682,2558.31726677104,2086.13002223378,1900.74940754833,1848.51718636656,2552.217990917,2039.32463758158,1833.45546224775,1781.52002525935
"356",3641.73573451882,3571.84165609267,2049.79556088668,1729.9515230177,1647.66140131072,3502.41699402279,1996.12800939844,1663.97900171026,1585.56553629572
"357",2547.8217682431,2616.44719060461,1774.23245890471,1801.26872856077,1692.34228628332,2501.18538967961,1704.43637345252,1734.57991688357,1627.19696552554
"358",2689.70666085844,2493.85639958235,1968.18548685076,1763.82319100344,1698.77609941378,2633.44519938697,1985.53772401367,1706.75800310467,1643.82550359103
"359",2878.86224937989,2711.43119545868,1882.4047232879,1572.7441681641,1509.71544443987,2776.60865672456,1857.52225000282,1523.28797246031,1460.46338413051
"360",3132.71391979984,2679.88066883283,1844.04194631994,1569.26195281314,1459.84053860418,3058.63324620715,1977.95804451489,1543.38541011982,1429.97142481355
"361",2927.77092020148,2753.26825124426,2115.08517126118,1838.08863195793,1770.1900817004,2892.49788340261,2128.33791191293,1782.7905673525,1716.89910722867
"362",3226.63993277602,3064.44832216236,1920.36821179177,1681.77607298223,1614.05074917339,3146.72090875355,1903.96032145758,1635.13633102174,1569.97863489098
"363",3168.90029130525,3097.92430127462,2157.33974380109,1735.95242476373,1665.77746082569,3147.81628170661,2150.99375987807,1685.79320713607,1618.75721725089
"364",2653.86017865865,2565.78555497013,2098.15268172869,2029.17584831047,1948.92436810036,2574.73044898147,2056.36865563711,1966.35395761765,1886.76636525787
"365",2801.4758125133,2776.49910080603,2036.48129242769,2067.40727209859,1923.62650721069,2757.88909968861,1973.52794653474,2001.0318273114,1857.28899265808
"366",2767.00200254429,2697.20165718803,1976.71787881027,1913.28041017488,1831.87187154675,2699.49514437956,1932.76484228115,1858.08758318664,1777.43771560815
"367",3029.99758106371,2857.8333050479,1783.86190784446,1724.72582304595,1624.62311933745,2916.8149459998,1749.81392721284,1679.56003308585,1578.36237811561
"368",2694.44256151778,2657.71913089334,2009.3506609532,1895.85122422338,1752.56104490035,2591.79928164801,1962.41860034896,1837.102201379,1700.29307873224
"369",3241.38417205382,3097.0655622908,1949.74465604805,1495.25465492176,1439.73419325505,3153.50155911455,1934.04183688785,1442.11982825182,1386.74505030533
"370",3096.87552647226,2886.22120622401,1901.66144848222,1516.25372213322,1458.16128224746,2990.79598478407,1890.39894608991,1466.00360801046,1407.96647240474
"371",3030.01950427791,2842.06657150653,2030.14775548702,1766.82779713919,1698.37430057257,2992.68931685045,2037.3970527058,1732.84011992259,1659.56775089074
"372",4487.0409394513,4286.29351678341,2194.13656195113,1651.36552518612,1565.6298340885,4398.86946896459,2134.65197177962,1592.30029697734,1504.69705919742
"373",2857.18069408877,2888.69391842057,2109.81080955808,2037.89845266249,1956.10499886373,2728.03516754434,2034.40166139344,1951.87402181352,1877.63943024786
"374",2574.44705639938,2597.05471593549,2176.82314311042,2066.34619353484,2001.43721303068,2503.54343085368,2103.08530427921,1993.67082317344,1932.0961415015
"375",3492.78373828487,3290.78470938165,2097.75979915407,1687.40820298353,1600.27277883982,3372.23010784054,2097.56945354573,1625.22854287281,1545.59959997476
"376",3353.10201265383,2831.91862853008,1641.77399182863,1525.78956368505,1414.11719365372,3419.70454404278,1662.3678187763,1511.9777748076,1390.31957865645
"377",3056.23100502406,2804.4188961644,1780.39760239884,1532.13758182787,1406.96224931306,3008.8266305038,1829.1914185679,1483.70238365404,1364.07095954623
"378",3336.571924978,3262.36320529008,1565.9762350199,1585.13812569166,1455.81460360183,3139.73464943893,1528.62628584209,1526.78094612908,1405.99013540579
"379",5369.74232766523,5152.0920084107,2320.85332096267,1713.47993242404,1594.10534889945,5403.21127043018,2309.52905952533,1646.89615746034,1532.93669183492
"380",2783.85941020938,2632.08092625258,1829.30592444251,1654.06010535297,1584.02038688575,2703.0591491779,1806.20510683065,1605.10965187468,1536.27958610738
"381",2588.12848893163,2561.31375341389,1996.62351774721,2053.24640644057,1928.39987376203,2510.5261765544,1933.21791044206,1983.01279465364,1858.86483899086
"382",2975.72863199685,2732.44566402948,1870.20809778313,1576.9814787233,1509.91914257907,2824.62844248595,1899.83237178241,1543.38556583782,1476.7638430743
"383",3175.15655407252,3353.66497241431,2012.90257558558,1942.3630818804,1822.14244286758,3087.05235871064,1917.47424540755,1858.06599923968,1744.87571504265
"384",2441.57350391973,2422.1132535343,2005.22016514312,1861.400154674,1795.23889773418,2356.57092078877,1941.43417774411,1796.64252262728,1730.66580843165
"385",3142.89778109397,3079.08826547035,2249.91755579605,2163.19039317892,2032.84405398995,3091.87958585375,2215.84828967354,2095.57769815225,1972.34213955394
"386",4063.18866025223,3958.34364767156,2143.30791863385,2047.07357545834,1873.63650661401,3985.11771011793,2099.61287760156,1971.31046802467,1807.07224196649
"387",2925.57340760268,2890.01381824169,2286.93580578595,2033.05657854287,1976.16903173017,2832.7744761075,2227.25128543739,1972.20833997144,1915.74291974245
"388",3375.73268081657,3185.83168041423,1973.2869575835,2039.04485755234,1896.26628164737,3260.25751258905,1941.14379403695,1986.43419198447,1846.85503681529
"389",3206.36724414805,2735.55497466309,1805.41648506392,1681.78641278868,1485.0381295147,3232.24190268196,1899.7350344722,1657.37229966795,1451.64191518051
"390",3256.00302315969,3088.79235534426,1873.87953626743,1594.28757066323,1522.68593380354,3285.24582927011,1867.8790959935,1544.29040394653,1474.29728380808
"391",3224.84865423425,2869.85919056993,1790.91168449566,1707.43018680152,1590.54002691121,3247.15753622836,1787.80526932168,1681.05047045742,1553.3833556688
"392",3104.4914301908,3030.39353783142,1618.67961646699,1520.52181326427,1404.07689962287,3187.98374706787,1613.26965986066,1476.52517748196,1365.4546225321
"393",2536.18854628306,2553.1910323135,2228.48349925804,2137.57339481018,2055.91302569415,2473.74616985032,2152.46185584451,2053.3420098404,1976.3833606632
"394",2616.55679257572,2435.32207584594,1971.01474856069,1846.82055606708,1782.30440590579,2569.88324850541,1993.78530524565,1817.4427425696,1750.62371806814
"395",2640.13210270322,2641.34756369485,2311.508907298,2285.56687464194,2209.43364731742,2576.73974728783,2242.87776626018,2214.27756318544,2138.84930212884
"396",3207.97992151408,3163.51935271077,1951.28086145136,1805.06263406319,1722.37112664253,3114.0321360634,1890.22343219392,1748.31928758689,1668.02552861447
"397",3261.29953729141,3190.08511297105,2081.25316963788,1919.28449155348,1847.33483192573,3109.80183506748,2023.52247120317,1843.47897354643,1775.97587981558
"398",3388.09710694258,3010.79315009431,1811.44244086147,1773.89801711989,1665.39718688327,3296.43709307374,1789.44248273975,1730.02595914506,1621.56737701692
"399",2988.70181706304,2852.48784088962,1663.09222180266,1550.09191185684,1407.32890926658,2914.77738201784,1658.9178442267,1506.37860765967,1362.07955952123
"400",2569.46059625229,2565.8527551723,2074.62208312029,1991.86685658797,1925.92346381995,2516.3972584873,2012.2555249929,1921.76855034761,1857.33074604956
"401",3669.6346451487,3110.44697540301,2147.50089058268,1821.47398103935,1737.04507642594,3734.90616079196,2279.39132852706,1802.07993023624,1708.264290257
"402",2636.79409166218,2659.1248317606,2249.34687157784,2034.57501409935,1978.47980413348,2587.30351165197,2182.53003776464,1969.4952171946,1914.35159106385
"403",3067.30547820111,3121.76275512023,2132.68944268993,2049.73093261892,1965.3310225484,2989.74733848789,2058.35491626214,1973.90023998069,1894.13290098878
"404",4556.27102285197,4670.69790381233,2061.9636409278,2035.02114335966,1888.53263124756,4749.48683547326,2034.80162436295,1961.06500583186,1824.70398205728
"405",3145.10533809514,2875.90499189777,1900.5577868148,1583.8356129523,1471.6925259599,3124.22818074325,1963.67507865966,1549.76218029705,1437.51134095022
"406",3069.72798705302,2966.24182171903,1813.68904784823,1723.16184720119,1612.26542620142,3030.87037303468,1752.3967320679,1667.03527184173,1556.06564655997
"407",2401.91099238718,2429.5580367832,1786.70212368702,1745.70622536922,1627.09009348022,2390.50006626336,1720.18994133857,1685.87840526683,1567.02903882123
"408",3095.3070765977,3090.06569856619,1932.76680655296,1891.7681875829,1772.84298985912,3041.07129071396,1884.14572592538,1808.17750216078,1697.19966583525
"409",3273.4062195335,3134.21608012903,2081.46659047327,2002.04651081046,1771.77136078446,3284.73545256643,2208.98208098898,1938.87233131618,1726.87784344165
"410",3667.35698234113,3552.14488741982,1819.12136413256,1801.62065693555,1655.5932406723,3593.67337207229,1765.41804246892,1738.7710590682,1595.24072072859
"411",2748.40570096726,2418.55499037476,1490.55984414867,1510.55240560243,1400.25240279074,2783.32962433798,1505.96667268192,1481.98250077157,1370.07378060555
"412",2618.88980929417,2627.77750878917,1982.47601061847,1898.30130857077,1811.66294912046,2552.61042593819,1937.98719871474,1825.79113474145,1748.64023491101
"413",2793.64977201061,2683.63707548997,1865.077948507,1650.73553782375,1577.20464751564,2756.33504694005,1864.54576558202,1600.27681991822,1530.44720959992
"414",4930.55276747212,4168.67179823147,2451.64922702883,1500.98202600135,1375.14025292455,4891.81035721115,2671.07672142488,1440.47354477166,1324.24656199868
"415",4694.68693265088,4279.89941701959,1957.08113823063,1652.34405896735,1523.82333022283,4797.78728518989,1995.19955975332,1599.7884864556,1477.5769693404
"416",3057.39823106516,2996.72713344667,2246.69092988401,2142.47149411184,1952.52594404276,2975.95739645048,2207.89422154998,2066.79344017534,1883.90585145261
"417",2979.54974469122,3048.36350783138,1893.52961929799,1728.45494951573,1621.66774476898,2895.12407521005,1815.53598889376,1651.46393491867,1554.12501780414
"418",3311.7986722777,3268.64650248348,2392.21695786564,2000.53645895085,1860.04210140323,3229.36346097317,2361.69072234134,1928.08108910795,1788.36732979447
"419",2589.75491939313,2589.18646881555,1760.57505399336,1739.46322263796,1636.01323943343,2590.61731561533,1722.29982074407,1680.5082807887,1581.07316329898
"420",3013.10202910936,2895.74860139926,1718.42765291477,1546.60057928853,1476.8281115985,2945.23963280158,1693.42489686724,1491.92182599213,1426.09072712581
"421",2936.23533289207,2806.62936154192,1858.52097587356,1664.20026027447,1574.02163673325,2894.01705850681,1838.70496760396,1624.02475866952,1532.29933325678
"422",3617.35731758379,3414.89943216672,1989.37053848727,1720.96929536349,1630.43999894145,3677.02105238639,2047.48527965202,1682.78976875412,1594.04265264217
"423",2730.98995077241,2689.44201755744,1916.82926971211,1959.69045738101,1842.69021192415,2648.84667424774,1849.74601278844,1895.82009550216,1778.35080435249
"424",3435.98763093118,3391.68183734266,2096.17321446722,2044.04487897333,1926.08801056789,3408.5945131648,2056.40150414615,1983.49819019396,1866.81170586127
"425",3432.09277044137,3197.52232046921,1854.25936439103,1760.36371897701,1629.10237298731,3366.45821474653,1840.63599626847,1701.58560182007,1572.46919580849
"426",2854.39983005916,2894.69572506321,2093.79253294693,1672.18181219951,1543.03944105182,2782.86724156439,2023.6852955943,1590.69598208034,1463.37717598365
"427",3061.77899852599,3083.16663257453,1692.44555749016,1553.04733346372,1479.58926267607,3031.81540158009,1657.84982011914,1497.89171974681,1429.00657170365
"428",3702.45574712063,3402.28737079255,1980.54881141814,1734.35715827639,1647.50173644069,3772.98182265713,2022.77450794924,1694.82990637636,1608.91130466934
"429",3452.353862974,3182.50092012105,2069.31085592178,1900.70169118702,1795.8572875956,3430.78901411863,2092.33681926436,1843.96587760623,1746.59890342321
"430",3363.64568353935,3392.24556939531,2183.28620241562,1756.59346884804,1640.83693993826,3276.32820063506,2093.14273472443,1692.52670607075,1579.43604995952
"431",2753.37100966135,2806.02056269562,1805.84757079351,1729.83787407549,1626.86437644134,2639.42346829425,1719.34603322354,1660.76826910681,1560.23617243494
"432",2757.89711988148,2708.9222165354,1960.0444012299,1771.3658432514,1709.41498289946,2661.6730409374,1904.19761019663,1692.1662674011,1633.35008467608
"433",3260.20377924446,3148.05746692818,1848.24694182608,1712.55031408824,1540.551733651,3073.33045200116,1806.62972758511,1654.56650953589,1486.4206347709
"434",2608.65283239119,2513.21014517523,1779.07839723028,1662.34682207185,1580.25236706414,2539.91165233551,1747.46379161222,1612.09043824905,1532.80322006474
"435",2790.22265943858,2716.57237037183,2189.84020408487,1921.89156679874,1843.63478227376,2688.11547232616,2150.63293129161,1859.76163213629,1783.39098089775
"436",2463.9191863243,2499.33770219209,1909.78311302885,1933.95494380752,1826.65623010777,2412.62256755614,1844.15329786967,1867.98056854459,1762.21753662174
"437",2708.47785689494,2815.03155259341,2115.02770202616,2135.61603856449,1964.44000208389,2614.6460513077,2012.65934446819,2027.86913808925,1869.24744136931
"438",2614.04949098061,2558.56128210088,2114.06827060152,2039.51532326232,1970.7039055798,2508.54049232698,2065.62949363151,1957.14079380192,1893.64713009808
"439",2448.41332311312,2374.95613419467,1895.35766712126,1814.76732336694,1757.54644605194,2396.16268752694,1843.18839929926,1757.38707715895,1698.12564689736
"440",3374.64398601642,3247.76452189258,2136.00984777838,1860.48003639606,1762.95268711393,3417.94774667333,2151.03759699035,1801.21073861797,1707.51491428211
"441",2445.17944076193,2346.97074613727,1672.18391328915,1663.38766108047,1585.13813857648,2136.15545369533,1613.29769663218,1601.32934179016,1524.07557124173
"442",2870.9556982838,2772.55674411936,2172.76061670566,2130.1987660621,1970.33320486866,2863.49718391757,2199.36352412713,2054.91006905854,1908.78352877698
"443",3314.32542248649,3231.79921107611,2302.37709666245,1979.28696418744,1899.63159356808,3239.71471766316,2235.88452993324,1913.05927059699,1833.87916990514
"444",3256.61537712621,2963.40572270407,1634.62345682169,1502.21332855301,1431.91947568788,3285.4925620911,1647.89234333959,1462.13094013671,1394.19190986195
"445",4083.57280060842,3562.50963272058,1844.30716918065,1547.54813189028,1452.97983110244,4026.82701844069,1909.4188400271,1495.2160325063,1405.89418934145
"446",2896.82661338849,2724.33340068788,1629.44766129328,1444.11271637449,1369.82551216701,2865.32951875027,1626.08306988831,1395.76319158932,1326.41365044772
"447",3073.22964889387,2788.10115506734,1907.75593964098,1629.59813280627,1574.09083480478,3145.34708780987,1984.73709866532,1584.66700453428,1531.40086459739
"448",3108.9652534494,2811.51708096045,1693.07435069139,1666.47388032417,1555.59143678649,3030.05930327811,1690.76076903232,1626.59862817765,1515.8333939893
"449",2858.60401981176,2769.29406471326,2097.36742487331,2106.08902582533,1975.87328469269,2770.18188814871,2054.88456967445,2050.47303296754,1921.13959255281
"450",2943.51778403699,3033.86500876058,2111.48668500865,2068.30166054113,1963.95189183182,2895.68018416028,2039.54378510437,1988.40213307661,1892.54907434739
"451",3146.87693997777,2917.49854710445,1965.12396003868,1698.19640412566,1574.01769592725,2972.76780749672,1925.42628558361,1642.24504080096,1521.61880644187
"452",2806.89213761359,2354.65482491764,1705.41079936274,1666.53824738247,1570.6199391657,2738.25175942261,1784.18551141549,1644.47387414293,1550.59638854877
"453",3343.21518411488,3272.30179331576,1825.19919359766,1700.68867766856,1562.19088464569,3226.03618723747,1761.36189626037,1650.13846713509,1510.09226887727
"454",4126.62201509746,4232.42223814627,1828.95732898797,1575.21461474107,1484.54076432605,3960.06647694922,1743.58843607987,1516.77777335681,1430.15740092135
"455",3440.40710305211,3334.7154396405,1898.82091218238,1803.97851710093,1683.47861788011,3244.18132091728,1831.16239557229,1740.4078987685,1621.55632148471
"456",2674.02120731905,2652.95928267189,2091.89981391107,2050.66241212978,1964.46262492081,2638.91817337419,2054.86789555642,1993.20365578345,1908.20416533177
"457",3465.77998799094,3378.60849236677,1861.75449584049,1517.44980145381,1407.11522976012,3205.14596405337,1781.06183896107,1449.95708390766,1350.2122653842
"458",2503.84948421619,2554.35379277459,2109.73761686917,2073.95781769574,1996.40718914196,2429.26689246465,2023.88956422441,1992.50344671383,1919.68324798037
"459",3870.45148927296,3455.97931545833,2172.21087882047,1794.13281135573,1587.60831977829,3819.60374827882,2209.29552761771,1735.59746569887,1534.98055620172
"460",2964.0180173139,2912.69790824683,2112.17177228482,1724.90517626962,1598.1684256319,2912.15005620383,2116.43937354962,1677.005251732,1549.05526977881
"461",3112.06232952834,2773.52189725734,1755.71738770618,1417.5284400713,1354.4412287122,3079.99374214002,1795.07094674376,1384.38746061072,1319.62602681494
"462",2281.62348021999,2345.7412439224,1616.83411575306,1696.10245438241,1570.93050738354,2218.62957712435,1555.937888357,1631.29562204117,1513.43667742435
"463",2838.28728994649,2739.23145599911,2169.03221496681,2148.1835767252,2028.32635433593,2825.54775583553,2133.15530944441,2089.84327324085,1968.73880062783
"464",2730.88959391302,2600.94879499052,1913.84384891274,1872.77628901572,1774.81903315684,2725.13863015031,1904.18561623914,1845.56726637275,1742.17400293582
"465",2649.82229737574,2616.96201137902,2185.57689870477,2144.53966267098,2020.54962831127,2585.65734352912,2140.19701486571,2064.42586178944,1950.64901123683
"466",2970.59835321702,2882.93466088705,1710.99937006264,1552.98795868598,1469.61976460565,2928.17336831408,1691.54771066929,1513.47834181086,1429.76533961171
"467",2726.77458682211,2515.65357853817,2066.4291285433,2070.16355693658,1971.59199899377,2649.93242231412,2073.03639090847,2014.27192775488,1922.12477345584
"468",2784.2601376439,2858.87551058916,2163.91625602928,2161.10724853118,2002.3920866214,2666.57884757592,2066.38653768251,2069.60836459236,1924.38658194547
"469",2763.32426800482,2827.26677347313,1852.81044742203,1834.86514091798,1726.7986712533,2662.85567618756,1779.84716772321,1757.61084308088,1657.69354450687
"470",2450.09432278142,2401.6163276311,1695.27356909961,1478.22733306159,1415.71527109474,2417.3363729868,1687.89736072678,1411.32721092229,1357.47260813268
"471",3329.06037599327,3297.24494306123,1986.90112137264,1841.91104685657,1735.05848149977,3259.04852679733,1923.62773219526,1786.37642541796,1680.87259861127
"472",3014.17179128177,2802.26696940749,2096.83610826218,1822.78708971958,1732.02481842276,3008.33776898276,2100.77422145139,1791.17348166102,1692.26550435803
"473",2764.12451595513,2708.12322797344,2291.28561332488,2078.43247062388,2012.90436890007,2743.73673890332,2264.41696299548,2011.66333022722,1945.49380008442
"474",2819.02479428946,2887.92195131803,1989.2186233251,2033.86283385309,1797.16356228438,2717.40038208288,1929.49334202111,1918.41250917427,1705.89818567958
"475",2970.286234723,2902.68941726723,2044.29755638488,1952.10485637212,1831.19236780385,2895.39226707082,2006.6156231047,1893.06188702264,1772.71838488184
"476",2742.25724099634,2655.42908140978,1619.42474248532,1622.56705166287,1513.79726347525,2615.3733096897,1571.08170199067,1573.87729565714,1465.11322436996
"477",2988.79164899474,2950.06192251719,2208.29737265669,2035.72831613566,1964.13901759058,2914.13042973405,2135.65101353328,1969.56156773484,1897.48264528518
"478",2671.79599438681,2671.19025065351,2061.13970856587,2022.07223430873,1941.91932200302,2613.58745284684,1991.85309219406,1953.33917428958,1873.78868086903
"479",3102.0644556881,3154.52033539245,2044.45409011596,1923.57350311154,1826.2648673454,2997.94751804904,1974.29268661524,1854.41254331864,1760.87617657688
"480",2521.74022531421,2596.36886135638,2161.68993336113,2121.35264455025,2004.78125929328,2463.23776296142,2078.92804694597,2030.40575981276,1927.44644551286
"481",2737.91870859842,2787.18582482268,1934.10702433059,1984.09624133313,1844.78768420423,2671.89530276656,1860.79472795434,1907.38934873092,1775.23643549928
"482",3424.51379381144,3114.90491623504,1607.51537607763,1590.81615222191,1463.18092139401,3352.50572416955,1609.32875830853,1550.00566668132,1426.47107799082
"483",3672.4192272987,3264.10883181738,1921.65801464162,1829.09834915292,1722.55334993975,3692.17883519147,1937.26825016615,1789.25688985827,1683.19525209653
"484",2948.27754835601,2851.75921524791,1966.57277341079,1670.88438149805,1595.66937720907,2821.4977479824,1906.8994361447,1610.51543975379,1538.22331381741
"485",3292.56157629288,3300.17005061779,1845.69886285525,1877.71003359182,1717.09241794971,3265.47224721584,1790.5475423932,1794.43731060087,1646.63561380908
"486",2807.23230659896,2697.52442317507,2240.02194647492,2112.07567366034,2022.71408622652,2727.42289182246,2211.95056435196,2060.97690820263,1966.82262375124
"487",2325.48047869018,2421.0610725016,1658.66051354862,1620.71148087129,1544.89011936841,2258.41448005868,1579.62002367931,1539.4453721318,1469.87681628967
"488",3065.30158037959,2892.68967437724,2153.90510692246,1969.95252074282,1899.30334467502,3029.2708956873,2153.96482473843,1917.78464328937,1847.77661622212
"489",2349.17010167263,2347.83285936148,1607.27515777197,1645.54827509406,1509.07844111422,2270.64327647493,1548.53905461702,1589.45409164615,1458.07518816048
"490",2701.8981771768,2641.28268464351,2169.63166874776,2026.63537625533,1967.30023503111,2671.28285710319,2145.32429074242,1958.38337152123,1902.77468672296
"491",2616.3522296728,2622.72933619892,2311.68449729276,2279.11396317021,2184.98902977185,2560.76889690029,2261.22382829315,2204.37959389055,2115.79290527321
"492",2509.80905395494,1957.66267850145,1813.81040158726,1814.69844970101,NA,2447.20345380796,1931.26621084556,1849.90441958535,1786.49039661331
"493",2758.38794188182,2643.41867625274,2049.17178702946,1916.02056174741,1842.91638596832,2696.61270069581,2023.38326048407,1866.81523359428,1794.6702451681
"494",3053.6737711048,3091.69329315993,2102.40485319984,1876.41554645074,1793.25913822786,2975.94379895786,2018.37398464326,1799.62098149601,1721.33365415932
"495",2500.96946742024,2498.02864509616,2056.6117778905,1961.12394260483,1889.92744311511,2460.99504409989,1999.79277471959,1886.99409417334,1818.91037597224
"496",3265.25708575915,3200.00423581861,1863.64045507373,1847.89190932509,1577.86245213917,3239.69192115993,1825.496089422,1799.04633356359,1520.90350580949
"497",2759.90300665294,2677.7864372916,2217.22182572901,2008.4613848656,1953.31326304545,2717.43661928645,2192.88513374736,1944.9719380016,1891.52763368382
"498",2994.99562221156,2813.5495584822,1946.08332937286,1908.47771280699,1814.28161300988,2929.07574934196,1922.4317042385,1844.15419188517,1756.52848573464
"499",2364.33022621579,2190.49477612997,1664.60921929267,1582.69894139585,1514.52654327084,2375.98926340235,1692.77511512312,1521.96797163583,1463.32354482807
"500",2723.40457793582,2507.91727120493,1782.47406804723,1604.21870537753,1520.89687439232,2683.47292145086,1794.70045238615,1556.37304178183,1479.07052259765
