"","correct","wrong_link","poisson","geom","oizt","Hurdlezt","ztoi"
"1",872.3681163684,872.367790963845,729.633093701032,1173.48277520676,796.556420442582,812.684793597903,802.6963105943
"2",855.037489383211,855.037778756203,714.399314734246,1115.09601635012,804.841619013192,799.568883821404,809.831849362723
"3",898.135108899563,898.134962225498,736.823539603335,1135.2975110047,814.831418553418,842.953255906923,818.112417190046
"4",820.199879157053,820.199858220653,701.206344143927,1052.08163974434,812.599954998744,772.538017559768,817.018131827477
"5",809.223181682111,809.223044002633,723.332766984567,1101.92778121244,772.223991416976,776.98799473796,779.774571539269
"6",863.430172437187,863.430891460594,734.325603801037,1130.96123491888,804.512651284644,818.614237997066,810.417365520964
"7",847.156263040172,847.156212217204,719.28721510653,1143.19884900626,792.825677638259,800.887692021689,796.323732115578
"8",890.249784217436,890.24981566929,739.149874483184,1154.53400020856,860.503269186314,838.391262508652,860.768756221917
"9",856.692325111181,856.693661474045,719.055752740026,1037.74058089279,782.453992631489,817.890986684545,787.2156093586
"10",892.297415721356,892.297555313212,728.608797906893,1213.26794633552,836.501077389458,829.939342654373,837.266669243304
"11",990.319117046458,990.318883128488,741.982590667361,1210.77736727644,848.436611277738,907.023252139862,850.671384629878
"12",892.119087471813,892.119503744351,718.361959693653,1128.71777979057,812.166925237023,840.581063148799,812.234937869687
"13",879.192439276094,879.192317561573,746.802537549723,1193.00454769708,822.198392291538,836.432213349548,821.929927070935
"14",847.171558615186,847.171301373759,709.025497134187,1155.42226935619,777.025678182029,798.543884889544,779.758727883537
"15",800.020312834497,800.020175246407,703.515642727029,1050.51698878369,789.909859258737,771.959793348108,790.035068872822
"16",897.710073011161,897.710090668817,743.397107270446,1210.29184107565,817.595720325253,840.815593867119,824.967131237273
"17",426374841676.024,870.999971937118,712.411294512604,1129.09810701412,791.660543841897,823.280910104199,791.797487856751
"18",858.146909034861,858.146773992731,719.858193559126,1167.72011504263,781.545524809373,811.646524549873,789.258092236484
"19",962.137790978796,962.138108934519,751.867683518872,1194.79197964042,875.172351971935,888.296377067276,875.469422559051
"20",866.952366891834,866.952097201996,747.460971995307,1208.88330880186,818.672172205717,828.619666243376,819.460414128238
"21",927.587684810097,927.586951953008,754.142482863204,1223.32627495854,816.791754620887,869.738498382717,819.661375150807
"22",833.364548794252,833.364087650625,723.430679448867,1064.71683400777,801.095902680947,800.683691038,802.434461092814
"23",825.857328224634,825.857681793889,730.824601050222,1113.2613785515,784.870936478969,793.983050301058,791.638416667764
"24",880.117453273641,880.118050055652,735.702834149859,1106.95867057169,814.90295111541,840.209800467508,815.563613438808
"25",944.724422430148,944.724885874999,751.898230094232,1146.14163459462,862.155417397831,879.738740362449,874.651026228076
"26",897.104001052158,897.104201220986,735.380862334517,1115.22436751411,840.277397047207,846.992003627675,840.818170644069
"27",874.46034082099,874.460207469729,753.010716053478,1185.26688786547,848.701946362922,828.222940803899,848.972568076926
"28",899.867238524495,899.867434132432,741.25625275909,1172.78409393743,828.450821135454,845.675515716274,832.725743517796
"29",808.963604356822,808.963517870317,703.289426687167,1055.37880904208,781.177472613641,780.6344006442,781.490283783266
"30",893.770981524179,893.770511092646,729.678482456666,1159.23681664293,793.400229249318,840.230016630816,797.553588213761
"31",851.48567064099,851.48561556932,733.706273536879,1176.77787253991,791.944687047147,808.984578544529,794.197825628236
"32",1037.59046091518,1037.5907753504,749.05507669893,1215.71110872707,851.556528987179,930.907966196334,854.363390735055
"33",845.505784786191,845.506022091924,712.517226546595,1074.56713196104,782.227258056493,802.465328517479,786.826162784071
"34",898.641583878686,898.641815778348,730.548974266337,1164.0293844368,798.037435646067,840.824357326704,802.819821568035
"35",119299464493.911,946.534108246873,738.247096467706,1182.54522445652,844.466742733096,866.856454008733,847.573918552916
"36",824.64182365641,824.641698356503,719.42718905528,1096.09161125248,781.077055324752,788.493197674646,786.451477940017
"37",779.501295077708,779.501312531205,699.568285273373,1071.44084423396,753.158336630136,754.452066760844,755.376555107942
"38",880.897073848842,880.897370612059,739.122637284419,1146.74836545818,815.586547689594,832.561936337705,818.684305104122
"39",865.737157831998,865.73680947235,734.451644588091,1168.21689605894,802.018590100694,823.563993477151,802.861429611789
"40",846.824932876683,846.82500962704,725.479727937667,1078.51388422246,812.676588677996,809.221957042555,816.144080918294
"41",991.841927298514,991.842711629184,718.151687436794,1072.76694265622,832.249316083814,914.471443257347,835.583935843477
"42",823.103760547898,823.103644681044,699.387884870112,1092.30874383621,775.467588664877,781.942042501428,779.128676359762
"43",913.143552255366,913.144705189614,734.509792191549,1135.79349826516,869.355552631867,855.141593537841,869.510784632767
"44",914.261878731553,914.263142348109,735.286279880442,1121.50496029835,854.896757412746,856.762404947589,856.37660932737
"45",869.926249605196,869.925992345367,740.291300959334,1218.41621064312,803.23428527696,822.592100811064,803.511930330263
"46",847.05632560746,847.056158176327,727.691480479515,1156.0492439866,803.660109107367,801.493943064071,806.005451385913
"47",860.118858426421,860.119579877786,721.229125036292,1123.13118831371,782.3026564083,815.359190230809,786.276590005156
"48",876.003100998893,876.003774953683,711.238050408259,1114.42102912394,784.604772113626,813.991685312752,787.115889731592
"49",907.559847794502,907.559993183813,764.027203331251,1300.55406943975,819.949794701441,844.835844353518,826.426787586287
"50",965.348358566206,965.349097895014,738.600706149795,1212.81010618539,835.251250157658,889.930933909534,836.706057806425
"51",943.851900481526,943.851865850798,744.499423988546,1178.52030279758,854.986464467258,879.678755219167,855.211930412141
"52",902.368725075126,902.368503472201,743.189049853405,1114.6762446221,844.156250501197,850.317423199923,846.52565566407
"53",937.717729988726,937.718573508525,751.379327312479,1154.71179740145,836.750028330395,875.017925484623,842.521728667357
"54",856.745945270499,856.746043499729,746.652012150552,1211.93275186379,796.780897324711,817.436178716263,801.233956383646
"55",862.525438330784,862.525403801911,722.973582457775,1157.1989848011,802.765731416129,816.174749410087,803.547386663016
"56",819.369761499303,819.369743475118,729.109113794034,1208.47839853711,781.993448833364,781.988829299245,787.777123135961
"57",854.367180105529,854.36767119424,723.479692521862,1124.10998668036,823.858986723855,807.851409323406,797.642320595181
"58",829.207831418987,829.207569050023,728.273729289593,1177.51199727279,803.401075235135,794.808455908125,803.505749431253
"59",979.527079423412,979.5276186815,762.136996863723,1170.48411406546,891.879966685357,909.649828724418,897.945220860076
"60",892.550635306981,892.550596585728,728.375737680372,1119.71392703911,847.333684181461,827.27935093119,850.526937474802
"61",882.179491429756,882.179780001888,744.617723347255,1116.54659384522,814.553454034398,839.062625836393,820.111653212834
"62",888.510511562724,888.510586680419,731.408531153807,1122.80189979119,817.333349650469,835.788627241103,820.657605801381
"63",881.36686873862,881.366772766683,724.394168381671,1170.60073265702,825.736696895338,825.761734808145,826.406494031083
"64",876.28410229234,876.284082693711,719.552704418148,1113.92343933677,799.191534547307,835.048678025016,804.085919020002
"65",873.798024134198,873.79826374498,732.400868055324,1109.67805501037,840.82052420388,826.532924753063,841.020998789234
"66",866.261360688527,866.26104597289,750.090980477915,1251.07111850955,805.126041145786,830.675805341116,808.119437485385
"67",826.952298235958,826.952204523042,726.864294375471,1150.46037728141,801.206061309992,788.085884235529,802.790635536791
"68",954.536564811363,954.536587573752,730.417329305241,1242.09849736612,819.719008879174,870.929030786349,819.749562290186
"69",882.15638501861,882.156449840012,714.202299916116,1144.15697552187,789.06953205102,822.111448135886,794.077874229449
"70",863.473882067925,863.473409230397,741.455417208701,1144.95644642974,818.405051348154,820.415070261944,821.39528260974
"71",849.810424198954,849.810404946472,719.514826990939,1114.90160685036,796.315669277005,804.430263193459,798.452661649825
"72",888.789765818482,888.789512084605,747.140878189718,1139.31619840685,813.956338691764,844.828469189681,818.326346215632
"73",855.02528842613,855.025558077182,723.776394159468,1130.21288005141,793.883190991337,815.406016781737,796.663924414541
"74",902.880776314109,902.881255920223,734.821955674191,1148.57075280421,828.545219478146,838.416253511405,835.366056201285
"75",883.550540955468,883.550666247016,740.321339576884,1162.02652083286,827.706750843135,821.60132336827,836.205517080071
"76",794.707284488829,794.707284170188,712.295073712208,1091.32476744692,768.099135071414,764.02044245057,773.442003566995
"77",948.911886522469,948.911676042293,753.31836783751,1276.47679467353,827.75568566734,888.567751753067,831.260754814291
"78",857.645909298437,857.6459781959,717.674100137105,1078.32824557441,808.31882698358,818.487548313803,810.488858151996
"79",788680688.319143,951.904930616272,728.213098455247,1202.79096716985,841.332786916237,863.981825454181,842.139405353134
"80",842.941390700816,842.941435124943,711.984836827171,1086.93486793952,786.236369629272,804.31832447309,789.373631891914
"81",919.965444435123,15969355.9784011,745.526956287969,1163.88200832831,830.312135267094,864.276310282733,834.701090254599
"82",914.19015495928,914.190016260858,757.464749355533,1252.03125450965,873.948167555039,854.406918768214,874.326599963374
"83",877.568888363107,877.569416305452,726.038880389754,1089.57598359106,785.47992907951,831.738123271159,788.950250393984
"84",904.044108666622,904.043942257884,732.469734029809,1179.47773796012,809.983209650337,846.852942539967,814.74079187875
"85",883.600441894671,883.600771403366,738.677192341508,1142.31164706002,830.799847441148,837.692636049842,833.814831040715
"86",866.369013373405,866.368916526226,741.391680273116,1130.53559991179,829.518773757468,821.466323817022,831.922909753832
"87",810.636031747143,810.636135704072,713.011690756196,1135.65257214147,767.236150105571,780.485631081221,768.650242079388
"88",849.259280771468,849.260517654797,713.614189539622,1025.68870414647,776.27231300557,806.833931862913,782.265557619346
"89",794.02800480451,794.027845610845,725.618728364669,1189.18983858751,758.042160704507,763.16514738932,762.564674103259
"90",962.911680438421,962.910937421135,749.415756841954,1237.40921245329,826.364615084554,897.145958056902,831.32332106094
"91",866.40215852796,866.402131766553,727.191569036195,1194.05004268568,818.693190574375,809.129894680172,807.418148038468
"92",810.613584919571,810.61297509511,696.634656577624,1054.05595149256,796.974478765351,771.930642335937,799.641215800354
"93",864.339023722235,864.339107197991,731.825194083737,1158.26820479821,786.201904841594,817.778287608985,792.736141843856
"94",898.259655396212,898.2591397802,732.619126759532,1172.83471806804,794.484282402356,842.174692212645,797.384907491241
"95",970.421048908515,970.421592047464,746.005417698579,1240.76013575585,836.169383261974,879.669240387417,838.843663126539
"96",886.264032077219,886.263836192757,731.541831454472,1144.29478122768,828.159519754751,829.570819666426,828.892987172308
"97",854.836895770005,854.837082880114,712.656693278171,1101.25377039644,795.91318280921,805.244662865739,796.973231796438
"98",880.059603227849,880.060259340342,731.506999438363,1129.27522026048,814.600416302131,829.666793752595,818.687567520932
"99",843.540737437806,843.541104016393,720.993756308986,1177.95512895496,773.281021369628,803.224906221836,778.503125062358
"100",842.56045271251,842.559953826151,742.173792227633,1145.47776555185,799.357807930631,804.947949129621,806.537196610058
"101",817.602909706231,817.602861364057,718.160568397576,1125.12229211429,787.3502949167,775.989288163472,789.544346142564
"102",826.75389513353,826.753809057147,715.129319786384,1087.68764999571,770.999534256943,789.841151873505,778.120665450928
"103",899.212711754582,899.213053571527,732.64561329947,1086.87237887321,871.778334178835,843.997936452717,872.21647141606
"104",864.549765463193,864.549401984756,735.827662579892,1118.39901007081,804.85036591219,823.919348327978,809.606956717571
"105",864.23768523394,864.237955434562,721.96296060708,1160.19078277479,801.193319220629,813.009897842334,802.400329819987
"106",957.569819357606,957.569532718939,736.657071285719,1108.12943436141,853.349102919251,892.922077339316,855.419483141375
"107",872.643414968066,872.644068535936,735.180398348087,1147.80163014294,806.690806233645,821.458457815841,812.49910534543
"108",803.378233502992,803.377993848553,709.559269882983,1084.36604523508,763.685336797966,769.107113569659,769.536974344674
"109",957.304461155835,957.304360033691,773.140604175222,1224.61472117119,847.892260441814,902.490334314427,850.1343834382
"110",859.663533267113,859.663677741798,736.792971855047,1151.82912374623,835.431110674447,817.990897069735,835.663936380781
"111",878.234897086136,878.234768570117,735.050773555315,1143.92175806664,805.861682113998,835.150191639992,809.039722005942
"112",819.118187538323,819.118191213373,705.971800747941,1089.10368484869,775.775197752333,784.368616907825,777.275088895743
"113",868.02656702322,868.0269274403,709.3952094911,1103.07679005231,799.557013382035,818.871907247203,800.003562014542
"114",919.658888090832,919.659293807683,747.319800086683,1178.0574565147,829.24589453673,868.565018209762,833.842602648703
"115",888.716158705301,888.716195290548,739.88630167101,1182.8022972747,806.781149920127,835.511900210597,810.395487811745
"116",873.037068383314,873.037403717959,746.117938052256,1122.8570411118,823.186636995278,832.598901297349,824.172715583526
"117",891.132302117203,891.132667664439,719.720004608948,1076.47901947438,806.403544358766,835.234203979367,810.171934520205
"118",892.672811899333,892.673456709383,743.993988653753,1173.45471966739,819.851713685071,846.296143244865,822.292939144541
"119",861.49238192735,861.491875766816,747.323181887795,1213.41824981223,833.516319453989,816.813512453509,834.23007507259
"120",885.525982985549,885.525922936679,750.519945200115,1119.46774285176,837.423536440213,831.322592777297,841.334300377613
"121",874.219497655687,874.219686033045,715.595372763437,1120.53324075962,803.874353246875,820.424790231578,805.722378098958
"122",845.104780700269,845.105165813841,729.742994896243,1089.57570636018,811.127720778279,807.037722802777,819.726442084356
"123",870.940248180589,870.939934416743,732.341871450247,1136.44489687899,808.570331567782,817.37172460748,813.493235574853
"124",904.574513957401,904.573736381347,750.297394624222,1264.13747407934,825.234644202852,854.681270932296,825.380316778427
"125",881.227786758501,881.228808916379,723.085599386225,1118.04292934579,796.385113488254,826.021575491518,799.041495671753
"126",904.851174185763,904.850642731415,713.746446136377,1101.05440714144,798.516101642325,846.248338292362,814.079724202746
"127",894.764450636601,894.764257328478,726.799424112096,1167.53627908395,803.792881151796,826.777509262884,806.409200941707
"128",938.038071029179,938.038952846912,744.060300031412,1124.51177596113,835.90961628095,866.731549248075,852.790264550604
"129",894.877686971751,894.877450537031,750.815582955606,1173.01876641581,823.227415312581,848.330466140899,826.247877568988
"130",819.08453525493,819.084607883855,729.574146836774,1088.91243397749,786.24861698324,789.119239956022,794.811322721193
"131",865.001672971437,865.001963672516,723.77608827134,1117.72269280589,813.513739675422,822.487393168753,815.393930311005
"132",872.28614831482,872.286244903102,729.186362366356,1089.15600938206,810.193717268488,823.757427201775,812.754019453384
"133",905.684387604846,905.684406715285,743.334668773597,1175.2395422979,862.456953996641,847.09853453879,862.157795975187
"134",852.098761023584,852.098677560791,716.475410292195,1130.06062477158,811.353539392256,804.675212214999,812.855980433728
"135",884.71521582515,884.715169317149,720.80614642848,1118.94343102133,796.234756572507,824.493595313927,801.391736645532
"136",880.737878431078,880.737881736555,744.568151696352,1155.17973998334,827.288308912093,830.453860408817,830.745728205733
"137",894.165972546301,894.166232903056,721.262841419297,1083.52132511798,809.872540566161,846.911319842332,812.869489164122
"138",861.430902326627,861.430544996246,731.667671260859,1108.29440046946,804.794933851213,816.301378021402,814.020714236916
"139",870.354609257494,870.354327581989,731.856185745263,1152.5756348355,826.887181242633,826.127318964911,828.663134904341
"140",830.93900753605,830.938352993501,722.17485407564,1090.51305919184,781.879049695993,795.11104082819,785.171383979792
"141",845.2577688827,845.257487677301,718.492496738675,1085.9593520763,799.046068724775,801.788349223376,802.071419453482
"142",912.416090764656,912.415849342032,746.550007802854,1234.83240745731,812.154474030123,850.611939896957,817.263731973469
"143",826.286103129131,826.285957999783,728.51877627564,1145.87867117315,804.07868156578,788.431854341854,806.559238194019
"144",833.9786108491,833.978575364206,727.882271919866,1126.07824582735,816.017895280498,797.850310662377,816.10517416084
"145",860.231464742438,860.231457854732,736.705515556336,1161.02709073218,823.321718420763,813.441658519051,827.501810371448
"146",866.464870110339,866.464513871283,717.472682129224,1123.11709305189,799.40940658054,815.659403786702,801.489981373748
"147",914.316974536434,914.31759387344,713.395803716983,1132.7670462277,799.427920452631,844.984395202782,803.00428747411
"148",923.444017411684,923.443636220908,710.086939885964,1131.37767778541,792.047507867675,858.73587228411,792.738570904824
"149",882.257245505265,882.257038223708,730.027818494222,1187.31226954436,807.015591897435,825.317401725376,810.628902500252
"150",865.397426881865,865.397424249199,723.627174309639,1124.58625428432,792.880490326249,829.007797782536,793.131495833081
"151",892.701822920156,892.701777115461,729.906444207056,1206.96706981761,816.188557747611,831.184509237774,816.38372210979
"152",896.495090927718,896.495173455832,737.105202030074,1162.7383702508,841.167302924481,841.02713923611,841.794911238319
"153",862.861771425187,862.862058884596,756.874515872445,1107.67754596896,821.599199273066,824.024259200394,830.834723350563
"154",817.358649358865,817.358649397647,729.523940200811,1098.87915539376,786.002731824788,789.561328281632,789.98281815923
"155",853.486197262048,853.486140312777,746.108661254068,1186.59581755037,825.274848923482,811.121900633507,827.410640692186
"156",868.780644060644,868.780692714463,730.426559684389,1130.18027569721,818.968727488873,819.559771616498,822.189033237296
"157",826.296569947252,826.29631313271,734.603101259387,1193.902175172,810.406449103878,792.578720163322,810.481167400955
"158",850.836210452821,850.836048220357,717.601127122739,1102.63148518941,809.731242493072,808.577144877836,810.516910033832
"159",871.122325126159,871.123010546711,718.873610592799,1107.29458206256,819.194363039779,823.294390150638,819.369702226456
"160",854.508918738906,854.508476586721,723.013123684443,1237.45577694294,786.513747905106,811.686853701712,787.76991281866
"161",931.957078108975,931.957323148801,749.517758426992,1247.33932643226,844.160597209634,865.052977881339,844.199815559183
"162",938.130843162315,938.130660215151,752.67069411472,1184.19435892397,839.851830770705,883.440667439409,840.46410336048
"163",861.0273574153,861.027219191683,737.181805167427,1126.28862110744,823.636027337206,819.965894105757,826.531034303643
"164",1005.41027349423,1005.41104828554,741.561033246291,1208.75700448028,848.602266106286,908.383590126902,854.575455339099
"165",870.964067217141,870.964007352441,758.342328764333,1208.7863329541,828.49657785714,831.659804276729,836.691415204661
"166",861.143774747352,861.143367704508,734.310517518367,1140.93011287294,805.595474316966,825.229882521065,805.624005337517
"167",905.71743200627,905.717994496969,724.941714506233,1136.15423452483,815.496091269062,843.948662623238,818.407066161693
"168",849.724426375635,849.724362491777,732.113643589539,1121.02769048467,813.524171792075,813.453453752955,814.957042024893
"169",979.02355680802,979.024096878223,740.500053935073,1160.9917977356,845.594460641628,902.582982885969,848.84886679339
"170",873.170912152202,873.170820777033,741.544334172369,1212.87880584403,798.899013120828,824.952504811052,800.751134675854
"171",905.959124753542,905.958766906199,749.490318352762,1229.52936601941,809.66772563642,858.886428093285,811.913715405932
"172",980.572110251676,980.57247446583,740.056392322871,1178.55864117573,839.233455635275,904.94397889688,842.046266729354
"173",835.230796281191,835.231411105032,703.372450857234,1095.58995847618,764.825802788345,782.360689268127,770.112720457279
"174",875.817400546624,875.818089292212,733.411511581114,1100.6757228142,806.887962021729,832.804412475666,816.486216128014
"175",829.109705610586,829.10926891064,712.205026034864,1165.97759423016,785.075973482118,781.136531185787,787.611856619256
"176",886.740164603218,886.739713719347,731.496372587306,1162.54911103023,804.024051909612,830.470589771432,800.750019558044
"177",876.581259361538,876.581066338622,729.696672436529,1111.69978005787,801.772725361759,834.052461218332,804.165974039591
"178",900.312862982947,900.312412104393,737.879585468882,1177.39215958477,807.437784755235,843.455577481012,811.437820920584
"179",860.395107214922,860.394799972667,684.874174109567,1074.0393095149,775.505491364019,800.842569473466,777.462103243252
"180",908.846499179356,908.847027217873,752.796460941635,1228.60025313209,811.659080089105,858.536092725012,815.844809958403
"181",859.605074386251,859.604600879525,716.339407421908,1093.88798084058,826.130144159768,808.010292765693,826.186322168119
"182",856.754797596461,856.754839976285,737.826258022897,1213.92122287982,796.978626346185,810.803213755598,802.614411866373
"183",912.956881274265,912.956734156355,742.932194655712,1127.16954675735,834.12805323666,859.899245396212,838.571325055889
"184",840.678365690042,840.678147557779,722.58750920345,1108.26579590821,826.105104064527,796.92290909609,810.836753325242
"185",936.679390771947,936.679097999967,752.258851065179,1139.33283203624,846.084350257434,882.625162489235,849.231168326817
"186",875.123594468934,875.123555603921,744.396744377557,1157.76431662799,804.762015478606,831.335308921704,808.603087386588
"187",792.988415800009,792.988338056584,718.832802717787,1112.95673168483,769.56919983498,766.827959255696,772.9235242082
"188",886.573366319341,886.573414652847,728.450748328728,1138.2250226006,806.768124713862,825.2114384573,812.843887006444
"189",839.867439296556,839.867051592736,733.882033934703,1111.4855083233,789.224379495926,804.296856014067,794.931169291495
"190",896.955764713589,896.956278006006,718.458892173867,1161.29082653129,790.378085893786,833.012190221586,797.06469630573
"191",847.902180990143,847.901753460101,735.489375072802,1143.40688650879,784.458471940606,811.23819800696,789.565962834502
"192",924.991339999876,924.991712090782,730.399208470395,1128.19895636589,868.828443558886,845.459220154994,871.553975712043
"193",850.400160886869,850.399859268823,726.527845273032,1229.97351190494,780.846342917016,805.459804289978,784.842355054826
"194",933.088898661215,933.088675396041,769.224722543691,1277.39945221181,883.733891891912,857.791033633724,886.217559511555
"195",866.146028318604,866.146134392274,738.621295685176,1154.63589218562,801.28608143823,818.429277413402,807.337783073137
"196",888.145995098431,888.145996189633,743.356101557103,1197.28497496229,813.426019019654,837.238123499176,816.9658426831
"197",815.727923191334,815.727615046327,712.768630376888,1103.72748507364,804.061585025024,778.982212289862,804.719413228396
"198",879.939672844344,879.939522889282,732.890507090421,1227.1953740895,795.62407861984,832.090372098115,795.3010154208
"199",859.415957507368,859.415651206839,718.007536050326,1085.76881807793,798.168906278339,804.744314440712,801.718649661581
"200",875.579925980695,875.579893518845,759.216519421494,1229.45619792107,817.532348997569,832.494893687163,821.468279659686
"201",887.659269504341,887.659503437723,727.551989439908,1166.13009872075,818.06750656852,826.1374283119,818.544891627945
"202",916.496367791268,916.495725331608,728.90578435502,1157.96168640697,804.417546257195,850.567725403031,811.344190657903
"203",876.66909887785,876.669069235519,731.075011087219,1106.94677132266,819.668034584678,826.28035906769,824.788165698496
"204",868.443053662827,868.443409488218,734.478277676395,1165.01119688398,809.308197368555,826.514155286904,810.809554135839
"205",835.410629446991,835.410435333449,723.151984819923,1118.20808200835,804.714931666183,800.542561280263,805.306380542517
"206",1014.44478700132,1014.44509879012,768.561314357885,1225.03481861485,873.356975173649,936.921221868592,874.77696650718
"207",857.220792962781,857.220978842522,744.032531011791,1130.13678972648,807.208390286202,819.522998743451,810.093623316152
"208",911.915469821884,911.914802442137,755.69026012146,1214.15349702852,825.658291878095,859.005255516183,829.684942016139
"209",906.354396447538,906.353766559432,740.726160787738,1202.45048715512,831.355838626336,839.953322310634,835.651322515387
"210",850.982984425109,850.98303861552,721.102592291424,1103.21719585792,797.424154373922,808.298611686894,799.70804211413
"211",897.549720675889,897.550006708329,741.291458078482,1173.00718112745,828.214244966112,841.605058343519,830.893442649771
"212",830.187715564815,830.187457891121,698.746167898313,1058.99403860776,795.754915646201,783.806062676921,785.310519611913
"213",862.710442214388,862.710190463823,731.407491127926,1186.20667241518,790.397518858472,819.007106389496,793.336644549862
"214",950.663880382958,950.664125299022,726.198568246982,1170.4632660143,841.121656408346,872.521131922332,844.70463083143
"215",867.336802206275,867.336873390149,705.570585519202,1086.82746624365,804.598308391269,818.108990805082,804.616108887819
"216",826.749335769758,826.749320559738,715.440213301732,1138.65902241875,802.792438962102,778.166734204105,808.219791766457
"217",913.04015500081,913.041108525192,739.206483347761,1139.23997156105,818.202378800655,856.809679833274,822.314041165092
"218",871.88853269238,871.888536423012,728.371674638594,1145.68609030716,792.872353836403,826.229224677112,797.050395324809
"219",968.661303561006,968.662580582883,755.464429195196,1200.10814539506,859.499908846784,889.42135550875,865.74493099403
"220",916.418169129868,916.418063521084,717.721992453911,1097.73467069076,839.872165036359,851.261351188467,840.243924146073
"221",897.976494273431,897.976653313923,738.330359170132,1252.68150732648,792.811033728368,842.207467186017,796.04138466366
"222",936.10643350766,936.106850143691,746.845319904666,1149.04554807659,838.489423734231,873.756947993743,841.723032415021
"223",12179824216811.5,989.94147122941,759.071522177597,1253.22784960834,881.090823258838,901.986783175533,881.250150962581
"224",858.939276950392,858.93873038442,729.680652266273,1169.4670078682,799.565217184344,809.202986694881,802.443587873802
"225",905.386893233374,905.386867836927,752.842981045906,1171.15498395873,846.91052610485,857.325780448971,847.811022428073
"226",883.358503550501,883.358303759673,721.474924372826,1145.78272654588,799.08258604893,824.080818358794,801.234800463171
"227",821.660324345417,821.660146289111,715.570350967306,1151.63045679306,767.551926325206,772.049697877197,774.772628794699
"228",915.018072806106,915.018962762714,744.353240284057,1102.96102109026,845.607308917303,864.061686116543,849.228010312625
"229",972.329463276962,972.329365557604,734.123180120715,1196.2078739171,842.455382676731,894.608482961486,843.061175065629
"230",839.633043539174,839.632815975392,739.835485600726,1138.32329685932,820.620053248932,795.009395387614,828.84649375511
"231",843.475889046668,843.475728585913,734.804557356989,1162.37416528188,777.27958961796,802.594496200458,781.509609982706
"232",803.627045133578,803.627322824815,687.215716016493,1076.77600465471,743.578572660029,771.261738667462,746.607667201994
"233",864.142306326235,864.14241113842,738.136636327728,1231.9577868119,792.114123145496,819.443640984594,794.535635497075
"234",889.780154848439,889.780257813392,744.436209958656,1226.42921052702,830.667457918804,828.263368524665,836.712207816426
"235",858.314816875115,858.315034185854,717.382600978943,1119.92168090156,789.270649733008,803.47396393269,800.030516831371
"236",905.931294378996,905.930735351023,709.010176699984,1153.61485301002,795.661180595853,836.60140909379,798.6094993567
"237",896.477048446354,896.477121456078,732.191889791094,1156.87365825494,842.175642016113,837.46174153231,841.243538354075
"238",839.986656283229,839.986484878861,736.101149219247,1193.85382758366,799.062457451636,805.314385778213,800.492003580735
"239",902.413613305463,902.413471240816,740.069123691037,1202.85274828136,853.534137569197,842.45455242624,853.952057123649
"240",869.00157179064,869.001070354287,720.038592569986,1191.51316641728,789.483972366714,807.246076324976,795.823082800235
"241",831.024250471334,831.024048042779,727.160730936535,1106.03975354716,792.760694128051,792.292035057918,796.945770462585
"242",879.05052286995,879.050377123514,737.367705521346,1243.60575737719,798.081632055229,814.236832634296,814.311363228625
"243",922.924017588978,922.92487288572,709.534698619491,1097.47790291583,805.032251976055,869.488275806754,805.116527663424
"244",818.158568841172,818.158133794102,716.403946636402,1110.62535660966,790.431752670174,782.003149833501,794.489510622573
"245",872.664968602268,872.664797278071,731.092639116796,1184.96281478735,813.482709200598,817.751589973494,813.649741663665
"246",967.807895161748,967.808282662475,728.913821703943,1199.11613382567,799.095802083792,884.28072185661,803.159415276917
"247",828.680134008571,828.679995792496,730.051554939189,1180.82406811863,774.892851407293,788.48189241168,780.801743247215
"248",854.682869655009,854.682742223641,737.813906554686,1162.44406214081,829.961743391436,804.293478806936,839.294007829322
"249",885.587549692661,885.587894919797,742.795773150446,1204.76848728034,801.55757782068,838.684126258128,806.822667035683
"250",855.566537560462,855.566577644357,737.481978283195,1117.08481187414,805.065819650473,816.438760780704,806.538596221048
"251",849.141620016557,849.141152135119,718.05335012283,1054.76823737675,836.605177406221,802.585197793904,836.770591222782
"252",887.159428357274,887.158830461932,712.436526490573,1089.91460758642,813.135621910552,831.274065747762,818.178556092422
"253",966.017126826503,966.017616715075,746.579774461193,1153.52372508208,838.644881784608,887.367365457314,851.55227003969
"254",828.175153302522,828.17488894289,717.574851355358,1148.00472270157,785.637283257402,788.525974256085,786.145145414957
"255",867.41005871339,867.409486550085,749.500503472645,1227.8180198754,812.973188990232,818.893689873896,814.690681261762
"256",872.717247998527,872.716590994624,717.810619100001,1115.68625811332,800.307245779645,819.941050387353,802.06496537284
"257",856.728105192138,856.728114485283,720.616649693536,1109.79830075614,802.470030616699,807.022921540653,805.963039319762
"258",909.979965147982,909.979894956282,743.054188938999,1158.70977752644,842.218497030711,846.755394797949,844.230151151227
"259",829.209681542707,829.209677625001,744.141648227513,1228.2378082699,787.388952814739,792.716888609977,791.588138637018
"260",851.920387722613,851.920633652533,726.794872794584,1089.33271020544,826.702741186244,811.197093894024,827.878441334782
"261",760.501779769364,760.501686413669,696.163365119989,1058.50793091156,732.597227850703,732.934175790213,740.713235620669
"262",862.987250496025,862.987359101588,719.876100285485,1079.37925921301,791.740534246495,816.46213748549,796.135643975108
"263",862.611355352615,862.611264838141,723.205485547195,1132.77615845493,791.861865717248,816.472503549762,795.642503582141
"264",796.505291789033,796.505189348078,711.024629085646,1108.22414702381,755.530576727113,769.742206806276,759.072920670229
"265",919.705044506148,919.705837004563,720.531286316482,1160.41907582114,798.117830684891,845.591428783863,800.685744388829
"266",978.559094855476,978.559374464385,726.650788741453,1132.87661683441,832.866039823131,894.372360906399,839.316700202431
"267",855.411153343656,855.411732823291,717.474867357101,1127.48537526559,778.477675500261,813.40291391764,780.321805164271
"268",812.004277762782,812.004147769165,713.131464784127,1103.10149465151,766.315495014119,777.408100532643,768.524726561977
"269",876.750765834319,876.750721545374,744.516068824857,1208.53702975085,803.616526704935,832.74281728269,807.271337277305
"270",937.161069932596,937.160264371298,754.411642382066,1187.40480924588,832.27343334152,878.974001279082,836.13962667508
"271",827.800830725948,827.801134013311,702.685104515536,1096.08614974925,789.267020090276,778.640326027852,796.952930073228
"272",886.648258462714,886.648270571763,741.918063492543,1134.7010150511,817.100066327998,837.534349773982,822.728951400031
"273",866.206886995393,866.206570955781,736.652803131106,1215.93962239508,802.291728690116,810.294885109512,807.184181713709
"274",853.41934807958,853.41894774556,749.815537890635,1200.07554986008,797.177513315562,817.390713071015,803.225000498307
"275",897.742132774748,897.742473406139,741.645145407883,1122.82605175782,853.32716968769,848.324437882931,853.591154341041
"276",916.735979726091,916.735698501055,766.783178921901,1282.02517569172,828.7280694731,854.524496940845,832.103202929598
"277",30657725908.5173,909.279678200115,729.540160482617,1106.81104784113,833.520581788637,846.814858481683,837.06392311414
"278",894.953435162127,894.9537481321,726.053414875589,1138.10790833902,809.116714275893,842.431066308096,810.235721230767
"279",872.415223758313,872.415421733536,742.750380344176,1221.04046621316,826.390783328663,818.805639232905,826.479345110842
"280",909.601702433078,909.601339739181,745.868501742325,1238.67522067704,864.601155560207,842.544907191953,864.762702276113
"281",833.379940996174,833.379635512506,736.404359538157,1186.42176786,784.700321755729,798.03361622032,787.743008851752
"282",934.717062753476,934.717529313217,753.428278161766,1230.04482903389,831.176772305677,874.735316440494,833.002131578385
"283",809.605699453539,809.605526646554,729.836931680801,1160.37912701503,776.083073582001,776.55103622189,781.567136074123
"284",831.867866401,831.867867067363,711.123703765685,1101.60738244157,785.614873707244,796.917054638747,786.156306536374
"285",904.962734204912,904.962441136892,746.587818699451,1202.73981882535,825.815832703221,846.291234634793,828.809601884435
"286",926.025084141159,926.027912860192,744.643590859015,1184.54803213043,822.989520208429,857.893038330522,829.386908181868
"287",937.60065129407,937.600464878534,758.323018169374,1222.32927727739,846.424690022278,870.919416022993,847.856693753872
"288",860.939837931988,860.940068509547,735.103750075809,1124.89170341206,822.836972585462,813.446242987868,831.310659257071
"289",860.520801520403,860.520961409813,735.812011894992,1144.4697891101,798.174009017112,819.891368441358,801.301614163208
"290",926.362515464724,926.361059107243,730.912424813539,1128.87368949085,829.932351538366,847.979172479884,835.634697841146
"291",842.928285270386,842.928416031408,731.937172324908,1115.44596737633,815.139730377579,810.224374419892,816.727802971246
"292",912.455092757384,912.454833446778,752.271631022554,1154.46522420438,829.96908651611,862.670198947629,817.812103305736
"293",970.270332983893,970.270083950015,741.961972336775,1217.22222130542,825.902914123285,887.379239571494,851.150059205625
"294",948.221964935704,948.222592962772,739.29860618527,1138.99982331625,871.542412968406,883.950291753652,871.6506281343
"295",829.809339347642,829.809361029053,729.269211978585,1089.91240015353,792.487298774402,788.880353943945,803.724233276112
"296",977.292783230678,977.292451587787,753.756832170702,1177.20297258936,886.816466919526,898.660561461314,889.206740586608
"297",974.709653946444,974.709696731885,730.281488591574,1206.73617133157,838.340987189547,877.408253732654,843.080899255488
"298",816.182099165583,816.182079225548,717.368678541806,1169.98320415106,768.163167212666,769.864115848404,776.060882202284
"299",896.543887577649,896.544175534283,728.858050203854,1128.04877855272,806.452062162037,839.144044600268,812.916208785378
"300",856.297617645692,856.297723433523,719.603326840217,1093.24323833101,802.190507684624,811.757386954321,805.493102985328
"301",856.0116249352,856.011394039739,718.685697219137,1132.39559620057,805.086164442854,807.572225360555,799.932222675066
"302",850.113105553751,850.112980941476,740.540782872231,1172.83468827716,809.463153318695,807.127288800165,812.2550195386
"303",926.416299642585,926.415723818584,742.005863215938,1199.9875679269,835.172728915497,863.264729823152,835.84878859868
"304",854.533015556438,854.532925807456,733.042196619866,1182.461041608,790.865076311238,807.91282055552,797.482986019526
"305",836.083806517039,836.083566695375,718.655508390416,1139.30673405333,782.176495609843,795.214233140839,784.669788898854
"306",960.434586305414,960.435259080308,753.713302021609,1148.99419474919,867.12063447299,884.87511257033,875.920639653754
"307",841.672570586527,841.67267277153,750.55499970229,1204.31760711576,802.595039673346,807.1568274558,804.378682105656
"308",839.504528900776,839.50458868218,736.715557982836,1152.4782162429,793.247277686391,799.141672360595,797.156409121186
"309",881.942494676441,881.942473367755,735.310067036139,1127.74986761375,856.294179758679,827.928594847162,859.147991745265
"310",871.561032393306,871.56141200618,732.075329145466,1114.71125441749,809.137760288562,825.35538084187,813.899779170517
"311",857.408295033109,857.408265894057,726.273580537842,1095.21580006295,795.703467169086,814.466434297565,799.255179681569
"312",905.220066926282,905.220193893413,727.085200832685,1109.32344090288,814.075105317549,846.733026048157,818.558852674206
"313",837.01111024821,837.011111786335,717.919115275439,1104.00510329684,794.308770426443,793.355765568035,796.076011435318
"314",895.559182058096,895.559625391254,745.872968838478,1115.43475163275,832.012998769438,848.729224235278,834.568225623276
"315",877.865100857153,877.864877182389,728.837192570399,1121.75707041376,826.842325927854,831.581569064204,829.850560370033
"316",858.765054801868,858.765076529563,725.157017045334,1113.92323401956,813.449402304939,812.88391500194,815.51991085293
"317",843.659101160794,843.659020330467,726.236471491785,1185.94945000171,791.61480985864,797.583341229637,797.239977829829
"318",899.95259550957,899.952470463325,745.740596490602,1200.36180312575,842.174545092581,838.105330205599,846.274222477209
"319",870.809315290999,870.809260830537,726.847960703539,1107.63694144722,812.36828034629,825.780251681736,804.184423098792
"320",829.194671074063,829.194599108099,736.768072887348,1129.82055919389,808.810726765849,797.978570433972,810.261684937131
"321",971.741551512177,971.740847348224,736.655854079937,1240.17009366105,834.927461549372,892.267814972751,839.385698258446
"322",841.844240801493,841.844209158425,705.900082203021,1080.77492293392,796.432020475672,798.653378102103,800.279711971219
"323",840.168418823631,840.168228383593,739.187062872109,1146.23157806268,803.022100575449,796.965986070768,811.774205323726
"324",875.698174098583,875.697898647267,753.365257730863,1168.26554029296,807.151457972428,836.474539089519,812.556545123867
"325",840.83855636784,840.838276084298,726.188984828907,1134.03201074737,796.583589300724,799.965454966711,798.595672874421
"326",924.15659835726,924.157480956901,731.225240075975,1135.12914090784,827.994455799115,859.091290209714,833.382931827371
"327",832.757726704371,832.757726647044,723.087994167093,1155.73397262782,785.317726511718,786.425342035067,790.143911097759
"328",884.810597418854,884.810498940627,725.234571251387,1159.61831692001,800.26697029892,828.059992522301,802.883191074869
"329",798.625712944715,798.625695151313,731.77839135578,1160.98757826938,762.569722325306,772.667198658663,768.255451112372
"330",880.856472349371,880.855849194736,729.84779553253,1184.27311878184,841.385869960373,819.598384773658,842.250587230643
"331",861.412018580603,861.41241967427,743.091921466407,1177.52834470924,799.722919870212,822.658892287625,802.789999206212
"332",912.389917166774,912.390054746887,741.291536772678,1293.6740864008,801.467216601121,834.615102525017,806.266227023256
"333",909.559828591444,909.559703076964,742.787700713061,1200.42409707195,823.344117503974,852.030098493794,827.612120204304
"334",875.013097405122,875.013168716425,733.257484623131,1165.69652828499,825.910107969303,823.689855475334,829.320112824708
"335",877.935896947695,877.935998704439,715.479128661939,1116.09433727086,782.772264526052,825.274174246942,787.772214772645
"336",905.998536395501,905.998606742044,749.078291273474,1214.3123600195,813.928957091674,854.08606251561,815.630145750035
"337",845.742839415993,845.742562575315,749.92531661948,1177.1898768395,794.027369454175,813.953117136632,797.252389508229
"338",869.030876991855,869.031339584252,721.803616897112,1110.64524536979,806.440925433291,816.632525331848,811.824503143338
"339",928.87592347313,11840049.7928726,727.97169988722,1112.96755731819,819.314215880408,873.520293594855,820.91749406475
"340",865.705589716488,865.705483125622,744.730054228986,1202.31293709021,811.512289785667,814.727805841093,817.906383872301
"341",931.228162963297,931.228904856138,704.750148686704,1103.4855378694,805.05797894209,847.928279608356,806.470594771688
"342",819.055097459544,819.055009987005,731.429226833859,1114.73158502399,790.774003342506,781.711803293554,798.000798041407
"343",849.82459360958,849.824389370507,733.297358060818,1196.57147688979,790.186746546643,811.79947956841,792.805107012457
"344",854.664788539048,854.66467816331,727.726025299572,1101.6574596565,803.342622259981,814.786731009656,806.282683098304
"345",916.75890634054,916.759452380942,743.589581371694,1162.40835054373,848.666398753722,855.347851746885,854.583802579077
"346",842.185390606718,842.184923355386,725.654557931899,1130.22547911278,784.384911362309,799.000931543616,787.19774422244
"347",870.568224110798,870.56828217108,747.018533482883,1186.89833389265,798.640316169542,826.641084827801,806.326668489007
"348",814.494986509251,814.494942349619,708.562142204795,1114.19218642525,787.112913352868,773.423030340198,787.592895796136
"349",830.31286116354,830.312834036258,712.589264043972,1136.54838607659,780.796864145723,785.51519957554,785.420211020562
"350",859.072556314445,859.072380978387,744.46206560023,1237.27383576289,790.534011615401,817.12528402661,792.805848371343
"351",884.933427126232,884.934034814947,742.68174969144,1159.06824050545,808.425496283395,838.214813738026,811.49134462412
"352",889.528765819614,889.528898345095,731.361140468695,1168.79184750284,748.317663082819,841.319510944645,823.939871632411
"353",903.405402239772,903.406483967782,704.398649932315,1078.82616675944,786.01906958598,842.633044051864,793.479809172263
"354",832.299128401726,832.298940585703,742.509323357161,1129.24640070164,816.964433267508,803.844088144354,817.171589174837
"355",884.20897171222,884.208840216205,725.813947992001,1161.94237620916,817.562312185157,831.796527342893,818.134363625177
"356",893.964126602412,893.963906721342,734.793876024638,1162.5021907552,810.356676564915,847.477537581425,807.344694789774
"357",974.901998726125,974.901609134415,759.866542931992,1207.76453109944,859.506678679253,901.31741831323,861.811848595494
"358",878.547639880887,878.547741239802,761.516414833391,1148.12540466833,830.70182225841,838.186650259341,837.540751958774
"359",937.715907102051,937.717028421676,723.79703188957,1121.73722442907,821.860879867793,856.556617450033,827.332001165859
"360",884.31916700194,884.320349819496,724.780012861927,1141.89280405785,798.773050956534,827.024415982121,803.373816991828
"361",822.566727106826,822.566576495461,717.028563488265,1159.28152546964,777.163111827484,783.418662555437,778.739760388208
"362",877.821797490143,877.822069025988,726.362570020921,1106.79380419258,835.520683145905,825.398354362596,807.65972384961
"363",906.483727419929,906.483696508744,742.840974153273,1105.02949429194,863.149632228445,851.527804730637,868.636297156172
"364",830.993724027258,830.993616247583,747.395835158541,1200.65356993402,796.41017204999,794.764994831157,802.772369764702
"365",845.912844981856,845.912466082482,711.760079669144,1098.8279964722,806.677527350454,798.282782170285,808.728416759094
"366",891.328592587866,891.328498501013,732.964247289812,1140.21540927689,826.276982912339,839.500439402627,826.683705194096
"367",844.536251475006,844.53623799748,713.513273650781,1063.48847873445,819.873566785819,804.26949517242,821.963462252081
"368",909.170029727918,909.170170691651,746.487800426906,1140.4984483565,839.205629313532,851.704276094737,843.537742123457
"369",885.447731626201,885.448232928158,725.198085175584,1124.97214114117,827.698152671534,825.652409567543,836.433977163046
"370",979.621642345061,979.621351507303,744.664194714077,1187.11350670883,854.504379653057,882.734114308319,862.005094290697
"371",903.352659312791,903.353006355956,739.345021113053,1175.001460932,807.945603125613,850.609719282655,814.397742999194
"372",835.74313756611,835.743429941704,689.928413710329,1043.71918465594,798.80315556022,786.034898511965,801.854671544359
"373",845.269479927569,845.269390467992,746.270706303099,1179.42451534247,796.088981179979,809.947736102715,800.438299184951
"374",935.003181817822,935.003273365427,757.640636330511,1194.74632310736,844.662737130446,881.43566352652,846.820223070782
"375",879.92178246705,879.920917879175,740.191503072749,1190.38945129668,791.35392399042,831.809518409957,796.235373277372
"376",877.6603048006,877.659999626939,739.826698779379,1180.25560420361,826.707196491658,831.158883158094,827.703562562932
"377",885.726075635395,885.725305226172,727.479219566131,1110.53099841754,811.310098161112,832.276885510275,799.977329777298
"378",840.492635494255,840.492522109623,721.029324996976,1145.48132206651,797.40289074788,796.349125801893,800.746491474992
"379",840.906125688396,840.906053708514,701.97241919433,1086.00302281033,786.976553971718,798.868928821188,787.114826242283
"380",917.970052699917,917.970290259213,737.512092380484,1225.98107277633,844.715625219224,854.959709567123,845.279471683741
"381",907.756748942094,907.757018092993,751.3044469693,1162.85291395672,855.179144724455,848.776278222649,857.54769185816
"382",894.940525339644,894.940312346327,740.086205652465,1237.77875455871,816.928499245446,839.326818095121,818.711085230972
"383",920.045144593127,920.045200768076,737.681392244334,1203.24316344645,814.886336594365,856.097802927445,823.955832459408
"384",917.72444507986,917.724346576287,765.486293050461,1332.58026520098,830.737302424838,853.62883053801,835.623700835909
"385",823.993117048234,823.993395209076,712.218843423092,1039.25975470192,774.280001764604,788.428853849759,779.710124696395
"386",883.317329812273,883.317096600506,740.880615160142,1191.960418924,821.780079662119,835.065501408408,823.499705500486
"387",863.732663637333,863.734193001869,722.861139287398,1128.56776572504,801.638462462389,813.486240155765,804.956115486016
"388",865.7905173843,865.790120072034,728.142498192576,1129.98311409893,799.16729602628,815.455896356117,806.489831267696
"389",882.869568557016,882.869635739257,749.096027712977,1162.93584952378,840.302502294308,836.208690685824,845.214304854099
"390",846.195229365236,846.194545701131,737.822351747591,1205.03199605313,787.536547703432,802.911915339131,790.835239308006
"391",848.568325613327,848.568302024307,726.24073094095,1179.08316635678,787.859302129866,808.624557899761,789.761671351197
"392",948.364067617115,948.364048131426,752.560867130063,1231.37601173692,833.314273025463,870.801691125129,839.126450661544
"393",867.518832808006,867.518876117235,750.905801216547,1155.57058944341,821.106016749328,830.0773534832,823.360870531118
"394",872.633837663575,872.633381639058,729.430963281533,1135.09458897172,802.819175664016,817.221092839673,807.571648875389
"395",857.980286610085,857.979887091709,702.223140123431,1100.28110679088,786.50039083754,796.389701947476,790.265181249148
"396",867.063661885426,867.063447593871,753.628750189696,1234.77904792925,811.362901585122,817.805783430251,815.908202455655
"397",922.079912554941,922.080391468347,738.847779240821,1126.66883927624,838.4212610142,853.377159855277,843.495063749752
"398",880.613570994367,880.612840848299,723.127622335835,1108.72612395864,785.889544900358,829.108839717783,789.622328419874
"399",905.252640582374,905.25292757209,739.864591795014,1227.56372151046,808.193308009976,849.57575740317,809.579357896761
"400",812.178087381741,812.177643210648,711.100804932723,1087.12003783911,763.124928548349,775.380281694695,771.013753276357
"401",863.17132502356,863.171142482887,740.303086857275,1132.52222891527,822.484171167299,828.424747252384,822.939418662927
"402",874.474072696205,874.4749994021,726.451572748532,1133.84405073143,818.682843681518,818.676298428579,819.70280456141
"403",871.09286642703,871.092925664211,703.696189595388,1078.65793184314,777.985217749927,820.696133782527,780.824827175443
"404",858.3594698913,858.359996318871,717.33473287862,1084.34025954225,797.831770734195,810.882513380766,799.147930224505
"405",913.188139561113,913.187674524798,763.650196274738,1291.75378821698,842.004716381022,858.134594172835,842.797864342509
"406",870.826283909588,870.826452202297,737.978755504603,1116.55148824072,820.574033738607,830.817873637967,822.550685074721
"407",881.384048990847,881.383749574204,727.617638037744,1158.07937915919,840.293758670683,830.192737909782,840.336348612691
"408",863.594992631575,863.594909056944,734.500706823274,1139.74056207073,835.561962782652,819.277392934419,836.915912373212
"409",851.311761176805,851.311614537055,735.389460423388,1152.44117631277,823.928771944392,807.869621455272,824.448505038258
"410",913.568457832862,913.568125781356,758.486286506274,1301.2000982126,838.619074139983,857.020071345729,838.663782657015
"411",858.674168052082,858.673917575295,748.015891141736,1180.31825812955,811.763497939161,820.748011218094,813.472158010189
"412",932.74652763925,932.74631175464,760.323768667145,1227.60997771633,882.871030947892,868.880621951977,882.936082526795
"413",869.96772757069,869.967587372801,735.530241445134,1124.23346903742,830.143412825156,820.259805950822,834.278966992323
"414",857.508869119293,857.509026563676,726.187971647052,1147.59889130483,809.190225905175,815.68505783701,808.368251046909
"415",835.751138389414,835.751294110299,700.751230687626,1102.1896004242,793.233488092664,789.470337453411,796.807464959451
"416",858.278298881406,858.277801593513,705.122240386675,1104.04909478948,794.171786484916,801.108978482646,796.59714810588
"417",872.291693454552,872.291465775811,745.622900719823,1175.82661098729,808.705168568243,836.400673837657,809.090091788896
"418",845.717408950778,845.717849441541,728.211161746399,1127.74456595058,786.220304334673,808.841683672615,790.572326230355
"419",842.406234173578,9426776.84180858,701.201928034556,1037.00872555734,784.191365225831,799.609233892904,790.355312983864
"420",806.851558252511,806.851524251465,723.521232685074,1114.40225549174,759.031195428975,776.695740387041,767.261901288883
"421",878.244209711028,878.244036891811,741.500188445122,1145.39072672016,808.287871126014,836.146675523108,812.51389317531
"422",842.47339314,842.472954113655,717.810994488571,1096.92945659676,824.141364438264,797.704814583869,824.259138224461
"423",872.690091672975,872.689726443819,711.227822575612,1047.4681119385,822.48349879527,816.715591550174,821.789505852998
"424",870.979148315544,870.979216266741,741.560613220226,1225.22326108572,796.080580682338,824.921769240181,801.124802378037
"425",847.71418454104,847.714402806443,710.234637490633,1062.04995077277,830.416885179504,800.542617464913,832.298129409266
"426",930.279366804908,930.279248422456,761.480965456996,1228.68158854315,860.223888467841,870.284370482255,860.486049600947
"427",837.202895082002,837.202825517203,728.461951301395,1118.96415592677,798.64242673885,804.358916397355,799.097047602512
"428",857.579776425115,857.579762479107,725.405754906018,1128.64915101111,811.877227412821,811.125395504656,815.219076609651
"429",916.202733288686,916.202394546501,741.197910150823,1208.12336203571,825.353625153028,853.948091075354,828.585700821282
"430",841.944308895895,841.944329521837,718.594652263788,1122.48190448154,780.08028776463,800.225967008824,782.842857058828
"431",821.271146744803,821.271168165314,705.130953750749,1068.7327064819,773.673029477366,784.378120084933,776.247695759357
"432",858.848628797845,858.848198063754,723.87263490382,1235.19482842364,796.329442975222,807.771260378081,797.6914692472
"433",855.752797561625,855.752398334342,726.751876664308,1190.8474067473,804.46901994601,811.248186440649,804.472522398976
"434",889.710879810868,889.710813199057,744.680188124143,1209.85399338944,811.295467779939,846.593039522222,811.812277422018
"435",895.322298911537,895.322834956832,744.716757981584,1141.63064831101,843.119366533454,842.907156804515,847.016007796699
"436",877.118190606311,877.11795585247,712.855631364766,1144.54495907963,785.00423991652,826.264891509434,791.150215394976
"437",909.020863227147,909.020616033999,767.314255165144,1243.45478958053,845.018980751696,855.436487099813,847.474846393395
"438",900.908375010263,900.908224592269,748.981080941754,1236.51433978688,810.655305280708,848.842142392776,813.589099984139
"439",833.71720651936,833.717151601736,736.767912264493,1115.54336180708,797.840453373099,797.687082652708,801.843597635314
"440",907.436942683107,907.436545879301,738.610121865583,1174.28246736266,814.932434344786,854.990069620471,817.46739651414
"441",868.671409759866,868.671559111706,733.91243342034,1176.76970775496,813.144271221864,820.157779850857,816.480847998033
"442",888.696789737799,888.696432658289,759.745196774731,1268.60985440144,824.916127247738,841.87211797278,826.013328457341
"443",921.735452136366,921.73527525792,746.304914081152,1230.69677568638,868.419617779041,857.851213639555,868.551737259739
"444",879.669493379251,879.669303419184,735.528933600237,1190.10143784079,812.283344705169,825.547921489946,814.3712754619
"445",948.383956064243,948.384663044914,733.798217888805,1114.89308926287,874.569243224482,871.999230384087,880.275213856726
"446",849.444259068615,849.444458983461,726.81231398221,1082.00569865281,789.484702570707,808.956138128215,799.464634813425
"447",912.527824163801,912.528303072044,739.314550826237,1189.27466588586,821.183985881202,858.169744741009,823.43141731328
"448",940.262246115038,940.26249111378,757.608030107823,1267.53516593705,852.289989736327,869.176770249596,852.891994179326
"449",821.539623841905,821.539222927146,737.376018356499,1188.89773947205,780.227310801296,790.497896977241,786.023477658778
"450",890.78713402016,890.787483805062,749.206823788031,1209.0502123095,797.625902529317,838.379298904107,801.588471096135
"451",921.574564419587,921.574518662558,716.620038739026,1159.10970226176,838.382418372783,848.414618444759,838.449765433
"452",891.123256732843,891.12319535053,720.720960110699,1115.18302819109,823.090033247388,830.491121332672,828.633045502391
"453",847.843611305972,847.843552034839,727.808993859379,1136.7045048471,803.830326395595,801.004859413606,808.883747693683
"454",860.013984942939,860.013800794811,723.752087748933,1241.38040517982,772.196030213507,812.891455374039,775.192293395958
"455",840.933783970401,840.933780466092,707.524561365621,1070.65609774148,786.327651438398,797.039546799956,788.909162135861
"456",874.312588337689,874.312853143274,734.332368476326,1117.19538614607,833.063448935242,827.811445667601,836.03626744758
"457",833.248419704506,833.248375068757,721.053900664994,1165.97332592733,784.291335262031,784.322368340711,791.980240860779
"458",886.250554823081,886.250917221608,720.932203329424,1110.4878795768,842.678612788305,822.951257403028,846.02094610106
"459",859.558955905611,859.559274145658,730.10267747302,1118.10001591809,814.24358598169,815.395299356573,816.566293235607
"460",914.161097386542,914.16057164634,736.34623024442,1227.87918030693,820.063492017147,844.467263448795,820.252879196925
"461",869.715825083209,869.715738620853,739.069033766014,1208.32314351834,828.394110329782,811.326402666626,832.283486838312
"462",932.031752696568,932.030543253191,745.665683741653,1185.10213330659,821.874285542455,870.735230927566,823.001709783023
"463",942.615672120773,942.616079556767,737.869997664973,1115.29372238686,866.873383172704,872.379825543271,NA
"464",850.403068380493,850.402948724628,724.44833816313,1168.0823511471,814.680931340955,805.747444283982,814.812833777452
"465",828.677207314783,828.677127498273,736.817046050794,1118.04987168766,807.069038192456,792.795168255752,811.913925432885
"466",872.074112442207,872.073747194307,719.179827725656,1156.38705247443,804.651094427873,807.701944480157,807.333995958248
"467",954.49975925795,954.500047959665,746.617604844098,1179.23026163379,849.546983748427,877.577486026475,849.857031912436
"468",801.077234194685,801.077123975749,715.668741924365,1115.91500456436,776.812677062302,772.844351335719,778.059752217913
"469",858.720686816424,858.720445108582,750.3232174066,1153.24633977277,816.784291640619,816.279603944733,820.916607324016
"470",866.940367733507,866.941205973865,700.78122163055,1061.96918767955,792.667259415227,799.991084997666,832.073903164881
"471",857.066737961168,857.066754223228,699.66598227175,1094.09104070021,772.866403705202,805.430430366837,775.429111099622
"472",934.214897939961,934.215728555636,727.513055495654,1141.21504363525,826.426881590072,860.05226280057,834.746280040955
"473",1028.45343158899,1028.45467696187,757.746509348546,1227.48617972196,863.614872825623,929.022203040054,863.883969881654
"474",892.960020115935,892.959763067518,738.016275374688,1184.90779820155,832.839937777832,835.444267444316,833.696648341885
"475",868.762740265984,868.762907247531,733.043371182551,1110.75999923337,815.921784168611,826.328743381994,819.413584678118
"476",874.539001792235,874.538843834059,728.32978621198,1163.68165689566,811.446769605974,822.218784840169,814.122355929371
"477",788.748920655482,788.748754061797,727.728347769478,1107.76912089067,760.621262537599,765.96689255692,766.781846084757
"478",886.886307001674,886.886494976196,737.331518777143,1157.99964523493,809.077503605973,833.126769994442,816.171807909522
"479",913.61650649928,913.616170838833,729.543176191137,1194.03437883211,810.594777756707,839.033856949843,811.889457678232
"480",895.97578543998,895.975316587364,734.669701531237,1161.0430568416,823.574659895223,838.801817692791,824.465063291547
"481",845.622447757702,845.622286540797,726.515119056226,1130.16189740946,806.987916610775,804.622838904878,808.621353538315
"482",881.250855826981,881.250953876723,737.318062661714,1174.99435526145,835.213305537372,832.272631944825,834.413465960382
"483",863.555087754486,863.554883163595,728.059032880421,1108.55980357086,819.793860854761,822.765348809499,820.391148734871
"484",901.771089602487,901.771162136846,719.745610121277,1116.95879819042,797.78981814666,840.058082625611,809.899987155068
"485",890.764759301564,890.764970214671,733.55377273092,1117.35663938246,810.33759585068,843.418938282056,814.340486191696
"486",945.657366975037,945.657680215478,757.234676551715,1259.47351159077,857.363406056521,867.422811319736,857.41654282108
"487",852.300240134754,852.300146041262,736.744113824054,1125.7448311218,819.458858697358,810.935673915074,823.910063470646
"488",913.042374080805,913.04254676675,731.081776194217,1178.77504812822,814.113414512083,859.24583893328,814.228034429205
"489",923.859086713109,923.85861652401,737.885305851443,1199.23942822839,822.521236206233,858.164188722321,824.263246778023
"490",843.797385810071,843.797256884857,729.047756715437,1136.89349515704,784.791780071671,805.94063707806,790.724340613195
"491",799.717320433999,799.71729777131,715.581530608548,1076.98718689537,780.702480092419,765.950245631327,785.543152840093
"492",846.421864553055,846.421936708985,735.991790491499,1116.81718381126,825.107238529555,808.63894770654,825.56150708971
"493",888.642836970518,888.643962047579,717.93408868325,1151.96766951732,788.103200348323,834.105721840697,791.996386126504
"494",824.165824393046,824.165986783296,727.350964079672,1131.82148296425,782.558645697453,793.773030014473,784.625411316151
"495",905.179025609379,905.179811570089,716.833950767044,1133.8811651082,805.693780889665,844.874262774652,808.079105990555
"496",855.206932106945,855.206842933378,729.424582875655,1128.1711921012,796.170135994162,813.02460008135,801.549042775819
"497",854.723219176922,854.723343987474,720.945642987553,1109.8808809777,833.13059393243,804.083605196056,833.782535880057
"498",813.672013690398,813.672025020569,699.870970869616,1120.71477148648,752.85617571326,774.044158629711,754.976765065201
"499",837.387673063839,837.387277538795,731.380766879936,1204.85748395675,772.411106117115,793.570874919043,779.020237979631
"500",904.406833834279,904.407301360007,747.442722240708,1161.86499716932,811.105303191438,853.82920920841,816.862882419448
