"","correct","wrong_link","poisson","negbin","ztHurdle","Hurdlezt","oizt"
"1",NA,947.035181498141,748.544464273872,NA,1087.65749632705,NA,NA
"2",NA,956.620060318463,744.726869246394,933.518187620204,1071.24099871954,NA,NA
"3",NA,980.753935686017,739.28157023209,875.624675305006,1062.64969909098,NA,NA
"4",1004.8044157748,1005.26645527672,751.856120911197,900.559872563638,1147.40989662054,947.704010524903,947.704010524903
"5",NA,961.449039509239,728.20828511811,949.848687953923,1036.21393264967,NA,NA
"6",NA,980.666260256762,734.896077716744,1833046458.04484,1132.20134945262,NA,NA
"7",NA,977.487783476285,739.391656939969,987.091484622394,1081.84733700599,NA,NA
"8",988.963065179629,991.600605382706,756.160922231726,1078.88703346893,1053.88817140551,943.656904170176,943.656904170176
"9",NA,974.61858556193,772.080712447579,33687.6257717257,1153.35617038133,NA,NA
"10",NA,943.946840410668,722.032038621772,959.01824153974,1056.8601444425,NA,NA
"11",NA,977.738697519999,750.631202881163,967.794607492869,1062.97549910243,NA,NA
"12",NA,993.460305894164,762.447534042562,4198327.45755618,1159.57305494313,NA,NA
"13",965.669719670877,965.591246567172,736.809758227524,890.408427066391,1086.5080943064,916.741214242423,916.741214242423
"14",NA,880.828343170688,688.725477249848,816.770078386298,977.829580159469,NA,NA
"15",953.984152175213,953.514287073492,736.541320763008,899.946138103141,1041.42074493679,910.369004102716,910.369004102716
"16",NA,938.687494792419,736.622426036604,868.71766583555,1021.90277032612,NA,NA
"17",NA,942.25879242807,755.560054559551,207706977.57903,1143.37038193475,NA,NA
"18",970.715852014686,971.272956000399,745.533245067569,906.457467616807,1037.72297356636,927.808186938838,927.808186938838
"19",NA,934.660541995972,730.20542000686,831.360056011151,1055.47573553328,NA,NA
"20",964.093363355551,964.130558134164,741.507996533546,886.275403463099,1086.86795898756,931.73410963454,931.73410963454
"21",942.067247331352,941.933370891134,738.759640617193,1034.91400287637,1081.7944076755,900.350771106071,900.350771106071
"22",NA,930.407721934846,717.7961401394,920.777058691844,1072.59925703314,NA,NA
"23",NA,968.007697910298,750.450105183259,896.193645151532,1116.96965361327,NA,NA
"24",942.823711532189,943.018662505906,716.349663486878,912.069641111824,1037.7182063425,898.418202987252,898.418202987252
"25",923.065188969389,927.011222965986,721.809422231617,878.126672715635,965.234408720311,887.804145513805,887.804145513805
"26",NA,968.363934772941,764.622279853544,320246.466312106,1105.86831342214,NA,NA
"27",NA,962.684077901682,757.919686990024,915.898215758291,1103.48548772122,NA,NA
"28",NA,1005.21525927678,757.782444415354,105929120.424876,1292.63194979624,NA,NA
"29",NA,934.311838734232,709.831913770674,833.986768207895,1003.53287873919,NA,NA
"30",NA,905.87751762357,717.870847435256,888.610963295309,981.476162290482,NA,NA
"31",959.546382379249,958.860370099822,742.985616469193,911.140533281286,1097.88298918533,964.189276435611,964.189276435611
"32",968.86052866973,969.394732442022,741.138716803337,959.076728268113,1105.16985703775,929.3194926127,929.3194926127
"33",NA,934.387419527554,723.024491710992,829.500514051014,1085.95930237725,NA,NA
"34",NA,964.693318976931,758.308507550318,1031.09408029999,1033.91925290447,NA,NA
"35",NA,1005.32611920547,752.000950015023,874.93410458545,1056.25890518854,NA,NA
"36",NA,970.367782301118,744.550326305805,3501.69517267847,1099.26282340492,NA,NA
"37",NA,938.719820888303,715.057108575289,856.59023964892,981.590302233003,NA,NA
"38",NA,963.021470581526,748.008847065494,879.233484391016,1003.998053315,NA,NA
"39",NA,928.988495471234,719.470657657347,876.745242081051,991.826661501036,NA,NA
"40",983.881087004401,983.867262919007,758.755379830197,957.455321886346,1120.93577014151,964.532278782666,964.532278782666
"41",NA,930.109633960038,718.768363746493,876.128529658639,1032.48946463379,NA,NA
"42",NA,946.4674316645,731.938619615758,NA,1177.63493787793,NA,NA
"43",NA,1017.26538512781,768.670710007677,5880008.6594202,1171.28910361592,NA,NA
"44",929.398809710357,928.640277201264,720.387622272415,862.511547517158,1008.01281178849,881.506399003599,881.506399003599
"45",NA,914.72396938054,718.86398727003,903.391528637893,969.62572733768,NA,NA
"46",971.116808257343,970.944713153397,744.743159578318,1046.34672807787,1037.98011935578,924.53792110074,924.53792110074
"47",984.21764578982,976.394166675425,754.935548586289,984.787697536512,1113.24505528497,938.896574204222,938.896574204222
"48",NA,964.116211733662,745.153928969986,903.361649158123,1169.65987965648,NA,NA
"49",NA,979.154598785105,744.258069891769,986.40838453935,1069.52769178462,NA,NA
"50",NA,932.543941626608,736.283329275101,47493.7988916898,1018.94330578354,NA,NA
"51",973.292307959931,973.697982269105,725.255086595599,911.957517348006,1097.24762910588,934.237068763949,934.237068763949
"52",NA,930.569943297766,719.198183203709,867.273505252553,1057.53571280058,NA,NA
"53",NA,948.538939015736,717.933030237562,867.11641023676,1044.45253792483,NA,NA
"54",NA,1000.19810902952,753.038834965202,928.073991997957,1173.92276956229,NA,NA
"55",933.041423660616,933.325250819951,722.729507471983,841.487735870258,1044.87269944553,886.229246294299,886.229246294299
"56",NA,972.544252817331,740.437955013642,895.723223492384,1046.36460074297,NA,NA
"57",NA,935.685277753514,718.465492269915,927.949729690656,1040.61089388125,NA,NA
"58",NA,967.058845359512,722.004479615876,883.284496526132,1111.04388395505,NA,NA
"59",NA,928.110625980557,720.834713748693,866.77497924989,987.919314829389,NA,NA
"60",NA,931.071131875161,703.694463377582,815.653374511906,980.292423830748,NA,NA
"61",NA,940.764349630952,731.322681349261,851.205629787164,1009.43002578501,NA,NA
"62",930.138019563385,931.055967057474,719.041516571424,900.200751877835,1022.20328851833,881.383947340102,881.383947340102
"63",NA,1013.07925224794,751.609553313852,866.182839756165,1053.45882230233,NA,NA
"64",NA,959.002510645079,746.29422827943,883.320749285308,1112.83406475205,NA,NA
"65",922.759961745249,922.519070078545,730.096572882837,836.167375372065,1022.96808107999,891.646580759922,891.646580759922
"66",NA,975.536592451554,742.823078950005,938.775578096488,1128.86859420964,NA,NA
"67",NA,993.750530521038,744.703132128494,160708.054561971,1195.62721032413,NA,NA
"68",NA,932.447320659502,735.255379553644,892680.090391628,1056.49169464234,NA,NA
"69",NA,933.937107820971,737.512059137078,866.327430574109,1086.00428369662,NA,NA
"70",NA,912.820578219087,709.285940927803,901.546312081615,1003.74836725888,NA,NA
"71",942.156222692166,941.870816274318,719.858098026787,823.724181813471,1024.58492639189,902.274885953574,902.274885953574
"72",NA,956.39503397742,725.546332897442,830.530480831295,1137.91769713357,NA,NA
"73",NA,987.86585686275,751.413513308272,885.505310793064,1080.06609562525,NA,NA
"74",NA,980.02886188651,763.161990650792,1073.15872035605,1046.25381068884,NA,NA
"75",NA,932.259517953224,729.982832774672,828.987594543139,999.650027843208,NA,NA
"76",NA,900.651588014707,712.180267174431,936.70661033142,944.257504539831,NA,NA
"77",925.327831359449,925.800218084749,731.771800003726,879.154007963753,1025.03962868265,886.501464994366,886.501464994366
"78",NA,925.472812590017,737.317368294585,989.048008101084,965.880668859788,NA,NA
"79",925.365339269509,927.454094822832,719.210145817798,828.080199165932,1032.28719991338,895.682470791845,895.682470791845
"80",949.494631614867,947.303212465506,748.486804886609,917.006277330135,1074.03274550515,910.046614658681,910.046614658681
"81",926.816904774343,926.986093724143,727.946574792825,932.10330793854,1014.55885752774,879.377625263188,879.377625263188
"82",967.263716169728,967.144599232966,738.44179034632,842.499768212031,1078.78938042601,935.91855671328,935.91855671328
"83",NA,989.547902059669,751.22406327985,953.823394540297,1052.21024050748,NA,NA
"84",NA,988.337219684897,766.53529725994,40550.0249458748,1144.35331377703,NA,NA
"85",NA,889.956495887417,719.56499121971,817.75327236921,958.311086410607,NA,NA
"86",950.193091513592,950.0411793511,735.250394378616,902.984778241494,1076.54349058034,896.4155037355,896.4155037355
"87",NA,957.220629798702,735.575610796778,962.558280236034,1082.11055055002,NA,NA
"88",NA,912.948511266156,726.95958741698,895.408276562704,981.294187083484,NA,NA
"89",NA,954.657294439416,750.97223020456,904.171879622035,1009.01370036222,NA,NA
"90",911.12510920655,911.225579947645,696.48602989779,847.150005666235,1004.24093164984,864.045386225659,864.045386225659
"91",NA,928.739948596102,727.162875699716,858.8649685978,1036.13049366846,NA,NA
"92",NA,925.561839342921,715.213324277544,848.529761090328,1073.89057034564,NA,NA
"93",NA,965.562552569888,735.126538008971,948.758528051933,1108.80591946278,NA,NA
"94",NA,949.551412645687,731.179117772732,949.399906085199,1000.59683478865,NA,NA
"95",NA,992.078478955919,770.911387504126,984.801300081238,1103.37927242263,NA,NA
"96",897.062346336277,896.708145512053,709.831726045788,891.352863140519,1033.80090421307,874.408700617349,874.408700617349
"97",914.31117787071,915.324842912694,708.515506664578,849.715962215034,992.54879432856,867.982634521514,867.982634521514
"98",NA,960.339601477698,740.718148935578,912.39943628935,1034.1935566985,NA,NA
"99",957.957838820428,957.266333649515,746.190936349532,966.794165621397,1030.84123304694,929.456441408138,929.456441408138
"100",NA,931.025532919893,725.637465523783,901.156842999554,994.519748543815,NA,NA
"101",NA,922.77324366737,722.355624872909,941.933843711527,960.978455567384,NA,NA
"102",NA,936.001664998802,742.2195177618,869.799566677451,1012.23981322553,NA,NA
"103",960.485588483459,959.272026307998,737.630493737631,854.900131292583,1073.66134206128,906.250777726128,906.250777726128
"104",960.007353339998,961.441438755182,718.578918944651,959.996008089168,991.78807881094,887.96524473911,887.96524473911
"105",NA,998.89570264718,767.171811258413,940.50537734406,1097.46008674737,NA,NA
"106",NA,939.511118376812,750.254484786364,855.853695736865,1076.30136761653,NA,NA
"107",943.758759168156,943.286378896356,730.712221913658,937.130132975828,996.137278328405,927.302429722181,927.302429722181
"108",922.16711526879,922.261462002219,728.341950909872,851.224410910415,1035.27033814593,887.607476488321,887.607476488321
"109",990.831865261434,990.279371252486,746.748752126173,1115.57300697651,1147.90364725163,965.841160422066,965.841160422066
"110",1036.77928946919,1036.99205631438,780.417815028847,1002.57248970529,1127.99665635998,1025.29827533512,1025.29827533512
"111",NA,973.94494833934,764.641577669298,86163974.4548514,1117.55805840533,NA,NA
"112",NA,993.912225043236,744.015251549164,933.585035991226,1071.86128373991,NA,NA
"113",NA,949.825656535862,724.294846745954,833.63073268183,1020.64201250984,NA,NA
"114",NA,970.533360011196,748.655660084093,1463244451.90681,1153.18597479682,NA,NA
"115",924.303239078627,922.612045401472,724.5038327699,893.709928799718,987.079965650363,852.880927446043,852.880927446043
"116",NA,1007.15185676907,768.913849669022,958.317600531112,1086.78417344433,NA,NA
"117",NA,1007.346215326,763.491062751266,930.284636243564,1143.38797602956,NA,NA
"118",NA,955.545920156067,730.19217465707,979.25380928669,1028.44018237049,NA,NA
"119",NA,965.268219315317,743.670792249679,1020.37339789758,1048.89494450362,NA,NA
"120",941.498271543152,941.182557922805,726.58263722947,870.794377969764,1042.34123141729,891.255790540678,891.255790540678
"121",NA,930.920773598044,719.628842708582,827.266114158411,965.052046674057,NA,NA
"122",948.579713760818,948.189493088997,731.490933822155,891.053406385787,1033.58475516328,890.328889058376,890.328889058376
"123",NA,942.538246941727,730.388763088035,850.666007529044,1030.10773903767,NA,NA
"124",972.768399776303,972.600936255666,743.33079576851,1049.98790631028,1075.2136586408,944.221902561187,944.221902561187
"125",971.83073636142,973.500989915072,737.160529016818,997.03994726676,985.894541338323,900.539827057035,900.539827057035
"126",996.910959367719,996.935689218027,768.596481475152,974.006335079024,1093.57028959219,947.171259265893,947.171259265893
"127",NA,936.121755502001,721.067471265334,896.664326117521,1076.11624394876,NA,NA
"128",996.737856034651,996.705861778519,771.062775471013,947.74266017576,1086.98466617793,954.182905300927,954.182905300927
"129",958.038025660481,957.629657986886,741.600351530029,829.779454948475,1047.14359529614,916.63360482076,916.63360482076
"130",NA,930.107784452647,713.253049862479,874.975505749302,991.588325875155,NA,NA
"131",NA,951.324548292327,735.149794457564,943.754408804894,1038.33646921598,NA,NA
"132",NA,941.92096834604,745.134537361271,1025.05499229929,1054.27061985164,NA,NA
"133",NA,922.082766029877,719.527518665862,824.29444885673,1035.59863064406,NA,NA
"134",NA,957.603424570798,729.728449755407,926.264378687438,1137.91551221168,NA,NA
"135",923.997438749217,924.061934799522,729.542923491858,861.767036420426,999.868609841359,875.824952571371,875.824952571371
"136",NA,1031.40140382258,777.50986216719,979.803974239812,1157.26161970844,NA,NA
"137",NA,975.080338576859,755.398009443476,957.857728770944,1148.18319109115,NA,NA
"138",NA,925.035104613924,720.023676564748,826.211106479576,1023.84283235236,NA,NA
"139",NA,948.192371943214,740.319813685567,936.548843533224,1077.13198456617,NA,NA
"140",NA,936.63665919106,726.082438206297,857.413075762583,1012.52891241209,NA,NA
"141",NA,941.298001022923,738.98827932944,882.960880323816,1048.85005266511,NA,NA
"142",969.615588008855,970.172205076479,742.589428768092,904.870245942935,1084.6988873365,926.913179234766,926.913179234766
"143",NA,918.282068306764,713.881089445355,844.254029039559,1020.77134227235,NA,NA
"144",NA,959.021789007009,738.92597443449,938.304116937442,1084.63356774521,NA,NA
"145",934.992538876893,934.712979700892,728.95609729366,1001.6162176916,1032.66905911895,897.021337462,897.021337462
"146",NA,966.004610775554,750.256038219203,929.280203222421,1046.32321151784,NA,NA
"147",NA,967.101244019296,746.924972796506,130130.383046954,1094.27307357055,NA,NA
"148",889.306869743867,889.677964678364,702.807936414092,852.337850257048,935.547520249107,864.450839837488,864.450839837488
"149",NA,959.651859691027,738.901505846557,1006.78724447682,1081.22110930819,NA,NA
"150",NA,994.658704941279,770.735733425394,1157422.13611403,1150.99262948229,NA,NA
"151",NA,952.325159863246,732.879189212639,849.458083605563,1115.79430122781,NA,NA
"152",NA,973.897877664993,739.776741901118,889.301795584177,1018.1254110487,NA,NA
"153",924.161780146542,924.306815642644,716.23794815716,915.004205984191,1026.20640880745,886.621839884828,886.621839884828
"154",NA,936.372142646392,726.441757695782,950.164394197824,1009.26198809901,NA,NA
"155",NA,949.649556181094,724.879780746477,952.203731041952,1072.63074303496,NA,NA
"156",NA,918.803292811391,738.06104553309,840.462488679027,987.089678089686,NA,NA
"157",NA,908.703643164586,716.1293714617,847.72682136477,913.211590889538,NA,NA
"158",926.455008147625,924.873027725519,719.575910752497,885.687152209479,1024.80064661227,885.766812028395,885.766812028395
"159",NA,957.641489762568,739.670442650159,905.068437865077,1101.68070290364,NA,NA
"160",948.739363152496,950.344342176665,730.765417303294,899.055159181197,1050.64157574433,886.81164988428,886.81164988428
"161",942.266409399557,941.806708285397,734.289256854939,859.511242411995,1005.24353076915,904.04504671509,904.04504671509
"162",913.137948744459,913.954347327587,712.784300474207,847.036551625209,980.916383275523,878.195455398791,878.195455398791
"163",NA,982.180147830958,745.068086757153,960.021187258861,1131.33226026495,NA,NA
"164",NA,980.090063671671,761.359920036952,860.983826277121,1085.1652212309,NA,NA
"165",NA,925.694703059805,730.64175449535,860.168588027886,1018.79791576072,NA,NA
"166",NA,902.420601224249,716.802306486782,944.025630169182,993.12598081179,NA,NA
"167",953.515392874883,952.212283943386,753.193642972867,902.183779368537,999.627531502078,923.878308710445,923.878308710445
"168",NA,963.05685681404,758.525518057829,897.414830766641,1064.97790312405,NA,NA
"169",NA,962.867688639159,734.996726647256,870.013045228923,975.210421137668,NA,NA
"170",NA,991.201488691488,746.320438060498,4529124.07674211,1136.15734768523,NA,NA
"171",NA,920.83076177958,721.114482248572,863.896465474189,994.298564456875,NA,NA
"172",NA,946.556509252288,729.137986874463,840.23684060551,1004.46705998503,NA,NA
"173",962.59076757423,963.0031806534,736.297549649878,880.005601950651,1049.91566059935,924.906729358711,924.906729358711
"174",NA,929.612520863537,716.897710554116,871.732154735351,1047.20275975057,NA,NA
"175",NA,957.289507990681,749.075465684218,861.07499399571,1069.23520960499,NA,NA
"176",895.330952001133,894.448544316128,707.193857582586,855.371858684485,953.641261114419,843.545116069956,843.545116069956
"177",938.161027644174,938.700172069734,729.489899177497,902.727098434307,1015.91295589624,879.267817086422,879.267817086422
"178",NA,946.969736391581,743.165297396988,908.785682451522,1034.04899549838,NA,NA
"179",NA,959.959052465686,752.668709215807,653403.175477786,1118.04499708987,NA,NA
"180",NA,937.277742059581,728.032060086261,1027.05587495692,1067.49838602156,NA,NA
"181",NA,908.068694459636,724.915308487942,892.326094301563,1012.66804120056,NA,NA
"182",NA,960.002591714936,741.353323785591,918.133024258734,1076.42522258659,NA,NA
"183",975.221887827559,975.105571586136,740.220638335659,1077.76947579389,1099.70936155646,927.444943719492,927.444943719492
"184",NA,1004.80244252754,740.364562152148,891.3474928137,1177.60044334393,NA,NA
"185",NA,967.332140233264,746.531022298873,878.887699375434,1139.5151708876,NA,NA
"186",NA,979.502895090686,749.226363410531,902.404281061696,1183.25366887623,NA,NA
"187",914.357775777599,914.346926243627,717.45024639472,861.107538924169,969.340795847826,885.238879367582,885.238879367582
"188",NA,963.037852370808,725.20695714516,966.155129183437,1071.17736888751,NA,NA
"189",NA,983.14153850833,758.525391519256,33697.2991189419,1202.20283372407,NA,NA
"190",NA,962.175433137576,756.210811578594,849.405451790278,1112.98806753836,NA,NA
"191",NA,890.980920618707,683.758123357088,803.412402426459,966.319310963411,NA,NA
"192",NA,997.075044299805,753.49721075676,983.467797406824,1107.86790583124,NA,NA
"193",NA,991.827330216894,757.651642277763,929.244474254823,1083.55376040234,NA,NA
"194",1015.35430528045,1014.90582812103,795.314093068994,943.51875689481,1213.66269289804,967.991411024686,967.991411024686
"195",914.248752286272,914.257572174769,711.169033650666,811.59899082737,1024.5169571765,861.39942270195,861.39942270195
"196",NA,944.127405209835,742.822559298209,911.208620931442,1003.83716431993,NA,NA
"197",NA,949.65933598596,732.97841447668,996.564604221573,1080.41571906978,NA,NA
"198",NA,928.17646090338,723.694820762123,874.867266636034,993.96429661457,NA,NA
"199",NA,915.431412819205,723.610527470567,865.683230299173,1043.09717265317,NA,NA
"200",NA,956.016941078542,726.001566782359,971.374830220514,1090.26235078052,NA,NA
"201",NA,1006.36402239398,750.06811210318,967.549041476323,1191.26687907544,NA,NA
"202",NA,944.997310109578,732.856593186566,915.641669853696,1083.81970849478,NA,NA
"203",NA,952.739847096621,727.993021022116,859.505939441882,1052.50864398567,NA,NA
"204",NA,934.422873928785,731.583612717658,892.633673360732,1063.84713477693,NA,NA
"205",NA,980.701651122369,752.478107930323,880.205927131218,1102.39228023592,NA,NA
"206",NA,987.169610217982,734.658571107709,985.440189315131,1065.84075781396,NA,NA
"207",890.518244888394,890.748205339571,700.184817372317,846.392691820539,925.854567779946,861.266901514645,861.266901514645
"208",1024.55218719285,1025.77270000483,746.782473414349,1018.41455722892,1136.13914231029,977.83710352796,977.83710352796
"209",NA,948.655587646479,732.17993873243,892.514642142791,1068.1488002792,NA,NA
"210",944.769365446302,946.007568935651,733.052876657103,887.976661678492,1045.89993293517,890.415819804164,890.415819804164
"211",NA,946.345063172021,723.543302179077,942.401912553457,1077.43416399958,NA,NA
"212",NA,956.304908869091,767.617328608241,418034.059565127,1098.7773523016,NA,NA
"213",NA,939.446884597927,717.905642748498,914.910751437489,1036.90127500224,NA,NA
"214",NA,940.872422460102,720.491319794846,927.807371408737,1091.4990803024,NA,NA
"215",NA,922.116886460111,732.373170852546,887.625198426369,1027.30368790542,NA,NA
"216",NA,962.947780952015,735.688598294505,876.803243800271,993.265651302756,NA,NA
"217",983.885089675765,983.7075319615,745.196739359935,998.165820719363,1107.74093551801,958.197839556174,958.197839556174
"218",NA,939.204176268224,728.121217184086,55329772.8198964,1074.79615527598,NA,NA
"219",NA,948.174931533633,720.765534621285,884.545423533952,1055.52199340582,NA,NA
"220",957.05466656852,955.294333473442,725.831315931265,967.477851176009,1002.0354775865,899.596050101239,899.596050101239
"221",NA,951.67189054233,732.525415852074,1046.45118087127,1035.25404208885,NA,NA
"222",NA,954.438633359556,735.316389168141,975.260158608107,1043.1152742598,NA,NA
"223",NA,931.496565309048,727.19620483583,921.620931436461,985.408824559167,NA,NA
"224",NA,947.394512487816,731.257140658594,1010.58752427555,965.851005430801,NA,NA
"225",NA,984.49068275256,758.95425762068,1025.61607748262,1093.38401672413,NA,NA
"226",NA,925.018481414829,729.087849383755,2200229.14118823,1046.78247614317,NA,NA
"227",NA,964.639454344396,739.342844764872,1020.91961545185,1035.16626160505,NA,NA
"228",NA,968.6244585448,753.582915232141,1040.77183925664,1058.89093359173,NA,NA
"229",NA,948.718782919539,737.468777476266,861.073865906284,1098.68911855398,NA,NA
"230",NA,974.520754823384,741.081046362447,895.056736734998,1085.26335895798,NA,NA
"231",NA,1014.53915922479,768.900156080622,982.286793697042,1082.20414918524,NA,NA
"232",NA,960.657475112625,730.950847326005,887.820377086333,1024.23684665637,NA,NA
"233",986.081382224411,986.33344449698,748.204669005478,951.503809419511,1087.9669243696,938.953178675613,938.953178675613
"234",962.77778473239,962.941062543334,741.943562277342,884.643049159921,1121.06491067929,936.063809383878,936.063809383878
"235",NA,971.321846570416,751.477706850062,34911545.7057625,1099.12592520752,NA,NA
"236",NA,943.733234410754,733.965819299125,980.721773513825,1054.29003934628,NA,NA
"237",NA,958.599037997861,722.195194011235,884.030294661147,1030.48866137415,NA,NA
"238",929.13961871074,929.614097053565,724.622922142405,897.004477328032,1061.44735305954,902.111927781796,902.111927781796
"239",NA,956.14071499484,727.541195735561,1038.30127506914,1055.93062282043,NA,NA
"240",NA,967.319276924235,741.032862434535,969.072731336014,1092.30644145845,NA,NA
"241",NA,954.178751356793,735.892543095127,924.091891482272,981.624825670251,NA,NA
"242",939.543039734238,939.934876502851,737.259585432663,962.068398694946,1027.37706779591,907.105259886723,907.105259886723
"243",NA,999.040848411127,731.136271103266,931.514533370996,1060.69837233338,NA,NA
"244",NA,958.85587467302,741.565415972421,865.838400456688,1029.04552234126,NA,NA
"245",NA,908.515183292412,700.083717744224,801.677438685759,965.604707979867,NA,NA
"246",NA,983.170442043824,752.704213932758,940.005818213257,1103.63038418476,NA,NA
"247",NA,960.252669415787,727.558637277191,901.917032405166,1036.97561191726,NA,NA
"248",NA,889.920349720902,697.929521580341,814.975269402526,940.096775526786,NA,NA
"249",NA,944.887464575864,735.695267544595,1006.35022289025,1058.22678235356,NA,NA
"250",NA,927.036508607199,734.094264957489,840.172914658907,1019.10163042609,NA,NA
"251",NA,943.869432658148,735.25522416474,897.985025465999,1025.86205958465,NA,NA
"252",NA,924.553843823996,731.00861856253,816.180089703022,953.859701572917,NA,NA
"253",NA,895.802410145455,713.764725660652,841.308094892204,960.496318251057,NA,NA
"254",NA,968.124521241209,746.086019649675,872.077611326164,1070.86475908214,NA,NA
"255",NA,965.825480690869,737.63034668676,880.235164084792,1048.04202130804,NA,NA
"256",NA,966.95151012076,736.70103397919,954.472291534877,1047.67366332395,NA,NA
"257",NA,923.610785136563,728.647826244255,878.122176213785,1006.04017243082,NA,NA
"258",971.549689391749,971.894721287873,748.569673187116,907.269834779155,1038.32080661904,922.928222482763,922.928222482763
"259",962.71067166633,962.438232107588,747.913933171656,896.173900148735,1108.32118100772,914.996564069862,914.996564069862
"260",NA,947.266142139533,735.095563551186,914.618893742138,1056.29913731863,NA,NA
"261",955.919116779269,956.035525990709,739.797028532421,858.038085445436,1094.15779624187,916.175093982483,916.175093982483
"262",NA,949.542938094993,738.640176935765,877.680396765772,1081.68433282282,NA,NA
"263",NA,965.259854078419,737.77222122948,881.426294099253,1090.66216606722,NA,NA
"264",NA,950.438643209326,741.302477157546,853.081082447757,1027.54218741254,NA,NA
"265",NA,959.389601066682,738.583943570289,891.709655516503,1052.61250276485,NA,NA
"266",NA,1002.3330232208,749.636567367791,874.050232998781,1011.18659207124,NA,NA
"267",NA,974.032044759952,750.394386365452,893.765069371543,1078.9363794393,NA,NA
"268",NA,976.687825778086,774.292339394449,918.522686061729,1062.65478980742,NA,NA
"269",977.66462799356,977.251563056307,758.924118656565,897.772649180428,1149.81609643307,942.434148334303,942.434148334303
"270",938.052932309298,938.50322101945,735.981543516345,863.320544777567,981.041456302349,907.733122016199,907.733122016199
"271",NA,928.922194522991,725.1958154031,849.267801047287,1007.89108581478,NA,NA
"272",928.042876119549,926.527577410939,725.435457031122,884.501062669724,994.43426447615,872.955303742756,872.955303742756
"273",NA,938.344964115431,747.288239569752,882.526013673243,1058.48552337717,NA,NA
"274",NA,970.90652444202,751.976238839828,968.184717689045,998.725674241972,NA,NA
"275",NA,923.848333719485,708.631986530933,1065.15487376738,1027.15015852126,NA,NA
"276",NA,914.829063202055,712.57690234701,888.598938003456,944.165137878936,NA,NA
"277",NA,960.611188534175,744.213971675449,926.469365394449,1050.79777077668,NA,NA
"278",NA,911.348111351518,712.930773519348,812.308759787309,997.551964504894,NA,NA
"279",NA,894.519740020963,718.640272800736,903.998806293176,921.551460860007,NA,NA
"280",NA,938.951222562027,746.269441027063,859.474048266033,1093.89922474588,NA,NA
"281",NA,996.766487446703,744.752095879936,985.044002848048,1118.255659887,NA,NA
"282",NA,919.898033564403,719.42466457654,853.614094788312,1001.49684534507,NA,NA
"283",NA,972.027488795797,753.635018290978,923.119213468867,1153.84910059394,NA,NA
"284",NA,943.269808313629,746.984186364837,872.345524007787,1054.10484602149,NA,NA
"285",NA,920.873931817607,726.515048387486,969.082773793646,992.618855508018,NA,NA
"286",NA,956.173449848282,735.591796891235,926.296560076923,1069.05655981083,NA,NA
"287",NA,900.265435817836,712.93534327647,847.619215623483,939.235005568779,NA,NA
"288",NA,954.171376021487,740.420243882984,870.661207653957,1053.72208374327,NA,NA
"289",943.091664143489,942.944362468879,727.702302510152,896.917830660026,1035.40081873621,881.61548565063,881.61548565063
"290",NA,960.744516838452,737.172982283509,1001.72973371896,1067.52133033932,NA,NA
"291",NA,947.806200100119,743.493439359622,885.659064888993,1026.0228520047,NA,NA
"292",NA,952.081526062676,735.878202116377,56254.840600896,1112.88044598619,NA,NA
"293",NA,980.535678111866,746.083300845764,953.130480903679,996.772778373427,NA,NA
"294",NA,976.69289523932,774.752722539424,937.476343159159,1088.15555153175,NA,NA
"295",NA,968.921702011865,731.360817254658,10822.4659397812,1067.63932463264,NA,NA
"296",NA,967.675316668512,742.74603526764,940.886574897141,1074.54029820768,NA,NA
"297",NA,980.625777158157,743.425771666821,31043834.2525987,1023.39762915158,NA,NA
"298",NA,962.447651587591,746.370556911376,40846844.5699393,1121.94648350859,NA,NA
"299",NA,943.546148173069,742.276821014266,15003588.5378324,1074.87786154677,NA,NA
"300",NA,887.804308384865,698.84313426187,850.405103515809,936.92019421783,NA,NA
"301",NA,995.309681900127,752.308110876033,893.137668443322,1151.25583275421,NA,NA
"302",NA,948.131677892007,724.520954976325,958.061119295053,1076.51384779367,NA,NA
"303",NA,977.817150950104,747.878237630737,920.040434348249,1083.80312999432,NA,NA
"304",NA,943.500703187648,734.25954890072,1072936.19653085,1136.84674121678,NA,NA
"305",890.591417916461,890.294557513407,703.059642051728,821.378877479325,988.9548976848,856.957768818293,856.957768818293
"306",NA,943.302479642075,721.219320341587,914.538334527448,1056.20596084595,NA,NA
"307",NA,937.657587223894,731.682899336583,940.07055984283,1048.23716617246,NA,NA
"308",NA,959.467475224988,740.274480803874,311858.516124674,1082.2137975932,NA,NA
"309",997.187164945673,993.976444282434,752.99254934015,892.699282707883,1083.83555973036,954.764533060359,954.764533060359
"310",NA,936.3080779862,728.415256377976,711164.133953923,1079.25819547356,NA,NA
"311",NA,961.678607549773,752.903746480969,927.932588518002,1150.11838558617,NA,NA
"312",NA,902.587248922238,728.194968250175,847.057065949669,977.886135326176,NA,NA
"313",NA,974.08188767036,745.766324141014,900.855663143295,1065.41638040466,NA,NA
"314",NA,919.426216606567,727.070057861125,870.454638898742,1019.79607955902,NA,NA
"315",NA,956.574869681042,745.400325655804,872.796777063987,1204.21085875237,NA,NA
"316",NA,965.001199755286,757.019703564528,935.893296822356,1012.49722924815,NA,NA
"317",NA,1013.4507359976,767.017381147888,1020.16144047161,1159.39461262948,NA,NA
"318",NA,959.609376485104,759.446138168982,899.795436741943,1033.42233553935,NA,NA
"319",NA,905.8488736857,718.292851339002,840.812379696605,958.792613079848,NA,NA
"320",NA,956.744122306101,754.523665601661,1022.42960284939,1072.49052535633,NA,NA
"321",NA,977.70343525832,747.223599352543,969.065824537025,1099.55161873501,NA,NA
"322",NA,936.506345342989,727.074780612357,875.952688475692,1034.29479545128,NA,NA
"323",NA,975.565436814282,754.84506746141,923.813272100162,1127.91342048491,NA,NA
"324",NA,928.469373170719,732.681015123557,890.708047399674,999.555917982131,NA,NA
"325",NA,970.237688062382,747.841924036718,868.228953943485,1194.69401672251,NA,NA
"326",NA,953.996466666107,738.556444856051,961.158610109184,1060.02308103267,NA,NA
"327",NA,886.477691597895,699.184765761715,806.140752995079,956.707342827941,NA,NA
"328",NA,945.900555527797,732.874381961333,891.046960750183,1006.68990560426,NA,NA
"329",964.060804367271,963.878816687797,737.155921836168,874.194590116236,1046.21871147705,900.864134573558,900.864134573558
"330",NA,986.044124642717,732.339096584811,414344.24416059,1136.78061534951,NA,NA
"331",NA,922.129854163576,718.692551650145,833.107927911294,1031.75942500805,NA,NA
"332",NA,1003.87394204494,772.823307885111,44592.8683407709,1143.93673147739,NA,NA
"333",NA,951.354337224492,713.032949739804,896.561905945503,1016.88299661,NA,NA
"334",NA,1007.22894512749,793.797788001747,1479.55946088387,1156.75038164255,NA,NA
"335",NA,940.011925263472,734.241079236922,949.014166865932,991.759379894188,NA,NA
"336",950.232686020365,950.447196649059,723.543079212372,941.294438573488,1048.16526839454,911.143172868623,911.143172868623
"337",NA,969.506642692374,733.389982108747,903.606390397503,1101.59961989948,NA,NA
"338",943.082558617166,943.073291118897,709.801465002727,888.771901008558,1023.41195348035,887.825543931899,887.825543931899
"339",NA,932.190776183236,730.434211107478,879.588766537838,978.678775664172,NA,NA
"340",NA,923.820490266147,717.122678340572,868.593589515658,1036.98674112776,NA,NA
"341",NA,955.192855334918,732.291990448631,1053.80517586084,1078.97733132413,NA,NA
"342",NA,919.948581356771,720.637579140248,845.83652833246,986.603424237642,NA,NA
"343",NA,943.259629006065,730.082137058491,13774393.6241652,1092.12004965593,NA,NA
"344",NA,930.949828746728,735.979581148667,854.3666323071,1033.62575219582,NA,NA
"345",NA,891.457011796595,705.370564156291,846.408448198562,957.611054124364,NA,NA
"346",966.846796159895,967.183549810486,734.527334315597,855.994490900445,1052.33669496306,932.414348253674,932.414348253674
"347",885.590025863047,885.099085785885,678.861839376788,903.717721039152,934.1421908638,845.358465596133,845.358465596133
"348",NA,954.077908986393,746.945821060758,935.676885498754,1042.31396461985,NA,NA
"349",909.639191061789,908.813058674477,720.213514313044,815.386248987291,961.707495228074,864.881385654837,864.881385654837
"350",NA,929.599117402024,714.491490061424,881.155073737015,999.339512780926,NA,NA
"351",NA,971.264386854376,754.235772364006,883.487187258784,1181.50143028178,NA,NA
"352",NA,934.680542941616,734.221288560941,813.921177202005,1004.10115027977,NA,NA
"353",971.009337491483,971.028367519274,749.708291531131,898.937648901498,1017.22551381473,922.835616106654,922.835616106654
"354",NA,930.202530879445,705.379575358121,939.829073717144,993.201254764023,NA,NA
"355",NA,971.495180270415,764.133036248174,928.84041147555,1149.82899295501,NA,NA
"356",NA,937.016145999267,732.700804423452,857.664892248106,1052.45155137475,NA,NA
"357",NA,930.850485842709,730.882890951015,827.548395438949,1001.22409900792,NA,NA
"358",NA,934.001090406002,727.900807912737,885.294659599598,1050.06434701851,NA,NA
"359",936.613256512931,936.705369124647,724.106878643776,917.082870893092,1018.88258114614,905.419447366943,905.419447366943
"360",937.629918508191,937.654373543493,729.29290503649,876.659405996417,998.85938601418,935.836571046119,935.836571046119
"361",NA,924.398791895796,726.016261671412,843.858464170744,947.832641101994,NA,NA
"362",955.34335469151,957.241689874269,732.208266428749,926.031488145676,1045.59031934983,902.783899319856,902.783899319856
"363",NA,977.040053706025,737.653170964284,520779.410293081,1106.4711981861,NA,NA
"364",959.61382673429,959.063196622228,746.380535641404,881.014754614412,1017.8831233997,914.264998692326,914.264998692326
"365",NA,967.128518998926,738.58720824966,900.846309551556,1043.65685945617,NA,NA
"366",NA,984.747371343356,752.861731314047,938.689646269651,1067.42652598993,NA,NA
"367",NA,963.12653692622,746.001834214533,925.728526895307,1093.76554966801,NA,NA
"368",930.66787345917,929.729717334765,730.608788427895,849.913856131032,1055.84509467889,885.619984883375,885.619984883375
"369",NA,996.272618064055,751.800115007028,975.574635116407,1062.68147595524,NA,NA
"370",NA,945.073782339858,729.176650368274,947.285910199251,1014.6081052249,NA,NA
"371",923.142303671119,919.150618774097,711.753566988221,941.60711786844,966.368312427597,877.42605363317,877.42605363317
"372",NA,954.294099717174,737.279382668605,951.577690082361,1017.39442482929,NA,NA
"373",NA,1021.64164813419,767.651225491022,886.018341112936,1165.82528454463,NA,NA
"374",952.035064945486,952.165549910923,735.248990536571,847.717107458013,1010.08026358117,903.240650207391,903.240650207391
"375",NA,992.216878679211,758.399118878483,167534.930905292,1132.11896651253,NA,NA
"376",NA,969.198616178322,756.854885561185,960.475928559463,1094.77534375549,NA,NA
"377",NA,944.460870165178,726.350673523444,820.187932405806,1047.10821351975,NA,NA
"378",NA,1003.66203664143,750.284788170067,76747.6040364403,1172.86086068134,NA,NA
"379",NA,952.617684887184,733.81496456689,882.585972054295,1095.59093530512,NA,NA
"380",NA,957.501850657763,748.590487125403,894.533386218272,1074.90291371488,NA,NA
"381",NA,957.327347745165,757.327246276496,910.050982471395,1030.7629739966,NA,NA
"382",NA,963.998968175409,728.872075876512,951.171139268401,1059.450393357,NA,NA
"383",NA,940.605997716924,726.882017217003,941.795059070417,1042.30848920581,NA,NA
"384",999.527864590539,1005.65441962299,743.692200091508,969.361885288413,1131.4396529123,927.344404996446,927.344404996446
"385",NA,957.586541224776,736.858423724544,897.055296422518,1107.73341922017,NA,NA
"386",NA,924.205257843321,720.739404417485,877.741154814507,1057.50536713979,NA,NA
"387",NA,986.719698808281,756.65929627337,6137245.83568008,1146.11518075358,NA,NA
"388",NA,998.162462910646,757.420016577861,921.463908396995,1116.6799875641,NA,NA
"389",NA,978.020847134684,729.480508607784,1014.86015687406,994.617953289357,NA,NA
"390",NA,941.626101463203,725.839411496164,914.05868417743,1037.43195771308,NA,NA
"391",NA,951.728979526126,737.427301894194,74205.3481804884,1006.42754907771,NA,NA
"392",NA,935.124215560004,728.467651794404,923.944866325073,990.314621460353,NA,NA
"393",NA,975.348506939066,737.452959040015,936.827970889501,1104.44052590079,NA,NA
"394",NA,952.627474881072,739.713352186801,862.716264627321,998.150908657773,NA,NA
"395",NA,963.126665835949,733.541066135438,835.327424753272,1111.44933441325,NA,NA
"396",NA,940.608419345301,741.471203125264,849.69771799949,987.48733021757,NA,NA
"397",NA,930.403093696757,734.379152583551,45402175.2255417,1075.98162954805,NA,NA
"398",NA,936.413999983437,730.63816544992,889.223822916025,1032.49278372451,NA,NA
"399",933.496686250413,933.587393937037,731.413781331576,896.003467618563,999.147163928395,910.264649187771,910.264649187771
"400",NA,946.224226085504,738.810780680217,884.286934643332,1129.65312957482,NA,NA
"401",940.536784404177,940.278120732608,729.676460164107,888.410201688925,1038.01771543367,871.99014038814,871.99014038814
"402",NA,942.386981491174,736.790190043577,983.471076637179,1036.16253442865,NA,NA
"403",NA,911.152571132753,714.497941362792,843.368439407666,959.05814633348,NA,NA
"404",NA,922.549604125528,710.074289546901,949.33910965114,1014.75009697176,NA,NA
"405",NA,960.118921807763,766.794585124999,943.687203798723,1114.99709907802,NA,NA
"406",NA,994.934270605518,760.400471533057,1045.43310315378,1205.48001183878,NA,NA
"407",916.232136721124,916.134060656859,715.511960531646,854.697733142603,1017.55167434053,872.776250569827,872.776250569827
"408",NA,971.442926932041,750.422974644302,956.274199545471,1114.51185054834,NA,NA
"409",NA,972.063412653195,738.27989499927,156978964.911369,1087.66266394886,NA,NA
"410",NA,992.412854858693,753.707187344868,924.313207332078,1168.55035282232,NA,NA
"411",NA,965.682834561997,753.754012599552,871.978308739445,1045.45939989428,NA,NA
"412",NA,956.697172999386,732.234719188129,954.708825123819,1063.91790088248,NA,NA
"413",NA,930.083709168188,714.4190080383,862.352615130057,968.337866506284,NA,NA
"414",NA,930.994234966475,712.088743706024,867.346935947913,1049.23710261652,NA,NA
"415",929.032095664595,929.560526572007,730.980447801823,864.204845445193,949.806507118135,877.040333003634,877.040333003634
"416",NA,957.219682981013,749.732571868801,904.516646323125,1061.74869174476,NA,NA
"417",NA,947.410167605263,744.678299576815,889.545427113953,1078.95684435826,NA,NA
"418",NA,905.591501607829,706.560713754827,830.977954985916,953.281990162517,NA,NA
"419",NA,951.940870464333,717.446111099644,868.237798884751,980.868200979764,NA,NA
"420",NA,969.309935027533,743.899225125162,932.815397784736,1066.6491453915,NA,NA
"421",NA,920.697419079194,725.019863447969,976.811619273682,1031.89824150268,NA,NA
"422",NA,995.57560888066,766.638711743518,992.450553652139,1112.41326913573,NA,NA
"423",NA,960.585759995295,750.159712436553,499011.189575073,976.82031343403,NA,NA
"424",908.729649825857,899.124216872999,706.964655526954,843.329670253685,949.544701269581,883.364167078022,883.364167078022
"425",NA,924.418999168256,722.924322679358,885.443768165851,990.78387419562,NA,NA
"426",NA,974.038659837253,740.872595933516,939.254470876465,1095.37682212642,NA,NA
"427",NA,974.275441411149,737.037893622762,976.057765856694,1156.7217765921,NA,NA
"428",NA,912.17264701492,708.94925989254,876.958027889948,999.437605403913,NA,NA
"429",NA,916.495425505628,737.547431146446,956.227645905102,951.396003279019,NA,NA
"430",NA,947.082326391835,741.574154592878,880.466983402294,1075.72492610322,NA,NA
"431",NA,966.721401426477,762.438567673484,903.797927726737,1109.93240595853,NA,NA
"432",967.70193636117,969.377250247603,729.658892208856,984.84959886241,1066.23956139656,907.654974808103,907.654974808103
"433",NA,929.706047800685,720.186642872233,874.607434989061,1047.58393511363,NA,NA
"434",NA,914.603725248272,722.746481961905,848.32336553302,971.191716669708,NA,NA
"435",992.767891350948,992.898124808562,744.237344750846,968.358940673852,1076.49447326542,951.755137833917,951.755137833917
"436",NA,961.159619790955,752.817392196053,336114.703874896,1050.61049994717,NA,NA
"437",NA,925.742741900604,719.212642893371,929.509732718457,1029.85145126676,NA,NA
"438",960.494474791364,959.819537915943,724.090417318782,884.810804470265,1019.07330612685,908.101736302435,908.101736302435
"439",928.541543107154,928.247934700216,720.627731031917,889.505393703009,1027.60803715573,882.044786316136,882.044786316136
"440",899.019996322226,898.1628444076,714.751651030091,842.460368707779,934.097151872327,861.891890658887,861.891890658887
"441",NA,964.211583262871,745.610020465604,964.983119549011,1030.10964629498,NA,NA
"442",NA,953.134304303392,729.056112063267,915.724174054051,1069.48956751598,NA,NA
"443",NA,981.219800752289,757.115968257498,26576066.8728743,1167.98798954168,NA,NA
"444",NA,927.455428601167,725.984138052675,861.192775403903,1020.70256438078,NA,NA
"445",NA,918.276557689963,703.33140080776,908.318375695418,990.420869147301,NA,NA
"446",NA,957.785472808968,743.535631405683,868.713656646762,1057.88176365019,NA,NA
"447",NA,984.125224382138,747.995273838991,997.254001348819,1062.8985197738,NA,NA
"448",NA,944.782798883394,757.579866969406,4875659.05116121,1088.3830819791,NA,NA
"449",NA,911.096045676345,722.637577168948,836.038542394875,1026.64677744681,NA,NA
"450",NA,968.646146133788,752.844128793065,972.236825476576,1093.37965015917,NA,NA
"451",955.499416055856,956.541760827077,750.250839120777,894.111713194426,1034.36405012572,920.589520168603,920.589520168603
"452",916.765080456643,916.781531484306,710.760983668987,900.114291702978,995.59199389613,890.441900213235,890.441900213235
"453",NA,925.584408326848,753.201771064054,2738941.89292187,1080.75975407477,NA,NA
"454",NA,973.048683534902,754.29833874774,957.95712935198,1011.72939803154,NA,NA
"455",NA,975.046497118774,755.716440425323,965.643018693126,1132.34480480705,NA,NA
"456",NA,935.286306975964,735.721389490323,901.993772629645,1044.45946789415,NA,NA
"457",NA,971.699195395066,745.154785721515,867.382119013451,1072.89611915166,NA,NA
"458",NA,958.736148343172,731.155878844513,937.065652068631,1059.75877497315,NA,NA
"459",931.661673720978,931.905596010574,721.962023830808,849.340790765552,1031.46216436406,899.13877588749,899.13877588749
"460",950.84472206014,950.547577111553,738.567460822412,888.297554173468,1060.06860540288,917.607670696126,917.607670696126
"461",NA,939.980525489861,721.003936227057,825.292912037779,1088.38533342541,NA,NA
"462",NA,1000.98810936239,763.52912195708,990.538166060163,1060.81647218775,NA,NA
"463",NA,978.721006633843,744.004881770454,389104.798478425,1129.2670708944,NA,NA
"464",NA,951.560712254267,743.831052073235,869.507650939964,1108.17549807441,NA,NA
"465",936.174686283869,936.174686265425,707.440798041151,934.716623128079,1009.37471089353,900.1132515891,900.1132515891
"466",NA,934.2441537104,731.248560814719,851.384461319674,984.98157210145,NA,NA
"467",958.458085822785,955.040368937789,741.049849480911,879.157548980005,1106.23516330362,909.235354021669,909.235354021669
"468",NA,978.622339920095,735.549403499965,916.777951042457,1063.22223119269,NA,NA
"469",NA,907.361724159314,699.422183083,825.709846454015,994.707563775195,NA,NA
"470",NA,995.910224719838,780.001336310589,971.465201641723,1160.43550485722,NA,NA
"471",NA,940.29592632885,722.675190431244,862.114512647145,1019.27606189073,NA,NA
"472",NA,938.44859323661,724.675916103654,844.75479771174,1014.93713728322,NA,NA
"473",NA,938.212777829132,736.840093082248,864.907300813615,1050.51884859258,NA,NA
"474",NA,989.258709932397,761.721222395152,935.288572834861,1131.78751363826,NA,NA
"475",NA,921.700855572002,721.623969558767,866.209606109944,981.753179427442,NA,NA
"476",NA,930.117464059137,721.083356598396,857.684122857807,1051.19778435262,NA,NA
"477",NA,935.179968228276,726.05713436324,886.428380621377,1038.23438663307,NA,NA
"478",NA,981.941285833813,758.481184891331,922.543947173252,1148.93660512435,NA,NA
"479",NA,962.374546404467,737.492245454653,862.220727229852,1107.32325202507,NA,NA
"480",NA,1000.0322429176,757.341039770173,909.638838144058,1152.96849007958,NA,NA
"481",NA,922.0942347351,720.51090480188,836.35964312241,992.136736953348,NA,NA
"482",NA,943.648775973971,727.201992463883,896.982742071054,1008.91742963571,NA,NA
"483",NA,995.18353889146,773.091149089947,724906.220475588,1133.92046751673,NA,NA
"484",NA,922.277735622085,725.579179979076,865.84987167182,977.009637667774,NA,NA
"485",NA,947.139204615551,708.065640618527,943.008588541368,1037.71418744149,NA,NA
"486",929.473666602807,929.871041052182,718.580762389747,946.47169528775,985.409515323769,883.56482393054,883.56482393054
"487",NA,901.759838492223,703.583206334964,900.972919950441,923.642516433021,NA,NA
"488",NA,930.825969611614,733.09118595717,900.922728423679,1039.26203160717,NA,NA
"489",912.884998414826,912.364133595845,722.874118467715,836.688585588498,1006.87797166338,861.976915808563,861.976915808563
"490",NA,921.850712510833,727.681189006749,879.765902943172,982.980500973644,NA,NA
"491",926.246980942429,926.53720640114,729.713005639947,881.25452671246,1007.23101973245,908.668272322017,908.668272322017
"492",NA,946.347986408538,742.039785635146,934.69041220233,1011.77277938311,NA,NA
"493",NA,948.613080733151,765.698849293997,17794411.0473907,1105.78245343237,NA,NA
"494",NA,974.521100693661,740.012869396236,899.280078897352,1118.72491308324,NA,NA
"495",900.024366765168,900.059524412141,701.575260636336,863.258090457708,969.283644602712,870.442654486877,870.442654486877
"496",NA,960.359817147203,726.113177486971,950.406004188495,970.884415344325,NA,NA
"497",NA,1016.14317946523,777.00791343119,983.807061316043,1240.58327494878,NA,NA
"498",900.723150543295,900.89699282358,701.313931605286,822.503564913912,940.349362170942,869.737905250215,869.737905250215
"499",926.549695908755,926.422905676287,725.195065841596,857.591104191425,998.670775523389,887.792055737746,887.792055737746
"500",NA,919.862779509316,723.152477842848,857.20112068975,981.505166404668,NA,NA
