"","correct_data","ztoigeom_split","Hurdleztgeom_split","oiztgeom_split","ztHurdlegeom_split","ztoigeom_combined","Hurdleztgeom_combined","oiztgeom_combined","ztHurdlegeom_combined"
"1",2723.82692000125,2807.01761209242,2411.2088693491,2256.13963092581,5147.85544013337,2643.81314546348,2225.09806693169,2115.85716720077,4374.48518866615
"2",2819.41440995275,2850.50557339999,2025.98611334756,1997.35781597493,3470.67770817434,2746.17862348771,1907.51640216628,1879.40618479467,3370.84446755443
"3",2548.34025320234,2541.89802109779,2284.40233605534,2186.8192713551,3105.00574605834,2490.38572638013,2228.46959944865,2128.4375697221,3085.87441925833
"4",2760.08684745246,2823.2753420594,2256.98277148293,2307.26482912277,3628.54648475263,2683.34317149762,2158.4058828782,2197.97523054804,3487.22720811649
"5",2973.41517874729,3070.59833672562,2529.86487841445,2469.75756174867,4115.79195904107,2893.2733653289,2356.67193709574,2303.98210603506,3965.1322519286
"6",2519.46306222095,2486.95369297433,2021.84331565948,1949.89048777806,3695.60057981065,2453.21401480725,1996.45343189918,1910.77300941281,3573.21157151843
"7",2647.77722666138,2625.70803639034,1975.14306150182,1957.1464947076,3497.34860537355,2624.304395145,1935.72100482953,1915.27210887738,3571.68165764034
"8",2670.36728563747,2731.88321334704,2471.03033760502,2291.16102546342,3678.59506500134,2621.29618171469,2386.0817983563,2192.87909036402,3599.04266946019
"9",2920.34521681442,3010.31411905646,2269.91009713138,2244.11639757417,4467.153161675,2823.37440681125,2129.08474186198,2097.13491271989,4227.85533522971
"10",2976.33847810029,3020.37578647062,2948.72013392627,2330.08946705811,3483.58262798189,2901.0532871006,2883.48833752298,2218.8026257535,3337.13928391328
"11",2839.13912292097,2950.88137810182,2064.45724877137,2067.08311058664,3768.03561916987,2722.21771206577,1911.08358838525,1904.102243213,3654.74768279841
"12",2658.91379599627,2805.78213849628,2078.22142345085,2085.76572538689,3279.64204785782,2630.3475466627,1931.86303651056,1943.83253456538,3031.1714729577
"13",2837.34299589718,2925.76085341924,2118.21121018623,2102.79015840615,4276.82319220558,2759.77968602844,1993.68751534251,1979.31982681427,4024.09927039762
"14",2771.87426028718,2867.80359551386,2434.63218369288,2293.44272126424,3788.36659602793,2700.26559565129,2299.62772746116,2152.87476944357,3594.32611281024
"15",2639.85783915552,2725.99140918125,1955.42485972601,1967.19437326893,3549.53488138797,2578.38482506793,1847.11542430383,1857.79880032948,3380.81846263009
"16",3140.9974082243,3215.78349590127,2100.25143427463,2116.79895293218,3815.66575635976,3073.86360104798,2006.12531567179,2019.52298884317,3693.63861176492
"17",2700.78784588699,2720.76382523987,2297.12064309568,2171.03782989673,4045.3406929663,2672.56893746529,2283.93563644054,2114.31768734682,4009.1958209635
"18",3114.04086365488,3436.70080222993,2425.83957385699,2399.63278693417,3507.39900145187,3117.29063849694,2136.4576887493,2134.18220080243,3348.52525142902
"19",2500.3714248041,2494.10953721239,1910.70841715351,1901.88953691686,3526.78797215724,2485.63346207684,1899.75576239846,1884.01135550977,3585.96166862086
"20",2830.40741684979,2867.05552968018,2458.18141980039,2269.7648643659,5888.23103643808,2755.45159054319,2408.31702321738,2187.78475038316,5538.70283583762
"21",2919.17728335256,2994.0086624649,2311.06943108452,2245.88294717672,6482.455063704,2827.15653495858,2138.64566004223,2098.42810469083,6426.27925033545
"22",2641.22420320326,2663.91970704363,2208.21081729968,2137.52879120434,4840.28307016629,2590.7486068791,2185.88145238536,2082.65709354341,5276.32410195632
"23",2687.17572738292,2701.12904133562,2248.82427213698,2186.52287763857,3713.96693517394,2622.79314290795,2198.39207530233,2116.60090142357,3915.72102510886
"24",2575.68715298548,2380.52922133873,1634.9548670837,1649.51826493181,3776.11621777959,2596.11210299112,1692.28701711915,1711.06540413987,6342.20631470767
"25",2848.01241253108,2914.6656770779,2443.59234752819,2335.02046669028,5851.64142759301,2774.56703911689,2271.595288757,2192.7580014585,5294.49699325425
"26",3133.15136518165,3215.29825147166,2072.16432515886,2088.58166229468,4888.10665280771,3057.76428012586,1936.31268818622,1951.50152798086,4564.83360280837
"27",2679.49739027112,2747.19088824706,2098.66266162458,1947.51627982311,7209.06763003692,2605.57920352737,1908.24435023574,1818.79728245857,5385.65835278728
"28",2674.69932668708,2746.57670919947,2108.1072040495,2019.53260950444,3561.30162067702,2588.69226343996,1960.50628728901,1891.49944773122,3408.0782390188
"29",2795.22183570472,2858.4266396674,2137.95243184647,2103.79607932492,5410.95002613946,2749.95107178815,2055.87716074118,2016.51105927154,5121.77619486305
"30",2858.47168679774,2975.8035588448,2124.48672411233,2145.9400101841,8380.85019101148,2778.09993165977,2001.89971359406,2018.76651653192,6615.19525335623
"31",2594.8119039837,2625.89952387905,2119.9586471047,2116.35983209987,3331.97312910517,2528.72655678006,2017.9710266094,2016.23821500193,3264.00503241453
"32",3059.8609161461,3154.89853937242,2423.16999764222,2394.78490667921,4484.92359732487,2966.9948052152,2311.85296283969,2247.26817229358,4260.42842081729
"33",3059.36055375607,3192.94502752655,2423.65274478253,2332.2349722627,3531.75744321132,2956.724438741,2200.12715526798,2130.12421058036,3330.4637432694
"34",2999.71127644336,3046.14624425689,2678.22144975401,2307.26818538979,3529.65527763134,2916.88892081346,2541.62019234145,2190.4022122457,3413.49446117518
"35",2540.06656791046,2552.14540898203,1990.53854765877,1959.40629486865,3276.01123734157,2498.95734991493,1922.27752435181,1890.10061755389,3211.15883134902
"36",2972.97542198343,2946.26650206173,1953.90518717368,1977.51825805062,3508.27064509753,2953.62988657077,1968.80920118978,1976.14072747815,3413.44884452834
"37",2641.58013773544,2746.07774952225,2018.5155605916,2010.05894203871,4204.80356125007,2582.26626407072,1933.60594383584,1917.23589059131,3929.56798403079
"38",2643.1131967771,2702.81791305017,2059.48797126382,2018.27008785355,3627.97200438802,2584.07078852093,1933.82046205679,1888.60030756222,3979.91928260707
"39",2859.11403463689,2911.80409561501,2244.87105923701,2169.98994241538,4616.70693778739,2815.76522293755,2198.16525169308,2092.29207211405,5133.10284576718
"40",2540.67655764638,2562.51680391308,2137.7916245241,2094.58569683424,3115.64973092902,2466.45191845512,2061.39170095167,2017.35369353456,3037.00511761683
"41",2786.7624241686,2814.07483135694,2310.30933234746,2239.53251861602,3917.51675723489,2736.65333547845,2251.2536657692,2167.96660806132,3978.9263714838
"42",2760.05124576645,2810.92582899992,2169.52960896463,2187.43072829943,3555.82553134804,2689.0262519298,2072.83579271713,2083.53329817464,3461.71407227819
"43",2790.36341837954,2803.34183722634,2235.4980064428,2168.41830391266,4116.43051964639,2735.40595688146,2149.44546110525,2100.31397268827,3949.70996076816
"44",2603.96922774761,2715.68174299201,2171.98546477054,2099.03722988272,4100.29275672466,2521.32470243778,1993.60116773412,1928.33223335848,3504.16130723
"45",2850.02192075729,2886.41874572022,2131.44160848347,2132.02865558966,4007.27908096158,2776.38118547924,2023.9538421558,2030.8001960624,3871.71797019567
"46",2867.43564491044,2953.87564303991,2257.13936185187,2145.64741489049,4165.32281654398,2832.26254149371,2162.6390302237,2049.77773485468,4115.44891930005
"47",2916.58472174608,3066.24545777968,2103.78069780461,2124.5609999801,10867.2663374456,2840.86605239431,1946.03423558729,1944.48444146441,10385.6273643341
"48",2470.83974551958,2527.18814455234,1969.98676969468,1937.15834300125,5027.4411808826,2420.35215388562,1925.60008192937,1870.6519535807,3979.57258815504
"49",2754.06620803703,2725.40807720101,2163.85466581951,2039.16281230777,4347.03432442525,2746.42476695853,2192.33019034577,2036.11664811276,4069.23876851575
"50",2635.30580761809,2694.58542069997,2155.45276571048,2141.67053444893,5063.02002726086,2575.40928164488,2064.30811295927,2048.08715427765,4524.7763306622
"51",2554.12371731173,2561.14185194394,2046.79210682875,1986.24567654644,3550.86675493325,2539.1075134998,1967.75352955329,1925.12512208304,3386.26253129475
"52",3062.82904676936,3191.32390955612,2373.90566247213,2265.24342495769,6236.13723801281,3034.86342659269,2152.62042725686,2091.60959880907,6051.50259605663
"53",2820.56799589029,2887.70789645695,2886.06067795916,2324.75797588091,7923.3699167573,2735.20238845359,2626.7982609063,2179.11557259376,7044.04802333877
"54",2966.38562211012,3080.3677960981,2279.02755256601,2221.03447530931,5174.18362463084,2893.83168824997,2149.43841146253,2097.90805945931,4899.1646604625
"55",3094.76682907298,3201.83643048751,2627.77849035383,2339.15679782489,10903.3041785959,3020.59850261415,2459.30690887324,2198.37641620585,8773.40862749943
"56",2527.39093222391,2571.33856379639,2081.8580261961,2029.48841886986,4452.31210635642,2463.56526910748,1989.73286518071,1936.45173047324,4153.72204363111
"57",2660.0340479851,2736.44634969925,1980.88108621655,2043.72405128014,3370.35397488209,2601.79078287149,1888.02059023624,1928.39841347892,3245.85845720558
"58",3145.48932778934,3036.80635757654,1959.92115319091,1984.99893251993,4222.42705693373,3139.21932062131,1930.25577590069,1964.18085198399,4810.18295903598
"59",2448.26951284651,2375.16098774779,1924.39058304274,1873.08777623518,4815.73547468764,2365.13890776571,1903.3507714889,1846.63539286879,5710.14542469768
"60",2631.26909327318,2713.91012283184,2300.27229625783,2211.0503059212,3823.31688742802,2571.32745346716,2199.87075388137,2104.57527358202,3622.60793854179
"61",2581.9493969921,2615.51811547577,1953.45947102531,1930.51913978688,3642.87602897807,2565.9642637503,1907.99177120668,1882.66488832402,3582.99026383432
"62",2721.19443404753,2727.95645411607,1993.95306065374,2014.03198134316,3519.89585338151,2629.76155700359,1909.9994005086,1924.20356864271,3513.84695934257
"63",2758.71884546416,2771.86081824346,2108.83336114162,2070.86628540144,3623.1125759258,2729.34621834192,2047.72379269539,2012.45418748729,3593.23175065533
"64",3016.95084360675,2924.31620182829,2212.81750719122,2200.9022716223,6145.81495980973,2996.0574165044,2301.22972159837,2232.85967615957,8506.4438270753
"65",3033.15149802381,3095.1017028178,2213.00884137934,2235.48781756429,5126.33288723305,2947.36752457509,2109.98614619385,2126.50979587101,4775.70167050844
"66",2783.95711286101,2772.58671559039,1924.62278863964,1920.5681784962,5830.03020059684,2740.48078305089,1860.18103299165,1857.6411659277,5669.4788038789
"67",2691.3531155905,2760.01914750493,2149.89905386049,2137.05970860053,4321.53229824027,2624.75456920291,2043.04729738494,2029.59847539335,4136.68233683476
"68",2723.19816056908,2836.22603664493,2366.94060670074,2234.88429163303,4920.51043870139,2672.02874638203,2191.35982182981,2088.68677569189,6685.50667193089
"69",2616.35570203623,2701.5349421332,2009.74649049061,1973.93938199228,3665.10004396478,2511.98734997298,1894.2746866417,1854.72499725332,3316.06901399904
"70",2671.34122813631,2691.88657453722,2147.07695511058,2107.09115773711,3768.23656114993,2585.78184133203,2046.31204068512,2011.41848881182,3345.6235876335
"71",2639.26175304972,2518.50307745033,1714.82359304476,1711.64319654688,2844.89441237509,2605.31838454317,1695.49151427118,1713.68674039723,2766.63905652527
"72",2601.65691090251,2591.67526248893,2065.90549674622,1986.9232898283,5218.94726453225,2507.5125523082,1985.88336123822,1911.76511985231,4767.20345824002
"73",2514.82274416971,2578.30058428706,1956.79918440826,1962.28128304879,3284.95752319208,2458.70748011275,1865.37520581452,1869.90806248675,3100.05741347025
"74",2578.90704098714,2627.73798252126,2138.79491454115,2125.03709172187,3458.00899610233,2514.40225924999,2047.30719854039,2034.87131847865,3340.99872736627
"75",2780.54467289488,2849.56400203088,2236.05200023826,2199.96778900418,5369.00891769658,2741.85790266639,2098.27273305857,2067.62071631079,5113.25093265393
"76",3177.23926333201,3282.28760192594,2337.02454438169,2323.92840879441,4885.10512696067,3076.02646493837,2276.65242353442,2193.71202112215,4368.22699297947
"77",2629.81566039653,2648.7233219416,2249.5543060414,2176.29177352974,3837.1853748587,2550.37505873906,2152.00393347575,2085.45651004183,4776.06830266076
"78",2668.16291582902,2687.3547735697,2368.95784744239,2215.73747858003,3797.43913566333,2616.38279217499,2291.01608831142,2148.24857544872,3739.38120559713
"79",2979.98950990756,2958.03428293815,2309.98688022606,2292.83971332034,3973.49436790828,2898.60926937596,2264.5067871129,2226.46214794365,4092.79994822495
"80",2575.01105034272,2651.46165141975,2139.28492630765,2050.78451297555,3752.41085132384,2513.11820485558,2055.18885280731,1952.40834209635,3265.52308908035
"81",2487.92699099312,2499.80004158619,1918.99561402342,1887.79555135228,4314.30203723654,2425.73323946847,1820.81362765321,1803.60588160807,4283.18042090003
"82",2674.85777777886,2758.63389749558,2152.82971800809,2103.97304535831,4454.38299778477,2608.92476749629,2003.98105744705,1984.14390200063,4205.66934027142
"83",2941.70439597762,2950.00963246947,2087.14944465096,2102.11708835189,3381.7402447764,2833.26740713414,2009.41539314471,2011.42046457559,3309.0847071511
"84",2870.16645997166,2781.75852386438,2312.09035230174,2222.51954692653,3505.63038762371,2844.82448195464,2389.2317357783,2244.02622350955,3492.333707124
"85",2603.87653578707,2639.41782018407,2195.73685292233,2147.84175772396,3223.24836994796,2529.79236540185,2069.11225025864,2052.74168351588,3092.70745654604
"86",2581.53906891472,2634.99976054001,2135.81188409763,2072.62843377335,4639.85834371117,2506.34114948693,1976.96436579024,1943.2895719845,4289.09015250997
"87",2917.29118971645,2735.40905550397,1949.76719087933,1954.48518521044,5610.76330432809,2799.72682319019,1958.73703957586,1965.1766687165,6623.30369602241
"88",2704.38440271043,2752.14388396463,2207.11520322564,2158.25924902468,3987.53999397505,2636.91265639871,2108.51750261415,2063.7504774729,3793.75792415918
"89",2836.72471484826,2873.15094077436,2281.59282432661,2287.87362018086,4423.60044362931,2788.44481895432,2209.2307401146,2210.10247212156,4317.97112298749
"90",2606.39982634052,2609.94492794329,2091.75592584103,2068.13046616573,5224.58510519472,2549.79174544148,2073.43640418043,2023.66593097894,5398.74239733548
"91",3139.04748545886,3148.88982361675,2776.13034458629,2491.49675318717,5795.5389151399,3053.51698223551,2691.44996156396,2373.52518060928,4946.72849653978
"92",2745.03215387215,2749.77163731138,2012.51931736682,2013.3808245868,4481.90317146993,2669.15889857134,1925.00031771725,1928.58756187859,4345.93292667542
"93",2957.81493239138,3077.83829954118,2179.74575508554,2148.0675750384,4375.2635456298,2918.90995763363,2031.34614591602,2013.91657676478,4177.88934933513
"94",2688.42094462829,2675.65905691319,2071.02506165341,2031.28419409298,3743.97391480454,2596.6493822076,2010.93825525328,1959.64364064074,3634.7003439248
"95",2627.78796561907,2691.03376942239,1834.95722006871,1839.02147772186,9942.28513138509,2570.97102043995,1739.76726758638,1741.30642044627,10368.0102975523
"96",2566.80466956658,2697.89351810485,1920.8659657541,1859.20511048226,3362.08412400081,2503.85014020529,1786.31726179086,1719.89844069771,3239.94408451377
"97",2847.58784109789,2913.30771435311,2155.92917276572,2147.93730558532,6405.35786266924,2849.18499908832,2073.64598374637,2067.92887540315,5723.05122906974
"98",3187.49556087872,3204.68808435883,2543.99998239746,2428.69640727244,3450.18190084818,3129.4130247908,2467.77200016318,2346.61812097436,3323.47824008464
"99",2641.45626860996,2725.15445757741,2252.05978173803,2223.31268482527,3610.53526153206,2570.38258484161,2132.30356101158,2098.21182439407,3396.3738287389
"100",2600.95473948906,2714.25951042304,2032.85501651898,2030.87288288444,3833.78000439103,2526.85713288606,1898.88113830728,1895.63585244338,3651.21821449458
"101",3211.97998638103,3178.25721967369,2523.00340751287,2332.59314338011,3768.69532903462,3151.13625595828,2485.17460117299,2278.75795643212,3648.0174448892
"102",2545.43039776187,2615.01167778759,2125.03247725175,2057.09427152794,3867.94835490019,2490.47462074136,1999.91521555986,1947.65069869303,3578.58162896803
"103",2922.48160075916,2959.65875076221,2372.85039744932,2255.53103203015,3837.04322916922,2834.29656832649,2243.21800451847,2132.33214032399,3720.43632143698
"104",2698.74491752586,2720.63336090269,2196.9701901772,2171.94370384209,4019.38220925223,2645.58261885925,2117.37019265235,2093.11508174399,4128.88176179534
"105",3172.20005599946,3242.02274266247,2061.92745640117,2096.89030964441,3316.96446012559,3089.39291594757,1995.7002107279,2002.36507603005,3152.35926627785
"106",2796.27815990028,2864.97546645134,2461.30420902752,2372.53668281781,3815.83248789218,2721.08709531442,2333.46649094272,2244.00838273258,3610.65563896939
"107",2512.14710311624,2614.53211608491,2102.55811940167,2065.10169276084,3625.51153898154,2445.253607001,1971.86821770042,1938.45393496678,3222.14412359427
"108",3149.20230379816,3269.7319877847,2232.2478126358,2247.12843572673,3625.62533610909,3059.57858366328,2069.29905157082,2091.66591498148,3487.85691094722
"109",2672.79495730269,2718.30580715514,2135.85107105119,2119.92987294025,3653.00557174037,2610.33926773495,2041.08734820076,2025.60357645846,3437.13830500952
"110",2817.0111757506,2755.49726137076,1979.75149007801,1974.27550077513,5967.37181958429,2801.50351711401,1971.47699503686,1965.95477432275,6664.45074353437
"111",2954.53670799508,3059.56289760621,2424.79161978184,2253.15492732622,9377.17139308233,2862.7103268898,2227.00184870336,2102.37605100312,7945.03696213344
"112",2850.52648954305,2981.19748464351,1981.39702664391,2015.70791382701,3710.30300083835,2780.33444615159,1822.88695783325,1851.63222744543,3543.98676508116
"113",2662.4240598661,2684.52256616615,2234.08354207567,2107.92202089119,3757.84688321284,2604.26424966234,2138.96217129627,2023.10514185377,3631.66156028997
"114",2901.1388782256,2948.88796678415,2139.28370409318,2130.54872918223,4881.54518794364,2819.69812147171,2031.48164870602,2024.03930158372,4656.89556808724
"115",2565.63535918382,2629.13920094256,2138.3749538436,2117.96889631941,3950.91028867262,2518.57537588262,2055.35399525013,2034.73083132173,3866.74414938934
"116",2777.77374421692,2902.94231621896,2164.223977152,2126.48557815205,3725.7083735069,2674.39908394263,1995.20887982237,1959.31991015965,5139.53765775153
"117",2626.34445943958,2707.87829795063,2125.3176762324,2082.55815652553,3752.50597079167,2573.57634631619,1990.97578547452,1962.45626613237,3553.01717588438
"118",2811.9312008219,2814.26051264318,2260.25560328145,2256.8024100521,4074.71091922534,2735.70847004312,2161.29795827623,2168.66941365035,4105.17113145688
"119",2752.6910708264,2777.50827017481,2349.17635940569,2262.20506282991,3295.71041514138,2698.54913823898,2332.50516336111,2196.97254842599,3580.49618396894
"120",2714.73783619097,2881.40322115171,2242.40772417099,2159.38795946354,4074.98108643355,2646.12352963576,2047.18698087328,1985.27854006694,3794.03872601552
"121",2958.95868789453,3060.22438912544,2162.10386925342,2125.89013907611,6494.95165777154,2877.0030903747,1981.11896952845,1968.02319085469,6224.4455014963
"122",2587.98270957088,2558.20676720814,2106.08792275348,2064.46769024723,3500.23097355257,2565.04593001873,2052.45116994912,2018.25914666533,3493.19273951667
"123",2395.5456463264,2402.55331143468,1926.47220818671,1872.77681783179,3271.22019934103,2343.10072343659,1929.35955057831,1826.34493145646,3248.46941143138
"124",2765.41223063144,2808.41386722567,2144.42239231533,2178.48529963986,3481.74212493206,2690.71515526763,2051.17429944384,2086.63298263834,3333.45786536972
"125",2776.34681735734,2979.32110156812,2236.93577959902,2225.47772482311,4228.08125051225,2677.11232477792,2000.76989223217,1989.2856675177,3785.74103344677
"126",2789.83847308844,2839.61195535724,2302.69814044534,2258.41423464913,7012.24408694163,2712.27474933584,2174.32696295175,2136.03847457621,6980.47788409312
"127",2841.39293108903,2988.48784632702,2104.91707455931,2099.66341840834,9114.82640566057,2757.68470875591,1919.95608368954,1928.54472074715,6215.84008940353
"128",2878.40094918986,3063.04330960305,2477.82561024111,2200.2004112674,6272.48454047273,2810.3250423323,2301.79541167825,2038.24021259111,4934.30001053313
"129",2734.99499933901,2727.94948546969,2066.99577674443,2016.2152731307,3284.53753900606,2724.34728248722,2089.59136993204,2006.99813558137,3285.58615557945
"130",2903.90070033017,3003.19929245974,2317.43414615039,2355.70594004932,4207.5738846427,2858.62944988512,2217.33310185889,2246.67617416149,4043.60450886087
"131",3176.82847039688,3095.17183558571,2658.38190762297,2292.75248243934,3544.82243118853,3090.98751675868,2751.92473694691,2267.6323243067,3546.55208751091
"132",2713.49814595731,2768.75624663742,2261.80550106679,2149.8369395183,6553.46911983864,2647.97917918638,2150.26450453208,2046.90450029443,5821.55343396882
"133",2688.14398099494,2689.6025433587,2146.64596319553,2093.13498037426,3407.82909039909,2671.04120221758,2109.52473868381,2048.37313912197,3421.33723892214
"134",2772.30217361071,2791.8265367395,1823.75566616445,1819.34632098764,4286.4198716439,2690.31704902243,1730.65390627485,1724.97552169827,4320.70802669732
"135",2589.85388024378,2620.17870477289,2030.45568163674,2035.46601114316,3446.60268205551,2559.32054639745,1956.81555624177,1961.70611679855,3347.00239514973
"136",2809.5469889851,2880.33733096433,2096.88551053387,2066.93247613269,4802.62854365287,2722.61006137508,1983.95629121445,1958.55914407719,4903.339553431
"137",2786.53831399745,2837.04104465542,2282.10967346832,2196.76547340188,4178.89635246797,2717.52590329842,2155.58468253604,2083.98914691848,3843.26492296109
"138",3038.66964568029,3116.85920342873,2204.50460244721,2144.15556166519,3629.90195933345,2964.50697349237,2074.01880058693,2032.9900377815,3553.73782848515
"139",2758.20726057031,2709.56770254404,2223.43468062629,2189.04537071315,3489.72435125199,2718.53153976029,2219.77914858839,2173.71351316297,3462.18914644592
"140",2798.71658934693,2783.9301350539,2153.2220862871,2118.8225199234,8134.32154982304,2762.80585091425,2138.56135604211,2094.54166734858,7126.59355192585
"141",3153.52244344435,3141.69577740024,2390.00835844033,2365.90987249449,3772.75028502495,3043.07964668131,2254.95588843283,2236.34282120052,3583.27079156445
"142",2844.68819873046,2918.02362144408,2092.50686010688,2112.59391034062,4547.93213456876,2792.19062130263,2023.49210387894,2035.66704850863,4410.20039472526
"143",2708.95448843856,2706.9518211012,2187.58428246394,2037.05995384799,3401.32247216442,2656.8234704431,2143.46291126481,1979.37835625,3254.64664719024
"144",2848.17653450464,2675.60787665267,1874.14317071718,1955.87128957597,3561.56292191558,2950.95031363787,1953.7230306399,2125.08625515214,3738.16700179053
"145",2873.84327957985,3002.85207900627,2211.0009847136,2192.92652593407,4302.7909713493,2799.58955917489,1975.93405102671,1995.18047941232,4276.68385434644
"146",2899.59609363981,2955.47941526959,2323.96280449943,2240.84672537738,4959.54595415485,2801.81027784872,2166.64735936349,2093.98592212331,5088.15547522248
"147",2699.51276189804,2729.58537868856,2240.19690383362,2224.83115567686,3820.17058373584,2648.04106953039,2167.52423704568,2150.56243721777,3698.87821354478
"148",2603.68051237059,2669.89930216643,2185.77191053438,2116.70282916999,3698.75370240467,2538.30808603809,2078.10396004776,2017.35904605497,3549.40633197144
"149",2579.38379963323,2648.62837053597,2195.99100420755,2109.89023094093,3928.13067891595,2509.77849268678,2061.62088829388,1990.66957214792,3715.3472550181
"150",2493.57250364984,2538.92469548152,1943.68124363415,1875.9770198235,4347.01812768889,2429.2824947686,1826.53040785949,1773.85154789073,4046.98122036867
"151",2780.76078518406,2756.43924955628,2090.13792622471,2022.35450260383,4217.00779461871,2731.9421897807,1967.36972525314,1969.69125719136,4282.58494310749
"152",2712.2565704656,2725.57658886159,2002.2151180694,2000.8264458746,3289.97576078152,2651.04042489926,1943.07187502897,1954.31431240121,3247.03315505755
"153",2825.09087816842,2890.98256265837,2476.99482974053,2285.27656877376,4807.67102053217,2745.84978997923,2339.59881253271,2160.63382877775,4469.59349741942
"154",2832.21437414386,2869.47776976198,2509.75197246741,2351.18044326182,4093.95128341313,2814.95790869146,2485.20805418433,2311.9945710994,4100.13033991519
"155",2871.99227105496,3040.15865431679,2410.92803496568,2243.5997025862,3807.92405022804,2809.45067855991,2182.10455976028,2065.39574673346,3598.83014940812
"156",2756.51188652801,2858.41312942844,1975.28151169617,1952.90526611254,3534.33477837694,2675.50515998405,1828.4038563044,1811.93633391167,3349.18255533028
"157",2676.25693995987,2631.64364822238,2244.15611792515,2107.10035893779,4899.09647819544,2625.01040964169,2245.74031947743,2078.01553538138,6388.75723346606
"158",2691.85599783044,2789.19730289133,2317.70875711419,2212.36712805967,3400.80666104681,2640.51282601572,2217.42879364721,2108.8236184614,3226.57420022265
"159",2757.11662517212,2778.320944315,2265.16431442286,2204.99556196901,3717.15712742356,2703.94225338768,2211.81619682526,2139.5404368645,3627.18315933342
"160",2653.49560087327,2684.87950892722,2052.04392748141,2050.36438506492,3696.81891934798,2617.04843143352,2030.44220530315,2008.78939717571,3598.94358688806
"161",2739.73525900462,2805.23227793571,2005.95558742181,1944.98438337885,7464.16493201187,2685.32155568772,1881.31755744504,1837.51388330392,6383.73202372919
"162",2542.84856435652,2581.79115537555,2044.30140173754,2052.91934389556,3461.53458675521,2469.34967990575,1961.58777741967,1961.1903360055,3353.51361335789
"163",2703.42603922625,2807.4596363192,1989.73846318732,1984.80312364286,4177.04585594055,2630.27582128188,1863.65841728376,1856.7760800548,3778.77563428474
"164",2437.25483872947,2472.95793765753,1922.88101888917,1902.32672619058,3332.93580454379,2396.33867176845,1864.14299700188,1841.27314767628,3245.09190060065
"165",2678.82402344337,2753.84918756209,2092.87883955504,2088.75260498688,4280.74622361734,2622.52584198914,1993.03007474261,1989.91101305918,4020.35271873718
"166",2851.33245292815,3010.0430591541,2214.47895270099,2175.01839192692,3282.14382139811,2767.37820994637,2018.94022579085,1972.10281413567,3117.39454758204
"167",3093.04787112762,3240.17824144756,2228.20841738349,2290.08321712402,3455.70935301829,3001.65290336634,2016.78701520815,2081.92417835414,3200.61049253088
"168",3025.68075578327,3080.76542711365,2315.11437818147,2199.20268025393,3507.5128848112,3029.1213994787,2236.1104389825,2122.55778183872,3431.22914598057
"169",2730.7056265428,2808.1918869132,2452.65047084739,2334.31800602005,3902.4946865707,2662.63790683836,2306.77473628217,2202.57303503289,3665.81753719122
"170",2722.00184596012,2763.45953583005,1997.57654627877,2015.19013389037,3528.965901931,2658.99730736974,1902.60458774648,1921.0243809203,3424.58518400354
"171",2752.1463284042,2750.34720383523,2135.00500972708,2119.00512305535,4633.31993391381,2699.67686892112,2083.37636913959,2054.54158028957,4696.20437263392
"172",2522.94873828527,2569.30194593745,2057.13831605107,2046.27853282342,3434.75363995664,2456.41555225257,1966.31924107392,1953.12730090831,3315.92727682255
"173",3158.13075406307,3299.90226556989,2833.97258667244,2582.04030063676,6369.19286916083,3096.41858105876,2733.41185827945,2439.64011138463,5470.41018046172
"174",2628.35214248451,2676.58964778178,2276.22491046556,2244.17445369431,4256.96433969699,2563.47068419644,2164.7833067081,2142.41456773217,4020.89551410728
"175",3014.93176165119,3023.31914022879,2518.76066910818,2341.92135121793,4575.47151934257,2921.97792940872,2396.33556524649,2206.11727634523,4432.46236740265
"176",2632.86474787402,2664.64224204229,1915.20625707647,1874.93577221577,3436.56205356603,2660.97546639365,1958.88016151392,1861.61449905591,3398.88718102757
"177",2924.1131336654,2937.09691131918,2228.51920400935,2265.36984956617,5264.10974236233,2842.36067374252,2155.27378675272,2198.98065977178,4051.24294292203
"178",2744.42156475836,2888.60688554295,2067.98978168676,2049.92533977528,3786.83594138177,2682.25574987692,1894.44886045304,1881.86437448771,3726.9746976687
"179",2731.96350384185,2835.61956485627,2335.35286828414,2162.39475914102,12802.5111873115,2674.34770618881,2176.92865903372,2034.52205780121,11766.6246942542
"180",3106.75478750478,3097.41612744408,2318.88499179026,2267.18036061647,3386.18985099246,3035.87362338767,2237.55144436147,2171.69292973443,3258.37167877565
"181",3240.67022617269,3231.54142092517,2455.39020924801,2429.81696036165,4451.0050931758,3113.22446110309,2304.5171065747,2291.27053370527,4482.75246701968
"182",2670.57539928656,2703.56095016049,2026.09091193833,2038.61794096841,3959.52712243269,2604.39418928648,1936.02141933451,1947.65111913184,3945.36349452046
"183",2784.69264850719,2877.19492378726,2301.14501852021,2205.45907244216,3796.87285371654,2729.06426191476,2178.31293688861,2089.46002512953,3621.17218924924
"184",2780.60455505561,2806.23693888215,2202.49379644787,2152.51124441059,3624.15175671409,2739.31679236565,2157.26195364656,2093.69532903834,3563.29670012357
"185",2529.12929540818,2607.57925881753,1953.60699724521,1951.9542341407,4858.43689549559,2465.17405630957,1842.42206991872,1842.36622448203,4312.85226149567
"186",2524.34345910019,2519.2073603138,1953.16469166276,1935.26586665776,5357.64422149601,2462.72032743746,1874.12678665976,1863.3144362724,4641.94981824086
"187",2761.0460007605,2836.0730470321,2375.13771478367,2172.6536677458,3936.98359454436,2665.20240535996,2274.26213403182,2025.26668838594,3690.73708031413
"188",2807.51882656735,2838.62273148986,2008.66589393773,1987.47055666725,5280.41409006054,2800.26667183539,1982.25507550081,1944.56487521387,5751.44399604864
"189",2700.94330384357,2631.01800473251,2024.35116497982,2035.70444162654,3690.23246758756,2630.1363633916,1978.53913041259,1994.87032243505,3992.07687615546
"190",2815.10022998226,2857.47051709058,2190.33559616403,2181.57087263699,3658.99701275366,2727.50429710019,2091.530266054,2078.11220741832,3551.45181630127
"191",2591.94484987982,2607.81493576545,1905.73387727924,1898.46189307257,3495.40030097086,2538.25220486797,1846.81396993286,1836.76794951738,3352.86644895701
"192",2696.85150277437,2708.80781251555,2147.78388836882,2125.48408936316,4253.82242419485,2663.76420567882,2094.26841409919,2071.67283728479,4497.51384241414
"193",2819.60644447298,2851.75738330919,2095.3246503704,2084.68135373016,4481.60272609216,2740.96688886768,2020.5984296006,1998.70171580444,4051.50593348479
"194",3479.26074907781,3526.17761855918,2136.78160488492,2164.7896531005,3428.30653546573,3383.9646489057,1964.70244981361,2019.34362913148,3300.8049837317
"195",2694.65032020033,2772.15472193406,2063.05443594933,2103.39706191227,4718.51095251453,2625.80817410656,1949.79701990049,1976.40611167669,4582.21390933593
"196",2865.24471767119,2940.1376356911,2103.56117071908,2099.03643939803,3870.70236185231,2802.17579695344,2002.71448255514,1989.70659694229,3705.74727326225
"197",2800.36591146501,2844.58057485253,2295.78442404326,2257.16115318619,4524.8344617103,2731.50486764699,2189.37618349361,2151.61843880005,4575.31188552316
"198",2645.25150895633,2661.71906871342,2245.52630075667,2194.80642557984,3825.03442954596,2576.37184238418,2163.12932396148,2113.9990149543,3825.03226747754
"199",2693.35589037508,2764.46119281192,1995.96941264422,2038.09481170923,4117.55734975459,2603.58527876221,1865.63378439939,1908.35530908,4096.66352377512
"200",2608.03465700721,2698.77891964554,2003.97751889531,2009.35900683603,3986.66477673527,2542.80996399233,1887.63907173363,1889.67757222614,3775.8350012105
"201",2887.735930234,2884.60483516315,2026.12453897192,2027.01294108044,4349.96115608415,2862.73431559329,1975.25215728165,1977.59385188645,4292.64574769043
"202",2615.31368803486,2670.9960614433,2097.023594257,2104.99048637347,5034.17630940624,2565.92935570768,2001.16864828367,2008.29984400364,5005.46329910914
"203",2949.18094835926,2911.61065035743,2222.31370205066,2205.74764198737,8585.91771504221,2916.79032930096,2133.22166137968,2131.8455159064,8694.19185589059
"204",2910.33831712823,2946.14154892141,2160.29524086755,2177.79413430799,4151.1691439855,2844.678731036,2053.91190954955,2077.58111248389,3982.6570273078
"205",3076.76985432387,3287.44057457734,2224.04557579221,2227.44526345298,3495.57404605493,3051.46580644338,2110.94365523176,2081.91797963917,3341.08889532018
"206",2700.78934795394,2747.7205556257,2105.0196101431,2073.58288992582,4439.30611897857,2616.85692518912,2000.89127257689,1974.10413856422,3772.94813482431
"207",3035.71135834746,3112.90256626842,2047.92435401925,2069.20684586886,4435.6145871632,2948.47237897687,1896.87812891758,1915.5317162115,4334.02109794137
"208",2554.30658930826,2626.70141313011,1950.0350488956,1950.54324191122,3413.82020247427,2479.51630349518,1855.36284135129,1845.40764433445,3312.49978029234
"209",2725.52338329219,2796.87216926418,2207.14401025379,1954.00152345756,4096.22358816892,2645.36180027741,1988.3714185592,1839.13096598586,3756.19958449941
"210",3091.46607446147,3170.90940750908,2105.24722695677,2126.18561911989,8078.79246536591,3036.21280530845,1976.75696023975,2007.21869548297,7267.61941770172
"211",2674.0610974705,2723.15386587494,2399.98754039603,2130.83195872539,3800.18087079596,2600.44866684807,2337.16813265883,2039.37938435747,3672.1392400902
"212",2634.52902119473,2678.71836084407,2166.59651152834,2127.1266047175,3533.15419294234,2563.40271713317,2053.0508579484,2023.67565757737,3374.49828559411
"213",2956.39049527362,3081.69125853023,2289.30078935484,2279.56342166405,3714.66300356963,2886.73860757847,2109.76754009454,2101.22347759129,3531.69971557032
"214",2601.485069412,2661.38402579511,2299.19258424621,2233.03328238123,3737.68472086932,2529.92936300762,2164.35623592337,2115.29148318667,3535.20891056787
"215",2709.35229964648,2765.7559149996,2049.56154901241,2060.81426271303,4263.06592741685,2681.75529932201,1990.03689555155,1996.56120187357,4207.22184819073
"216",2785.33949949165,2916.66413233772,2267.77921362718,2205.50283819418,4057.60606001288,2709.97964770106,2187.77600784752,2044.74110944085,3950.06369452269
"217",2686.9039619056,2768.89239627445,2225.54323239569,2158.06023504205,4335.24210402165,2617.88935116352,2088.85080167784,2030.08584758144,4048.02933745629
"218",2761.22604766612,2787.06243064988,2145.24081235203,2112.49359967052,4815.68291506496,2649.881277904,2013.14676676329,1986.67636656333,4449.75636766844
"219",2527.32870144341,2632.47163888965,2101.26032148919,2074.92028131184,3516.34250822721,2469.39522051796,1985.05982976707,1954.60392643767,3322.64357431359
"220",2537.93048168454,2562.27288843257,2033.20160515385,1982.62363086608,3792.5107918175,2488.71218574405,1983.37729650611,1924.3508827769,3668.31561520068
"221",2718.05657042735,2780.39690253959,2181.3746970353,2072.39619376975,4550.7896581564,2653.36360420692,2068.35494031001,1972.55579035786,4252.34922488945
"222",2863.76083486581,2952.06332140513,2288.48161198047,2215.60201383658,6136.25532584172,2786.62755862212,2112.67813518776,2071.75895302957,5766.79096585903
"223",2474.03965376424,2482.93094887531,2002.45498549478,1981.25760959523,3282.80249201723,2427.87300012276,1932.64067536427,1911.45914063382,3119.64101857739
"224",2698.66105748289,2629.1525588869,2165.37774165708,2093.68062739086,3073.12482891022,2649.15556585264,2176.14706057109,2099.96688411447,3038.58504865179
"225",2810.03107142075,2806.86646355269,2070.98821198464,2101.35862747756,4022.26298682834,2765.4917056631,2044.63715706254,2040.0869892979,4077.83097374706
"226",2495.69228476495,2544.41398430302,2186.90097835437,2161.83714910667,3046.22943278433,2422.07379942406,2085.77602283668,2054.72263532206,2887.22980756905
"227",2614.7703234327,2677.74961760419,2177.19198061276,2128.93581640294,3820.38578784344,2544.50539510337,2069.34681730455,2016.94061455281,3914.66375248419
"228",2776.98930331768,2821.69055599971,2333.25065625636,2205.20267029586,4138.23546880555,2675.75289276947,2178.69636528547,2075.75933239146,4017.49725123125
"229",2643.63080977509,2701.11368187325,2323.68606900815,2212.23527909425,3527.27042461852,2566.84545097814,2214.50253353889,2103.48951098932,3362.00859172671
"230",2770.48392846714,2807.82102003781,2563.43105665379,2293.26272131393,4789.38579881696,2706.25192756758,2437.83766567266,2186.53286014701,4715.90698034414
"231",4089.68423853214,3983.54751663449,2526.00194251678,2601.53538714739,3312.62889697376,3961.67036581954,2407.08360203163,2511.30804957994,3238.94872393072
"232",2617.73503779795,2642.86092413781,2144.33798656925,2035.90733918885,3756.81187947247,2542.27194548791,2032.09150221183,1946.58973440228,3733.12230531687
"233",2774.56926266318,2787.59278947971,2403.17874479246,2239.54646370948,4515.86525079021,2732.80076551181,2397.61398625451,2188.0771275763,4771.07093890447
"234",2750.95474990555,2779.25290902407,2880.10404970452,2313.85931399404,5842.13212932071,2682.11642970441,2869.24364394845,2232.04623039823,6792.46637928351
"235",2616.21506318401,2689.45690719113,2136.20391334137,2121.65698898357,3540.29701384603,2562.97556756731,2026.5689268184,2015.31937507311,3157.7016492874
"236",2720.7978434989,2805.68120531772,2227.46136472859,2176.04137054025,3603.84823108593,2675.98483210069,2119.65955356798,2074.84886400002,3405.75211572739
"237",2727.64159073233,2776.79225728118,2142.90716351008,2092.89011070165,5925.16401264058,2691.29253356544,2086.7760421837,2026.23500512333,6112.80082458618
"238",2593.14986567843,2626.68162409814,2087.09584808656,2081.76289294866,3353.76942963798,2535.29939649479,2000.78025770829,1994.16659579303,3260.00039704537
"239",2553.62215778098,2565.3642596147,2109.43346603107,2062.63296426982,3301.36503448994,2492.52767551574,2041.22077094283,1996.22278118711,3143.68981584485
"240",2819.10311960365,2877.8163005425,2115.86413362884,2107.4666792502,3556.85331462647,2774.98436127671,2023.82494099578,1996.56972551329,3425.58970327454
"241",2695.37885712615,2733.59484216252,2171.60736538219,2135.9403695812,3782.1473577037,2620.3110173757,2090.9818206858,2037.51154353066,3704.42241873229
"242",2824.55861721289,2920.94752918506,2127.7107586208,2114.8054487874,3872.14415858481,2762.52008206771,1998.41832671101,1986.85617118177,3736.27970574474
"243",2925.06038107145,3038.55737841767,2353.89495734783,2315.35113115611,4312.39530278649,2863.83149885681,2224.5445831049,2183.6244801102,4017.3052498573
"244",3421.43662597816,3486.41025554423,2499.45415762996,2381.00421779966,3942.46864655698,3475.17517530586,2385.1782602503,2282.35661286704,4189.78708987769
"245",2710.27180386084,2646.98095273123,2128.89907044185,2084.70481703577,3453.4627844662,2642.83303369,2146.7318238194,2057.96749280832,3487.18795182346
"246",2558.71271687325,2623.47147527377,2041.76138354577,2010.3702328733,3591.54371362858,2507.46541467552,1960.56124079605,1925.06009478865,3471.3616045108
"247",2687.55347912208,2709.61669984056,2335.35817130027,2152.5354397904,4439.17782192961,2613.75201133571,2232.62957081637,2071.26160504989,4318.95370424225
"248",2791.36344270834,2823.55422612959,2108.12032039083,2117.74560945322,4788.20269259087,2719.10337263712,2013.61114842452,2012.20403373559,4394.11828215692
"249",2759.21315041638,2890.31367434715,2050.07096119797,2016.07967236142,3159.85794382495,2704.52817545459,1881.43687184818,1846.31996651555,3010.42884040883
"250",3244.77769376725,3331.63644057492,2110.85569140511,2256.07157626929,3779.52454491138,3120.19801689155,1966.45705013135,2083.62056254906,3617.48392511539
"251",2652.85923812876,2721.23144362035,2225.38896549455,2114.15806269504,4084.34327345231,2594.9089467093,2062.99932296212,2007.45468894162,3479.42955782945
"252",3240.30587332658,3257.94343368558,2708.31085836283,2486.44573534294,5347.72822137036,3130.92375504777,2534.87698257411,2362.51377291642,13799.2782720926
"253",2536.2044667031,2528.20459238172,2020.77377640172,2005.14456995613,4042.46205670277,2490.0914367001,1960.84195080778,1950.83648846161,4187.18242410065
"254",2814.93049633268,2825.46651602609,2155.84754671335,2129.68181156466,4514.34033006733,2721.72977810357,2028.10366514379,2016.63863747466,4163.16407826295
"255",2735.46500374897,2838.15743115537,2028.37703397056,2022.69737026861,3456.95697223697,2643.41051588475,1882.4210656608,1875.70830040914,3306.2368273464
"256",2815.83818103552,2870.47350160821,2126.30837204149,2115.56634928704,4436.76126940664,2770.62709748387,2000.58613878311,2003.89125055295,4245.46526641628
"257",2772.28407589502,2777.25463225956,2162.17254069584,2112.74966639206,4378.4514505951,2696.20021101058,2063.44442766272,2019.03368618898,4464.73349639673
"258",2554.62404073814,2618.18915067464,2137.35803049056,2081.12903542462,3353.62860319466,2490.37516590773,2021.64979849284,1973.00197910234,3199.21833183412
"259",2732.37489534072,2829.35808471002,2382.15882681322,2262.73255660763,3778.16369356281,2659.76438377054,2179.79088075311,2126.55979716374,3532.7650555409
"260",3133.90481243423,3141.30294113677,2609.24200135905,2405.67880491179,4128.39469110537,3122.32592587789,2583.6145360262,2357.47794929325,7487.57030909351
"261",2574.26850300345,2770.19127006857,1864.74630671913,1877.99460825568,4703.14481301524,2526.7340072632,1689.77934109946,1704.76648691081,4216.08986976365
"262",2790.93768948958,2827.3273696685,2197.76109252015,2184.88230607488,5165.91959445726,2708.12208045614,2089.73117290558,2079.18999758907,4806.47115226346
"263",2691.67388706032,2692.87605786213,2008.40757771881,2050.29670926091,3649.71223409365,2650.83763358428,1937.19543034837,1984.42460699798,3969.77630679811
"264",2906.4210866528,2930.50248996522,2286.82506236162,2301.74417148601,5140.88150539397,2823.23558977186,2178.33312218079,2195.67468222929,5025.27469266557
"265",2574.16701591626,2644.85657418754,2062.4032758949,2047.25153754639,4131.68322763559,2547.34870107673,1978.56495394762,1952.86551096537,4307.46586155229
"266",2669.00774017474,2736.93163199037,2028.00551307651,2058.03471504845,3741.15201171948,2603.87709971934,1966.57376369624,1967.77913800356,3597.73789819695
"267",2731.55540810668,2796.81655783167,2277.24077484614,2221.91367101221,4442.16213082968,2668.71126785448,2168.63304448517,2112.79003320781,4289.40040408872
"268",2637.66875364905,2657.966947908,2308.8620902587,2067.18300326013,4622.94493634645,2614.73227334469,2398.18398987047,2047.81384062182,5026.61623825092
"269",2556.00480889194,2625.90518418823,2064.46558250409,2070.42361802393,3828.77427701917,2498.31474596894,1988.06334626001,1960.71530269917,3715.86406813951
"270",2554.45465581361,2626.87734095398,1894.6534620288,1889.12230238205,3866.0045237837,2554.02747136869,1805.16485684759,1801.86957697257,3962.15872555021
"271",2880.97253793479,3040.76138755746,1905.21549799695,1946.61644024782,3530.21415512104,2786.436018338,1764.55608435537,1785.78271518455,3356.25464435477
"272",2611.2092100115,2634.64175217688,2055.86417185915,2066.22130951642,3495.33024946419,2540.57139095881,1963.854388897,1975.14580429063,3351.18422744965
"273",2583.6664911087,2634.01187924324,2086.65588454134,2030.17146096931,4113.1371940131,2532.97406161926,1975.41650340142,1934.38686146453,3347.32805280946
"274",2782.79145116842,2777.28764824725,2033.76300662771,2026.25214961135,3521.70065901607,2816.39450727318,2023.70237819769,2011.17750262397,3882.48062222386
"275",2594.53153599093,2637.38635584174,2349.77779039401,2258.96115698276,3312.68132141978,2543.87545650086,2254.39778851025,2167.03036725329,3203.7371824391
"276",2670.17052783458,2694.00259212681,2294.09255623497,2256.52766212125,3956.49034218532,2605.21214521609,2222.28160373179,2178.28230980278,3906.86339179903
"277",2759.85451523927,2841.34595280921,2383.01711732769,2295.91976624439,5351.95287004255,2689.06447985013,2248.9515193912,2163.91580637256,5208.80689822391
"278",2784.12085562634,2785.85875967366,2447.64936041036,2345.94297191183,3804.42972143919,2710.7350498294,2345.40938116845,2259.96744640131,3892.12827545916
"279",2953.35262227618,2972.886815866,2425.4418411283,2262.48880531381,5524.57065401932,2894.36661297243,2367.73457434898,2204.13019106394,5363.90043243315
"280",2869.91546714173,2865.38302711129,2693.60512424978,2384.79765837451,4756.72878817641,2811.69643955023,2731.59452080679,2342.72107250613,4970.05177713935
"281",3008.75146696753,3139.74751760312,2094.36113955553,2107.48352988805,3675.67117728901,2874.50301324626,1960.17496806939,1949.21427978703,3431.81935027891
"282",2651.41910736039,2672.98711296721,2312.74935561619,2179.00624084029,3807.92331451493,2585.57117232865,2220.56189139392,2086.34198405581,3691.90670799722
"283",2706.95274908627,2682.66352082857,2081.12478049208,1963.72014631448,6036.24783497203,2608.62997709487,2040.93162100924,1895.13892126825,6531.8417316149
"284",2717.36024463085,2730.99797910495,2100.29751876005,2093.48512725701,3685.55817280228,2634.29683926275,2012.16637857006,2002.02217409038,3593.09662601265
"285",3022.26792202455,3119.61072722865,2355.49834024924,2359.86608421064,4900.14293786133,2923.54992656198,2204.35123234015,2204.19416671328,4768.81452986758
"286",2712.34299178404,2742.55863725819,2095.31582001821,2122.92367679405,3449.14045017733,2652.52296603918,2030.80710431096,2047.04989681408,3443.33514668602
"287",2704.78282172042,2814.07818276883,1967.15076353986,1975.92476094938,7430.90934296092,2665.70605615667,1845.54027409575,1857.00260393955,7380.70271838021
"288",2939.31167820666,2969.08360117204,2125.27429502462,2100.41909606849,3458.24559268953,2911.36368283236,2181.24441901459,2091.77779558259,3314.75561271334
"289",2571.84998215187,2620.03147602913,2025.88177862116,2012.68023495156,3484.53318328103,2518.85519748089,1947.8351252961,1932.85749782873,3452.90072877471
"290",2831.16205566516,2875.51399006055,2386.7083952504,2269.4222559342,4700.3746649601,2741.65375532196,2245.84211111898,2147.70740294022,3819.1438741182
"291",2949.53809986109,3123.35112021014,2277.06314122406,2264.43661460248,4031.24780409979,2965.43606487421,2146.5082614741,2127.75872591144,3934.48434967515
"292",2534.2360413867,2597.5337910882,2306.00941301108,2113.31465691356,3469.85047400353,2468.31312389653,2182.13247765949,2008.65511065807,3288.89955494334
"293",2738.501054407,2756.29879364393,2266.84918353624,2216.46234777987,3797.44084514164,2684.96059464587,2256.4575370003,2163.81396144448,3728.07587943432
"294",2846.39976944405,2827.41419784514,2025.97602832121,2056.70006506578,3657.472034777,2893.39629095719,2035.8436009447,2073.18159663854,3743.68309875323
"295",2808.88675002473,2858.65398162013,2280.98360980744,2205.76513554808,4597.3174187396,2734.79312472356,2200.72758118043,2117.34577814933,4337.85638614021
"296",3049.44509957214,2993.43207160005,2308.31529139325,2228.02054451501,3983.82548882378,3034.86720264303,2334.56018883367,2224.34843016152,3899.09710187283
"297",2634.25233652535,2689.93099426862,2171.27461146734,2158.14299142546,3924.60826640673,2558.07435607504,2047.14615897082,2039.14627165304,3732.21276535034
"298",2573.83800656021,2564.61282823385,2067.04159278964,2055.84480470556,3695.40747117581,2534.41590532169,2037.5386590158,2020.60025398064,3624.38463263074
"299",2831.97705650023,2889.36433893466,2137.72133087876,2109.94786914967,6648.92359295804,2740.44544489688,2047.94815572635,2007.76252653279,6373.17206791887
"300",2586.34030531743,2693.70884854558,2115.73810898944,2092.84110961834,3639.17131372131,2518.10731980103,1971.62316990795,1955.89939842676,3400.83318731784
"301",2934.67843215537,2931.80540914695,2085.1105610886,2103.85069859525,3691.49787577928,3008.9048192839,2101.96238130575,2126.4379627567,3836.24334197189
"302",2965.1696007121,3132.8338180074,2380.26736911978,2240.33834764044,3494.68636209579,2912.36246268181,2190.48597497921,2083.13398416291,3297.36366928796
"303",3123.30014394281,3312.84869147556,2373.62036414458,2269.19671826631,3840.84050281253,3071.58409848492,2268.72591067939,2130.61666147077,3664.61809454555
"304",2811.86140860105,2845.11975648674,1972.16894406424,1990.56300074872,3612.25304985752,2741.37300206921,1897.71251562845,1914.41887597018,3631.05968876465
"305",3001.72338320513,3023.65196561781,2281.4741573951,2172.94862367678,3167.71258664221,3070.25457956032,2166.59368211426,2102.10836092391,3004.61750467721
"306",2832.16929427757,2921.61154239605,2496.0193787656,2248.83036657293,4057.34175018121,2765.12760579451,2361.33467680448,2123.85018794052,3845.45530358758
"307",2712.37468946433,2750.5477494765,2031.60589183813,2027.80669896385,3861.23159772954,2646.05289444289,1956.54350989457,1944.30766684556,3893.61032673275
"308",2596.70853844782,2668.02658139926,2244.09042179798,2181.93825666558,4369.28676414638,2543.70924303361,2132.55201401404,2066.03122536497,3936.98998129115
"309",3036.4548855708,3074.23442088035,2207.27088709023,2236.92471115371,3824.61734916575,3016.1018953704,2135.16594927528,2167.06430716952,3763.54991773373
"310",2835.04633993885,2916.40609831507,2275.6736910998,2232.87929815476,3812.38158230825,2756.91262005661,2132.72959821514,2097.82264084631,3687.37005049311
"311",3102.50960342101,3106.26303487837,2064.99298361297,2105.90211094443,3960.64708495915,3006.2316368138,2022.78893400758,2012.6897072695,5433.85785887908
"312",2683.96076582428,2806.80122983921,2021.37175470217,2019.24874004762,4255.2182321647,2598.60533814674,1885.47691091419,1882.09460827194,3894.79755699835
"313",2615.11960364999,2637.27129496721,2114.91717180537,2053.86261651631,4870.53685404647,2561.1224889844,2028.8974389123,1971.25759689054,5146.07069951342
"314",2751.46508977812,2860.76993278713,2167.44688544721,2086.90907693764,3623.18812559266,2668.05886992896,2065.53008375847,1966.27753221976,3457.33747997096
"315",2717.46230388449,2785.13511359196,2209.05509447128,2127.87678205431,6397.04148538699,2638.1705976339,2375.30035123143,2009.64682040166,6269.18181438834
"316",2901.02885586715,2971.72488877823,2530.62358726898,2382.89738744221,3750.17523940638,2804.05377081019,2346.55837289928,2223.42542739127,3602.76414651672
"317",2744.16378983199,2845.97436772238,1960.01633083029,1954.52927775894,3406.11342018115,2655.60431845605,1878.68451372763,1800.91690523889,3324.4832001793
"318",2974.36740323458,2933.5999045845,1988.90963284194,1956.71828021999,7412.59641599811,2907.55073010439,1934.96236697044,1906.62595383508,8519.39137968494
"319",2777.60092220459,2698.03037515363,2182.98612114941,2165.43815224186,4353.42061953278,2686.73276026263,2155.38447258732,2123.92273302815,4768.26105967261
"320",2662.05034583265,2660.10422690234,2034.97720619765,2051.37890056267,3371.04778304331,2588.7978568508,1967.07117772164,1992.52664277747,3289.14439555276
"321",2684.02987635763,2725.76836413786,2323.62127932019,2200.52612392323,3723.28382333948,2633.04390519932,2271.20286665597,2121.13680801071,3631.93125044123
"322",2923.91658523591,2910.56458406737,2048.86512133567,2091.42162796977,4323.23698350553,2890.06876074701,1983.18277079828,2024.87774136062,4136.40545461951
"323",2660.91684043955,2667.3132016943,2152.20646347437,2146.83029544265,3526.8612119977,2600.1381274188,2082.20390595002,2075.12354342587,3428.07341801466
"324",2582.34894777028,2520.58746764934,2106.19433642568,2029.71665494246,3487.27930331072,2550.23266401929,2188.89588269014,2058.67923521613,3710.4965416579
"325",2675.93484647816,2728.04450851722,2295.07222269422,2231.94943180532,3730.28153323072,2606.78538364923,2185.18018273166,2128.87737058975,3551.8743685856
"326",2728.63843778707,2815.28663901019,2361.96664147681,2178.58021169094,3501.06039650877,2637.86432726473,2486.57734640252,2018.53138600024,3308.95313076303
"327",2785.28853332478,2929.42568622126,1945.25925001804,2032.99723501424,3559.85033259326,2707.82315564026,1816.85542955213,1888.80344576986,3519.87100174643
"328",2771.53538693948,2767.05552849929,2330.37619062556,2249.15654317111,4653.49314923177,2687.63195535812,2234.73754511805,2167.34916802795,4460.70974350244
"329",3097.11214475457,3249.05122478721,2292.95565564393,2194.67937153471,3240.65505121651,3095.4653393725,2239.60991159104,2080.51319560234,3150.24095028067
"330",2995.41712786832,3171.88865959816,2214.44412935448,2250.69498795904,3711.45576424334,2982.56558473206,2107.25722705959,2137.28299504337,3397.46106621192
"331",2893.46406433938,2939.49126139034,2284.33357832139,2215.12979181417,4971.8640359966,2783.51382404239,2146.00172663377,2075.17264669116,5499.54445148028
"332",2678.74057218672,2737.84956408777,2049.9795433998,2066.89423898401,3608.46757612061,2610.18265236568,1966.51782226155,1978.46445361688,3470.36949083635
"333",2606.18272475223,2638.39597409398,2055.41639443639,2028.74571885542,3419.32572035891,2538.89192731675,1997.55767089154,1959.29884138346,3449.4770880644
"334",2620.55898771021,2709.13418674387,1891.71093567211,1921.00250424934,4059.01943199919,2588.95521296909,1793.16589267395,1816.1614011005,3793.95310243568
"335",2690.59696319963,2731.04013999013,2356.51574353839,2248.46889792194,3879.17944652609,2645.46537507875,2232.80981591408,2159.1566548751,3749.43214744427
"336",2678.6871144511,2752.13033669799,2072.44546205411,2047.40614875638,3691.14637395333,2610.3221949182,1975.95297489559,1945.4521631003,3544.80748200783
"337",2632.55620548692,2703.33776927148,2092.50115880421,2032.56643985641,3675.2137692251,2562.05829663888,2000.45591815733,1935.38600244407,3469.32069688783
"338",2752.04495965213,2853.97702337887,2181.76916009207,2151.55104469636,4123.37584062191,2679.82711268561,2055.49896034561,2027.4747332556,3823.97219832145
"339",2799.28749473168,2781.26802422991,2362.48851183553,2271.27512843835,4416.22751118317,2738.62580698976,2329.711189523,2221.63882699526,4804.65400891274
"340",2615.54636604392,2639.78142072119,2210.41956649292,2168.14358463753,3354.09163502465,2559.35413295385,2140.48357503583,2090.3006924877,3287.99630024652
"341",2576.13384408584,2665.43580781254,2233.78272542184,2154.39588517356,3545.91867045362,2504.6095223225,2129.98578748114,2038.64093639926,3339.76106543041
"342",2968.18313349974,3045.63540671968,2235.17889177876,2223.61979022085,4380.67657135744,2938.62655514056,2116.73669409864,2128.18384484138,4038.14527770876
"343",2626.31452016363,2680.79230291225,2047.58643506481,2044.12818365765,3919.88496869524,2560.44617224141,1963.30909025691,1958.9947342816,3632.28132461595
"344",2737.45793120684,2746.17555465473,2275.57156051067,2221.06141754605,3910.04096406858,2682.83067071365,2193.11669971364,2153.07465940757,3899.88460572351
"345",3069.09550301913,3081.06932177614,2438.70689745486,2281.21577296702,3743.63067064047,2992.28067037549,2325.62740590561,2182.30093033954,3744.71392325068
"346",2731.57200311697,2794.83348625281,2323.48347128914,2268.83298943948,3564.22881775819,2660.23867705134,2200.82008288745,2146.3628737258,3442.9480374599
"347",2664.55131137489,2717.64787264165,2021.5605957501,2012.9776495998,3486.11945145742,2600.21524820294,1915.12178598902,1919.81131598017,3354.11561608983
"348",2645.08205930719,2644.38082142774,2066.54754145993,2030.45238835505,3729.76066507065,2597.40382902218,2182.99983231921,1971.27737091597,3789.8339379457
"349",3129.59938262868,3224.93672401958,2688.38031653162,2607.38668247184,4393.54893688574,3102.08995893827,2560.19980185466,2489.76533147399,4267.58027034774
"350",2609.02331424998,2692.1213593432,1915.52979646635,1876.90026472221,4237.01645703634,2536.26880835159,1798.85373016913,1766.66837487061,3679.49343056119
"351",2742.9351845122,2736.98840950113,2101.42385332154,2080.97151127454,3685.87951858988,2711.95404442842,2072.42366730858,2032.11405473352,3744.7922054614
"352",2688.86194273734,2759.01378543993,2223.21250144988,2190.98967410533,3440.56371363856,2634.29159453015,2102.68080495136,2071.22422874591,3376.90265231297
"353",2692.95522165151,2750.23487004008,2271.20291184574,2188.95388906976,3894.65437382108,2623.02601832981,2168.08708837918,2084.33563918749,3601.90009772225
"354",2559.74342002716,2717.28508130116,2356.56901690576,2196.26950346951,3424.27630807681,2504.67308851488,2118.81141998821,2009.99196665202,3179.7228621947
"355",2600.82016058832,2629.78870831649,2050.53134650636,1999.7825864199,4538.63919935947,2532.40980709209,1972.80114905939,1917.56315212741,4433.07500447105
"356",2546.35767994963,2642.73104303904,1842.5718620519,1807.38776542299,4663.21962093514,2470.71298261851,1706.91575174096,1682.81017973225,4205.9579156945
"357",2830.15632568523,2952.89156355355,2208.21202234958,2180.28685881424,4372.56529347066,2758.50230734935,2094.37747088842,2055.69458294812,3999.80838730032
"358",2453.47588950764,2533.96718016358,1989.82370468955,1970.37616425936,3466.03998860639,2383.23343761362,1876.0039949581,1858.6737082709,3309.16085386015
"359",2917.21818228309,3044.41316886301,2111.38744326619,2134.69937340824,4052.87680738363,2812.90421895927,1937.90865731663,1956.08936873328,3757.81696667692
"360",2478.03405270827,2503.41138772685,1908.18894873918,1898.52815661534,3232.86954453891,2414.84266563366,1841.77071976328,1829.82331474713,3168.51248617382
"361",2939.00529017382,3052.91296320382,2116.67447993219,2151.26558111719,4279.02911183513,2845.7259128585,1987.21880891284,2003.60967442962,3998.06646299726
"362",2676.14669641214,2729.91875219677,2173.43577996289,2149.28974920547,4279.82940496587,2608.276102925,2066.76415342863,2044.86283093075,4387.32417710318
"363",2652.45761670262,2713.48192060243,2113.19772097513,2071.06204433337,4625.43394862059,2576.3179280892,1999.23261044158,1969.00665552478,3930.4170040863
"364",2717.48890676148,2753.33301899408,2065.37178950596,1984.72731961785,4346.2404180562,2758.25060482975,2034.20020820779,1949.24158003666,4731.56001659363
"365",2563.60185334691,2618.03903911956,1924.1602752196,1897.03822704897,3300.26098633177,2492.23390869669,1815.20590225031,1787.31732293387,3197.43909631676
"366",2666.66728980743,2698.23560093907,2133.7154590932,2130.32078431221,3918.63042011647,2590.20193153298,2028.76069298047,2031.62248643111,3682.63382349531
"367",2666.30612971769,2678.15587379679,2406.54467295291,2167.33834461819,3517.70035039072,2611.33402944093,2374.07276016722,2102.08029743442,3472.64709432425
"368",3165.29429277497,3382.73042475416,2857.54622400077,2329.34725648265,10861.0063709631,3121.1932232668,2979.90820992109,2126.13290337561,11778.7002492822
"369",2590.25943845112,2709.44322189,2046.60132329696,1958.26164456564,4204.64625379199,2555.86828755927,1859.98931819676,1837.69940601049,4700.28517018625
"370",2715.77053704561,2748.75784535387,2077.00068849896,2061.9871550742,3797.32329221091,2663.76361691343,2010.29870238908,1990.89000127377,3642.58706142473
"371",2620.51729675681,2766.14534369328,2211.67181658395,2178.49613912057,4101.32853631216,2550.66173090546,2059.42597354076,2028.54771254293,3813.52040921688
"372",3011.7322630316,3038.60821160405,2537.41046899807,2388.21408756518,4533.36465764359,2986.86261499336,2424.66077462521,2301.79527787241,4429.47722328685
"373",3223.94690523391,3410.01321745234,2787.57407339174,2537.20890538222,3535.51719747586,3076.23432368107,2488.89311347518,2281.16643493717,3312.4719087917
"374",2670.67646165901,2773.24877878171,2015.97655237496,2060.41948077303,3984.26907925834,2605.90535719082,1918.07960357374,1944.64605581134,3765.05647609976
"375",2443.19442539577,2562.12539780894,1958.67700620123,1946.10623158158,3350.43831264104,2369.22137287351,1838.31308532529,1820.03272961807,3106.17618525602
"376",2887.09760326308,2932.51023215002,2271.65672620279,2258.60463555625,4193.28317151933,2818.52840696705,2176.0718208643,2164.23820945457,4114.85865343487
"377",2858.51735051114,2806.28798011397,2028.27584172418,1961.74208740824,3208.05817374464,2836.4813627108,2108.12597256862,1976.24195248327,3110.49744696903
"378",2972.11234264112,2990.7864641287,2052.89400491367,2012.10639250464,3427.63723984845,2931.47496751296,2033.29703364613,1956.29022083554,3324.82814107357
"379",2763.74469222748,2767.22311917467,2286.96605060132,2260.49465192195,3780.03432084056,2693.99401397326,2220.18239618189,2181.67616085834,4313.8253872128
"380",2609.01128902021,2661.66089773178,2204.07458425786,2140.04138713959,4066.24123868404,2543.84909861133,2268.38969816458,2036.00143470161,3923.9985356605
"381",2789.06221454662,2790.43875965568,2078.97040663676,2139.38483872631,3852.1748520813,2752.817601317,2035.75079771497,2096.30200528304,3811.46325345597
"382",2703.14919541211,2763.02495508778,2262.70629343306,2159.5558929848,3620.98934192119,2633.46029382746,2144.5141584161,2060.60703342412,3454.71307939165
"383",2548.73792610502,2554.57951463923,2307.15136748263,2165.09100715574,3780.56757238843,2496.26752297455,2313.27130333289,2113.8961105402,3835.93298043606
"384",2774.4993848923,2864.83179754657,2084.50626897492,2059.50278876547,4514.421049731,2690.87142038887,1980.36468559186,1939.10502554936,4497.09102731716
"385",2915.14796555299,2936.82545168397,2800.16814756775,2378.86908675971,6041.61698951042,2895.45051730702,2741.83943704847,2331.69318291693,9640.31805877579
"386",2962.66556841682,3078.56546886661,2224.87054976394,2209.00401282354,4102.54147201215,2903.61140447329,2080.96938930534,2072.93916765938,3925.80014143591
"387",2991.56331078457,2956.65810965807,2575.99863204737,2352.53182315912,6388.8657723542,2991.15072651676,2594.41315225093,2335.54102233686,6171.33060793786
"388",2978.6225775074,3030.7480232374,2445.20225979242,2331.57565954835,4352.96067084565,2922.99388912386,2375.63351196195,2236.66772940494,4159.24800859905
"389",2909.12782158038,3013.80479183909,2435.4541718269,2311.60246350365,3555.60419565516,2852.6951203707,2227.93521439077,2139.36746055348,3389.85654466783
"390",2975.02623344007,3011.35268434728,2891.48635078351,2314.06091878911,6013.82867922489,2888.66949422751,2663.9194573065,2203.07408697389,5940.94675872672
"391",2763.74016369294,2835.7679214259,2341.27390740135,2204.31427888365,3918.84234819715,2669.77685818916,2178.34663319969,2056.56499799376,3705.64895699882
"392",2941.00061718824,2959.35735260885,2322.26487454782,2218.63240172821,3315.76751753039,2886.61175702202,2259.78597965811,2171.93544234587,3138.63303948541
"393",3021.64570116137,3059.57366259798,2342.812342855,2145.40563859053,3366.86394799455,2980.99295038084,2220.24164591677,2071.79787466529,3251.35978465615
"394",2744.66107995796,2785.36184138993,2256.26432727562,2211.90842232315,3612.92140155793,2667.7723553456,2162.62171184331,2120.16646391651,3499.70264230932
"395",2662.84699647724,2787.1579247562,2217.21212240321,2149.96775184617,5545.76522774657,2573.89579813372,2044.43538870752,1984.10814932639,4742.28576714324
"396",2705.18498714552,2780.52982713423,2072.1216311125,2062.71375491126,3466.75043751133,2644.71294860254,2030.89282549826,1990.1432038368,3327.41251424144
"397",3244.00488441877,3297.35314085609,3215.84661644083,2584.85998637232,3705.04215606888,3163.93478115385,3111.89447453397,2444.23292369897,3513.71566003902
"398",2992.03211595797,3056.11235932296,2223.83165802835,2207.89646637736,3739.43653682874,2927.24605409639,2147.37678413481,2112.30253824084,3599.80923389556
"399",3224.56600766946,3277.30668045367,2269.14357863032,2342.92961106698,4876.36798467498,3178.51876907371,2149.18638052034,2211.96064159048,4878.02311988722
"400",2551.05842940985,2617.77653429995,2156.07176163678,2102.97042807817,3860.38316372982,2480.70375151586,2024.45512440895,1986.40125589353,3512.5289185777
"401",3124.55259049985,3185.09076024547,2543.27631726802,2500.73489637057,3765.71719103407,3044.5556464479,2409.74206107085,2366.61549940942,3658.86202637384
"402",2780.25139096794,2888.05301168557,2090.94240521921,2095.09414190409,3716.03893404776,2722.7148242615,1950.30541932033,1955.33008654193,3594.95445290612
"403",2629.4714598864,2619.12641597443,2232.671811055,2148.88283816367,3304.06129247626,2584.10244217523,2258.69152082075,2128.16838860833,3350.9692822824
"404",2798.21173879127,2869.50193810039,2229.33763131428,2215.872328631,4178.38622198499,2749.96445866301,2119.22888850151,2110.4961273044,3667.20915480572
"405",2797.15470164601,3012.6375491645,2202.70349903106,2212.36292301623,3601.5221730919,2724.55797347633,2021.70180197338,2025.67417529116,3348.47606324818
"406",3320.83294435749,3205.83248672361,1922.88415046317,1949.03153202032,3976.73125063226,3284.43589904788,1930.40803413425,1959.59246668436,4800.76646131145
"407",2916.66131382329,2826.39866433327,2022.85279729726,2009.29945650758,3298.58222573925,2834.39334230111,2033.61578162569,1997.46165945455,3232.3802290771
"408",3469.95183824449,3466.93667666418,2319.9113927087,2266.43853132558,3499.92575801977,3439.75783867557,2342.30616837502,2226.0042318726,3374.20791984246
"409",2896.71131225979,2826.65231756585,2098.24061666211,2128.5092956885,3222.81737669126,2828.55540921035,2079.61606012852,2105.53448961585,3173.891032051
"410",2881.87373474604,2924.6321308861,2518.56699080796,2184.03752821819,3402.52587622261,2867.87779834463,2438.63827624972,2129.70850868411,3298.04855414661
"411",2597.29887971914,2654.7558138763,2315.55705142208,2220.86470126979,3602.19127762854,2522.32873476169,2212.7352639656,2111.47262395868,3476.80472035667
"412",2787.86659987066,2854.50551706008,2412.98777777512,2231.68988321373,4101.68471603166,2699.76757157085,2250.71978780465,2082.21045348857,4339.48881459069
"413",2985.82778132511,3075.54487960443,2409.43685731511,2130.73265735347,4287.35372213502,3049.39232393112,1980.94333648443,2064.96630579749,4200.40182428082
"414",2879.51611173873,2907.16082592425,2310.73797215677,2218.96546776426,3631.69197239275,2826.73159567133,2223.34525711139,2135.97451236255,3781.55214282635
"415",2897.67365761155,3005.2592598563,2205.07475254859,2117.80217924145,8537.07286336438,2796.24980587332,1947.65570676858,1919.63047988937,6745.7222930068
"416",2680.0435987731,2727.0543594367,2160.40159316262,2137.14542938079,3725.77274198909,2610.94313961426,2084.71061135693,2051.0679297889,3526.02930027587
"417",2645.4963743754,2661.67287441067,2063.56717567772,2054.84402102402,3433.84918869805,2591.58645776049,1983.8594204987,1985.64535369317,3386.81612111604
"418",2847.72910755607,2783.80797043298,2334.15392825621,2263.11900848495,3527.7207540754,2815.40624708676,2396.39802543358,2265.49604970671,3582.33465938315
"419",2779.58237526901,2769.88053820939,2154.03538605148,2099.51757928411,3650.36936581657,2734.44244012025,2125.34773986801,2051.26340879377,4170.81110663488
"420",2578.84208970777,2592.16665972576,2134.70376039746,2085.70923696668,3226.24419996343,2516.66352435426,2066.73684951349,2015.54669240965,3186.40906554989
"421",2951.54366592448,2938.08169907277,2253.33756397601,2295.38295874898,3640.22091315464,2874.80465777865,2266.18608275459,2275.14421928271,3548.98134905098
"422",2696.4436112917,2744.9936557004,2094.80874530083,2095.20855035667,4715.15145912569,2668.82190472377,2040.06870177155,2031.46779184917,4972.33113111708
"423",3050.96325666546,3235.55191955884,2788.15153519209,2427.29601858715,3798.50369291545,2946.24903648716,2426.56989757963,2177.85786533213,3469.66938082768
"424",2797.92540006306,2853.63739719982,2167.60932114921,2125.3840036511,3664.81474593045,2708.15939751364,2021.80340202199,1992.1018719813,3446.31489924559
"425",2605.91000982777,2658.48868426039,2367.12880076794,2183.81239241251,4167.73382737508,2550.77292697852,2313.02553883572,2099.88398373737,4190.6137298628
"426",3497.76100568367,3601.79797123911,2266.10231654248,2313.84869000074,12228.902262689,3388.51825462401,2055.52063132957,2114.99289273543,10107.9940079816
"427",2588.43446660155,2674.99137386328,2163.46534822862,2162.10545240197,4031.70318456131,2511.1251100907,2037.07996823679,2028.68016761381,3650.16017562547
"428",2816.87176821828,2872.18616695301,2243.55419004065,2163.91799989966,4365.56922255442,2752.68302148649,2120.99815871374,2048.83602387559,4734.986534786
"429",2916.23119161784,2948.34290392432,2434.9873199568,2325.48130689723,9605.87675275335,2856.4802877314,2362.66751776126,2246.34105560858,8684.62106967188
"430",2668.57822617419,2694.47923713376,2165.75712879852,2128.78993551782,3740.79914049479,2621.02317952011,2121.69392798042,2062.16194412468,3675.78061366092
"431",2949.16714072867,3094.16487404488,2323.52679141315,2268.69881094444,3497.52557747303,2895.96873666749,2104.4820197754,2073.81903436693,3361.03594182568
"432",2688.48918081411,2842.37835517957,2066.98659499955,2001.04191801095,3386.63435761253,2615.20460869588,1888.64591251095,1841.94972343081,3231.59249770218
"433",2652.32936740787,2762.52661047247,2068.00014268877,2046.80265016614,3642.47502404773,2603.85962997815,1931.83252437586,1915.0905784437,3501.7765169423
"434",2649.24325832639,2703.50335380507,2297.12968515915,2250.0447537858,3915.90907389115,2586.1756516375,2177.1757754652,2148.72256703658,3671.31462613474
"435",2620.14473278857,2698.47841743305,2084.32960223039,2026.9947861045,5385.679038594,2591.72849484232,2017.88821934534,1944.16274315364,4902.93009206798
"436",3260.17432985549,3281.88064063738,2369.2919043143,2322.84612478459,3627.44928639895,3177.98172638973,2268.56618372276,2209.3241231278,3504.90623463049
"437",3042.22663012665,3092.44778632073,2192.15536960102,2167.52417592319,3383.69420475658,2981.72998420556,2098.18597161707,2087.98967953513,3110.64618900741
"438",2705.96127451692,2777.39517406786,2214.61243900966,2154.7016371025,3806.74831240967,2653.14427072838,2128.92181777544,2065.45306880044,3635.48421319275
"439",2789.20756954448,2822.25089677328,2364.45059789616,2316.58715739926,3648.52877331668,2751.42077194085,2327.91494716819,2262.2059415692,3610.17988396426
"440",2862.26797214842,2895.65963703965,2617.42060633259,2357.87178850502,3829.20404579413,2778.31717058739,2481.1240044714,2241.07671957459,3725.13116666438
"441",2586.04853534467,2671.63138790625,1968.46274986244,1980.41637302311,3299.01178598474,2513.94578664704,1851.96168517449,1860.09372174201,3108.75709425963
"442",2667.12623875213,2750.97138398767,1800.97183357705,1831.16132474998,3644.2157428956,2571.38920953963,1713.85868280822,1732.62129584228,3315.93670785318
"443",3022.10627458403,3022.31096847977,2372.74053526106,2316.97564972152,3508.94091957666,2927.21845418378,2252.01444156814,2209.08577534792,3532.43191944443
"444",2604.44934089597,2653.96727128695,2144.56322812615,2106.90252734747,3497.31434766218,2550.86821749674,2056.28567642033,2021.89685290002,3360.83698198459
"445",2699.69134670444,2770.83728439371,2232.82703191617,2130.55291133539,3853.59335338256,2608.88468686365,2109.32759559092,1998.62411053874,3622.32129012566
"446",2715.93929352698,2899.49107726717,2052.58154342067,1984.29370789684,3377.66167138686,2647.89275802462,1864.91313376503,1808.98736609832,3223.36230615809
"447",2680.3552052652,2810.49355363096,2051.19228615282,1988.8555879511,3243.73532223396,2629.620858456,1887.56130828991,1836.16491217628,3103.60958572635
"448",2619.6284485351,2722.19941114871,2103.04796537553,1971.1314750359,3201.97259176495,2548.89586508402,1928.44811630399,1831.08815106134,3045.77326317279
"449",2935.96180405261,2983.00058665338,2515.35692258016,2328.46811169241,4883.82778657627,2826.38184617211,2383.88712876287,2199.78814176036,4333.98608690285
"450",2861.60755692693,2902.85072925792,2190.12922864756,2151.66166742292,3615.82013014822,2814.0114379579,2113.74924018391,2056.33863926737,3518.96098172911
"451",3664.86749993837,3823.9208076284,3190.2543941167,2673.14745163797,3754.88876327543,3560.93452843494,2821.40410044105,2436.03132864342,3626.46655249896
"452",2704.25868833225,2793.0573734926,2049.17090430467,2076.51842694793,3813.3811927494,2642.64200873247,1932.75940421293,1950.97842639398,3775.15690780154
"453",3262.49492232157,3299.35143414406,2046.08351574701,2099.68164898414,5703.27767973071,3184.82915147612,1930.25418901171,1983.38223589527,5709.95114322971
"454",2593.09812564213,2613.45985233893,2066.75474099667,2058.44680301503,4132.99756615808,2540.7256696456,2002.10341275297,1990.35371324084,4268.86476109901
"455",2727.96548115467,2793.57840440054,2065.83951482215,2051.81456094511,4480.29979304799,2664.96725632553,1969.20326407074,1960.90055010466,4200.95944722343
"456",2765.83771039666,2783.58614369534,2316.82820869331,2199.13765240361,4508.40947315878,2723.38094435787,2258.06491578511,2131.01004585152,4512.75364812452
"457",2993.72524533662,3092.96225907074,2186.32568488845,2204.43857114226,4419.65203562595,2912.13378595841,2066.52184565587,2064.33234567402,4159.9280644916
"458",2904.15473479581,2919.94553443419,2239.70517311844,2294.75082329253,4322.73324944808,2874.70463503315,2178.12767174021,2249.77188024911,4263.94136655669
"459",2880.03812379075,2929.00420461011,2670.25417040328,2286.77014962742,3762.92181780722,2826.16987454158,2550.07088777108,2187.54316086143,3578.90107040572
"460",2831.30030229117,2886.36884107706,2065.5721163964,1975.45729387604,5594.30759579606,2727.85557760927,1882.83754464728,1831.83396429089,3740.32172249705
"461",2630.50000903689,2666.2759735753,2073.98632963314,2004.13722561946,3594.14152867482,2570.07780410852,2006.62943650963,1926.35915409349,3500.55053564665
"462",2795.40696966167,2919.59222970517,2100.53181704879,2068.31406209117,3344.44673717209,2745.94351023483,1981.03482009027,1935.02462566624,3228.77254541771
"463",2632.17018784234,2719.13514373043,2214.38543573729,2122.78965359967,3750.23584650663,2552.36717307311,2128.06798094104,2013.41507497785,3591.97847239534
"464",2931.75293121809,3076.99408650292,2316.64482834078,2259.76314445918,3933.92187339127,2854.1714633359,2150.53308810721,2085.32000421841,3747.79941492811
"465",2654.46582075226,2805.36900670174,2243.56958282447,2062.10594490062,3607.38020142528,2581.20601375914,2042.2943642307,1904.83953720707,3399.31264470497
"466",2652.00667218522,2713.08778133162,2363.54071332537,2274.60997489551,3465.4257669398,2575.82093689557,2232.66121686613,2155.2682853414,3204.87902115783
"467",2798.80064574445,2754.38638710254,2155.66443408334,2140.24617526072,3201.27973665201,2756.10920102554,2089.54922272442,2078.20166166246,3216.29311789118
"468",2659.88762367558,2737.43288628688,2245.46823118847,2231.79389621133,3476.16793217926,2588.43966776872,2128.32917279744,2109.02938696581,3275.19444041886
"469",2832.63844733039,2879.42791201334,1960.86830303677,1993.59090648937,9520.99232179977,2730.9892363289,1846.12609680024,1874.5136739703,8711.96085911928
"470",2603.37942011149,2712.68869424637,2199.91250997816,2139.33236465496,3678.72202124178,2531.88069615417,2043.84377567518,1997.32690701564,3369.62661196008
"471",2584.03960407782,2660.12730855437,3565.55968558493,2080.25992630486,3588.2568488465,2566.99393292725,2060.79918979519,2000.8367850654,3457.92329432689
"472",2542.8275538568,2603.86544522771,1706.2066585294,1707.9084628215,3373.01555329043,2488.76588125937,1636.0722431414,1637.73442953771,3241.73237466978
"473",2709.72024211992,2792.78589950712,2591.88172423951,2208.02340873412,5778.58447103872,2618.65945356113,2355.6834120269,2058.31633679221,5173.11350074527
"474",2871.68114518709,2914.23612025874,2225.95533333565,2128.50162496539,5530.06829767585,2763.06900672055,2037.21103033457,1970.17034643531,5627.37334629679
"475",2949.9622192266,3040.29882387847,2236.86883101688,2168.20410714791,3566.4391881006,2879.76413388794,2126.51202693797,2061.11089217865,3442.75620899284
"476",3811.08604135509,4057.38346803584,4056.95467819076,3002.58408056481,8985.6576357151,3777.16851965053,3567.23271638277,2803.16556848547,3297.63008297503
"477",2877.88977394493,2923.6440273544,2315.34295607613,2190.50952867123,4403.91608468882,2795.6390478274,2194.96034775802,2083.0752434047,4240.81842652186
"478",3246.84949577398,3443.55770268789,2446.88402096849,2422.09951319151,6571.44276300411,3149.59970215634,2220.68244804513,2216.03917895694,4419.60293521219
"479",2711.84409537886,2778.85091651503,2334.49737423393,2224.71701043018,3793.14387805842,2640.89692167652,2195.52580911721,2105.46355862408,3588.99586825378
"480",2458.78101731707,2504.29624363915,1879.58151267342,1865.15948698696,3280.9062140198,2388.54914323876,1817.96843653142,1793.34540492704,3157.45584508241
"481",2720.01014936665,2760.10525457759,1978.89609263461,2005.09375380626,3823.41143569901,2653.73871221997,1871.68636232237,1900.2013029501,3719.32563018416
"482",2565.78750675514,2570.001521227,2067.84796897245,2071.89043245396,3419.93072542925,2499.3481278078,1996.35602341984,1998.46016533026,3459.26173527456
"483",2811.76826700894,2833.67681294949,2443.63270404175,2346.24202648695,4163.09562894296,2747.6597344619,2375.73590073663,2260.7860715698,5268.91011588759
"484",2539.44787640918,2536.87282556589,2048.24604507193,1982.54658884076,6718.33987809391,2489.40477989605,1978.26557443292,1923.68192171044,6650.74965641269
"485",2817.21219529676,2965.85194814001,2071.17551513736,2136.34620923212,4564.26539773552,2743.66676717118,1902.1142352885,1956.07332875267,4095.60862222222
"486",2721.51076480449,2751.62627243386,2041.93368384952,2053.20004117854,5190.84406904738,2644.17784102156,1955.11180111628,1959.93787938601,4686.17991217661
"487",2748.89395791656,2724.61304694381,1977.941856813,1986.7029763288,4012.58413398446,2696.11546777967,1924.08502826217,1936.34616902336,4053.64850715753
"488",2945.33854683022,2889.59153122974,2111.05544148173,2074.77372895292,3294.30300678551,2916.51566646227,2088.67922992208,2046.2450307933,3235.32811137688
"489",3249.11392505049,3295.88437278653,2347.98570731832,2318.20899212236,3366.93456586334,3094.52767349187,2155.27605024456,2138.19511550989,3181.62193519493
"490",2786.41775803749,2783.35566379107,2236.67987995945,2049.8613618479,3855.73777989738,2722.37516265657,2267.29329575311,2006.29221185746,4049.41906166504
"491",2575.29317149882,2653.39825337276,2014.86547519499,1961.94920602998,3479.41559248613,2504.51236824634,1880.72071505577,1834.40867880824,3456.64319077335
"492",2887.73047501856,2913.73202969349,2370.3848871139,2205.00144555444,3584.02457526002,2810.9058849875,3022.01348191528,2100.13096084531,3414.98786354808
"493",2813.6675124793,2850.88889133312,2211.84725312544,2166.68614832555,3964.87663770583,2771.6214246018,2144.73302374695,2084.03955182465,3877.93694688058
"494",2807.4115034281,2984.63838959453,2347.24381076695,2181.21662953362,16498.9222908252,2804.44492594748,2155.75957806789,2021.05090778727,6309.58489860941
"495",2815.94356902198,2930.46198253162,2720.52637583063,2357.09798032744,3351.0774720964,2748.36134296971,2657.95166144936,2241.34359476161,3217.72398472198
"496",2518.08038421295,2548.74183978236,2157.00645119146,2082.3151191898,3755.60653703194,2449.83102110017,2079.84151677775,1995.83959034311,3744.3311192084
"497",2995.7185729815,3083.27718227938,2037.60028086666,2089.0926927789,5916.73240856989,2930.63709319529,1945.29661343792,1979.48310315806,4829.28486101404
"498",2872.39502265945,2901.37635783307,2001.15022752918,2015.68694153492,3843.99164132571,2823.26417182601,1889.4834236792,1907.63240981543,3677.93742431634
"499",2758.65004532821,2803.98864559737,2196.70890187269,2152.54775249841,4699.76917499694,2700.53490973361,2123.57980525931,2079.53661869711,4540.81126116961
"500",2788.5278508531,2879.8488936435,2221.09918081902,2160.6908956137,3539.14437727403,2754.65131252792,2112.7583646679,2056.53387473853,3380.21096422131
