"","correct_data","ztoigeom_split","Hurdleztgeom_split","oiztgeom_split","ztHurdlegeom_split","ztoigeom_combined","Hurdleztgeom_combined","oiztgeom_combined","ztHurdlegeom_combined"
"1",2304.53380972783,2366.21965189105,1900.58912044731,1904.91654039194,2854.04711677406,2229.63657612394,1783.22789214397,1792.98786493676,2598.23820907879
"2",2251.38417430396,2286.69789618946,1624.49345978344,1636.71851366599,2469.15463111392,2188.70668680764,1542.82775958297,1550.44514138899,2370.63236504614
"3",2249.47704334986,2252.46153523902,1983.33687616791,1965.77122992658,2471.32021549456,2193.69117166082,1924.08884083849,1905.20446749055,2411.53891389478
"4",2427.83532226207,2479.71009413818,2039.99862725169,2073.25808424177,2784.36976240071,2360.15475555043,1953.47022102899,1981.81761265408,2664.1822975577
"5",2547.72372614175,2626.96688615619,2059.09802740302,2080.54030217539,3146.11164706084,2477.68616316488,1939.89236438821,1953.57081241113,2998.05649858656
"6",2096.74051250715,2099.9095161892,1692.5478203888,1687.8381833393,2475.53145929957,2038.15348210799,1638.92068053174,1633.04541308243,2346.4905921657
"7",2258.02675701845,2255.80684712938,1747.77436058677,1752.81432725019,2646.36026622645,2222.53409240357,1696.18123235934,1700.59462558431,2609.69112458096
"8",2334.85094154843,2383.26566083909,2032.91591114378,2019.45655132387,2806.95494374907,2286.18006304202,1957.48299410921,1937.7063981159,2720.68977770761
"9",2362.61222952625,2429.18066330101,1846.93975682574,1856.97417835115,2764.12713611343,2287.57250502752,1750.39245906132,1755.01746557138,2618.81522697658
"10",2329.46960592398,2348.70888241873,1799.54353441266,1790.00077427607,2483.79291466977,2280.36083838288,1728.08328236495,1717.93850106132,2426.95583341192
"11",2207.3753887706,2291.82547646481,1640.2270370258,1669.14305075897,2492.70526512363,2127.09721905402,1546.14501398551,1568.12150108998,2365.32668678259
"12",2133.01028943414,2233.30049253246,1682.19015018068,1688.27153839744,2352.03826072512,2092.99846471615,1583.77113490547,1587.52445032214,2197.96170575412
"13",2381.90081795619,2449.5308643718,1859.5599411289,1865.07930381287,2863.19483705046,2314.81169568524,1762.74403602947,1771.20228191708,2706.34167768625
"14",2373.99532598728,2453.72322011976,1994.08733386719,1970.80068723553,2889.17589255596,2312.22625678542,1890.19133782592,1863.03763572909,2733.91290276125
"15",2137.18299649853,2195.41360201807,1669.69442698165,1677.63422730987,2466.85708756924,2082.98584395853,1592.09063491869,1598.96501818684,2349.2557522183
"16",2444.49099090164,2493.33738738996,1800.78279709132,1809.31188085039,2555.02056179583,2379.57736351493,1723.21526138499,1730.34627884765,2458.80816031831
"17",2293.08581903972,2315.540173152,1836.61162801578,1864.68289395672,2779.89374966362,2256.27866699491,1774.85182844044,1805.64318863198,2707.49007886287
"18",2268.78230535582,2442.74771929255,1663.37587726271,1724.49561931256,2326.14855736343,2232.73881771185,1539.46502124637,1582.45028574779,2214.28144682253
"19",2127.01164525217,2123.61177041644,1675.63208884447,1677.00497897997,2430.64438096326,2108.48920352824,1645.046414866,1646.41272188632,2456.98927355237
"20",2393.21965525711,2427.8592751267,1992.90931100408,1961.38848573585,3280.7279495721,2331.32012972972,1926.67320846316,1887.25670125478,3119.58009323955
"21",2292.34694691992,2350.06003643572,1815.1527962141,1808.2080359777,2752.41375720364,2220.07743184904,1706.1525722449,1703.78935076548,2611.8292884157
"22",2211.43824266627,2235.70528738155,1833.77773305344,1845.30048697283,2735.71522275934,2165.32373608407,1783.93369254555,1789.48812141552,2754.43633998228
"23",2345.89001332923,2361.96424411666,1946.62571446919,1940.78292662774,2775.11807744117,2288.05237010481,1886.66081850527,1876.51957032317,2775.77472273919
"24",1979.89477663652,1907.50713076026,1416.50173070645,1423.20774228099,2215.77182238831,1966.16655958071,1401.1359513805,1406.96191606289,2255.33128401457
"25",2352.86025287793,2407.71009196352,1876.80293619099,1889.10941922788,3285.68139455612,2287.82922461408,1770.0000924287,1780.92078041313,3049.21931959675
"26",2229.19589827933,2296.17020614665,1591.17768061967,1617.22505034048,2359.61023980502,2170.75882295979,1498.37613844074,1530.50725176546,2233.93881876761
"27",2129.65076907634,2186.49092641551,1600.27605328301,1599.34566552569,2844.55996470781,2062.76690354729,1504.43092989695,1507.4739042973,2487.16813542825
"28",2172.24098261105,2223.88163081349,1680.14527742931,1695.1026495662,2488.21645132278,2102.46160083805,1591.41295150987,1605.11280296716,2377.89061385041
"29",2311.62608501191,2359.30887837461,1825.58576413234,1827.4378999936,3114.14460073955,2265.41379082137,1756.42215945256,1756.41571033982,2961.4242221321
"30",2373.94260669244,2458.0948368277,1877.75148713893,1891.50543199963,3331.13768509498,2304.64564351536,1782.36391292186,1793.29588292876,2981.20569782176
"31",2231.40660634757,2261.51073492938,1830.41491562535,1844.86012363539,2520.52357420899,2172.05150452929,1748.68955255341,1760.35111700527,2431.86385643942
"32",2489.30340600549,2565.20531966153,1953.82836968809,1996.50088624896,2881.63371904195,2420.64523356069,1831.78059970894,1887.60759271544,2745.62394473092
"33",2393.43065469936,2488.6275723913,1858.63345086415,1861.75111637285,2629.73774205148,2315.49289964918,1734.54474655229,1738.06288904513,2490.27718213147
"34",2372.26642258489,2404.69063764149,1836.6167939826,1831.01606103399,2531.58138508833,2301.69766358904,1757.37660711689,1746.71338566255,2438.60196572869
"35",2146.2825080127,2172.21574567985,1749.71749542884,1755.98226085074,2448.00338260162,2096.20995660932,1680.45263937373,1686.04060122477,2358.37005562813
"36",2234.2183323802,2228.74801664977,1628.17663424125,1631.80016844696,2280.14107543947,2187.84166129422,1570.38251705003,1595.56628025363,2196.36094290497
"37",2258.68959556777,2328.29757395892,1808.39530526471,1812.81656767227,2843.65457472764,2204.09088628252,1734.6197169353,1738.72549732867,2702.81488872025
"38",2107.80057338174,2158.57375590067,1584.56865947096,1614.32043479193,2454.39550681182,2052.13947333136,1499.96722265559,1522.31772436425,2400.54211546111
"39",2390.12999307302,2436.55736770395,1885.61267459492,1890.80106352967,2971.71447382843,2343.52452528574,1822.29705763616,1822.89796977786,2944.08895602867
"40",2266.72370456332,2290.58424381653,1918.01187548444,1917.06473332866,2521.57777347631,2203.09210705105,1852.7540774523,1847.71664184994,2430.70092247801
"41",2417.9263046854,2449.15882471985,1982.11928614042,1984.23342440719,2877.2627300372,2366.27542667909,1912.44863677082,1912.38627247,2807.9145443879
"42",2338.3580286315,2374.84244290528,1876.30631704348,1883.91499052645,2648.44440194984,2277.82554803895,1801.11748522557,1806.13125725045,2558.5211683486
"43",2259.40380175538,2274.56956339666,1767.25665889436,1781.84857499113,2605.32672191535,2205.4929443076,1700.66840276023,1719.49831212804,2491.97360767764
"44",2171.33624966961,2255.95108300949,1717.32442840785,1732.80686424845,2758.39676522198,2103.6772636515,1609.21142079137,1617.79881055182,2478.77472366483
"45",2365.14392545359,2406.45099230308,1858.24495243482,1869.93049456912,2694.20620511847,2299.92493708969,1773.11396830795,1783.12825390071,2559.58930224128
"46",2181.81447575146,2249.57546986319,1656.22972897205,1682.73167987114,2364.29207322698,2141.6238354051,1576.12402495008,1603.69400665902,2250.28758442303
"47",2216.95622815886,2310.52179113153,1655.61029881159,1679.72079447307,2480.85535700041,2155.32442810811,1561.0405558029,1578.00200764504,2244.14825859651
"48",2104.39951421146,2149.1993390542,1691.70855158173,1698.19941994987,2821.09903472459,2060.44079418014,1635.54750940533,1637.96729880903,2481.47572523486
"49",2213.94411503046,2208.91331842164,1660.52242832361,1659.517337697,2707.68923206499,2186.2990135376,1625.01927120932,1622.80712877754,2583.87082540221
"50",2277.84288719655,2329.18826139352,1923.04013947296,1919.3610006251,2941.97243438182,2221.83742294105,1838.27679077497,1834.35019588637,2692.32856432567
"51",2220.41823422879,2230.85628025491,1781.90490062207,1778.33527599252,2585.70729275551,2196.29897403925,1709.62323433746,1715.06369951435,2675.22599453404
"52",2263.80484717253,2358.64599701123,1633.27755323071,1678.73950743337,2547.00365354005,2213.60196007667,1537.99728095481,1567.4484611807,2275.34228354059
"53",2271.42591442558,2327.2613800374,1805.22238075518,1850.19777440605,3061.80907722811,2204.95772459722,1692.75082390695,1743.05043575634,2839.51021027553
"54",2442.9330035898,2520.10894613522,1910.36729181927,1919.21307003159,3048.72712673522,2379.78289576467,1815.35610744772,1824.76364414883,2903.87830313678
"55",2246.02540491366,2303.62997342193,1773.93010829293,1786.76106973804,1601.62272366716,2179.03099781572,1683.447447638,1693.50409958298,1682.63505333357
"56",2159.73050283029,2205.33286292784,1800.94070122062,1803.71368169897,2837.96830297619,2104.96437930473,1722.01211886095,1722.88730788478,2655.62159019434
"57",2159.90493615447,2212.72800690387,1659.01201856585,1689.87504568186,2403.17945035242,2107.34682859059,1584.69608697043,1608.50204264624,2300.6786300785
"58",2363.98802981267,2344.56256532726,1631.2533279002,1643.93122563386,2557.31533137208,2322.77229453734,1559.77129560464,1585.44197478987,2492.2419516971
"59",2023.82018180235,2001.36489876345,1611.95640958993,1634.24907186662,2312.3016389578,1956.88324639811,1574.90257104662,1584.70383754346,2167.27014169002
"60",2347.34261338434,2416.74667456037,2004.8334290886,1994.69146717582,2898.04962620369,2290.3874076635,1913.77915071466,1901.49159969148,2731.33105437495
"61",2184.83892810028,2211.56192402415,1663.51068811146,1670.31785945772,2621.11226588804,2149.79818863602,1610.43721216581,1615.95494274017,2529.70129549303
"62",2228.8859771014,2253.41579985628,1734.46742128536,1745.99176535488,2482.32223497203,2159.73120936618,1663.82010273996,1671.66857147631,2372.44161036621
"63",2366.30467621205,2382.46493186264,1849.57210142644,1848.28215118529,2812.90632765156,2328.4562296607,1788.67605855551,1787.94215358533,2747.65207148878
"64",2382.22102727307,2344.57804670564,1795.15535283997,1806.00362439378,2797.46785053767,2348.41631797157,1784.72530087601,1789.26827867973,2815.72041697388
"65",2441.99316520906,2489.77625404556,1880.47415946044,1899.21099419889,2832.0313461427,2369.69229704013,1798.24166776446,1813.66188384347,2664.52803490076
"66",2094.55373525275,2114.04848360934,1572.65384031206,1585.81388331646,2375.17913307126,2048.5887375863,1510.45096142081,1523.76807246345,2250.10101228494
"67",2339.73560813511,2397.300675943,1906.17833119137,1912.96932972568,2900.97381558131,2280.98793237747,1818.84878683202,1824.03687593677,2756.19522905578
"68",2300.12746297454,2380.90349289728,1924.00159620863,1916.11356105874,2828.59667879311,2247.99384105409,1812.74222458578,1807.48138501737,2787.06268539388
"69",2195.61961829673,2253.0843361888,1740.75502278889,1733.17966208787,2569.81339699781,2118.98376616441,1655.53491009333,1647.84784097226,2435.43652663262
"70",2277.35133580686,2300.51788056809,1839.85606851261,1844.46198416319,2759.36091787416,2205.01642701454,1757.74782369602,1761.20503784347,2556.43819890555
"71",1910.14238465435,1905.83890912696,1421.33956476524,1449.14545375862,2140.00792253192,1869.34221702069,1393.17984728451,1406.63955616301,2058.85011422173
"72",2126.28529457202,2134.34143033969,1630.57719135619,1655.67640447815,2634.08796821582,2051.12390791319,1564.28699267609,1589.77890227425,2453.82921796706
"73",2236.94325947811,2292.5051788657,1798.69735189853,1803.58910275111,2669.90493908827,2183.06675783185,1716.45192000464,1720.88975198438,2515.56674789432
"74",2357.01905858921,2397.82126367999,1992.76937539471,1992.68192697599,2921.51007137335,2297.05721390436,1912.86267636796,1912.94233518973,2819.27748802256
"75",2274.9497820419,2329.98899843233,1758.9050723376,1780.56166903192,3183.11029951144,2232.21322859564,1668.82183770237,1680.59036652657,3029.91327181469
"76",2546.18774921274,2620.88864658781,1936.13313784846,1959.07664202374,2957.77452475458,2464.41086551466,1778.89117315318,1862.14512313424,2760.90651677328
"77",2272.98491239598,2293.31633251782,1908.55303003368,1907.11587132848,2736.10794478646,2205.87913349541,1829.61480156132,1830.20456219551,2855.32519316976
"78",2352.48685574784,2373.583754207,1968.39211495443,1960.07034289573,2901.16925838551,2304.12976454805,1902.02069601159,1896.63514383597,2821.14731242851
"79",2416.90286987519,2427.04068899577,1885.37772354655,1912.27498214267,2672.79874833802,2346.97354695012,1817.93928228105,1841.14519766042,2572.6255750043
"80",2225.07729439266,2282.28773416114,1799.7184465571,1797.80226001495,2704.96243143213,2171.17112195103,1725.20070640466,1721.95593009678,2590.96011782803
"81",2042.30554576423,2067.33474747337,1611.37648893227,1610.37053773052,2347.85923102047,1990.25091476171,1534.85063171574,1537.58956711563,2229.54425204823
"82",2223.64480142169,2296.75653691478,1772.78693380575,1782.76415419381,2830.51429660609,2165.29434369868,1670.68554715291,1683.35502471656,2641.19134716375
"83",2303.30477429317,2326.30965817919,1741.99575048846,1757.90602708648,2508.59052491919,2223.93922195527,1659.27981975643,1681.03259668445,2412.2594271195
"84",2396.50645418955,2367.16987428,1933.94534669145,1931.85402325074,2627.28195752603,2350.72231889127,1909.29558231163,1903.95839586662,2534.94037429859
"85",2348.0708619573,2380.24020708604,1956.75156636364,1987.59793822792,2659.27794713004,2281.94247487894,1905.97697952898,1905.76998169275,2547.0395819132
"86",2130.65562178711,2181.74510734951,1741.97146392179,1748.30966115306,2677.06075156415,2065.92427301121,1636.84073795564,1645.5064041477,2485.54801209834
"87",2286.52607169753,2249.30324011012,1753.04692948698,1755.78229699896,2667.56798652836,2218.00117898085,1706.40355171543,1713.74547899965,2530.65253650035
"88",2387.05807176473,2425.82585110206,1942.53088721128,1939.87767344416,2903.26480354208,2324.7640233687,1864.02874692576,1861.15417483265,2766.59206349646
"89",2428.7780789879,2457.35109008522,2001.67482114545,2015.22455275923,2940.7093048527,2376.32580466334,1930.2484894611,1942.20022386208,2841.49458370544
"90",2243.73081747269,2260.11961029097,1850.06909964052,1857.86455060473,2837.45179929877,2191.45248139004,1797.75491425369,1802.50053923072,2814.49870479699
"91",2412.56514874084,2459.38811832631,1832.08598387865,1879.34004712917,2925.04634208229,2337.2355264798,1728.02513571148,1770.03731300744,2605.62052792853
"92",2310.00363393751,2328.35150420379,1779.01444557401,1789.94217384434,2909.00789023529,2244.35402688479,1704.20636089647,1715.36431883386,2783.64488039825
"93",2336.35057916983,2423.00861203908,1724.18861783996,1739.78185877826,2686.71657364328,2290.95963826606,1630.84612672206,1646.22083596308,2513.33533065592
"94",2253.89861864902,2262.79117642484,1789.72961443947,1787.92239748986,2630.49382193047,2179.93647397918,1724.41366583674,1718.60048485404,2508.87977885318
"95",2054.95780129803,2113.60377577281,1557.10350244493,1568.01623088216,2169.24706364996,2006.15346309927,1485.14371316918,1493.96709210856,1696.58887785201
"96",2045.31219795796,2122.34377759681,1517.44243733392,1525.40953056966,2310.87987125935,1995.01746475115,1443.08447321499,1446.74505870236,2227.36301997215
"97",2399.5223851626,2456.15497672992,1871.83405860683,1880.55570000496,3282.64947118585,2374.48641047068,1797.1261426068,1805.59221889031,2994.1702359582
"98",2461.22872668217,2482.8924242084,1713.1524179336,1803.82017512356,2522.81899865351,2396.06465553016,1642.15863254138,1727.16666930724,2410.39919974063
"99",2341.13986178573,2407.68665348691,1960.91536070874,1973.60034872377,2880.97276762929,2275.86510806616,1865.75744726232,1873.40413833251,2709.06895625474
"100",2217.94868991462,2300.91115211999,1778.57188848203,1793.17659338855,2756.07932603324,2158.11659686621,1686.78700235112,1698.36405919467,2628.30722108934
"101",2399.24612501723,2413.66530219549,1749.30660686153,1789.83326854113,2554.00458053948,2339.72010492575,1674.92573984319,1719.81814019017,2450.07818559082
"102",2214.81922017768,2272.58433047254,1837.60475659088,1831.47669809927,2733.45804094164,2163.54926126714,1740.34061711377,1739.67108520655,2558.66042540957
"103",2491.0356417622,2530.59470730597,1959.7583144717,1959.07308475999,2978.39153477886,2415.21054954148,1865.71497493882,1860.66489321201,2852.50584936466
"104",2368.94532675168,2392.34341391276,1957.70102573823,1959.8997249063,2896.96369995647,2316.27924044822,1883.97000824044,1886.40755736158,2862.24000634699
"105",2257.71374478129,2308.71803566826,1569.80606169347,1590.36143216672,2197.80299718266,2190.07664656131,1504.78915719579,1522.61927029417,2101.46489995927
"106",2447.13213241344,2506.06320715178,2102.25184549488,2092.19470937511,2860.38013798146,2381.84629394285,2001.67006729374,1987.31738975144,2707.43414392997
"107",2182.4586094128,2253.9406919051,1847.2980812596,1847.99259175337,2603.61268492338,2123.68355425072,1749.73322096404,1749.75888422665,2436.9224909858
"108",2412.22172621097,2488.92755583732,1723.74855299605,1746.3641363345,2556.73280327307,2340.47149232533,1627.55421823505,1647.16247697424,2444.5048073674
"109",2301.92294732775,2335.59763411798,1877.75697046974,1878.94860642624,2622.67957742824,2244.34007769739,1802.96563945236,1802.7619622481,2499.76485084597
"110",2175.8114156327,2151.4554365353,1588.8668490136,1598.5757249459,2388.61892305668,2140.38724790836,1552.68402924427,1560.28897698574,2328.31746688727
"111",2306.64311371285,2394.09633284203,1734.08368598518,1758.27785937734,2922.04254711276,2241.18405749089,1630.28599997506,1654.53662934722,2658.00656476312
"112",2242.30329978516,2335.67908217457,1694.88680017074,1703.49821516917,2549.22243438329,2180.65847977741,1594.41046918921,1599.54869227899,2412.8902426304
"113",2295.14371349012,2318.7759612837,1858.95619536831,1836.97722151742,2881.20643515909,2240.6303263474,1783.40607604428,1762.8897408823,2770.21571058699
"114",2387.29458821602,2428.53550888975,1856.46447221844,1862.14203603239,2870.56968209931,2321.40939589837,1778.122099961,1782.08402238067,2722.17352859406
"115",2289.20921352696,2345.29785472771,1941.04089463857,1940.98275547267,2916.36779966914,2240.32064130449,1860.49285469815,1860.66545052273,2784.72638161193
"116",2219.39161888624,2303.84792474683,1758.78822887072,1769.01004882991,2495.93549002943,2142.52549476146,1654.0484878677,1659.82740050187,2482.52058144603
"117",2290.14433605519,2351.16636370244,1868.90423969006,1864.396042052,2817.4074133479,2239.82591951565,1773.50630779982,1773.2465089151,2689.61229431831
"118",2408.47738262334,2422.03113136427,1952.61076840999,1968.75310819968,2887.62309102857,2339.32147395981,1868.01572502138,1885.49252012653,2819.86483472053
"119",2328.85534540351,2351.86172676417,1916.27827913565,1942.2987502753,2481.36339353062,2278.02134169119,1858.61671248385,1881.06558479894,2485.14909249438
"120",2249.99112141225,2356.50318305926,1818.61415374114,1818.18333921383,2718.48743849749,2191.39228202201,1712.05697568551,1711.07223681983,2542.11893893948
"121",2302.22607200999,2382.86094500165,1667.44792806819,1690.72277270174,2963.55680000942,2232.34246725336,1571.33999992094,1587.685377223,2711.89556682117
"122",2286.72654129981,2278.66806078761,1890.33477393762,1883.35279205171,2804.9970465923,2250.87080887007,1833.6230811922,1826.85632297939,2729.21642388385
"123",2108.59517120851,2115.75450232656,1705.02294257935,1701.08223735985,2602.2314831616,2056.50289749269,1668.2260062515,1653.96931361344,2560.9859513703
"124",2362.87976651327,2402.88022585139,1915.41040290413,1928.18817687809,2634.36565572026,2297.33244610292,1833.31215840901,1846.12207361351,2516.47982015518
"125",2250.5519092857,2386.12580872897,1825.6433936161,1832.41894249136,2637.09045266493,2173.41033715834,1682.27415183979,1683.39068589753,2428.34257762796
"126",2339.15204996099,2392.52983821772,1984.99460781066,1995.05455214167,2781.33193615574,2268.89302364357,1880.27141914852,1888.75274506933,2546.60083895331
"127",2151.64523837769,2255.08199735409,1630.44264896406,1653.8137265949,2690.65057069799,2090.47549383806,1535.18858088992,1546.08399049097,2332.32747122496
"128",2348.91283503351,2462.34223112016,1582.25166766523,1828.93903895412,3057.80876317257,2290.60597927453,1529.63053284884,1730.16401560185,2704.15183652525
"129",2181.21274543345,2192.55931655576,1645.07580683907,1659.90149546907,2466.08453908987,2136.57803459984,1595.99675511871,1612.76661781111,2353.76522181724
"130",2538.45081927157,2614.61449324425,2064.13775087071,2089.74789473132,3163.96109901273,2491.36625093599,1975.60125076842,1997.73150539298,3037.3347134163
"131",2444.58150003206,2416.53423685422,1780.87299371415,1793.74792069321,2509.04456228511,2375.41867817013,1731.54291574029,1745.33072216362,2442.22242889696
"132",2295.90709354105,2342.00851922909,1880.74318005007,1876.25030645151,3027.84597875307,2237.79308930576,1795.90624343924,1792.05591329041,2785.54816161182
"133",2340.21197419729,2348.09111808833,1853.60955652035,1868.39425291,2757.7856590589,2308.15957385788,1803.81938165025,1815.42205745761,2717.62668769276
"134",2099.13526846379,2129.04249753803,1509.90001310921,1523.08616264467,2418.76144175257,2035.63707770097,1447.54219147624,1456.3000662789,2330.14355344663
"135",2169.70594813992,2202.94123253017,1741.74905521847,1753.51361706594,2461.88417659223,2128.37926152982,1669.47896168786,1680.45597187767,2350.51743557763
"136",2208.01952715782,2263.31243460868,1668.57657811509,1686.70900635361,2641.37833953203,2140.45374422462,1587.29919625497,1605.38043000176,2548.50262556193
"137",2346.78773757202,2393.59035851653,1899.293921802,1894.42335290558,2828.05148074781,2282.51549265766,1805.92911640342,1801.13819503382,2650.40881349622
"138",2320.44195032469,2379.77338064067,1719.11237382208,1747.24884085754,2466.04271809052,2265.05174662873,1648.96946332116,1666.79435866561,2379.33056669053
"139",2346.11130711768,2322.47451261222,1860.1904475043,1882.07054519407,2683.35301167837,2300.64796123186,1821.28546316737,1843.15504242966,2628.35339946012
"140",2296.52545265833,2301.19229357704,1869.44960619551,1873.21531560286,2804.8865244846,2251.44170324684,1821.08226573903,1826.04929791012,2721.15465763249
"141",2419.64561999587,2440.04794829325,1766.71378045256,1842.74098982522,2541.22340338552,2335.65951391211,1691.92644528596,1744.51625594015,2418.42522482816
"142",2395.06044985475,2445.99632280434,1889.3311674539,1897.45810626495,2744.78530088473,2343.949458488,1826.33168964522,1829.81080481101,2624.25576757108
"143",2195.50749547966,2208.91676393957,1708.79078214739,1711.15343401413,2452.07867460419,2144.71326174995,1644.17103772565,1650.80763893139,2366.31206892348
"144",2128.46440631123,2072.17658041658,1553.80216480598,1569.69412151814,2214.52650813363,2127.45241910416,1541.57811532546,1571.6002785716,2156.25989885935
"145",2232.87719521691,2338.16862423431,1704.92008168645,1752.54582906779,2559.58102110245,2169.5162563486,1576.95230928409,1613.5553829175,2398.41700026548
"146",2263.13181718097,2313.10048599684,1739.25194741425,1767.09218218655,2543.21270771982,2186.19856770525,1640.30552506128,1665.12854651129,2351.89376857934
"147",2394.46787868955,2423.0494813107,2012.53990568485,2013.61738020525,2897.05902619959,2343.36889557482,1940.19340581482,1942.08224891656,2791.02869262916
"148",2302.57178600531,2351.65757565904,1927.08213104648,1927.983064806,2838.97674228546,2244.58295921942,1857.82506026923,1849.42983566825,2738.91797415543
"149",2275.01291324633,2333.32465231174,1920.61375454332,1907.53126311546,2925.51623943795,2212.5978247951,1821.55905750297,1810.66858448309,2774.81945395641
"150",2035.78878578147,2069.29040467718,1558.25261044061,1563.88916203099,2539.04916514766,1979.83030112394,1485.9639932283,1490.6876226388,2396.46691870596
"151",2303.12552495813,2301.34605226055,1709.60129644609,1797.49632398092,2718.51592033483,2252.14599152084,1730.54730321873,1741.41783834391,2659.55586116816
"152",2159.10441940896,2170.00417556339,1579.9383475009,1615.3279056726,2345.38362552216,2108.87515554318,1532.11762796414,1577.26502869735,2276.99051525279
"153",2435.79482382155,2489.34490806267,2014.67895143236,1998.48405992165,3042.75825365828,2367.1181688812,1914.6329887547,1901.18641789211,2866.14845813696
"154",2399.2720429034,2431.51184637984,2000.2205198452,2004.98621484963,2753.78262700548,2365.63907524082,1940.25567162904,1949.50389717887,2673.26577837605
"155",2258.75243288661,2363.39603776532,1797.41781889005,1794.82635015373,2457.83742578369,2205.59144625851,1679.83648866762,1682.11930753219,2329.12263860096
"156",2171.75893227105,2241.2029796645,1591.63459391409,1604.684038372,2426.16732402249,2103.41947261155,1503.73574847836,1514.38737831084,2306.01422043253
"157",2266.47821051945,2259.18732223305,1883.95281396145,1864.43074514063,2754.00002836603,2216.09480267612,1835.47883607424,1814.84417165289,2821.54250940438
"158",2241.38409708098,2314.95136274422,1766.35600220566,1812.02888353971,2589.46123393734,2192.21304587694,1684.41974703642,1727.30112440052,2468.15949996628
"159",2446.843651986,2473.06390740081,1994.91816260111,1994.08020631005,3028.6777709999,2393.24626695468,1930.79978018126,1928.01957144964,2922.60063356878
"160",2257.91998125567,2293.29531566464,1835.9132985009,1845.08112177253,2677.49662619536,2213.903223855,1785.97782063145,1791.64981783186,2580.24768524369
"161",2099.46767567731,2150.99510097805,1508.32295490432,1530.85669959753,2652.66720407723,2053.29890723715,1439.01821502897,1459.25592012134,2460.95362510264
"162",2182.42327861324,2213.44314325614,1801.49250051111,1814.13249879033,2498.76375346125,2120.11212750464,1731.4655330246,1739.75382065586,2406.09106856223
"163",2284.72928982472,2362.93454117888,1713.47216883336,1717.83035786606,3031.36851270418,2221.44271720369,1623.59231659877,1626.90731300202,2778.32611942904
"164",2122.81014117198,2152.4093003863,1704.54462700608,1706.78723549078,2530.62349063813,2079.57470511488,1644.72203823909,1647.13416447992,2460.47492145388
"165",2320.89378226094,2382.41820158447,1893.10385760621,1897.80680614732,2939.98533093802,2265.81373427305,1809.93685879123,1814.50047488392,2772.62486918606
"166",2176.55267073451,2270.6533138446,1600.74353022273,1645.05900209647,2417.54781477481,2106.59706310322,1502.9605209755,1533.26808063711,2304.87456923014
"167",2296.58127716373,2401.44709829822,1689.75173298695,1747.6753647376,2354.34724139191,2225.23508917016,1571.58730664126,1622.70102814131,2216.89974646065
"168",2332.67969632959,2385.8580976274,1726.5307047826,1753.66331645312,2518.35430145419,2307.42182419426,1658.98880415477,1680.32544919042,2418.10688834935
"169",2455.94458632031,2521.43896900298,2127.39226404106,2104.56695035645,3113.63261568719,2391.68016718833,2013.20027155153,1992.68899690408,2927.52365474638
"170",2269.78311168178,2303.90713639222,1717.10380548547,1735.57642978745,2624.27391491882,2212.81769756926,1643.66996107044,1658.59633784807,2534.12586843482
"171",2324.18539130536,2337.82842638102,1857.65712630248,1865.18282849952,2886.29716667242,2274.07826448438,1788.87311989487,1799.73500047619,2811.56306052104
"172",2276.13555610432,2318.11487390163,1887.84049050113,1891.52755294231,2858.27085203907,2214.59017397456,1806.61808907241,1808.83504616066,2744.65498652879
"173",2532.94481652331,2632.60516661257,2073.71033774854,2086.52326807308,3038.69730821563,2472.85515009881,1992.25634953975,1980.79570972127,2778.70961084235
"174",2319.33898817152,2358.80418943094,1992.09200690685,2006.58591362888,2938.3586351359,2257.63039967572,1904.49831646145,1919.46709794122,2777.18382970947
"175",2367.36642969402,2398.61258996949,1804.63219096785,1858.28172031285,2671.30157041686,2289.98066140132,1652.51808284553,1747.74116141686,2526.08367331074
"176",2172.73992260349,2198.30431841462,1592.19249580765,1603.50486861134,2554.17316260001,2170.97184423191,1557.28764556281,1570.53627435789,2485.74171777705
"177",2371.93086464322,2390.80366892841,1803.51467275254,1837.31537144937,2991.11796849771,2303.06822873677,1735.86463622189,1773.60391691143,2634.50798588108
"178",2205.27117177105,2288.64823169732,1699.42525246182,1708.26874528802,2517.8393359399,2148.16886334039,1598.40304982702,1604.6296968004,2423.68415335247
"179",2247.64948903312,2322.44755657862,1836.50291582489,1831.06422498558,2317.77881474196,2193.09720700669,1737.19372476575,1734.44867747918,2101.01922388719
"180",2359.49500021109,2392.15304569467,1753.63750642579,1774.55549655579,2490.17175071887,2287.37970804077,1666.47657823234,1683.82160832854,2358.61507995787
"181",2557.90439051656,2563.42127613494,1912.48444281083,1951.6717235209,2809.25368904281,2460.97784588425,1817.93164737281,1849.22689665562,2743.98572119008
"182",2279.58386810822,2315.39111432397,1805.57123469732,1815.39781762198,2739.62929346751,2221.11977419331,1728.79559547638,1736.07010543484,2633.75594270972
"183",2363.39580041102,2436.76370560754,1857.04403005438,1889.56595663614,2836.26993697051,2310.84286507712,1756.73505928249,1795.5874362872,2699.06977556502
"184",2372.17547573708,2399.32887904797,1877.94560476897,1874.86692473682,2778.64401521537,2329.03153421037,1823.46396822775,1816.64763792149,2688.99355562942
"185",2178.77722522124,2236.58490150043,1779.87256700318,1784.64767488111,2689.30183050427,2122.78149377843,1694.65630598289,1698.63962267515,2482.16632705594
"186",2133.00473104869,2146.37111489494,1741.39413645777,1741.50801291055,2669.35129934332,2074.60187507508,1667.8688802864,1670.53544902345,2454.95814469789
"187",2264.89368376133,2320.20968067601,1642.69681830089,1807.91573013705,2626.00786675619,2189.78240037119,1489.04929437995,1706.82881933619,2486.08563228463
"188",2274.70031891291,2306.69991137576,1669.0593160728,1677.23647864488,2891.51637376523,2251.09532248901,1611.10802864415,1622.07256445802,2840.57841295112
"189",2231.01306000735,2219.7095136637,1788.56759670795,1798.14884217174,2458.75367969123,2174.90999616731,1726.16940154112,1737.81433146861,2434.70266743601
"190",2423.15831604268,2462.59678043152,1947.45329655086,1950.6140701134,2762.58678586852,2350.15969769086,1865.15414317522,1865.78120109223,2657.76176438269
"191",2116.53914685973,2148.14812302881,1642.11718912417,1650.58751955237,2484.36900388148,2059.24928832221,1574.25256265513,1583.12808566852,2359.07059672457
"192",2311.5262445406,2331.91956996893,1883.81533452315,1888.68185406468,2855.5305955279,2270.64674896835,1823.5765469776,1829.04898602716,2832.27956082602
"193",2270.35425031397,2310.34756895578,1743.50124356704,1766.61752382276,2659.93107366379,2207.38812801225,1673.76636609727,1692.75208009381,2490.26564512584
"194",2330.01758471721,2380.8458842715,1537.27931807757,1555.500486384,2206.66058475556,2258.71202684981,1456.23307410167,1468.48414778145,2104.24877530004
"195",2174.82628117125,2232.11664779352,1716.26604679353,1749.79313365596,2615.28195317876,2118.92787799766,1633.62810640026,1658.32024894978,2514.13645658922
"196",2314.45745688309,2363.31715733529,1742.62367826369,1751.97428643839,2611.9168586129,2258.41410569148,1672.40816258598,1678.35617915783,2505.25268543394
"197",2430.47822524668,2464.74711261895,2004.0857086954,2007.59756158695,2953.09118725983,2366.36465721844,1921.42195910889,1923.15069189061,2849.40779972822
"198",2333.32993604957,2355.20266778854,1975.66641415734,1974.82529429436,2785.74230985612,2269.99271224921,1897.07553530548,1896.97627077717,2719.01371745281
"199",2191.02677939101,2249.79041347676,1680.0763317746,1694.5254240024,2597.79811152716,2117.44169516798,1586.551900654,1598.77454540767,2467.7720997748
"200",2164.78749190253,2240.18382809969,1739.73140434236,1754.24278854511,2633.34878605913,2103.76092171923,1652.8794946296,1658.57957575488,2465.75933314249
"201",2197.50630418711,2216.64837870351,1646.31755954161,1660.01262562896,2373.1658107812,2153.08341185328,1582.9936232155,1597.44083884021,2260.5476781691
"202",2254.70100540971,2306.12924084914,1873.76089293848,1883.99884609916,2951.17564737652,2203.41818304396,1786.99388457441,1796.17169523458,2790.72613543498
"203",2379.66579399445,2378.4782408081,1851.19012156494,1864.61270780503,3367.89341864543,2332.55109660155,1772.01494952627,1787.25436062001,3138.68509598651
"204",2402.82811277626,2440.1545564443,1851.33780120209,1875.14035017789,2818.45791780415,2342.29866430498,1770.08594039158,1793.7712572826,2684.77489217478
"205",2262.358591783,2386.32230906894,1676.58948591457,1690.41918078788,2288.9934889794,2227.51923417147,1595.45146434514,1597.70007980482,2189.24689682948
"206",2314.06711728824,2348.62497462957,1834.35272664706,1827.97849266254,2894.83406152536,2246.05540417115,1755.96052490706,1752.05754261155,2648.40794121491
"207",2321.54366657886,2397.48867704506,1733.8551695753,1745.28649959917,2518.7059628519,2251.71579444805,1633.07918303718,1641.31011919577,2368.81719490948
"208",2177.35033361465,2230.81428420416,1737.52328208368,1742.9874579747,2531.95946002569,2113.40441513485,1663.00259139867,1664.11999171581,2437.55108686411
"209",2142.28570997476,2191.19439621457,1528.35837500224,1629.48762993176,2440.04584485414,2079.90321889253,1566.76691976836,1553.68090171672,2322.64328032542
"210",2339.73218006036,2410.05460795529,1685.92357157343,1700.05605003353,2956.08497268741,2291.24661806289,1603.40744413818,1614.05599664042,2680.09038016226
"211",2267.29035110172,2306.73490785547,1878.31346668334,1847.75626029747,2738.31579318718,2202.77152590076,1811.68079902954,1773.69221982145,2633.12681613074
"212",2355.22782686868,2391.87755781469,1955.94972269566,1947.42109431264,2890.08638859154,2291.37246006743,1865.80912462512,1859.66718693198,2775.00567993597
"213",2437.53756145589,2526.92121778316,1844.89790479095,1867.3474410103,2838.22535985752,2372.54440443658,1744.58958871379,1752.27816819589,2691.12364285658
"214",2335.66645596099,2387.63916181817,2053.12183567168,2038.87925403661,2796.6630146909,2269.41939477098,1945.28450957923,1936.65858308793,2636.32602556922
"215",2138.38448496521,2183.43492920675,1684.99271829829,1712.68634490001,2356.33138409753,2099.72497471733,1618.68920065801,1646.52372033173,2257.01434481429
"216",2250.90167511024,2345.0736289934,1772.60667072481,1788.30377545522,2611.44048480754,2185.84822996488,1585.92053706421,1676.57294734752,2471.97739521742
"217",2300.6535758685,2366.64721812514,1903.13783071689,1905.73096305122,2807.95673869743,2242.36739707593,1809.63135217501,1808.03639941169,2643.93447816833
"218",2267.47260549066,2302.76222076367,1811.11529313073,1811.19855273077,2842.09484550575,2188.51406733295,1714.67889784015,1715.22103575967,2670.89037505169
"219",2225.60536185772,2309.68053991016,1834.08145004927,1846.60946066661,2819.5887251633,2172.31127560238,1743.28504326197,1751.41473583984,2668.51261549923
"220",2155.54045942891,2185.28495507752,1731.06326389673,1740.15163928573,2663.36411057653,2105.15736071299,1669.86743079679,1677.97110420662,2546.1154510775
"221",2171.66450871877,2229.98884426232,1691.48380118497,1698.48520354385,2627.81206608271,2119.42477003963,1607.79675132724,1616.8099192223,2464.66406272064
"222",2348.80165648022,2416.96156624926,1852.54910760453,1863.91683461267,3272.06100311412,2283.4947174605,1742.07669170712,1757.06518342562,3077.98571140552
"223",2139.23309794405,2161.05485719704,1785.0737144771,1784.69523158518,2443.91115159553,2087.44486614113,1711.93269342098,1712.97554467958,2315.3013140376
"224",2292.68756122776,2279.75622935382,1858.13800513627,1869.94929567516,2459.70409791229,2241.2257485453,1836.48582264938,1832.04963731476,2374.98377450988
"225",2274.3626778548,2289.76364050484,1744.73578166136,1779.83963557674,2604.48269411405,2227.13583923707,1695.79025641921,1717.25411397022,2526.35033687506
"226",2283.17771330372,2326.14253051779,2002.8636847247,2006.82455681423,2626.61677889623,2215.33613365889,1912.42423383054,1912.04777569869,2491.90514873147
"227",2259.49431467379,2308.42850210806,1857.85863753459,1867.00102532983,2762.76905892607,2197.31409900857,1773.4695957168,1778.20335012541,2692.07083964023
"228",2351.57378219603,2390.726019312,1914.73938727918,1911.43391951226,2890.90093655069,2266.85893776259,1812.74249534856,1811.53717303677,2773.3314169453
"229",2337.45363294338,2388.57503415359,1969.21553506986,1966.35956784156,2875.63588725405,2269.86863058593,1881.03831826651,1874.29545283761,2735.16352336319
"230",2364.23071038604,2394.70018509732,1941.91052923463,1929.28526750907,3072.75235940858,2305.90814711427,1855.95925793896,1843.03060791789,2983.44331030019
"231",2442.81160124173,2473.4821056439,1692.97446464277,1731.4198296238,2240.18653622271,2369.04018634991,1613.20106930625,1637.78773418749,2166.16737505663
"232",2233.31173952243,2262.88967121275,1758.12387885189,1799.22275386863,2685.52729615369,2168.5134822908,1698.33359003595,1724.39903539989,2586.32358731247
"233",2314.28508572021,2333.87718367266,1910.68638046267,1899.17900764487,2785.21840316855,2270.66053471145,1861.87850375912,1843.43898578239,2750.26584591404
"234",2346.36001781895,2374.39299859607,2089.04675311043,1996.72492120751,2931.05918666535,2283.81280279133,2023.22663896401,1923.4417719437,2804.6287229579
"235",2255.91122152019,2320.43208279493,1903.63686598829,1904.67221182625,2538.25404478149,2202.17987605748,1805.87438357564,1808.26099484576,2344.49012754692
"236",2213.38707023269,2274.60937309944,1767.15228170465,1783.73948207815,2474.48975101357,2164.64550115264,1681.96287242962,1698.62156139735,2353.16430843736
"237",2300.39137360987,2346.17942337088,1855.9005325112,1854.90965148117,3146.5257885162,2257.64620656824,1791.27590773021,1788.61949663696,3011.92479166192
"238",2315.23976623165,2347.26151197561,1907.24664687007,1908.45044275067,2721.55934955832,2259.68534679171,1830.26428241058,1830.07712151464,2618.92754444322
"239",2224.39775743685,2243.55502513159,1828.98573545625,1826.88744584262,2559.04172473431,2167.44082512695,1761.73253118387,1761.17149653686,2433.29477364096
"240",2272.89416022264,2324.29684023685,1760.28309440262,1786.9322365538,2501.62216748267,2222.18211104657,1645.23196317754,1698.02488221231,2395.87614915939
"241",2300.89231907639,2333.49973686207,1828.45940634939,1847.20746820165,2800.17197742549,2234.3341852169,1754.57657208565,1765.93189608307,2708.46836321176
"242",2289.12741244554,2362.7695582965,1796.69509692534,1807.51165409648,2608.88826514436,2234.47564246364,1704.40121611063,1712.90566603275,2497.95998551077
"243",2460.18312322809,2547.23518960883,1977.04919047492,1982.26543908023,2956.07194959524,2403.2390186447,1876.81254491801,1879.29009785272,2772.6775028701
"244",2333.93852865077,2408.86041424918,1621.92350870565,1670.35158950547,2301.10917487468,2314.65558281322,1541.72922676773,1583.35719447512,2164.5232931265
"245",2254.32247385138,2231.31872797004,1752.21993103248,1773.55127479926,2555.029919789,2194.43391955042,1717.58688888307,1726.61058604671,2501.77248852909
"246",2212.90939237087,2269.24630085489,1793.40246265612,1802.41757171301,2733.8958000101,2164.21165951755,1722.07958836408,1728.28710282399,2615.82874936113
"247",2303.6918276678,2328.66333627895,1873.55963357426,1882.76892546162,2817.49433695474,2237.44126414127,1798.78788554964,1804.96278560361,2651.16687122605
"248",2212.77040634497,2250.97970029771,1715.96569208632,1752.6196234442,2672.49120378236,2149.89046115878,1631.73125509404,1665.13384170171,2492.84099952102
"249",2081.4857640842,2170.90096334807,1548.48387022719,1555.34665253131,2183.47174114835,2030.51890266551,1454.21720345568,1457.55124060173,2073.19860132048
"250",2349.67064270249,2408.50163682215,1666.43403898501,1699.57990056278,2381.73291916218,2269.12912354071,1579.60839349198,1601.18425404042,2283.86354125229
"251",2287.66016447961,2340.54275922456,1778.68324151522,1885.15208348474,2723.9419142058,2230.8112196696,1748.41258932083,1800.03984045592,2525.09238940842
"252",2453.05683634539,2488.97585116653,1863.19498635768,1915.30315217741,2621.27413198836,2372.48502943823,1766.36059789876,1816.27742030996,1975.51523855652
"253",2206.54135071568,2210.65711951512,1792.86611516342,1799.01842257375,2771.19652829604,2159.44658938517,1732.11994487815,1740.98639306328,2733.52333299223
"254",2263.70479802334,2278.2348192664,1687.6567668399,1702.09293157124,2773.40011141465,2183.00398623136,1598.04349213386,1610.03852115184,2636.84598208072
"255",2220.02242313239,2290.07165597106,1673.44236711422,1681.65268955226,2533.20214096566,2145.37968099969,1582.23830829319,1587.84880256806,2409.22429518937
"256",2381.60922817768,2429.47460674488,1850.0194586876,1852.36654693155,2932.03635609623,2330.33556024999,1759.50313938458,1762.51439581708,2767.81128438041
"257",2333.99471689599,2355.44284774806,1852.68814677117,1851.06178241697,2756.59656685223,2269.71465171921,1769.96117402279,1770.65066032943,2651.0027069671
"258",2196.29197281119,2249.59557353642,1810.57420067533,1816.67233824795,2622.41901839907,2134.19771951417,1720.63038207713,1725.78868309135,2494.83398743465
"259",2390.63228362197,2462.6368114037,1963.58071954069,2010.8910634267,2892.70798483679,2326.85308647924,1904.15612871599,1905.4344910678,2752.71878025312
"260",2502.27333524449,2522.22735906271,1929.90918359499,1951.97970264662,2717.7768028435,2463.56302724074,1860.47982381532,1887.06705238233,2610.58970851408
"261",1972.37838313678,2110.95501576758,1531.12233319648,1548.04091876232,2355.10108706733,1923.28924027722,1424.70230604,1435.59451571994,2113.84494042957
"262",2331.88656186966,2365.28262772004,1837.81186933918,1855.7224862529,2969.98470686722,2265.62416108151,1758.41991553041,1774.69486285707,2793.60908961419
"263",2261.45170845243,2280.70167549479,1789.5053321846,1808.81008093756,2587.77512641745,2215.707535523,1715.86746549365,1736.62848194359,2592.94333212036
"264",2491.74295389958,2522.44625875743,2030.56166421379,2044.77376374255,3218.92907632776,2419.80585782454,1938.73301836153,1952.28456195536,3068.70637692901
"265",2169.49423424334,2222.25373250494,1766.98528613954,1779.53391390842,2598.55248688188,2132.96497813805,1670.22657855967,1696.612287822,2535.23045005822
"266",2313.89281960985,2366.10161710497,1801.44553962386,1826.60379173512,2844.94830516424,2253.77538275839,1734.27890013619,1751.83512939291,2737.70413050419
"267",2325.52270759622,2379.03724289726,1956.83394877714,1955.99542241569,2828.04423696677,2271.74231943671,1871.40623045205,1868.66143487435,2711.96999122698
"268",2204.85344516949,2227.99136846927,1767.21966072811,1742.58499650517,2878.56005833318,2175.15198544336,1740.94796806335,1704.8732106342,2882.58387316745
"269",2241.42972156072,2304.72537969932,1868.3182923477,1877.73156029591,2778.74534381073,2186.6559590443,1745.82380501919,1782.30576790858,2649.92733242137
"270",2143.68835413256,2192.46294511947,1629.14445547287,1632.16383409907,2618.01763327,2120.69387598815,1556.80783363259,1560.62251052198,2569.32015927384
"271",2223.25141264853,2312.61266347637,1562.31975637869,1573.55762827172,2396.75834068246,2156.60687257365,1480.60880571815,1487.18835683619,2308.27859585228
"272",2229.62305747649,2262.50185682259,1846.20724607095,1847.85712792822,2510.75031132889,2168.27638690534,1765.4398482796,1766.84386271785,2374.32798745197
"273",2240.68425271087,2286.29476652008,1831.75137210184,1829.12560503127,2695.2284692894,2190.15587016776,1750.63868550369,1749.20160727092,2564.0947530712
"274",2331.95948950647,2345.20216553938,1761.41614934866,1772.2537685322,2746.30374181405,2314.03123320087,1709.80548774051,1721.38372014957,2665.98076445398
"275",2360.2870141738,2401.41178101838,2084.56604471658,2072.29517582943,2762.13285271623,2309.27371453041,1994.49277865538,1983.96852041975,2650.86502500607
"276",2369.77211722039,2394.81099432184,2044.19805954592,2046.02220658431,2903.40990243219,2310.83162086911,1972.61878745473,1972.28581726122,2827.1665798951
"277",2371.72023448531,2436.98914378407,2014.52815358137,2008.33295656794,3023.56748753857,2307.18533438515,1906.08653488838,1900.62325850332,2873.64336386492
"278",2401.96072555567,2412.47915123464,2033.25799952162,2045.32441624134,2778.12333062667,2337.18424582291,1951.87091712383,1964.9272891415,2746.5669225496
"279",2389.42915338717,2412.2623186053,1815.97503611432,1818.13076161821,3043.88651973586,2344.03106053974,1750.82235889164,1760.57735762763,2972.67044287516
"280",2479.29414109618,2490.13177800847,2119.78924218254,2082.47023560322,2920.82308817377,2420.70522844032,2079.00495256625,2028.61603012142,2803.53348153334
"281",2280.7301017929,2345.89870038355,1636.8208179499,1663.20344091867,2444.64638964252,2198.95362362499,1560.23723116196,1578.05150964241,2351.50871828137
"282",2330.51594241875,2350.22354845556,1943.63246383933,1931.67982889828,2835.77964090848,2270.59741896397,1866.28012207593,1852.70805355674,2738.95884565804
"283",2129.33790630429,2146.7974336166,1616.16420897141,1622.12845084831,2528.89024792809,2060.0321655042,1541.13793388238,1554.72687045914,2316.10887393485
"284",2297.87010259143,2319.01751623944,1849.03034701267,1861.78710508375,2622.08287687066,2235.02171216113,1776.9099797811,1784.66592828094,2567.64542198321
"285",2547.64625557948,2628.26136288186,2027.6046136129,2042.59274602261,3156.11461103854,2468.72155915511,1912.82664508622,1924.48087475061,3015.1116696995
"286",2263.97035214673,2292.05424912305,1787.05982019268,1816.43866064626,2510.856188936,2209.50926228943,1723.37906234565,1751.05581949989,2433.85800165289
"287",2102.25286140648,2179.03503974123,1564.88975559215,1583.69178318672,2777.88061678023,2056.51297970278,1480.2411808842,1496.95968236721,2584.43696190787
"288",2225.85378146683,2238.27670601566,1607.40590615273,1672.40768423282,2352.30845900991,2193.02649986372,1551.35826885139,1646.4752642522,2283.30380375524
"289",2239.45568518838,2278.93626574837,1839.98309700609,1839.68387969583,2589.86327192063,2185.57751643934,1767.82087473609,1767.50107653271,2493.11060707365
"290",2416.01039735002,2452.18128616383,1941.56265957001,1939.69051421066,3083.02368412149,2338.61425872788,1844.76820852631,1844.70638302324,2780.90309383452
"291",2344.30948211838,2455.85651207643,1810.4047074899,1841.63434234751,2618.94584024218,2326.61698571659,1714.23502652904,1741.57335592149,2494.89392758184
"292",2210.25538539448,2262.34891698532,1869.21181000195,1851.53696339586,2714.72116956925,2151.39519585968,1781.41313873036,1766.05372088033,2578.61399990933
"293",2437.02164256541,2459.3555493975,2017.75068607115,2021.8207933546,3041.82912291329,2383.55708054597,1971.21792826058,1961.08033925769,2945.98667904997
"294",2320.39743973508,2312.4468042763,1779.08006293771,1788.04364587917,2479.3401087619,2314.68839301962,1754.01863326944,1764.00100413955,2454.25340674419
"295",2419.57516329231,2458.20674595652,1990.3310896213,1979.32568939533,3078.69910761371,2354.61560666301,1918.36728199308,1904.69852231624,2932.14155049188
"296",2379.04818329027,2369.90165829184,1727.47692098138,1762.92072850524,2621.65630559252,2351.97638461477,1699.33548550173,1727.02907975976,2508.83272139446
"297",2301.65094237746,2353.36100290649,1935.31230218858,1943.59575516008,2832.94883857198,2235.50329571274,1835.95612698019,1842.26138642894,2675.37230872439
"298",2277.13153006036,2282.14610956461,1885.28832648115,1886.04816238938,2750.01221832362,2232.19662217492,1838.5881957098,1836.74990849519,2650.62303288601
"299",2258.57800468378,2303.56717245412,1721.19338900379,1743.78837522555,3017.81592511246,2186.3550824125,1643.34323348417,1662.25421867597,2879.43739690231
"300",2248.65600769255,2330.98698659523,1872.13735343707,1875.72398445873,2631.17838496299,2188.44138383338,1770.09097975457,1771.6125262048,2492.84318870741
"301",2235.74929854362,2260.81205506343,1691.98004202628,1701.0798753554,2307.81045824029,2234.87262568679,1631.96245737789,1661.27863363521,2223.79474048832
"302",2285.10447052014,2380.22992755511,1695.68247168383,1738.22772929447,2460.0625378016,2234.27762109651,1612.88917234533,1637.83090302038,2365.96207767515
"303",2404.8721012842,2518.92049010092,1798.19986106251,1823.61094332133,2631.23107419168,2352.19704730095,1717.71616431972,1734.59507224518,2516.41621114257
"304",2261.22978103047,2294.62439087975,1696.10047370859,1703.99172696633,2468.20493444019,2207.21954933769,1631.25238113273,1639.60641801951,2399.25612404185
"305",2097.81683757864,2146.32856337037,1550.52670982461,1590.02021793146,2068.177151392,2075.89770146913,1470.0416986265,1505.27190172825,1956.89100837651
"306",2365.13911032462,2435.6597298454,1681.44870432065,1881.08591152117,2874.22781922453,2305.58329710181,1610.33166982432,1787.05491625325,2724.21266098727
"307",2302.67562994938,2335.88596602732,1789.78850145498,1794.6941270014,2676.88671533787,2245.14414291143,1722.93802458425,1724.91997938364,2608.023811867
"308",2291.30577795306,2348.92655090883,1955.56850147996,1959.04093343026,2935.22608058644,2237.8089599279,1852.02832261245,1861.46296179518,2752.24288072844
"309",2333.96966477138,2364.71279902781,1723.37990817021,1756.47314919702,2458.21099794421,2303.63547132498,1661.72427049035,1694.26487723591,2400.28193108674
"310",2430.05401942653,2500.60344950805,1945.4395504656,1955.57608943486,2884.76492158682,2363.74598064922,1843.50488251796,1849.48634765721,2724.33338201521
"311",2310.23386706347,2326.79498653784,1594.88039508248,1620.65419719334,2499.38963866891,2233.45058732579,1531.6736997895,1548.6454812214,2540.26232938498
"312",2220.55381563011,2303.18314760934,1781.26987711403,1788.75366751276,2664.29291052941,2153.2510303626,1690.01161063755,1694.60684703793,2500.14139828156
"313",2232.99307614947,2259.46912303437,1815.0746522853,1810.40901038337,2773.86631887073,2175.27038203154,1736.45517429689,1733.8586015581,2679.49326022001
"314",2284.19453484822,2375.33260843391,1779.86005226565,1790.04251950467,2721.74595225738,2222.89368168531,1696.17825239102,1700.3125430921,2586.85644995456
"315",2168.31288529398,2233.2291109242,1650.83766812906,1714.58405373557,3022.92505468905,2108.24405479741,1303.86506331389,1624.87477282848,2813.15305033112
"316",2420.44419402828,2477.37941944856,1964.70360067085,1993.72523298401,2753.02804466766,2341.4477163364,1858.09781985209,1875.01853701324,2627.39877001605
"317",2087.44102841022,2150.17407795005,1551.38655659559,1580.64084503111,2225.20159023786,2020.50785027788,1397.0037384669,1492.02965694854,2139.16553949359
"318",2177.22217371516,2188.29315022422,1555.67988816147,1574.78920542534,2404.4562498411,2128.76163161625,1495.17729748265,1517.04292233627,2274.96599464797
"319",2339.7357458915,2316.38450203452,1929.57310398629,1935.48688214308,2697.94375671966,2267.72445611083,1872.72090236056,1876.12836005664,2635.69468950752
"320",2247.99673026084,2255.9475871467,1752.97163827783,1777.72355808138,2518.08587409951,2184.42755441504,1697.70310922099,1717.45343782555,2435.43877441651
"321",2397.04506705823,2435.99471904097,2039.21083928848,2014.0573731066,3026.45076251597,2344.17799664615,1972.93665164699,1938.06107879906,2927.26487121468
"322",2165.32631205651,2187.89597063557,1609.04045007989,1635.49352892249,2279.85731750154,2119.03253104143,1542.15002433184,1565.6779083807,2172.84143948342
"323",2364.7827099211,2380.43445766577,1945.30006075925,1952.59601854526,2815.78650317335,2306.06111146147,1876.19657999037,1881.61133644304,2716.40988080311
"324",2156.58300830455,2132.79747874108,1740.31616354067,1744.59312004633,2440.92669538033,2119.1504809963,1729.40204533084,1733.66998675698,2421.63026227257
"325",2334.43993526286,2376.9245227941,1919.43385878855,1942.14194967078,2826.92918852977,2272.81326613011,1840.11117354188,1859.06556791745,2685.70978945514
"326",2139.66584054458,2223.25269652212,1696.99070898934,1735.10586841469,2376.69066565835,2067.43808106849,1281.7217894818,1613.99119706395,2224.36734567938
"327",2144.47331011304,2231.17179825944,1616.13443375773,1633.7603510272,2250.48237374398,2082.92362032158,1527.31742589333,1541.2873845913,2146.52384395265
"328",2363.31393620901,2369.78623132272,1922.87938943291,1932.76137416257,2968.83128683891,2291.73113062591,1845.53660625054,1858.46353722655,2838.97284252561
"329",2195.17620553876,2266.95478377318,1530.95714869984,1599.56892497009,2252.13045387858,2172.00043269752,1468.38447623992,1532.7918468182,2186.67851352249
"330",2297.83543159036,2397.78451038073,1736.95557206966,1745.12641457084,2429.67079781777,2263.39745514334,1656.4052426739,1661.1429680306,2302.39504199864
"331",2374.43917599391,2420.73590568033,1827.0317624854,1841.33951805413,2970.05871413012,2289.19060493329,1730.2128556019,1738.43861739845,2891.96973952433
"332",2334.15398585947,2381.86945248659,1863.5088111693,1873.7129121067,2832.5713466126,2273.30650381465,1790.80592819938,1799.97275985326,2714.46132290694
"333",2247.86761957013,2279.22767970649,1836.69396262381,1840.17188055453,2471.15851694771,2189.86724517929,1777.2320319154,1775.11080202163,2388.85172972408
"334",2134.57314889792,2195.6112981388,1657.19052104318,1669.00057743504,2508.6483214025,2091.30337611598,1582.64406338406,1590.5992200919,2359.53031863074
"335",2386.08885764878,2421.83304778587,2014.87989353041,2024.41494167789,2905.03069951479,2339.42671986338,1949.12988702788,1943.88212206935,2806.98770649261
"336",2328.24284401141,2386.94490921908,1825.4537942875,1827.0932681018,2878.49987663291,2269.70448109987,1748.58643328251,1747.17865777963,2765.31005485533
"337",2241.7572443943,2299.0421803524,1779.60362069438,1794.69775186851,2713.74195768577,2180.97658157703,1706.33627298079,1715.97293366319,2577.01517109567
"338",2337.98189936299,2412.9892247044,1876.71318653576,1877.54634200225,2770.82784390644,2277.17984396508,1788.20580209599,1786.74558648079,2605.54416094433
"339",2329.52128209491,2354.65911243726,1934.08647669178,1948.23727424881,2805.94521770105,2272.0353417247,1884.46662245738,1879.32872701993,2676.64882333046
"340",2288.16222820604,2313.11163116768,1954.275070075,1941.83401184746,2586.43862079191,2232.71876186847,1885.33051597512,1868.46019606788,2502.28710969076
"341",2303.16471408075,2377.65102690014,1945.50892244615,1940.25359587983,2916.61665658986,2237.54659012554,1851.34621914615,1842.43712560865,2742.06427960314
"342",2298.77852373213,2361.13833794497,1802.0323516836,1816.75746804131,2600.81789400291,2249.04400869443,1713.0003766913,1731.83723025604,2432.38824915357
"343",2258.39211322729,2299.53201031969,1836.2152462162,1841.2157315131,2674.60376617341,2197.47881368805,1759.74924259265,1764.16965230408,2532.73525706639
"344",2365.58289591346,2383.50376915518,1963.64712975743,1960.93829770363,2818.63644413069,2311.58689465097,1886.66334020022,1889.0639105304,2735.81356260794
"345",2410.14416844776,2449.87250857341,1801.6661339352,1842.38736199575,2615.01402346256,2346.15046185658,1709.9856180839,1748.62312729776,2520.17364906664
"346",2366.25772679455,2422.62168779233,2000.67071887951,2005.69173727926,2720.4094619339,2299.87055361134,1898.84261586141,1901.34614278647,2588.16697463987
"347",2230.70200580149,2277.92268861244,1723.04612881984,1736.56452490167,2613.92830334941,2169.34778245139,1639.09767683566,1654.57996892976,2496.26785941091
"348",2294.83218406341,2307.60099691153,1774.90749828146,1816.19859604828,2780.71512864209,2243.96985247462,1541.61210188484,1750.82423191321,2715.63245993784
"349",2491.0793301544,2565.01569910083,1953.38416849803,1999.30569951424,2813.9718490612,2456.24398214801,1860.91153078342,1904.57224999402,2703.91123826914
"350",2073.48057105788,2132.2605473972,1533.88620050443,1554.52007371026,2475.50290415155,2015.17559472548,1463.15286437828,1480.55064009537,2295.56509339093
"351",2354.44561531177,2357.00972711449,1850.97483112408,1851.17790294296,2755.44542952535,2314.32019561773,1803.24631690022,1797.0570531065,2734.59957019154
"352",2287.73423856319,2344.49646047703,1910.5420535378,1900.93240605066,2565.08570455983,2234.76794453469,1815.01667701883,1805.02551155907,2465.65675295401
"353",2338.51697467031,2387.17547666669,1926.77026788828,1927.64510650449,2774.85521976158,2277.28237149493,1839.65143803273,1841.05333631213,2614.00355736709
"354",2191.3196439532,2310.95899916844,1838.55283466961,1854.62234334434,2666.52636136284,2139.55554045271,1699.5773486323,1718.13440459595,2482.23083496689
"355",2205.34674460286,2240.18201186644,1754.26160096267,1750.77515489917,2752.86262225565,2141.53709791283,1680.71108403809,1673.85292778168,2576.18534434649
"356",2059.04047109819,2124.99202485449,1523.38319614536,1526.48373450352,2605.04987185826,1996.25546468418,1447.85988597017,1449.07612786673,2397.42269829425
"357",2327.27065591137,2413.71557416492,1861.5651294141,1871.97088536813,2847.08301207692,2266.29884158458,1773.925739264,1780.56467642104,2657.09827598569
"358",2197.24307705124,2259.83188697352,1826.0438050558,1825.89841361284,2780.05887044676,2132.36681747418,1734.65495168882,1734.15406129285,2649.65825810909
"359",2309.98186756561,2401.12407243129,1763.60960727359,1778.17539750658,2657.94890979369,2234.97779270539,1656.66070542051,1666.51803408488,2495.33389038091
"360",2105.78318631531,2133.37447492014,1708.54354559361,1714.01657372676,2473.73744036806,2050.31710138081,1652.16427307722,1652.27916680335,2399.20801460706
"361",2286.08752679025,2361.00278924915,1715.16281822052,1732.44191430446,2600.6760105983,2218.49592347323,1625.04921015672,1636.72103306935,2463.92566846082
"362",2343.9029829953,2390.92805937091,1926.43544420722,1928.6683962052,3034.84715905964,2282.50174156346,1839.37370996436,1841.69700510279,2966.50046033321
"363",2275.82076702566,2328.381424873,1833.88604794078,1856.20912278572,2814.07116615854,2211.98033094914,1765.07925030908,1772.31267860439,2585.83032417151
"364",2217.48529553131,2243.27567644387,1634.79340624137,1644.21003646026,2722.80085609528,2221.82772048535,1584.63784267264,1596.36632865035,2771.55762468616
"365",2068.25955453102,2117.36726440114,1541.04656446435,1584.08680456427,2388.52047847148,2005.85774485431,1462.73143566137,1499.37881073653,2267.2067289555
"366",2275.19344174266,2311.38946818134,1858.31416057021,1879.72997405381,2683.32855356853,2208.89212828812,1782.25441001174,1794.20897454442,2517.18014823388
"367",2333.60822142812,2350.1167891241,1953.87201781391,1938.99218452904,2837.37778104539,2281.2089529704,1889.22388046558,1876.58725961001,2766.38133247437
"368",2260.51124667523,2366.11843799128,1258,1607.9594639583,2187.91201561321,2215.92801409229,1219,1511.13200518864,1886.790042603
"369",2052.25930084246,2122.61533532268,1558.54177552043,1633.43180207608,2361.99787243207,2011.13925832654,1546.77917533082,1550.93139110409,2252.88613610143
"370",2314.77733074129,2353.59681481617,1835.49391241844,1841.5211542814,2804.21378706809,2260.62912212928,1764.74732330123,1768.22026566233,2665.21879488973
"371",2260.22507034564,2364.66475066371,1891.48250406983,1902.28382088484,2829.69358381696,2200.2851747193,1784.58645808218,1793.10152108684,2636.35462360159
"372",2453.61733368746,2483.65330339548,1954.89016591757,1962.96352092603,2828.28100681714,2412.22185127467,1870.36143600091,1877.22084699185,2712.25519445021
"373",2471.8705497994,2608.06608063431,1870.02585369784,1916.40219079843,2680.32988403057,2370.81133449478,1737.58361623864,1765.38948108591,2531.66940833285
"374",2207.83976514403,2272.37908478615,1738.10507007388,1752.89524154669,2600.39463387868,2155.00554148985,1660.06848594761,1671.55219880664,2497.40221319433
"375",2106.25868083439,2192.89805057712,1727.56296154057,1737.13974180475,2557.8036094788,2044.83791788547,1634.38183208149,1643.11745732684,2417.06432231739
"376",2495.49146677877,2538.22222476174,2027.55003718998,2029.91234443191,2966.72819777996,2433.63821518835,1943.88613121954,1945.48300857633,2861.31357673542
"377",2178.90879016875,2186.87885344472,1600.648415502,1607.43362352565,2341.29335994804,2138.01054875252,1540.672963727,1564.18622574818,2226.97296763959
"378",2232.50859188431,2261.48626955716,1577.91639182313,1606.11507131947,2335.85543916031,2191.12923215572,1519.06178086649,1547.91530987856,2242.88332959666
"379",2410.88120632378,2426.62559635403,2009.00975232975,2012.04062721179,2797.84555808436,2345.89182423373,1930.51357302235,1934.07249505959,2870.15748144533
"380",2298.18777394778,2344.99736550764,1938.56301853793,1933.43020429812,2846.94088720712,2238.99190230839,1674.70200614437,1844.18563907057,2714.24585443631
"381",2335.27153431894,2346.47283047034,1799.17910112426,1830.73000911879,2720.84415977015,2289.65157298062,1743.89418272305,1774.75247936073,2640.544776819
"382",2334.36572059367,2382.43963751532,1917.30513302437,1915.32309086764,2820.2924583615,2272.92845160116,1830.61803619129,1831.11065534169,2697.86465050554
"383",2196.40353217919,2216.12356320027,1906.67517791072,1897.92951387216,2614.70590270534,2147.35775846078,1864.10851094905,1841.16755797803,2540.26806798363
"384",2308.03481075971,2366.12642723578,1742.23101253611,1750.96301212502,2806.15912565092,2240.06180797875,1668.40383610192,1672.67338324579,2687.02879970529
"385",2357.801382438,2393.18305701926,1892.27316042622,1928.70687473722,2977.45787296318,2317.35511736778,1830.4605188977,1865.99865573465,2725.46470190106
"386",2348.00886945742,2430.55437898735,1878.06145308557,1882.25966501364,2692.00881113401,2292.68229714508,1778.3817383315,1782.47780732267,2552.27490850665
"387",2396.94683944466,2393.69496125434,1878.65332505833,1881.12069396556,3054.32129965044,2360.09846160509,1816.89424649603,1823.12819608647,2818.31860500599
"388",2490.20100353008,2537.21755240513,2017.85097734805,2014.52819194735,3051.31721129272,2432.39161075233,1940.17081969221,1930.67116711233,2906.45851102152
"389",2339.10769347463,2414.15145085559,1819.969163157,1852.07902041137,2562.83069803225,2276.14106293199,1698.68808543127,1724.30980726755,2431.95815178718
"390",2307.05771306088,2341.21511223026,1820.39449917974,1796.41759211572,2753.83556782936,2236.5786528559,1713.49142529054,1706.52745783108,2609.68622890123
"391",2372.41916600984,2435.87906658053,1943.69104825165,1921.52926107232,2948.6078917273,2294.25411997473,1825.83050340126,1807.65846826156,2783.63519759697
"392",2260.17139940505,2294.10231360006,1667.00109888746,1698.0001589359,2369.27086122321,2214.34947460856,1604.4717334796,1641.72627608495,2249.44271472854
"393",2284.15646442728,2332.52155403929,1570.81538239345,1613.75076754283,2362.83442667927,2239.22707599249,1493.34151763729,1542.70374891247,2256.44002861182
"394",2387.12255574493,2424.85282529874,1972.41183351582,1966.64643541803,2732.50029084026,2320.54200619619,1892.93237347863,1888.6274227976,2620.6996568097
"395",2249.86455663929,2341.25541362849,1798.91425956817,1823.8676384375,3134.78355894381,2176.37679092651,1682.88873082599,1704.85776464081,2811.41697769532
"396",2245.900003402,2297.86980623919,1753.0258392868,1773.13119552391,2572.12330344923,2190.70898211072,1693.01331854445,1711.63230245975,2468.86845107857
"397",2423.31888061699,2479.40059206069,1882.0060666841,1904.13001964047,2431.75746998032,2359.79909648618,1789.01735906116,1802.11501242442,2309.30161245234
"398",2412.03593634195,2475.55037838385,1873.08009992793,1880.56929859671,2692.28978945662,2353.83036649083,1796.06057278691,1800.3299526115,2550.983540246
"399",2376.15380885306,2420.20796274376,1746.68374579312,1765.33084997279,2531.4316777883,2321.4646042022,1649.65255019175,1669.56413512984,2430.70114098711
"400",2274.72593304115,2329.05100725133,1934.27100214539,1920.11428079577,2817.14927907347,2210.4222167641,1834.07304566689,1824.37997238415,2608.43426407383
"401",2572.27949147087,2620.55866065353,2029.13976520278,2069.50153559599,2784.05075962668,2502.59392097745,1929.2607527009,1963.38746889318,2685.95882380779
"402",2302.25845773009,2378.67650109187,1802.58156153929,1806.45887237734,2609.2049347963,2245.30892554805,1703.63042450984,1706.28905246281,2486.68629303164
"403",2316.53376830528,2313.91722336817,1926.99693871821,1923.8638966588,2645.77675755039,2271.12303464378,1906.29942458793,1891.82650138691,2625.42378322639
"404",2385.13259109775,2443.39515964682,1939.91183161081,1940.20767406331,2798.96034025907,2333.63931647695,1844.39706161185,1845.65309735536,2604.48800864146
"405",2340.59250113849,2469.86764237141,1910.41835798274,1915.82239972306,2601.38464849158,2279.69227165529,1793.36643439435,1796.69982879734,2450.66078511846
"406",2301.30388414438,2281.28052669983,1517.66055106011,1534.40244666909,2286.50890825028,2259.56062739988,1481.99001020473,1492.57695382253,2261.12948372837
"407",2211.60655030299,2186.68661286036,1572.73119696217,1594.2843398251,2276.6662321123,2152.38132996128,1537.18397975296,1555.50898211644,2197.33398057077
"408",2333.78356684005,2339.68832151929,1590.72969379351,1617.13244925768,2215.9057228358,2297.24188914883,1536.49810726916,1569.16648622263,2127.73234961191
"409",2303.10460106651,2288.45776822623,1739.78667151788,1760.54933439769,2402.04080333366,2241.49559294646,1687.20256903423,1708.32810745482,2301.67980720149
"410",2272.17846005334,2296.65889278961,1753.74764868002,1764.20581244918,2487.3708423053,2243.6002693504,1701.09525898661,1712.6815916874,2413.76384949237
"411",2323.10115341956,2373.43494681909,2029.75266491638,2012.33423761457,2783.42059834747,2256.25474128787,1938.30814506973,1918.67231175503,2652.113508372
"412",2263.77822445357,2310.16124211128,1757.86842117572,1779.62151775882,2668.99600556644,2190.39725238848,1664.11324130099,1677.44394294243,2607.45045673049
"413",2321.16425854096,2396.99749155643,1461,1782.69599660919,2563.56543933485,2314.39658823189,1674.71966801879,1707.03554759649,2406.63633055415
"414",2380.31040805745,2409.23477729217,1855.82110333698,1865.06616719928,2729.5209530224,2321.49744560659,1768.96632461096,1783.11274456979,2651.80823114259
"415",2270.51112584595,2351.1962437487,1688.09720099445,1698.85119042257,2932.28110182404,2189.45751618745,1573.2640930974,1578.42422607785,2617.33430636598
"416",2339.93427283688,2386.4675492145,1945.63632791735,1941.0952209251,2820.62763640088,2278.4146149647,1865.46586162422,1860.87201899451,2672.83268622434
"417",2298.18185084117,2320.21214787297,1839.02728955733,1863.14631121988,2692.76163563496,2242.14354318848,1782.14505032444,1795.26673315264,2613.3147956425
"418",2334.7854964926,2329.60126933925,1888.72021125661,1917.8611140017,2500.46753734665,2294.54033786553,1849.29442537533,1874.86390934205,2410.36802894644
"419",2347.22031674156,2358.80457692456,1868.68642956743,1872.97572918348,2631.11641716651,2301.89106582917,1809.74159104539,1813.45102130978,2646.88813868604
"420",2262.58397040393,2284.26631644779,1877.29892338493,1874.52818496397,2544.20285304273,2206.07602176954,1805.08614277662,1804.23320752691,2464.72490634383
"421",2413.97223279228,2411.62417155321,1811.92888686516,1866.12841833711,2658.8361529939,2348.75697247892,1770.10818908612,1832.8323722782,2569.30862114073
"422",2291.50540370523,2338.0988714551,1880.02305725159,1884.28991457742,2683.7410682647,2250.31063469731,1811.94826888376,1815.03520918809,2526.50816536797
"423",2318.64435184047,2434.8168401791,1722.01819913436,1802.77508364356,2467.89705282574,2242.45209485867,1595.31508474303,1656.93066564624,2339.56916520571
"424",2303.04190425008,2349.83927684686,1796.5931660183,1806.1711330259,2621.89850080441,2226.76713443868,1699.43145096293,1707.49384593417,2488.63741492744
"425",2247.16450556051,2296.42823561969,1943.36595732033,1920.46116328045,2719.76655671007,2194.07492451986,1873.09424816857,1841.08174605815,2612.30452000238
"426",2457.13269142862,2538.20929277629,1662.35274077518,1692.83818966075,2803.23602475775,2376.3768180266,1560.47700698296,1582.48810811862,2532.96351128196
"427",2274.7933651121,2342.80086046349,1904.96683320816,1930.09475500142,2880.56030513794,2207.18827180362,1807.17133425856,1824.41818758907,2666.8621421187
"428",2328.06584808838,2366.68035321293,1774.7729578818,1792.89053495143,2830.24827695161,2268.83193063262,1697.31662748106,1707.41105620182,2837.82619025355
"429",2329.67584666577,2364.26061355372,1881.75266618018,1901.58073155076,2935.59309147653,2278.544235038,1803.02500666337,1828.35135097365,2755.73086266595
"430",2301.38288292989,2325.17071958553,1893.97941615397,1890.26987246739,2733.80236297938,2250.79845005396,1837.52223998848,1827.14326073194,2647.16746606701
"431",2306.90815191066,2395.60133686742,1704.79309261195,1733.25636135017,2501.59520283567,2247.56963209597,1590.40099884802,1614.70113509003,2386.60915201632
"432",2127.40862933149,2219.73336799801,1578.82626337725,1601.85620507394,2464.63861033658,2070.3778475623,1499.97872126722,1515.59453661887,2356.29639419146
"433",2286.20912906081,2364.94084218097,1786.43921192281,1790.1294622951,2826.08972356108,2237.56039653891,1697.91058060263,1700.55197036634,2700.59469411444
"434",2345.06581719502,2391.12030611791,2019.02106400074,2018.23377845357,2915.68719028369,2286.32376404908,1925.98977033174,1929.80596150045,2755.28873673539
"435",2154.37722093028,2206.1548754901,1665.67360777764,1681.42223496804,2773.19314996379,2119.88302444012,1600.15865136889,1615.86801948838,2636.84236686437
"436",2415.57569117463,2468.06088770843,1721.5584545762,1773.69066771534,2521.20530341792,2359.52666157566,1639.01087448147,1687.13496391437,2395.71113409661
"437",2220.25387506371,2290.58725000932,1576.20257852495,1619.12711791055,2293.49944380408,2168.37898619708,1498.34585454231,1543.00210808029,2153.6621442673
"438",2348.05826056224,2400.20763097371,1923.3355361719,1926.13204652188,2886.12014893408,2296.79752427096,1852.78192737964,1852.74073494004,2763.90446870916
"439",2406.95617733735,2440.19918603843,2019.04848513013,2026.83639589691,2724.24245275496,2366.50315055419,1962.0829665379,1967.24915291496,2647.66277848448
"440",2461.1569914319,2494.32407555022,2045.88713839467,2012.49084447851,2986.40322851828,2386.08145328817,1944.54464027979,1912.9723815242,2878.11013845256
"441",2139.98177283713,2205.64475002175,1681.67515955923,1686.92241282792,2429.33810345861,2080.72702520778,1599.5095212218,1602.17056639507,2290.0147491934
"442",2095.54316860648,2142.61306695018,1564.66480012233,1572.0972410956,2256.55721414623,2024.28858182548,1498.77676096372,1503.66166499926,2110.51971641226
"443",2404.96241973373,2419.89349980677,1863.00901076205,1876.19913782099,2541.1025896701,2330.96233396642,1776.80172349855,1790.25792938451,2468.52136684276
"444",2311.67981161908,2352.84694450233,1913.61658299926,1918.44339111183,2849.05815263822,2257.51277791299,1838.22536094208,1843.39280636461,2727.01609237387
"445",2245.07154897751,2298.78483830842,1799.03345045911,1803.17174286369,2640.65805441306,2171.49930691982,1699.29404498835,1708.59196169738,2506.70985240253
"446",2149.16245577716,2255.28086733679,1576.45579892741,1595.81075457577,2385.98153711006,2093.55831584262,1491.03091630639,1501.64593444892,2277.23102091352
"447",2116.08296472712,2190.16898225415,1538.12683749742,1565.63883248952,2328.3085344224,2063.5729894602,1458.56807654202,1477.53407565504,2218.75043399636
"448",2089.00546348141,2156.39648981277,1588.4916057136,1598.4589521489,2387.19110922831,2027.1232884486,1504.8498497375,1510.78913739745,2275.42716194047
"449",2368.81042797219,2406.45715737349,1854.25708446888,1880.68324902288,2788.89342945572,2282.78612493057,1762.67688668937,1786.7136046214,2599.41690804994
"450",2327.15374115604,2366.10599302207,1784.05161978365,1794.88830632769,2619.39666503247,2275.45281456273,1711.65327459754,1715.01839986498,2513.83396200727
"451",2609.76901339324,2713.92925344852,1795.11041133413,1874.2859098442,2505.72046427795,2537.9221022399,1684.04625283919,1743.70675989692,2406.67085304
"452",2140.11360054249,2193.82919759315,1672.26299149107,1701.08975867189,2344.46081540773,2086.46134589134,1597.9692996284,1617.3737209712,2268.70942264604
"453",2462.80133251201,2521.11650720439,1755.62697025163,1773.18891430908,2817.9273366909,2406.06237474379,1666.10096032593,1680.66803798538,2704.23507378624
"454",2236.21618922556,2256.5438086104,1822.324015602,1831.15832296672,2784.96263367213,2186.32846391151,1761.09941869811,1768.96551590078,2754.37059465374
"455",2296.7049883969,2346.11526094359,1789.54262601125,1809.99716606948,2816.71973718595,2239.14239342176,1721.22281737276,1735.01363407626,2661.38033176187
"456",2273.49347203772,2298.18615748327,1887.08365177872,1872.69660230408,2652.17020073818,2226.92841250085,1823.11669698171,1805.45855296742,2549.80169642856
"457",2341.12798516368,2408.79037997656,1766.39967570468,1790.17613209717,2636.30827161752,2276.16710197439,1680.55811920126,1696.91596295797,2502.93323946581
"458",2388.45312393886,2410.15767072219,1883.40639212386,1943.63710518365,2753.2176484222,2348.64042314548,1816.36796853001,1884.31629682675,2658.42765745582
"459",2349.65142614044,2389.82381893515,1881.46487404574,1843.40275526866,2667.3352850884,2299.50147532521,1803.19041828144,1765.37054415872,2546.99131756132
"460",2134.25993548514,2198.40937768849,1568.19159924126,1572.93751774552,2553.97478818423,2062.86651744336,1473.92302999573,1477.7136476071,2214.51991862636
"461",2235.9252119349,2264.8830732147,1754.27204828372,1755.25554720563,2688.24126634456,2178.5246386853,1684.88872375914,1688.26257484425,2595.20633021254
"462",2133.45840463848,2208.10504029416,1609.37724175178,1615.37005132352,2296.26482930563,2084.97256710243,1534.72746473709,1533.64434681202,2200.80452629735
"463",2328.43381103388,2396.56966351457,1937.31402759435,1922.41575744638,2963.31420775858,2258.20890307834,1857.29675485849,1835.77926590655,2832.09531863387
"464",2451.0336114611,2555.662951061,1874.6093357902,1885.60592643857,2927.2321977084,2385.92451260808,1765.55113376918,1771.11017378502,2780.96957521674
"465",2208.83609238412,2319.31343124544,1733.97315676304,1735.0071988968,2702.50757989841,2146.82204685087,1622.90510870136,1625.50722920123,2556.63547747327
"466",2340.60165858756,2395.22642504102,2048.47173194352,2034.8974071665,2687.43599442016,2272.60953911369,1944.17336580442,1932.95830428906,2510.4606798618
"467",2315.65475529818,2313.73631777876,1839.42991745965,1871.07071329533,2492.01535803503,2262.50719693918,1775.18425373787,1801.4963362977,2416.64732664978
"468",2392.94820403834,2455.89077534239,2024.36432139029,2026.70929538726,2876.89602797787,2327.42168460688,1926.21201884145,1925.34633346229,2719.43099618639
"469",2279.80761677163,2330.50278957664,1748.84323201784,1764.69821190438,3393.13447921082,2206.01935230526,1658.15431718694,1670.7607825139,3101.01077844237
"470",2277.55421584219,2362.18286998205,1917.35560556458,1914.2055669628,2785.55014282992,2213.29535201566,1808.56522040094,1805.43489101799,2588.54079257978
"471",2157.61427399169,2219.0055979568,1422,1770.80940953917,2538.71564312586,2120.15595312532,1675.96006236018,1695.02560509828,2409.96413406603
"472",1923.69079477837,1969.83490882859,1441.24950999743,1446.6808700778,2150.21028394429,1881.51344908277,1388.78694268861,1394.27668615215,2059.60727940865
"473",2310.65236373745,2371.65815927399,1932.13869008258,1901.59596936325,2903.19385217766,2237.78133410028,1812.42626834212,1794.4745580285,2696.6214703394
"474",2224.16875919097,2269.48674436333,1678.48156857807,1695.23236807241,2652.38381540561,2147.49846476425,1576.19822495305,1589.449170476,2532.14211792208
"475",2283.67993959265,2348.69253709837,1717.7207154602,1730.30752961901,2479.83151862103,2229.82963866851,1640.03433100594,1653.42876105888,2380.64884062654
"476",2599.56671570406,2741.09468278324,1614.38303077661,1934.07178615399,2543.54663868145,2550.89001352135,1588.70081448089,1801.7083464818,2293.62182933936
"477",2363.52584420121,2404.7330683019,1839.78051741685,1856.19280185755,2844.6241928131,2297.40452679549,1753.66361573501,1769.2736702392,2722.11642724657
"478",2421.16047085834,2543.05571832087,1746.01458667001,1819.5339017957,2953.83814091746,2339.27660025145,1634.80275796906,1689.35110930827,2501.8992041812
"479",2378.06207619869,2435.31382038422,2013.70959130745,1992.1788831141,2902.70843612228,2313.87403581425,1911.66999123931,1893.91439629963,2745.34783205228
"480",2122.03445695588,2164.29503130219,1685.46233180485,1683.98816516868,2561.77217919665,2058.96130183455,1621.53605086988,1616.94393041223,2455.73263967533
"481",2175.41530509249,2211.35825707072,1645.17486111149,1647.48137773168,2454.89093294232,2116.76544488174,1566.14663067649,1569.39707867806,2344.79071203514
"482",2298.68767697116,2314.88893916049,1920.33095080691,1929.0535610971,2757.26490161422,2235.99668383823,1849.84180274954,1857.17915443799,2720.09295698363
"483",2417.50317618674,2449.89057957046,2067.77949414414,2070.32742450234,2753.72028610537,2356.24980824346,1987.16262301993,1987.47133860068,2719.38309571508
"484",2048.33608311974,2063.02998427148,1665.97009439671,1671.23809334994,2447.12399078803,2003.87772747258,1599.60817993795,1609.05954746465,2379.93972818138
"485",2226.47202048299,2319.11951187443,1702.81433065088,1725.35350790913,2582.0607233523,2168.34812167015,1602.94058782566,1618.5324315442,2419.03768133562
"486",2188.12456032379,2217.40444809618,1697.76922215967,1716.15849417787,2757.66937870807,2123.90369147308,1626.10762135508,1640.17252906268,2559.13188941059
"487",2227.98809636595,2239.00671746042,1715.35796768122,1724.8530096002,2578.38155942969,2176.60995340018,1656.39216161614,1667.62126294607,2502.59717984532
"488",2282.19228686244,2274.87700461125,1687.66210513808,1692.60590777117,2404.66616624235,2241.99216797151,1639.35203139732,1639.92096202521,2319.24457679751
"489",2365.60061622056,2433.08440928222,1664.37573803656,1722.23366836605,2390.73908885916,2267.57567952816,1556.56879932196,1607.58633148106,2263.78936243656
"490",2245.44041171424,2251.50742066294,1653.66937482984,1669.59018815368,2620.96076056086,2192.77882515036,1608.80648727591,1626.92592032082,2599.71431729747
"491",2157.30725120717,2209.57865660612,1667.26746237576,1664.8901194984,2576.37648181985,2094.50035566561,1577.98714168977,1576.86127694763,2505.38412491414
"492",2268.01623185881,2303.25590817502,1751.44903472518,1829.23066641199,2416.27149718542,2203.93171890965,1420,1742.59993873578,2309.16459125074
"493",2345.26932382674,2378.51169971545,1880.27310541948,1874.62460453306,2735.47014459287,2294.33717007344,1814.36705655018,1802.77283772257,2627.27321837227
"494",2120.36857965075,2234.61084526792,1632.17992311203,1656.1653339341,2197.51637421342,2087.15724198155,1525.128064741,1544.91918987127,2209.99790487108
"495",2308.77445458187,2390.29875428061,1943.78697323856,1938.43180436428,2656.1230432914,2254.30058220112,1878.65951614354,1850.92668717247,2570.75270591565
"496",2188.36937664775,2219.16989817435,1828.62803133442,1839.66294145526,2715.26349172032,2126.96492674109,1757.25392905411,1763.82801702517,2631.76651318365
"497",2333.62504864319,2392.14767086017,1744.31054249066,1759.6369982782,2819.71848988475,2274.04967572045,1669.05636489781,1680.70864832495,2622.11200001955
"498",2276.21365569709,2310.79412760006,1687.9949983992,1703.85615633406,2520.46928807188,2222.5750675682,1606.26126303872,1620.3079776468,2407.16485483738
"499",2400.20712847314,2439.15750015886,1931.63434667227,1938.07443722454,3036.42006647288,2344.26420976715,1867.80447556259,1869.16843018153,2878.94121722568
"500",2286.82165617519,2355.68554984727,1834.47863419429,1840.39271878003,2599.36966356602,2245.64910521148,1753.19811117288,1756.62625409296,2483.4649361359
