"","correct","wrong_link","poisson","negbin","ztHurdle","Hurdlezt","oizt"
"1",1017.33882553652,1016.1448319342,743.36503318179,1070.99228355576,1197.23026422304,955.763683381129,973.577399410275
"2",964.331365118622,964.360467482394,729.201406468937,930.160664787014,1056.76816219267,945.21194424913,953.419420175243
"3",1025.11117147394,1023.55132343371,770.620404072145,1879.50768939162,1112.68519918382,1001.37129604471,1006.95401641526
"4",1061.33794123833,1060.9107521788,776.056116156205,1283534.61900055,1309.29562139891,1003.64088214095,1041.23400316542
"5",1063.8894262328,1064.07168901235,763.78284976704,1080.63380148842,1121.1207560258,1050.52945482792,1056.9724976681
"6",1013.7058315001,1014.4188907865,746.513567998097,603769.237611432,1170.04484058088,998.01760510645,1009.50833524748
"7",996.470371769612,997.595369965951,735.603523596416,366245.427916707,1088.2324364874,975.67746334238,989.781747707898
"8",991.630637249115,991.586346226797,721.756072595502,94529.3475316464,1102.31595718557,940.780489497378,975.700735222945
"9",1012.88982497385,1013.44763890751,750.902613799113,566327.18356513,1105.09313044825,992.017395313923,989.992879997566
"10",979.180942395981,979.643293438374,739.456469387813,437533.396096928,1113.94324765864,944.333522171265,956.628919607213
"11",967.081632568635,966.909652102965,728.406332530812,552284.835765178,1150.5546331993,915.637378698846,919.672531295892
"12",980.493872618287,980.069991897451,724.268467963331,989.101808647919,1171.95928896434,943.804261473081,953.153195486688
"13",1042.58822513738,1040.31882367379,760.043014235789,20102990.1883607,1362.23422631297,1003.36882671738,1035.77966077045
"14",1017.59312072596,1017.03482069038,759.72525964741,996.269208605343,1109.22232037413,980.455161055382,1004.9018636808
"15",1011.88765330065,1011.28800031997,758.360730952054,32871072.7798561,1140.18005556726,956.404356354747,984.204998592967
"16",1016.52612961901,1016.17654755802,758.642462035544,829241.778040844,1091.74894072683,945.949862345302,974.879376881986
"17",933.176046027442,933.887555689289,707.589898016086,1210622.58546331,1029.49618944304,895.418648497985,904.278710077694
"18",1029.50302029919,1029.23694390151,751.32343281367,1093.63473125245,1189.41264654584,978.709154260744,1028.77545072297
"19",1070.17697567262,1067.40752011118,775.503528750564,1194.64870185418,1392.64464026809,989.4797559024,1042.58499807927
"20",962.424979011765,961.676422301753,719.235923682652,1056.18111991388,1055.47246443636,918.729971707044,932.234268430273
"21",1028.48959340471,1028.65186964861,738.641230599067,1125.73697975666,1320.3664433931,1043.9212744355,1025.20982572006
"22",957.008264925822,957.300836188846,729.03874955441,1039.93643072017,1041.73762349695,914.576974226191,922.75087546647
"23",1035.5488867961,1035.51669593608,753.366337502754,1002.42783898789,1357.24903954723,978.418573591698,1017.75098182426
"24",1029.93208158051,1030.19339208826,730.367027827266,4077.48744160701,1104.10998231798,969.542570690199,986.768280234723
"25",939.989022253585,941.425704384965,699.112233909121,687102.78001111,1027.4381083111,904.779295897508,929.970986338955
"26",1035.0676672071,1033.69706065299,744.846538537436,1078.44562476676,1113.97345879326,984.607391160559,1013.11909568127
"27",1021.19910657732,1024.79010290936,749.941872638134,1125.88159136748,1247.39279289694,959.751788046224,982.078577611458
"28",976.852985428072,976.609742978106,740.857246446266,950.41150999117,1144.11771741205,924.43086787436,931.608739394637
"29",969.062460756518,969.185194732458,723.06814243394,352434.943029449,1140.11023886516,939.761987236374,943.299274000885
"30",946.48314408191,946.221019195838,724.61484829655,1040.79521379368,1055.3330189052,897.805925869634,901.13484104826
"31",992.343517094442,992.478059869773,738.254601320868,972.369572027798,1087.47266186952,954.892366626557,963.033454236121
"32",1022.73304321289,1023.12610941687,759.073798617512,1058.81432187533,1231.06789417948,971.886195863802,986.052134628908
"33",1008.24891047478,1009.26301715799,726.986346588012,421408.037663243,1077.65581715035,929.942492566739,1001.42699571787
"34",1025.20748549299,1024.93555870771,748.431706404714,1023.70373019621,1278.333335239,988.852865075788,1012.18872154756
"35",1031.42420059796,1023.32485401466,778.502709818055,1119248.88048428,1127.92111106155,974.894774441749,1017.37559750728
"36",1029.92459749249,1031.27337400483,763.776681497641,1388.76567454766,1100.49544924313,974.316403360202,1024.54803965066
"37",929.262577608989,929.325023262316,698.876813493304,966.960175544612,1095.11435807467,930.796610826093,917.031854664285
"38",1018.29259765129,1017.09507289039,754.837726143079,347109.565036402,1142.62136677279,954.507953994283,969.72174539223
"39",1066.97541121063,1068.17569608215,751.88024519164,1004.4417937309,1122.54932807503,1037.69990045393,1028.20693700396
"40",949.002215461093,949.720317785704,712.071570086851,616269.85780151,1083.53799678317,907.015526432416,933.427542347076
"41",996.716059555081,996.553754909381,753.509853496083,13571704.701433,1107.45908915643,950.009068430769,957.890895803891
"42",1003.01375494782,1003.62177727863,764.57667823093,497861.822394609,1216.88241915007,1014.75034796078,989.989732877511
"43",985.323748860308,985.516842145999,716.174410280795,924.200251728833,1145.72774014311,954.714120415784,975.066179297685
"44",1018.58982316804,1018.88733859819,740.31153571014,1057.14617322964,1163.36762743693,953.714291450195,1007.53959868269
"45",970.86024133997,971.120881750422,712.921847475665,949.500119602422,1149.44286675054,934.514429900825,958.013015446188
"46",1040.4470008244,1039.73912890445,753.715990525861,974.457692648906,1198.95178373061,999.527851655553,1015.25532409465
"47",1041.83874557262,1043.64912310892,768.710628472567,1012.44576347354,1294.5055568656,1031.10058801773,1019.01551781617
"48",967.687417674677,960.494585860483,722.076584996004,363572.098061012,1113.76038118166,941.115318588847,945.889833013143
"49",1027.22849946388,1027.37269934275,777.504653169598,1104.35236980184,1319.76433266383,978.153441733247,998.699040520228
"50",1022.18075286504,1024.11434228559,757.585586862822,1017.38685956836,1117.10529481407,972.137406931483,996.335026679529
"51",1003.05649179251,1004.40453036677,746.923276971013,661388.479731828,1103.92091116025,980.168062241519,981.276488735783
"52",989.789059097614,990.034753962432,738.07402457258,4817016.84276078,1186.20150204439,940.094479584363,966.701646108602
"53",1022.42866234137,1021.93686308723,766.58698338006,1070.210031251,1273.30922467329,996.254578241284,1009.84950314518
"54",998.961203736903,998.301799793774,734.396406240146,947.945105081708,1056.74076769485,953.229330192895,979.909783925396
"55",983.610717446641,982.487437902878,735.524713308222,368842.323477339,1077.50395288669,933.575304354062,947.509324572617
"56",978.697751739187,977.650930591263,735.84064791834,158682.60370069,1078.92830359097,951.929716058326,964.393366033766
"57",1019.43032776812,1020.35311844867,754.96348990262,14321463.4145597,1277.06615097805,969.309566157979,999.474448310826
"58",1026.85242527407,1026.78392901706,745.872576426076,919.252029488579,1099.01487488193,976.715912777669,992.607138448375
"59",973.00704588708,972.673850781492,720.71011985997,1038983.46919064,1059.462068131,933.098308841564,957.425030868219
"60",1002.68618718131,1007.17094185788,746.040077967047,1031.89030376055,1091.63258355845,959.234733100426,992.828541008946
"61",1013.80130110312,1013.93479435539,776.742499486999,408091.349207182,1282.04470799315,989.700459756347,991.262065196316
"62",1008.79156974385,1009.22372423982,769.86622386946,1094808.58636412,1294.84526343208,1007.27480528509,998.433906011136
"63",1053.92445923625,1054.01165248536,760.462424881746,1048.55045222503,1130.23227371466,994.569025620552,1036.46538190223
"64",1030.63949528901,1030.76971369369,762.015763964763,1715.63499883818,1292.60286810144,987.641455188908,1000.06564988247
"65",1017.11559087469,1018.34470779291,738.258901215133,374867.403305754,1083.1089375102,956.240811682276,993.986830363312
"66",984.664542773385,984.783966058331,745.329829381126,971.050754946251,1083.83520298927,946.875482918291,953.465048591347
"67",983.912962496286,982.509927911812,748.308242741991,997.302492344709,1091.79248340861,936.118913072488,949.887039126489
"68",975.917775913197,975.374345267052,727.159873270939,529142.975157393,1071.35103192729,928.37751585989,925.739696989721
"69",985.904540773247,985.291986758672,721.390741615532,961.27908585452,1150.41175538597,953.98348942194,964.643285906722
"70",1061.29438918414,1060.34699789683,766.110500080873,1139.27485888275,1130.89995099731,988.813566441252,1031.69136284876
"71",991.041351361612,987.700147121961,743.48894126389,969.460759830569,1133.23170608181,946.592864485717,969.180167008058
"72",978.431585718763,978.264950804759,727.237101368806,915.464688167685,1165.66087721595,951.145406079144,950.622113626235
"73",999.698245403126,998.050249703071,749.492557951373,992.675463816855,1126.14508829557,963.310777523341,962.249894420304
"74",967.180533460319,967.874834279608,716.807984286684,1259529.4430011,1054.20585057296,921.394209376559,941.07890899947
"75",1002.07106891361,1003.25435474317,734.351011733777,348013.945756752,1094.28632263935,943.190657199686,969.506062746152
"76",992.511108046859,992.324554438411,729.37138108306,982.033698639463,1138.49820469317,941.317491943235,970.799969867444
"77",957.458569676228,957.396704814179,725.566826722097,930.576962766191,1144.39823216776,917.832306561565,919.160993810575
"78",1002.48734741896,1002.13423459635,732.518247167688,77348.4599363989,1162.15235931103,948.540564692232,969.71566748096
"79",1015.21008536539,1014.26137954604,757.586900631863,980.647456086967,1224.13801965183,997.060716701592,990.343910058759
"80",1012.58106365534,1011.68499242707,748.393189839064,483099.564527139,1145.89780546206,976.719164778177,990.523525971403
"81",983.241380945378,983.423325645383,731.687076402275,4443813.84296277,1144.52152482133,948.145855001405,955.708862793536
"82",1043.74909107236,1044.06763050629,748.005421720163,929.230250356493,1108.14109686694,987.637572097729,1035.31835898083
"83",1042.70096943886,1040.63789970294,764.844351541212,1044.62534915473,1180.8450234736,990.862080443417,989.545033476316
"84",1002.59170659322,1002.12934319305,752.588883085976,943.474467565139,1191.28276330402,966.149544688365,976.729291308961
"85",999.305692565068,999.370634606054,742.952458298465,8223.53974564375,1151.64168769828,964.255191243787,975.078515073834
"86",977.709039411497,977.604081084376,726.967921813913,915.262810319013,1072.39017739728,943.051514443049,949.454797219649
"87",962.925139169913,962.375920615415,727.368533792565,900.451615221162,1137.59789564542,913.454084731128,921.290668637436
"88",1039.51490157307,1040.06091669214,757.172034993437,1056.84769339205,1144.03527726457,1028.1556302554,1037.7010525915
"89",969.579832246722,968.81679486895,730.522566717377,938.996060923899,1079.43644303591,920.954058544213,923.97488224347
"90",1036.64463388274,1036.67763690574,758.637248936295,1009.56151504408,1346.33209655198,1021.16664151071,1026.63634064088
"91",1016.84003212989,1016.29158688327,737.949367127321,1155.84878861703,1233.18563528351,975.453221378217,997.430991114834
"92",1025.48176051475,1022.82263591594,751.542759796337,1011.21505903952,1145.99274116783,965.189829436434,1002.37545165238
"93",968.741674788785,968.750714470515,727.20353874832,594954.286094988,1103.86224622043,909.871072180511,924.150108902031
"94",994.356825507451,996.883509033479,748.527360730644,964.949373859558,1082.1073226309,927.465677101426,981.736550988134
"95",995.516513740902,994.962591890222,738.138934298488,599516.39279036,1184.17180291485,966.407536074529,966.430656620746
"96",1004.9794235072,1007.60582160917,744.089318723614,931.967889874308,1098.83094653385,956.2653450376,994.945035636395
"97",966.688205771589,966.846668224993,727.206156829271,916.119116912832,1074.95291496716,941.076498880623,960.638397056607
"98",1023.37014809456,1023.35290453749,767.668543798385,358812.827195621,1300.08833351556,986.419613040912,1003.29409243923
"99",1005.78326961514,1003.01318552832,748.525357861617,1008.455505679,1109.98318248619,942.198111306886,955.032647648292
"100",995.071238373251,995.400148146369,738.633680274926,1053.53525801379,1203.37865938731,966.202065805895,980.275879150254
"101",1012.18335143535,1010.01050833219,753.892157720892,923.522617661997,1189.05449074144,975.38772425515,982.508194484936
"102",1019.23208886322,1017.58552099257,744.736604627558,1040.13750592008,1099.7189274115,980.906213044538,1001.68948062159
"103",965.311906465008,964.959808926008,716.374289882848,935.442573833206,1053.35519710842,940.539252442568,944.986049905758
"104",1010.5223015549,1011.10069677243,NA,230446.8056844,1163.98572634316,962.037275666381,993.951363689426
"105",1018.81116479298,1018.28416416808,781.419035877885,1062.12708131306,1490.08451740822,1034.27163008673,996.038147125834
"106",1014.36913077836,1017.43846799969,755.682302371005,1060.03294988651,1101.45748745526,963.886878606651,1007.55600954369
"107",1045.29882666465,1044.46391293238,768.970023907058,989.69130535723,1214.99967163663,987.402695975061,1004.80803875178
"108",1077.86836360488,1077.98226706569,773.462348264796,10068231.2170408,1143.59609217388,1046.89025160336,1073.50503854562
"109",996.320059907227,998.197861216616,740.206228890815,139611.650676858,1087.97775020594,981.103368144878,971.994428941444
"110",1010.7879864889,1010.39099913811,735.970064658036,1065.23728835027,1082.2459868045,970.148657072555,968.83010551886
"111",992.236485804087,991.836377899068,742.959708895596,455362.132390405,1079.27974158756,938.245734600246,971.95815493734
"112",961.389694531237,961.284512754043,728.767756844062,456834.830712685,1068.671597862,938.130666290712,942.825531645768
"113",982.113554504219,981.765369813581,778.58153454312,973.123387843154,1071.5559870361,960.31969875045,968.513468043163
"114",991.291560715981,991.367844991046,743.655878060718,5113931.58348879,1074.43148851417,963.939485634294,978.539362803049
"115",1026.00686943678,1034.66908689412,739.823759862921,1634622.24113474,1156.3876074782,954.396793161989,1000.2807660005
"116",1063.78251073884,1062.64172362353,775.637807371058,1068.77951681155,1150.68557667261,1023.78001641334,1034.44950027673
"117",1040.12079109369,1039.56002272502,765.386104235967,986.127749701582,1271.57630492663,993.932439830087,1011.56091021115
"118",998.549081333929,998.899045901016,732.293116747305,299949.914183817,1225.55201730968,962.093794183829,984.129694605283
"119",949.541882856385,949.6468037289,698.153419182459,299184.839369737,1034.91625075764,901.856796194764,909.380046825182
"120",1023.63190425925,1023.60309217352,760.864058998677,5762953.19730342,1294.76186202854,984.64260539834,996.633280531441
"121",977.910441550828,966.829872068687,743.886618800133,327854.556343989,1154.93781398354,942.606469306607,973.136355786624
"122",986.999214206849,986.548164001196,723.126515382419,988.22301044915,1071.90222772495,943.810171474256,969.079573838871
"123",1031.34234681927,1031.5364729328,764.684116981611,1331.57273066455,1109.0800065007,1006.6932288057,1022.14958634686
"124",1015.34871140548,1015.17967840332,749.596757751387,973.586617647028,1136.16820302742,960.390187325994,970.551972512718
"125",1029.74794285348,1030.70520565211,768.53955223266,16260816.5266159,1279.95266482721,1029.67811023357,1013.32906023788
"126",1011.44016773852,1014.27002183445,738.509948591344,1051.35701418236,1214.28285741824,984.768579421695,996.663743258566
"127",1030.2848626044,1030.80091557803,739.44444821105,1055.04732756524,1199.62110690669,988.144669565737,1008.24230100489
"128",965.073493215196,964.512639525751,734.262250627408,904.003014093869,1122.13110030623,925.18726724155,946.41358095145
"129",976.932293552315,973.476982301219,722.99310668697,3235373.57256715,1072.16793506401,966.596007606,962.353938941259
"130",1004.43628577391,1006.12011418519,729.838276197743,965.629138247309,1173.67782031102,994.062992397571,992.110554683933
"131",1023.96990179672,1022.5985986416,776.85966467699,690339.080063626,1372.02469252394,967.122352881147,972.812724692853
"132",993.932528075514,994.602883130715,742.424329466659,117097.785899075,1194.11964894643,930.256204494163,954.817042061171
"133",1054.73362602224,1055.9860548885,740.188551263993,1072.83475388261,1210.97132032682,978.346100208679,1048.38190991423
"134",1023.96650135085,1024.00303916805,753.329570639421,1081.0412894379,1094.87158776917,981.844306799556,1015.7414283307
"135",972.576084847773,971.982971870486,724.096122493,958.404190605105,1101.34465742106,941.57982862686,944.801547554533
"136",988.261059223655,988.242848097447,742.413532484653,1107.2825980592,1076.84594218826,948.767169434596,955.75535767572
"137",992.423017577481,992.508627972491,739.944545572655,1349081.67236201,1082.57074350251,1006.14211608922,979.665675289943
"138",1005.64993406862,1006.98502310289,753.336390287411,127713.910220702,1244.06486767432,964.018998466822,987.261554622784
"139",1000.74582215331,1001.00174613628,751.891129194128,7528703.06588434,1185.90758692237,971.100319842515,979.511755880791
"140",991.052372818063,991.185660397837,736.334501711035,420574.731680754,1201.37369450482,939.727379478598,957.6637363362
"141",1006.92742964266,1006.89338031786,738.376420355948,1045.48643993084,1085.15181018581,991.949676600215,1003.16005731086
"142",975.444919112879,971.858574556163,730.295402211922,2550267.82371045,1071.01134858288,930.430258431646,952.1260571538
"143",1071.43264239314,1070.71448396152,751.536273805986,1156.581844573,1130.50030425989,1009.87070439305,1047.73651528541
"144",1007.50237812323,1004.86390607356,755.257666244271,229454.672645159,1215.77855067897,983.344050520243,988.414097511538
"145",994.119083355311,993.710314554624,729.321041477468,1433.94603990673,1068.61224131779,954.114854916907,971.571104216211
"146",983.397992137426,982.491253024716,749.216368549674,1190.35552284262,1086.23550733461,922.54495924736,934.307541374833
"147",985.305348267925,985.100050805586,734.660211242685,244032.474288434,1102.03152289146,954.219404919928,948.483131608352
"148",1001.79505410638,1002.1058598974,757.18334470975,1078.45442453941,1381.12523482579,999.453112525603,990.383063174097
"149",1048.8250552067,1047.84487937582,749.36567971525,1176.45035227741,1114.81495770618,1020.17832790386,1042.31412880837
"150",979.853232386896,979.55650130496,739.754488712079,1027.29533903835,1069.82530155832,931.329272230511,950.269027558924
"151",987.281173517132,988.544701720129,736.740584320187,930642.841373081,1158.35288613232,962.557524146271,963.769690186596
"152",935.959798593996,935.787384028916,709.021988838149,862.696648960235,1107.04195546931,920.198602281432,926.848616081626
"153",1012.92368749356,1012.83189125294,743.832152924247,894.722906819184,1185.16816953822,969.021855476148,997.46060963836
"154",1004.6837353864,1004.42932592986,744.402073862958,1039.20001735915,1077.45673231484,969.808261026512,1001.42976944057
"155",1011.61398197345,1011.52125212948,742.66139258831,1028644.84803063,1184.77237551943,970.200846405466,985.191769657744
"156",976.866703472868,977.577042583414,737.338421807739,55065.3131832046,1192.64210295313,952.192219864256,950.488359630665
"157",978.856011563701,978.027330324885,742.756338511393,1294.36623134883,1120.43888492892,929.46180769676,938.606924795244
"158",961.540722002378,961.533831904617,737.215472704058,1117.26794070236,1090.79434800157,906.85555041842,912.636138803981
"159",997.739603934348,996.939147471857,749.270119854518,1697163.29428938,1262.4791342165,974.78922613543,987.681762446368
"160",1013.03445616173,1012.93379190791,736.583254902322,1390351.89167191,1214.62725093527,1008.08710451549,992.361884056948
"161",992.847926860518,993.698666353613,762.1443710246,1046.1887897089,1169.79059768784,967.321708630316,975.935727398122
"162",987.290770246511,985.790369339344,733.07973078039,902.083468715279,1071.0829097753,959.150717210523,982.443812920222
"163",1036.31174384257,1034.70141639795,769.133681834582,1142.66578641991,1197.47099276833,991.926404806278,1022.45125306697
"164",1022.27191129946,1020.84474378467,759.323868099121,390069.188670963,1118.68261823583,998.566664444071,998.502003412613
"165",1015.99031569548,1016.01250649677,755.098960960837,956.125914331313,1160.15688118951,975.989629036587,987.421135080085
"166",977.536653104211,978.320166523276,727.984671757343,907.994775335537,1071.54698086354,944.980385398749,944.749097576287
"167",1075.85011325079,1075.85011149308,794.541366006255,1076.66573857089,1372.21339961252,1055.10476350268,1075.69424368783
"168",1004.92805956126,1002.57723497994,731.421556840374,1041.72803101399,1150.86286885754,957.51413502114,974.764800154911
"169",980.265197108905,978.347268510169,730.223791079374,995.593678144788,1078.43989580566,942.372251848658,952.929957043787
"170",968.828235077699,968.234625624027,725.092106146693,985.624141466052,1113.34569006295,920.694372782519,942.113670084108
"171",974.229975001104,973.781824810189,724.001859546529,929.093585027296,1168.96197188645,951.606430901265,944.737502590277
"172",1001.43410699269,1001.71105843564,752.775803614911,1063.71577323293,1084.81786600476,979.026269177173,990.175273453157
"173",982.621450945449,983.225655721859,723.686301565772,459330.664226177,1072.79205952613,941.464142916445,944.266131045624
"174",1002.05683068484,1002.72814958356,742.800218320386,1078.87797443907,1125.95811736863,971.387516769145,987.224996786292
"175",1044.6234058863,1024.21264454482,758.140653412771,957.265662564044,1173.45188830497,988.682269792164,1034.08392669469
"176",1024.23850600528,1024.58438344343,762.109529927446,976.219440571204,1250.53008798426,974.091346119947,1012.06922428995
"177",1005.66523451901,1004.82586712338,737.597008109805,993.802585761161,1209.26948484611,947.339878017846,979.608446858629
"178",956.907451594001,956.817477760165,731.640427080313,1107.03823410307,1056.87372401253,919.467091763822,929.146260490123
"179",1015.12845047718,1014.97860019598,760.873422741264,965.923393695918,1218.86318203792,1017.07672140124,1001.060561451
"180",1015.18573014668,1015.30244343094,752.88042674128,988.551279976459,1258.58795819708,988.457926382216,987.778678291882
"181",991.270379099597,989.829039193472,730.669258819439,1006.90225712712,1093.28368535268,956.468133984231,976.920085429854
"182",1023.47972669611,1023.78375368694,746.596283551108,1161.80463232918,1185.56308493352,1001.02280098878,1018.19747596317
"183",1012.25161833708,1014.24877579245,742.400792623077,9277370.63285176,1147.83980004318,940.617813109838,997.173584608568
"184",969.010910182252,967.488049300687,715.012327075037,1096.53140543003,1056.40418067977,902.452434613854,936.716875294738
"185",1001.00074343384,1000.67446749954,734.11681371299,1011.86360156606,1139.79479154107,959.75753302233,984.068201608434
"186",1037.3392970941,1037.67815097437,756.586281960237,1101.34283802452,1118.80206908077,1016.81226956693,1024.72727573573
"187",1019.0035335669,1019.13353306337,746.457012817594,1006.69178022973,1190.5411481547,982.070857860486,1009.31263165566
"188",1087.01193113618,1071.34652216222,782.98871238396,3021729.48011956,1138.98672232349,1023.47505270359,1050.19170873547
"189",1023.00789807117,1023.1612717518,742.035264954151,1301.31876065302,1218.39146059657,976.166479349654,1012.03373799058
"190",1031.93819793434,1015.50281168867,734.119301691413,1128.25323705419,1113.48216092833,967.059891804395,1027.25687984179
"191",980.345339078687,978.898918705895,726.295048429489,995.996027268613,1121.91013572308,918.256230079813,937.236280122875
"192",967.03774676486,966.603768464132,717.702556154071,935.859015824967,1056.82155420018,970.595576126458,957.121090827113
"193",989.577239239188,989.557072068236,727.633217865225,1238.87836934316,1206.4601252478,954.185966987356,960.739225458767
"194",1085.13265478596,1085.05409542475,801.831011214658,19327.095632488,1539.73847456142,1063.55845821439,1069.30621269028
"195",984.606023363021,985.729771362285,737.845552953164,981.002484901051,1081.49069755014,971.266111091143,962.479772868874
"196",952.11535851612,952.34141202479,730.339820218239,925.744322637011,1059.17616069971,938.455206640878,925.597202772858
"197",970.1854777242,972.340469275999,745.996220914249,1026.44232228108,1182.36843779477,939.152747129057,938.024330012536
"198",1021.59487966645,1021.21282898251,750.209594712734,948.722944270374,1159.33226503464,976.852643919497,992.038875841802
"199",1035.81886446379,1035.70833364223,759.377269367084,1165.1026157615,1106.81157940239,980.796549249253,1010.78404261839
"200",998.777347746191,997.676990545521,746.138392950712,289592.956030599,1194.15940510889,963.547064710539,975.658043492976
"201",1060.47583485409,1068.62318554455,754.884235938906,1497.31592647082,1272.3274501102,1014.72946664269,1043.3961429769
"202",980.413092927953,981.718986826781,736.59595418139,1098.84399225019,1075.92472136653,945.095772888258,945.733623880545
"203",997.41389802988,997.181185452278,733.426554355997,945.899307140174,1078.63847203387,998.880552468331,988.828405963162
"204",984.451848376842,985.170531099824,721.857718357591,962.981142786091,1059.32393378294,955.746624198492,976.502067696244
"205",1060.27789485354,1061.53629194172,764.685109814949,235202.362430615,1237.38701099901,1036.18026454639,1050.59476620712
"206",985.106979525932,985.133615420955,733.42203726697,968.951130571862,1160.53206994061,969.409834594936,950.395004904245
"207",972.17631637903,973.708766502445,735.560485239704,910.414511359715,1119.34151323529,937.9286613293,941.006832504269
"208",1021.36472733795,1021.32527270101,754.724932747623,239591.768432171,1104.16523493439,969.637560726946,1010.0247881732
"209",982.402770912004,979.812260960533,739.002117059757,180855.439495016,1108.8751952469,921.090156534012,939.960893051623
"210",993.242226121939,993.136695936335,736.794324528121,928.047578817434,1135.58669674264,961.900887947452,967.538586691537
"211",1026.91151316371,1027.37909038486,773.209820856002,1167.5288975352,1306.74896116735,1006.10561861004,1016.4170583987
"212",982.069156213027,981.376361219869,742.472217505452,1018.77703010826,1168.62351730847,931.314618553865,957.165352484416
"213",1020.44777025724,1020.10298829107,754.666394856388,1373256.0024682,1271.17347859971,1010.10001377745,1009.39948423965
"214",1036.44740650062,1036.1008349981,757.534129557253,970745.809146138,1239.1616756454,1002.36958451639,1027.82681709447
"215",983.562941560625,982.804331655773,737.932234918692,992.259490770644,1141.72799936031,933.648982600869,946.978494084622
"216",978.48059482494,979.464455812898,740.618461268086,4697528.90976508,1081.51122575214,924.834191929932,947.989937615437
"217",1011.90728168915,1011.91474106176,752.011089920741,11551540.1890759,1205.36233278469,978.192101274807,1004.98387412661
"218",1032.51674287044,1031.25382493961,761.691155405011,1221.5743806187,1118.22126296832,985.996346169993,997.314310382785
"219",985.70189160984,986.030700861874,737.875044737484,460646.917511766,1110.68341254224,976.192316667295,966.440339820159
"220",1059.04770749266,1060.83222737505,769.924783027437,976.693496549302,1222.83839823078,1016.22064959033,1045.37563287664
"221",1001.53554706296,1001.5414919111,743.980589941467,973.21772281375,1205.75561115438,970.567657866008,982.686231327234
"222",1038.64231339029,1039.85672155329,753.683115142496,1129.15678535871,1109.10104866929,985.173338590178,1001.41629126622
"223",1022.28306696589,1018.67331189813,741.857380927936,967.269755443782,1170.5348541188,963.365358982767,984.301308180223
"224",993.547562454895,992.232087535159,726.433056880089,942.898305221758,1080.39801965406,936.611866382542,953.468600979862
"225",1030.02704339599,1030.73662922872,743.1309202878,205989.793194511,1097.79537661653,981.395127200145,1012.78203520385
"226",1046.36575647356,1045.57744839596,758.503817462422,1047.19986162209,1128.08356577169,992.412187622716,1012.74280040326
"227",1021.98229675778,1022.24886504897,767.972330296857,1113.16122062776,1107.85461939814,979.739661827669,1004.86190773098
"228",958.591332414505,957.029859509527,722.949298675172,136773.989644411,1065.35219541387,905.953318738096,909.484974933951
"229",1094.95421844155,1095.62496338458,783.297740665933,206704598.231034,1158.76234183106,1060.16077058842,1080.78994438318
"230",988.852458136597,987.497911807842,723.709883537458,1067.38795252135,1080.71003211798,955.918789593708,977.814911606859
"231",1013.1845368948,1014.43381991594,756.294909693525,569293.817796269,1225.33809876811,1026.30000714121,982.679579288151
"232",1015.21048345992,1016.22845946954,737.053081370886,512515.538561916,1081.8346076261,958.356073890734,984.571918056425
"233",1018.72927008727,1021.98229206261,750.234937219504,1034.89570522443,1102.77159048245,962.111630862215,1006.78457749502
"234",981.54781008876,981.833131754689,732.137020731239,944.935154123675,1181.3898551835,935.732661540291,942.271272275972
"235",1045.37578375703,1044.50494696397,752.274107862978,428083.893647121,1347.80280285869,1003.58807249299,1018.30485385912
"236",978.350609810547,977.360093301925,753.42298724269,1150.04001180163,1108.37769770724,932.629852890273,950.423909117806
"237",963.620108334784,962.871649373695,721.903682515847,933.370751476304,1093.3102865116,920.84644417082,937.741867729814
"238",1070.29414799667,1070.29100988794,783.76916156868,1182.46281462099,1257.99133756045,1040.50222409646,1060.27762086626
"239",993.534482308929,992.000463192778,742.348175109552,927.646963979677,1202.26541812946,945.093912566613,965.078001669673
"240",1073.71499079113,1072.90334483834,750.909495577314,1188.082664102,1179.37150021267,995.953610484675,1069.45835619228
"241",1063.84094521272,1060.42367476027,770.75183872654,2195123.33717814,1386.96752772691,1038.24474198001,1033.36340665297
"242",984.47249173298,984.577570072866,723.928628814185,1056.5503913131,1181.25341665644,947.237945817449,973.302006701187
"243",993.135544915183,979.163909291545,734.793648174313,1065.88301414589,1139.05887099627,938.248034175074,958.467834795995
"244",1036.92563131894,1034.58836893453,758.723829040696,980.482833460076,1145.10511459696,987.730540020819,1017.31502435131
"245",1017.53535293733,1017.15240068346,748.486784253628,261717.185500665,1153.74502361847,971.5712838076,994.400931113859
"246",1038.07710510903,1037.93482044503,743.675816356411,1001.11361915586,1132.51507235913,984.59639688896,1008.79313120169
"247",1010.07813735792,1010.12943478051,754.291500520517,1000.99341804014,1198.51182446918,984.20053495783,992.203605012225
"248",998.899741345828,999.416551233026,736.351686153431,956.461734183918,1156.64308979914,960.582947198696,980.360781665273
"249",998.586204726709,997.248789462411,751.681513720047,1094.18950325504,1095.1555264464,947.102899250119,968.543939792846
"250",994.331748888294,994.475349694576,735.3762490987,974.638737433319,1083.63142229191,961.74790875732,971.562026041119
"251",1007.62309639736,1005.23530429889,740.380216980334,986.634811023447,1151.86800679783,983.621631011855,980.386253013614
"252",1033.18812054631,1032.18587700799,749.355905513641,961.652625786148,1206.49412778241,996.536505317095,1011.42364763044
"253",1000.15776972042,1000.28839472991,733.742616312753,260126.378232287,1073.03137756247,966.531388804068,981.188690774674
"254",952.153367741087,951.454981309467,723.437692536131,984.256647241955,1055.0556795883,910.493768369821,928.552478508457
"255",991.703176341598,990.706801299901,751.466470431577,1561.94539745084,1200.15523352081,964.803785820211,977.207322148338
"256",1005.3025963677,1005.38844403052,745.516254568778,991.457236472409,1330.68650849299,968.889650486892,990.812817287915
"257",1018.76089453498,1018.04810013983,723.484499750122,977.418814866385,1084.93647195156,950.570403318673,1008.67803669348
"258",960.048603146172,958.144208939264,723.835339459234,902.460458313425,1108.52327396919,930.383156672304,932.72899798631
"259",1034.53022428113,1034.5420917165,749.754210219086,625851.725326665,1276.41230973688,981.598695553742,1030.55574095959
"260",998.623110410391,998.434380179077,750.06077011286,947.132950936962,1231.55598847033,973.047647793821,980.406783740274
"261",1037.02548699769,1037.42539770762,765.532381711305,1224572.94485545,1201.21741706651,994.000095921258,999.998636260651
"262",954.190543800331,954.60195400406,729.964670711822,955.342123303008,1057.29114570485,910.179804413565,920.559400334801
"263",1004.68946053379,1004.77335994738,732.269744980498,795438.689095308,1081.11100543814,1002.11798290264,1004.66720445
"264",977.615354930529,977.959079664152,749.072839372028,1062.74206412982,1144.08014483427,955.858970873776,952.55216669167
"265",1006.06680429382,1006.20548099985,756.272060346086,1032.18935783433,1102.3573798408,942.553598094205,975.27870471452
"266",1021.27014084585,1021.74530235668,747.788457139734,972.627185496903,1138.02548502089,967.65372024248,975.734926931418
"267",957.553755183826,955.340474321803,733.856565772825,2590540.16420756,1065.17422572498,901.049249891122,915.536804603256
"268",965.530994962808,965.502274198061,729.21488648604,894.928790026664,1058.47447313943,929.026281595359,935.650717328306
"269",1021.77928084614,1021.28402379963,760.261998852687,1041.56879485682,1162.05316197347,965.441988039863,1005.3907854027
"270",960.987749494824,960.948749380518,726.356915846506,972.943119906878,1090.29066753033,924.958669751364,933.406513666181
"271",1018.27508369501,1018.67897925113,755.567317737329,1083.70165406702,1192.8257866242,964.530060402735,985.281103322795
"272",1001.5505252452,1002.39182316345,744.882406994314,907.418028210436,1158.37835680452,955.710730037818,970.762897230656
"273",977.570512025789,976.731050566189,736.951354941823,1089.25343633679,1102.52158006283,915.808293672691,916.369583750695
"274",1000.32217076868,1000.64056523039,737.752751809634,982.485331470736,1121.22822904495,969.672848782044,984.051099429332
"275",1049.04884316077,1052.74201917371,759.215290446137,106827.848239364,1262.71499624946,1015.99433225173,1029.69411839556
"276",1012.14373987185,1012.38347180819,743.558878625493,1061.70127657381,1155.69854374528,976.246626491229,1009.96638776817
"277",1028.40690347187,1032.10442020477,744.507610871084,1150.91170146674,1261.54580608663,965.09275217864,1018.50114275987
"278",975.133444329976,975.779393047796,727.515611214448,1058.80174161898,1088.15552843621,922.579550709699,919.09087554434
"279",948.957993096857,948.189296310696,729.927649951928,211852.362215103,1063.00516624806,921.870299123228,929.414415005553
"280",1019.00312414811,1019.0475758972,711.926910439885,1040.64938385687,1210.69310563506,972.171236734821,1011.25117073509
"281",1036.32470585459,1036.38267133425,762.675515570659,8501031.37532624,1247.35074429132,975.059704215556,1001.86844287076
"282",1014.49629263681,1012.77595423104,753.515082698276,468851.075994368,1096.35439656053,971.605900338221,988.662068389245
"283",999.343107642417,1000.15395959935,735.491694479761,1039.93842349883,1111.30541170999,951.887529101164,958.864886863503
"284",976.828728077523,977.556182950849,745.195608482174,211330.003406087,1095.53181168635,934.573772522198,942.275446370457
"285",951.135562462945,949.068633548834,731.574875835969,998.881803999133,1086.23888701512,894.903361163568,904.712729104826
"286",1027.32215740137,1027.13382541443,736.313307102264,1400.80081937557,1154.72862237412,983.398506837127,1003.94584925876
"287",1034.85649869222,1034.93228065009,739.615595049534,523378.695661811,1106.36723700631,1004.90112944088,1031.96420531481
"288",1051.52258421513,1051.41053233912,782.318745450683,1132.88249491734,1144.10474045401,1019.69460710825,1036.12023692009
"289",977.48284667516,977.925361976736,738.407389518087,945.020490636389,1193.86525110219,924.860996684993,931.41394898908
"290",987.18899731252,987.20844271064,735.335595247912,33800827.0376617,1085.07316981827,952.636595407654,962.547993618664
"291",1008.46948659544,1011.12986343935,747.791532549409,2206.20678550514,1094.89108566563,951.920915412611,973.856505776541
"292",1024.64658816959,1024.61468815195,758.684522402008,967.994721455146,1112.67589760027,971.430431615998,985.812440350501
"293",989.838131604927,990.064456454067,725.523076564615,916.751551125445,1175.36085506869,960.080999207735,968.416989405451
"294",1001.33864212684,998.310421432984,744.412566777666,453600.614329628,1199.37689004137,941.638870890129,958.196447084779
"295",1017.57802840397,1022.08336810682,750.486306667654,1582015.79226109,1104.35851401821,960.356078188165,995.017166545263
"296",980.779640060949,980.477563840275,729.451340808774,360147.636838894,1104.68985632404,921.845668851159,934.573761199498
"297",1030.95321871075,1030.63491926645,735.854657479876,1009.52587316682,1235.19267240896,951.736404568569,989.698651268515
"298",1017.65118108133,1018.77856770195,759.594554485551,1113.0132937173,1214.98889891809,952.356149570421,948.827362456497
"299",1014.80401017177,1014.72991455203,760.728340765074,1107.28007957885,1111.87855240247,1006.93529850954,1006.00717051682
"300",978.527121844488,978.701925542423,715.985179594637,1429.89870382649,1048.5362997631,962.626807775755,969.049534144822
"301",1006.05525409758,1006.42477993765,766.569446760141,1085.2932980326,1105.77187856821,985.230776010486,980.881656214686
"302",1000.39534614109,1000.26533974125,745.807298876682,999.703334004361,1216.81015393346,950.058116779079,969.324624490623
"303",972.490522670644,971.944508192188,731.277430344269,1076.91645039716,1067.28757428586,937.954312236565,953.436741449703
"304",1001.30348322671,1000.8026374793,718.576142054149,916.671571554058,1278.13267435703,994.415282800399,986.407075480406
"305",995.212178554768,995.588083574348,756.8470884983,131826.79130967,1174.00687923164,960.290052878368,984.161830854729
"306",1027.71543358637,1027.6171041686,745.478925720032,949.59507763317,NA,997.62510696492,1015.61266115076
"307",1032.099976937,1030.66338685406,736.004672067748,4181412.34588616,1092.26768861801,955.466956131986,1020.48278887715
"308",974.609013674942,975.514694862357,728.592078552257,969.240583974811,1069.14532506099,910.703778388597,930.352339180493
"309",1016.06813794508,1015.59528837924,755.929110987307,1000.01532935274,1109.40774970321,964.938797170912,977.963593637412
"310",989.318374801197,988.573100908941,749.303848519792,5158389.2172342,1163.68738937632,948.421473904433,953.645419679885
"311",983.800440901216,981.049971691008,733.237555471579,1153.53323247064,1067.96755258047,918.18250221664,955.773754238603
"312",1026.93255114124,1027.06106439292,750.943082717993,1068.33654924247,1282.04032689111,996.606177053263,1000.16536662106
"313",1027.40378698909,1025.7454329983,757.711096507719,1071.1717670186,1209.24658728333,997.478660413783,1020.69920695935
"314",973.450371606722,973.363207741793,729.705696068105,927.850824321494,1109.02949837424,938.114490803212,946.309867637955
"315",1026.43480140342,1023.30002886794,762.39205271953,674762.128150487,1111.30779497122,961.984997986696,976.827569477018
"316",990.08294406474,990.856719265993,741.565549615678,929.878983889206,1302.35121857245,956.048658297607,948.602255603392
"317",1012.30322263357,1011.72685672314,753.924731670474,1068.99595275717,1391.2398512193,975.829197219263,997.269159466664
"318",999.265851551249,999.713897144958,729.140766847894,1023.81636454635,1186.05676632355,958.961732890407,995.819800427954
"319",982.849774751132,984.84345272693,742.847799185144,999.062277349361,1123.76256707831,940.808376043671,958.474408146665
"320",958.026227668523,956.156885823694,722.889522371165,930.104601932316,1053.37685783999,931.773298087618,932.382604014134
"321",1002.31780559591,1000.79076466687,753.320535960309,1105.35482644795,1116.15094319562,961.985310169478,959.659618714162
"322",1020.46391119069,1006.52423799079,745.737228204968,958.88277213199,1095.60808264168,935.12898255148,998.000375794773
"323",944.899317924499,944.430873924139,726.981927009925,1013.41782146853,1053.57906929608,909.733049390407,913.797862598127
"324",1038.62260532507,1039.62958697867,776.090147331906,1029.90326036558,1251.87777432016,998.554225367905,1001.31371571382
"325",1009.25710012775,994.869150885522,726.037137957657,1058.8891964317,NA,938.318615973404,976.71662745047
"326",975.990274357863,976.917317596376,723.834168094276,1198.81042699125,1122.91046264063,948.950918240096,957.991455432552
"327",1037.73862539671,1037.3333224386,762.733252310112,1235.82169206966,1243.83539928455,962.822591583376,1008.48558572143
"328",1044.0489215826,1044.25794842385,771.173023154409,1203.90670114646,1294.77889298966,987.94180347009,1020.08277832537
"329",1011.43328350609,1011.41071720898,764.381614916885,983.858901926861,1090.3490524255,1004.94497025981,996.157509605175
"330",952.34403335255,950.487130245952,726.054900248412,5672932.33710146,1130.58623481409,901.194743877319,932.705778427064
"331",958.065725696818,956.858575773389,718.264854888266,991.30974105184,1090.11051782002,914.256093125395,929.939143611784
"332",979.762169286656,980.130706858787,746.739953267477,943.052913210832,1109.19075111916,948.483907070427,953.660431842154
"333",1013.32871802333,1012.50183131437,734.733505788185,300199.568921703,1085.38543918634,948.398345066401,977.826283747786
"334",1023.17467573572,1023.06474817709,751.909733296037,1484193.29428453,1363.53295752381,990.203002636317,1004.47959642143
"335",1003.33673031703,1001.46208664635,763.957386171848,467263.719455781,1094.66402967906,953.052062645604,971.060265309256
"336",975.415579671328,975.799717289052,728.814514412353,974.562034048696,1063.79257298791,932.238441448243,945.378922922053
"337",1026.40082279606,1026.42341603769,750.199290089429,1141.29156784803,1348.86390027361,1029.48664408457,1014.65954560188
"338",990.834082449106,990.261896510757,741.643309802264,16367863.3661509,1122.33112661769,948.725834470232,952.079083278149
"339",995.415946708948,995.152141683865,750.389504353746,984.893810210407,1155.83611471305,951.158172284616,956.22309700601
"340",949.275878998218,949.321664837503,722.177381813168,727117.092824178,1123.28769258415,919.968358907057,924.544977095268
"341",1029.68100696256,1027.93252651879,753.914203503196,1050.8798951088,1207.49207637168,975.419336230368,1003.60846334182
"342",1018.95244075616,1018.7145707297,746.713038868273,1056.80500281281,1209.5331396452,978.397141060253,1010.13663793805
"343",1001.4872242029,1001.00590341421,746.397158400261,1062.92326267712,1129.88177439978,985.688866405933,988.258434247977
"344",1039.19803076842,1037.69711565266,763.23182890052,1016.03680448641,1162.28925346703,984.029033100508,1010.50168363497
"345",979.190695981898,975.878490735084,751.130707985194,906532.762929872,1227.72691250536,946.757791916265,957.195511017726
"346",1010.45553370538,1010.51454918844,758.319020837367,197185.787966823,1094.8954307565,986.715466319082,999.267993700593
"347",1060.64003320137,1061.09475801238,787.006032240708,1109.44714876135,1303.4652537065,1043.49189180103,1052.67143517041
"348",1040.72274734893,1040.769938351,769.023058397402,2715885.67374556,1185.50165209381,1007.93294856523,1023.49926508867
"349",1008.15863685371,1008.00213637329,747.437334037571,1021.25716903569,1089.88565187997,971.505950022057,995.573885330966
"350",982.141418597275,981.735342796742,746.373178236962,1096.65561727203,1123.59886938737,949.185929313254,958.786183829482
"351",971.919959750213,972.11921209052,744.542249123154,3876433.40826743,1232.70717126864,940.401914147217,945.752660294224
"352",1005.32126710729,1004.7309163006,724.5730203021,1005.71422337278,1075.30055088627,953.962858801022,994.711793893293
"353",1005.70081381942,1006.93688138361,744.059940360073,988.160373233714,1104.05428282315,972.605784923788,970.07522291855
"354",993.984453371663,993.36853749673,745.877101225851,231784.715029876,1090.41903347114,958.275263361062,964.291409288471
"355",980.756607161243,980.228722189024,750.872432529598,161198.041886671,1084.53601259257,942.066172952528,940.954693940434
"356",965.547485086051,964.86928184205,725.098128789253,921.323018648081,1110.6650145978,926.355332678015,932.241464613555
"357",1020.19750452033,1023.39624337866,765.772906891671,1011.80595266291,1120.80930233466,949.163170585994,980.159211893483
"358",1053.72717963426,1055.27928788235,778.317363272513,1486.55710026864,1132.109880791,1021.24785073063,1046.18769041427
"359",986.887657659165,986.904394634856,739.536816417776,976.989661402962,1119.76480422795,947.616513016962,959.945916538781
"360",1026.48065760719,1026.34274805034,776.386761590028,4860769.51888001,1220.96285212884,980.955544336925,999.994959182453
"361",983.492656553409,983.627791088568,732.491142239406,870.480434448255,1146.65570264248,974.072359690551,968.422450459492
"362",985.899248812544,985.392418786011,739.598707872397,1219.12153715119,1075.97419903486,952.439486175765,956.230959467615
"363",1011.5910327947,1011.10086325111,736.743175007069,1004.83597859631,1095.61518846677,965.41950615024,973.359795714227
"364",940.242443898485,939.128507188477,728.971165379232,5202267.56277656,1096.0871446834,892.729107005528,905.10067375037
"365",980.240260606842,980.059287458213,735.534821670245,965.903342917334,1066.06363109533,937.087607883801,939.293056563471
"366",1003.23900496623,1002.90783713683,742.056506433289,179764.237858181,1072.24126403255,956.49388208133,991.54569505936
"367",950.693558885378,949.498561856681,733.518484804869,455990.91285166,1056.61686527699,914.549345749809,925.690839902428
"368",999.498146786482,1000.81929856405,738.547869273962,1095585.2556318,1231.89429421157,982.748107086755,989.181957517887
"369",965.539393097003,965.963855168098,721.149896911718,931.110151066167,1064.03948979544,939.97734464127,936.356605233648
"370",988.301411492769,987.567567136052,740.195010495734,3514450.89216535,1101.51604089129,939.964432533301,965.997789311895
"371",1002.34385443446,1002.26557909751,746.344044257772,918.23149689342,1088.26165260393,971.629889002443,974.625305924303
"372",1019.40201591241,1021.23239658358,733.574516437364,188390.052578623,1287.47412103048,978.95713739268,1004.02708685643
"373",959.063628798985,959.433545214205,729.137772221548,1009032.24530721,1086.2305621481,919.999626322237,933.947043362478
"374",1007.75500833196,1006.84200086984,759.63138558939,1027.2053097363,1238.13912904378,965.586541362747,1000.03350993205
"375",1001.29092425569,1001.10630524806,744.732775612931,287148.582112713,1126.72017347866,965.407684702161,975.994880066297
"376",1050.11493599161,1049.78791508985,760.830317552663,1013.4611967611,1125.17810100519,1065.47660119534,1035.46911821793
"377",1010.08998115868,1009.40900725072,777.54105032893,326487.726077911,NA,968.541337898808,968.441992317992
"378",976.752573822944,976.997658803924,742.036910457982,934.884107772614,1064.0595273219,914.949118857948,951.258795934257
"379",1011.48274550517,1012.56320791831,754.641655038422,969351.164694974,1189.2091598131,954.037787277495,966.642153481712
"380",971.217170003615,971.227304903263,739.622980657544,1009.88926055856,1115.09856910358,943.813990948383,944.278021780653
"381",1034.89274791599,1037.27164451565,757.973772074778,1144.45275635223,1167.63589709328,997.167766433988,1025.4792839544
"382",1024.09497573081,1023.88780516951,745.371296855551,1058.1174611857,1096.49285145647,991.577782164909,1010.74437460956
"383",1031.01210935666,1030.37211043461,753.577509434773,1166.7410067859,1113.05268953214,973.378554803592,1001.01507448092
"384",1016.4553181715,1016.69339963834,761.781393818177,990.620404055791,1149.92623578735,979.058023582661,987.378846018801
"385",973.803278142971,973.36193015701,724.105196947872,522148.08487996,1081.38096998167,929.232537875339,942.661993529855
"386",974.887482375338,973.817674854333,735.34763355832,920.156658237276,1104.52545968506,936.635522984448,936.218512582971
"387",1036.83456422067,1036.8995119214,801.317359663688,1088.20762253093,1304.88805323019,1035.76742829898,1029.98870169756
"388",984.735275187227,983.580157916343,738.673919881147,963.532335383795,1096.07992386429,919.632705101181,934.131473013109
"389",1029.02241457607,1029.08446989216,774.12087089748,506890.400221966,1260.60345309938,976.348731140063,985.751961677935
"390",1022.15527543034,1021.47667060277,749.693760060921,576343.42165149,1115.78014273736,986.336790161375,996.169364016877
"391",975.973867067534,977.358045852839,731.224255944271,1322.24040851576,1051.09675007346,939.265832483452,967.528386481695
"392",1008.5336920506,1008.52685230609,748.463711646139,991.908105430714,1214.03002372316,964.731312840549,967.782716825409
"393",976.945380765908,976.943758656704,737.908825486147,1123.71533775797,1070.81847057772,944.008778421568,961.342632725407
"394",981.287028523214,982.000051011597,733.011170907348,895.589321850959,1110.39741055979,947.204465746581,945.616929399593
"395",1028.16717061223,1027.87209087225,759.834568764539,1006.97629851686,1115.52746437561,996.780166613494,1009.64350544437
"396",959.617736252802,958.815182509959,720.364872831778,1111.45130635984,1086.47035851827,927.164333748314,930.692227682929
"397",1004.80530650201,1004.83581821271,742.824935826837,1611242.87866676,NA,972.204753253659,979.15859567021
"398",993.674679493551,993.649575511754,736.268050054218,1016.31181387456,1072.70215294214,968.1521110502,977.638084731508
"399",974.71392960277,974.687596341681,717.035332158262,2951071.62178782,1056.42308678493,949.99962830341,968.098483869936
"400",953.968324248911,953.92320966406,723.721557494974,883.369318836983,1109.65402725187,932.907630578245,938.05306188692
"401",1018.46370246999,1020.69723282702,756.339611748946,1094.72103446038,1104.89908655049,958.47527703733,984.743646658859
"402",992.146957217151,991.891521202017,736.973986688488,919.176193570136,1068.67134735788,958.488694047643,967.737181190841
"403",994.060887182776,993.218679269078,744.05019110481,429043.453573934,1237.13938321972,968.019548111865,968.11891763119
"404",1017.56726216239,1018.33494136147,755.175764036562,947.836160236084,1105.83588124293,965.254472688944,994.530240257536
"405",1025.43066512367,1025.83922364876,757.895254060577,1037.68568179843,1168.94122152233,1000.23190044856,1018.06114269993
"406",1047.27089239645,1047.25708006344,749.994436424151,1021.33538185282,1244.17540918075,1004.71283489878,1044.63865885935
"407",973.625142394618,973.461175075747,740.154084268951,1060.29594732905,1062.260022567,924.612463294879,956.064384757567
"408",1015.70533651134,1015.73044133451,747.223180930362,1126.31255590168,1328.84685367191,1009.37576042183,1006.37739436713
"409",1023.53015272895,1025.27025908862,738.541128394402,975.212238439721,1191.84088116858,969.657517734274,971.845556148406
"410",1062.61320155681,1061.8817006586,777.004186367273,4055.97903840285,1483.55683450547,1026.0650257884,1042.54412990066
"411",1021.00661039243,1020.79599278917,770.880262003577,2340752.29576351,1247.34290858541,1000.15489318458,999.067234600213
"412",1013.82965658268,1014.22138782535,735.880488472186,1001.21116109135,1169.17312274128,930.545318000905,961.873977832797
"413",978.539616154436,979.301009872652,726.318766231928,597991.723855046,1075.54633409488,932.861617814336,931.474110061602
"414",985.544540678164,974.903401268763,720.034769624948,1132226.08244261,1103.93499658699,931.921586563115,949.660248654929
"415",1051.75341469852,1051.61575675686,760.026807209386,1093.66577431691,1248.63238483801,1013.31918937264,1046.53300076463
"416",1019.12160943392,1016.86941596416,742.10807508041,1019.07524740266,1210.48129933284,963.945562799971,978.203234467207
"417",1012.62518504961,1010.98110106655,787.072049100944,618713.57417592,1212.42448512213,999.264025846552,1008.21949679776
"418",980.987848549851,980.989101166436,734.635442117872,932.43323224849,1232.44452448142,964.55911343237,961.706693310313
"419",993.553340039089,992.704094192014,739.231624664835,752671.005172558,1086.91896459918,947.667717372393,956.923896819052
"420",1035.40659523468,1035.08067146959,763.376327709733,1190.23498982571,1124.49577615153,980.636529418117,1008.84814648045
"421",1019.09384022598,1021.55865020501,742.444346568468,1167.64325933152,1109.38078071313,986.545555623246,987.890003152224
"422",1020.53254163498,1021.056849955,742.360893864373,1016.5870072782,1127.42368545332,949.286504310565,970.634622565466
"423",1012.47687135531,1009.38512443262,731.874306895496,254000.110222247,1094.23869526474,931.232239508418,962.524999560047
"424",960.058989087965,959.071057712202,731.304798839742,904.398035198723,1058.41423403239,920.355702092593,921.726381719884
"425",1017.97763869718,1018.02372128863,758.406981237266,247476.268779516,1141.15805570831,978.609358320455,977.686845068212
"426",973.506553857222,973.345545589118,736.613068485391,1133.8213235055,1120.71069159539,945.550527602417,950.4604071002
"427",1028.08284721601,1028.68584897233,789.448624651475,11643655.136594,1243.01690644468,972.382581555969,985.209388983038
"428",1018.90058587535,1019.26217484865,728.524929265203,36261.2704006021,1074.63313131342,950.893827934955,1004.3767420313
"429",985.213445221705,984.962063998245,731.325516583678,971.283400036223,1081.8595536436,944.166632491166,977.082712367202
"430",1030.00625497555,1029.42625574563,749.992102852912,3006073.7461707,1095.63686241383,983.232673778594,1022.01955528137
"431",1002.01545764432,999.521773238571,749.414742533433,961.309659429672,1148.04062718136,970.888945612786,974.992544566167
"432",979.781383794391,979.15763894959,722.762147467312,154176.583066403,1057.02298774164,944.604918555505,977.84800071469
"433",988.312476800947,988.422388147517,736.654631785013,1173138.19689089,1078.04103798748,977.638107371699,982.275726223775
"434",971.987135422279,969.974363770953,729.81186222865,956.30158804452,1166.02602980974,928.18656038863,930.930989036575
"435",1046.25190212837,1045.92416063138,768.732691362463,1159.38425198249,1249.19810081183,1003.14528415346,1033.45479924301
"436",1058.29482396352,1058.38088234733,800.468275518092,1077.80917130589,1397.76832946319,1022.27806924687,1043.62169204261
"437",1033.89497957842,1034.21407161391,772.822819434462,790328.458998342,1109.04582782822,986.399899737797,1027.47881947617
"438",962.136271057327,963.411944198586,719.253605211246,958.176430277312,1072.32716836952,913.553764031719,909.119469587421
"439",1007.60067511706,1007.8087537078,770.107464087868,3957709.44920485,1287.80478543837,970.460352111896,999.110833189016
"440",1046.12008213711,1046.08113158495,765.076058854491,1021.23842995116,1301.21383722723,1037.0038175139,1045.91075417633
"441",1054.62431771104,1054.42610826016,752.278413737543,46773.3937748879,1111.55982103506,1009.26173428425,1024.07253895905
"442",982.055679421909,981.986073164766,741.49500161702,1987396.35641613,1190.89348358619,951.522921714546,956.761905645854
"443",1007.59064169371,1008.01805418299,744.7355170383,1156.68798565247,1215.63241841376,959.190396769104,978.701070370109
"444",1010.73999094588,1013.64780416306,740.383253761892,652394.326877275,1106.34440266362,991.710036366382,989.305449221828
"445",1040.64949571189,1040.83601550368,751.324973219504,288514.681714379,1230.38745139077,1023.55516055796,1031.68154192445
"446",1025.95464961459,1026.75939268559,745.862910708156,39260.695050647,1299.84812039422,977.34511824968,998.701673569738
"447",996.429871939504,996.155514241356,750.95499303679,1029.95376009729,1090.31638396461,953.932485144119,963.889841166069
"448",996.909354831073,997.005988649656,735.550822599127,1114.24085267576,1275.78166391026,993.008773787841,975.100949128367
"449",1038.43994982505,1035.54724572977,750.233369540184,1049.16650802439,1305.56153202197,991.416228382794,1020.58712300199
"450",1068.13836265187,1079.14496845922,783.536184198756,462545.571496374,1141.71722503481,1002.64676890855,1031.98758936722
"451",991.637263418829,990.969626333394,733.561193016499,1156.47818767487,1195.51898363895,986.507818653195,986.839814486463
"452",1007.44698417881,1008.01394637517,755.234934836555,1066.80942156409,1108.26669873798,952.125927725456,952.182079272463
"453",994.195592544209,995.193417858191,757.901263306489,1152.49352823461,1151.87576724973,952.307278146164,950.127152688019
"454",963.538631021624,963.588384231641,727.431354870743,1111.25032542185,1108.33374120925,929.810856973293,933.911719404905
"455",1028.970182919,1028.99862753087,741.715285003549,3374.68171292154,1323.82272456019,1029.24091797315,1028.30780347493
"456",974.527951626659,975.816655278087,722.137676544437,848890.356479332,1123.45565548643,939.79451077885,968.740776989074
"457",1008.2126083228,1007.77664595226,730.108804975376,292940.36438362,1085.68277577573,952.826842552515,990.102456584289
"458",990.207970684495,989.718781946969,751.885355930558,3387415.66165038,1104.77167559928,937.272777054914,947.288668746126
"459",1041.12418489602,1040.93690283646,770.254172529427,1025.99371550346,1261.76810401633,1023.14992832385,1018.78151245887
"460",1036.78654644546,1025.53741752742,766.147633313902,1096.38340416247,1198.75906455376,1002.62067360096,1026.15405233796
"461",1019.08934259316,1018.9785116534,751.55226518718,1110.19194412943,1194.0910127787,976.374980990653,1002.6168967498
"462",966.282133689503,966.295313011115,739.815492487403,1075.11849324127,1168.33950118747,945.549469625963,952.62325259962
"463",1057.08853472136,1056.75973948639,758.006134176489,1082.27548317777,1115.74429338785,1050.44807689241,1049.91596591124
"464",975.85963594245,970.505650141024,727.562849520516,1044.82884804151,1051.65953441151,913.325163794851,952.409301888415
"465",1032.07439317735,1032.40928703897,767.931201962801,10113576.8747538,1114.2717762542,986.67617442731,1003.11514262407
"466",963.69778169105,964.005553555474,721.257969014601,1085.39401763905,1055.30435627929,946.521613037709,958.141618410809
"467",996.40439960611,995.818107974111,745.351828714692,643776.380112501,1094.52703612046,965.546001349179,980.329562188563
"468",966.194105489234,966.862723836499,709.700734260519,1007.46157806612,1056.50191713173,940.284527391342,941.568238360656
"469",921.468023588343,921.707134386079,699.678042723777,1097.20531981679,1029.40162435388,883.3946597223,887.424457608237
"470",997.000824158982,996.343867652158,745.62628495631,954.035112930496,1154.07230861745,938.440644862885,945.945675341933
"471",1005.75190440476,1004.96233301881,729.594505764963,1078.1805580584,1082.40892004874,959.0454550237,985.402216088804
"472",1039.35895902198,1039.36766041964,768.150212003289,1031.40569188007,1285.70522722697,1009.916974925,1000.10115874454
"473",1047.84442762738,1048.33708382979,763.451145271893,1322.73942988773,1128.14986112613,982.097246301556,1000.2196538713
"474",1033.0933337092,1030.9161991589,769.110107620735,930.284004502577,1111.4368941871,1022.15592614284,1019.8014306412
"475",1022.09482245807,1020.91747121846,757.669348671189,1041.7126512562,1114.05960213875,968.835423542956,998.023366624549
"476",1024.34782098327,1024.24041990083,750.775349989242,956.409483533231,1188.37375925917,999.10476825703,1014.8775008435
"477",971.732329943586,971.756378684708,719.037001398819,1651.964472143,1063.44065773076,1008.87219802467,961.053402060981
"478",1017.82398223158,1017.64842728378,759.362853026551,420186.767059507,1092.31431073919,974.282873947444,990.488061612938
"479",1034.46428313161,1036.0064064702,747.062450392011,2350297.43246498,1123.68013976912,958.546580948045,1008.25140827335
"480",1027.15414888894,1027.24834281334,736.669421156863,1049.33238291363,1153.6308021618,1000.5155142389,1012.05951603256
"481",1046.6725018978,1046.5043916654,783.202890347025,24538811.6985072,1285.397328923,1017.44801673042,1017.1794405957
"482",994.070095553414,994.033973432743,731.63487659639,1157.58158029095,1169.45541890407,967.681122473425,985.209302709949
"483",1028.08817783392,1030.07132219077,764.436480110429,2380667.67383618,1095.84132505952,971.336667033066,1011.95519288569
"484",987.179422828528,986.091194980404,731.19432812759,1158.74183215295,1148.78048986608,927.375194419903,950.664688538454
"485",999.642550549192,999.084241418613,738.268091505095,1084.4969662127,1088.73286416113,967.43264217946,970.438506200572
"486",1078.42867847021,1077.69690815209,786.453000986469,449889.436864345,1203.6587399194,1006.75061193594,1068.50576325271
"487",1010.18093513733,1010.70265593265,743.980040639058,941.531587862656,1103.13885837289,971.918945226537,960.974315125583
"488",1003.86658904117,1003.54212213013,731.491496027431,1155.3541039441,1090.50976517871,955.638090976054,997.539838650083
"489",975.800458118084,975.731211021128,736.412290772345,972.910223481822,1225.78362420203,944.585306296123,956.027626082796
"490",1015.29694931614,1016.96343009032,760.752756302329,345175.930292251,1232.61658152923,991.844779224118,985.657925456269
"491",1018.93413699255,1018.76818537527,758.474828126055,4788701.37501532,1162.63348360309,973.637388676583,1001.69524309072
"492",1009.65856074591,1009.8393945127,774.59576559403,469356.366450823,1254.3365959697,953.738870559821,990.279782918287
"493",966.745038756747,966.773284595975,737.050432155115,892.427982670819,1138.26479528977,930.175865939152,942.897683686391
"494",993.813459608892,987.481845142532,745.032448133305,1072.13220516519,1190.15671933789,954.844817700492,955.549828625393
"495",969.620684469269,971.122902410662,707.171639312862,1048.94023482865,1067.595492133,909.519195476581,959.496459347911
"496",991.992744382552,992.885850067488,731.326997838955,1005.29640071016,1068.27700451772,932.58021911154,977.10311233534
"497",1010.35490617774,1011.57388980924,753.487737516571,16658700.8465059,1080.09404979739,956.497446884931,1005.60203682779
"498",1023.33969451419,1023.39632311216,757.477387865168,1025.84569899061,1233.20276725588,983.591493484959,1022.50067398049
"499",981.840607847393,981.449969122659,736.386226227731,267047.773277466,1203.40403755649,985.10910670868,967.665263800923
"500",1078.16662805386,1079.48246376563,787.330089470793,1162.92591437426,1110.70772200728,1034.39881441511,1070.10257626065
