"","correct_data","ztoipoisson_split","Hurdleztpoisson_split","oiztpoisson_split","ztHurdlepoisson_split","ztoipoisson_combined","Hurdleztpoisson_combined","oiztpoisson_combined","ztHurdlepoisson_combined"
"1",2750.41641835298,2850.14816599504,2326.70392418436,2342.10122648865,6541.72614876715,2686.04530164985,2186.14336020012,2205.08877556881,5658.06468118199
"2",2734.30870334346,2666.44905809204,2191.63250971085,2227.47329022434,4654.01218342679,2643.5808774112,2124.64002945488,2164.38802876517,5178.83831107647
"3",2582.23287132846,2595.10213812871,2315.59853491804,2289.19766581042,4118.75697788345,2519.64265953502,2237.95008682449,2212.27386457777,4196.14158322965
"4",2558.83907726326,2512.7775803415,2220.55624742043,2211.37832650755,3992.90593985012,2511.87677528593,2183.71211763696,2177.34790890798,4451.50843162522
"5",2680.6356783813,2698.67946383388,1975.86267361993,2063.70930419706,11048.0135948904,2649.49464619808,1898.2571503662,1985.6003325208,11584.028394533
"6",2730.85758396623,2776.06012864925,2166.58172893124,2203.7242808344,7724.35904746567,2637.44463440449,2035.56106760142,2082.26608036032,7211.39369402263
"7",2745.5955558809,2671.93802099039,2037.99470974141,2098.379135839,8654.02000432229,2682.61779149622,2010.1258207042,2076.29757009604,9761.51187694059
"8",2955.32476372051,2900.4321981128,2496.63684161905,2477.26313748258,7117.19174532697,2890.48992656641,2492.88629967326,2454.81236279914,8104.60731173584
"9",2601.34581815455,2626.30507730689,2422.06840224728,2367.33513527605,3696.71247344642,2530.10929557489,2345.84424196836,2288.47794638347,3490.30880056439
"10",3633.84176025012,3726.82920601729,2152.81872702206,2366.80228753105,45364.8283010381,3508.33541502403,2022.34392514525,2194.73727785914,40979.1545053015
"11",2651.85405726142,2732.81975496726,2281.85587819836,2238.74057272478,7183.36718691922,2574.79512497069,2158.96427414684,2107.78630812406,6571.69176591538
"12",2744.78710187933,2843.44099545752,2091.55569121069,2134.70020801259,15188.7731548139,2681.29342643296,1976.15279864359,2010.06428956311,13482.3993925808
"13",2776.12693761519,2745.13065631517,2303.63027418691,2329.62354270623,10340.5532754882,2729.07560934551,2251.64930271684,2288.9737831497,11810.5717743454
"14",2793.137207234,2830.51876910613,2762.68894817986,2543.149367589,7749.85451205347,2730.37453382833,2667.57571070317,2452.37589662242,7596.832038158
"15",2736.57729062629,2668.18135216329,2054.6661382269,2113.20892626895,7061.16224532281,2690.23655762045,2035.43987691837,2096.17333837134,8061.79457679923
"16",2630.22358678643,2651.04087556136,2319.49172797673,2314.43701023174,3939.2393152029,2559.15358768982,2225.40287219017,2223.08635992119,3966.48892380309
"17",3094.24125931106,3034.21465679071,2185.71388518694,2247.11065567707,6915.72721779175,3176.6554912408,2204.22150967129,2216.69874581456,10284.1019892814
"18",2721.00202830162,2809.35165358393,2204.08107478481,2237.39557211121,7901.58069724474,2693.09830582071,2107.43988872692,2138.17438417166,7436.93696449149
"19",2544.32746577026,2560.54222493506,2236.32511554614,2228.56144023176,3633.56810199482,2485.01824929756,2147.67668875239,2143.24713533367,3569.00039788385
"20",2679.51472300293,2696.19329109133,2339.66718890119,2333.92907529098,3713.09932038882,2620.15094982215,2249.90970920728,2247.69033035673,3680.48251421106
"21",2733.40419545769,2813.82393538398,2209.78235002265,2243.18640739312,6080.24410344875,2673.5508765784,2077.96919711955,2115.49764498075,5621.76248307652
"22",2812.88490039106,2780.47735449688,2249.78736928503,2268.27027618299,7310.78251034153,2730.71784365908,2178.17479317082,2197.59322962283,7542.65231847778
"23",2620.29196812186,2615.61727945281,2129.94797344201,2159.75630480872,6288.90380933266,2577.0669647662,2065.61082067514,2097.90031179158,6708.51196404218
"24",2757.29937131351,2852.25236568294,2424.0710552353,2380.23977959505,5489.00786710259,2693.47812279905,2270.52791022576,2245.26182071759,4842.59608128851
"25",2609.21609433862,2655.04291419954,2464.97464848123,2373.29113596575,4049.99798624401,2555.69121504975,2386.27289388096,2296.38426447483,3750.6220927675
"26",2579.72315166179,2623.73183830012,2145.173516875,2181.7248824455,4693.37604166432,2539.31535943666,2051.5719200358,2086.19564103506,4671.66982818515
"27",2623.5811775304,2623.04062284284,2382.39993641286,2337.60369380362,3864.27893869858,2563.25668985944,2324.85267384275,2274.92452872934,3928.0160244197
"28",3500.65588493365,3249.09881099396,3268.0411699014,2519.268558865,8856.99665196194,3422.65710690856,3774.49684968455,2592.27336225137,13711.0776984279
"29",2736.33726779744,2709.90128708427,2233.07113509603,2269.41351582259,5143.83975294578,2682.78162480525,2184.40360452755,2220.87870145889,5566.10547825301
"30",2809.16754545015,2792.95890648069,2427.47817563836,2393.53000601565,6548.05104051423,2771.01049476482,2375.47896866307,2348.39566941916,7117.96281753189
"31",2518.26201066228,2516.2549893206,1922.9385992494,1978.70044469685,5718.55933972549,2450.0758522274,1842.03443314398,1896.13937914635,5641.20022359483
"32",2867.30647263637,3030.21232925977,2428.24754240678,2414.65753177865,7267.67795890243,2787.74564344557,2281.55396115229,2233.92425440208,6451.37040119263
"33",2723.26257721004,2778.87047157174,2503.29678107739,2491.2508313875,4017.15497114894,2646.48799824945,2370.98826108931,2365.81103261419,3795.59795169404
"34",2726.36814766091,2718.56163584873,2446.01694169684,2413.62375855676,5033.132799367,2668.65162151178,2391.42536336097,2354.61682701751,5322.17995165941
"35",2695.97798370811,2666.48512383162,2293.58829466873,2275.87164570439,5786.76546475388,2652.03305101825,2250.01484754343,2226.77544958765,6741.49137146516
"36",2789.51505110174,2782.15163354701,2526.04689938805,2501.73133576492,5452.8729852611,2725.81928864791,2453.96788672483,2435.0676430478,5637.44048636968
"37",2871.56044810019,2889.66406782131,2171.16851448959,2209.40275590744,8401.26988610562,2779.51593289849,2076.90952471629,2104.92641203269,8115.11920181372
"38",2535.8013273144,2489.51281475601,2053.9493888201,2060.93532949381,5868.79754353578,2479.09025789881,2013.09174309517,2017.06443384338,6482.72039191764
"39",2845.62641357766,2913.90498111281,2373.95239878323,2390.09508715181,11755.3197140386,2790.37420262436,2246.76241678034,2275.790494318,10194.1105636535
"40",2794.40157638385,2474.97433913716,2053.74709758751,2049.46586302522,5350.70784192584,2697.83302845835,2144.07388720753,2160.47621736974,10170.3010657541
"41",2578.16301400886,2527.17330850355,2024.63636325929,2071.43768283656,5878.70233616258,2503.20024944762,1981.17580445757,2026.52607327433,6241.2549739455
"42",2819.00948304173,2844.94505149699,2476.20769006641,2453.97028967447,5072.17969048836,2766.16646851801,2389.95367493711,2370.88672359015,5078.52288744032
"43",3426.78322344414,3036.48137989888,2513.39234048739,2405.13377847285,10872.1568159396,3440.44331520173,3327.98484038004,2749.15927358099,25769.5717548077
"44",2486.72315348508,2523.02693788057,2237.02420056388,2221.5136973008,3349.52093260383,2437.88409785922,2171.23162383416,2153.75562697769,3220.2239955049
"45",2631.91569817648,2470.98941088436,2081.51268729089,2087.01454548772,3920.10519512308,2537.27025524697,2050.3274300081,2066.83796705023,5233.53305209143
"46",2765.24613284619,2771.6928861175,2467.2758241769,2461.29818699429,3468.31226377586,2700.27982948665,2394.14175048033,2382.53296159273,3503.82079908733
"47",2643.93860383462,2695.53854317961,2462.39150914095,2414.67252752592,4593.54019203894,2592.43906946797,2366.67963613397,2319.07728081643,4475.3759277937
"48",2781.7307915122,2878.33338949458,2054.19889204871,2164.87828671106,9673.83256902076,2795.58149244216,1948.68988283041,2064.51180470291,9629.55370889822
"49",3010.61285906823,3068.99603537899,2259.21511069734,2304.6705272659,21044.7127385755,2977.00308978659,2201.1154597376,2235.26742763666,21377.4387922853
"50",2772.11037860193,2812.07830994544,2263.61731257452,2300.60021193282,7788.0162866896,2696.79488388546,2153.23400401637,2189.35872062548,7571.91832981028
"51",3083.86001424275,2999.46976742858,2298.12271344286,2395.0837425479,14983.5741113462,3064.44254588028,2303.59914661473,2382.23152996505,21697.3823297453
"52",2797.20287684743,2743.19380510543,2334.37558608561,2338.15249221936,8102.18474614892,2737.55883652994,2276.81421491249,2289.47904522148,9740.51892238741
"53",3266.16279690196,3183.81936786754,2417.83305198708,2524.48581369117,14635.921094036,3137.52435384364,2313.38077423424,2439.200579696,15595.7184072448
"54",2767.12189512588,2818.51639317405,2349.20507265264,2365.08103316368,5645.87132227549,2705.02595885233,2252.62828602023,2266.52046647066,5521.32501519514
"55",2697.57621037673,2702.54512952848,2425.41834822161,2403.6675815648,4128.63219119104,2631.28638825054,2356.78701782321,2326.34293808795,4383.78779396377
"56",2987.84038635076,3207.60958489755,2695.69049353616,2612.53744508279,15518.1202456704,2910.16584788301,2395.88060679518,2360.68759984769,10621.1930382588
"57",2873.08978507038,2847.30340181549,2655.25649907576,2549.70955166473,6544.08829195672,2823.18929958164,2645.22626697635,2516.9065417971,7325.98417265413
"58",2580.00262377872,2642.66125135659,2487.50173421078,2277.4537352018,6363.08643278144,2550.85137478949,2374.283590032,2184.06747872985,6100.57317169093
"59",2645.8234462229,2662.55635921174,2411.60904986859,2317.00756150481,7412.37562356661,2589.03540657442,2307.30585673682,2234.75321369987,7861.17079266385
"60",2689.07173333308,2557.92522280612,1997.6511632334,2037.3518762385,6365.29809999488,2653.59036089744,1991.8880157927,2047.83540780571,8102.71428301709
"61",3019.21143383233,3086.96703885689,2530.26906750149,2546.63485472368,10525.1628282485,2931.45294492839,2413.06751790317,2408.62426198267,9814.03787780167
"62",2943.71352328887,3013.2653633654,2405.67009174276,2393.84973815549,14250.6365268083,2857.51017496089,2252.71553652318,2250.09062596929,12844.7961444799
"63",3013.6987734582,2998.85689331037,2488.65275956338,2491.22777892323,9328.39828555969,2948.59011571614,2414.27502055575,2434.07543773603,9325.73238686372
"64",2698.64063347749,2711.15916673444,2245.22373965737,2255.45236325626,4527.94236015131,2611.06636729018,2153.36184324197,2164.53479561817,4355.56468463072
"65",2832.08563262323,2832.05804422558,2464.78281965904,2422.93915633244,4981.9292124802,2746.61148099537,2373.01808154286,2336.26704910255,4944.94355167124
"66",2629.88562331452,2607.74245511076,2177.08877195192,2195.31818388538,5616.68985779937,2579.59206334987,2123.19986398608,2141.20608709945,6128.43862323572
"67",2829.90750588384,2794.06889488611,2359.78041443424,2244.5799394578,10972.4038441807,2727.58642353208,2293.66302263037,2165.51655508249,12829.8882873061
"68",2641.05323867022,2613.31478739453,2350.4824848434,2284.24323645999,5860.620457065,2589.99764213498,2311.9469127891,2243.43647998311,6377.92527862072
"69",2755.37134605976,2738.55469076509,2251.12452742822,2273.99780041945,5827.31888768131,2694.47385395515,2197.21300530205,2216.49522202051,6451.90474042625
"70",2813.6591257903,2648.98087219811,2241.21010688171,2241.95176286228,4381.91355573053,2730.0985776048,2272.92600251274,2264.59915061109,6302.40589579039
"71",3289.35956647659,3056.38355106404,2087.15212495212,2160.84916731394,7113.68957636782,3163.42071450807,2018.2347039082,2122.56341059877,8126.8915301078
"72",2575.4696322748,2568.89164408567,2311.81236381002,2286.07420775289,3532.62767733687,2533.38734802861,2274.05102613834,2241.77642838968,3760.13627508431
"73",2649.99606581947,2701.56199195758,2516.79747332045,2467.22249162618,3434.53053907146,2582.64952357748,2409.43794157819,2360.19522919385,3271.12557452429
"74",2521.52144887821,2558.99493065828,2239.4930951048,2236.98293809011,4140.86457071947,2454.03174160606,2141.74271488573,2139.22969737781,3943.92830397544
"75",2676.09284659918,2747.41074394053,2380.90392722659,2373.01134825766,5204.55384804022,2593.76054144312,2251.56679152369,2243.68063792947,4579.27443548515
"76",3080.18961416852,3023.84663497123,2250.98281122064,2324.42577486054,14753.590791911,3006.71674714457,2150.12954247639,2237.68208350748,16566.4212347195
"77",2682.9895681571,2661.78476244398,2501.0539569612,2400.78397651624,6507.18433830723,2607.44799119581,2430.41297027949,2335.11968131071,7009.35104306067
"78",2645.06944022803,2710.66361144248,2446.4995234293,2396.4613545681,4424.69394856413,2586.36445016343,2333.49946397521,2288.45780718026,4122.15389093104
"79",2697.18216377496,2739.02221932749,2237.53143563229,2267.61058326474,9744.77950965653,2642.11786718534,2150.13478431699,2179.68162288909,9405.0466693654
"80",2738.99707351205,2719.67651975603,2442.0538205769,2434.59689956933,5106.4899876332,2679.22824481003,2391.00701016065,2381.47793360083,5744.35974304796
"81",2798.86908364019,2605.15741064845,2251.62206531447,2239.31431102452,4897.42331942317,2751.81217668145,2431.29099261035,2346.25919581777,8322.32416110412
"82",2591.80958634047,2591.84566192926,2238.58507905906,2237.41035421018,4790.71262895617,2543.04048441125,2179.27593207442,2176.56402816378,4992.4887941911
"83",2998.9973397554,2874.14555760476,2310.61238944323,2271.09708969636,16311.6096772076,2960.06806821418,2395.49406707691,2307.30394398065,21384.6770769896
"84",2597.99678167009,2580.32423974678,2209.29445258678,2224.16933256741,5571.50516524477,2530.54339732405,2160.10905988532,2176.03918684497,5821.55347296673
"85",2613.32218367003,2679.21212499887,2350.04636546043,2318.59344635276,5352.94175197313,2534.68632941394,2200.23766730605,2185.33684499106,4680.89209066809
"86",2709.01699926034,2763.73616215065,2405.63136709043,2423.80094740275,4422.43036433108,2635.33714762912,2291.05229753586,2308.44817991918,4150.13647957872
"87",2548.94468159028,2600.65903480274,2006.86796142907,2040.13826336645,7624.55925777136,2490.04528976284,1922.50559054625,1952.23892086353,7122.37381082437
"88",2615.36095625077,2698.20644000582,2224.68515714142,2204.07633710289,6322.70214122806,2543.19843061744,2104.61113283592,2086.59089077239,5458.17327648543
"89",2610.30724966681,2567.48017636621,2328.60945088127,2318.43340208211,3493.0587023563,2551.5794583268,2298.45620393362,2284.28926382622,3847.0565618749
"90",2610.84276752588,2633.41231530051,2233.03748168127,2251.99959469766,3870.90265851851,2533.82489933365,2154.65155734578,2171.22051558426,3658.80967950699
"91",2592.41977730788,2630.40230915032,2144.74300639911,2177.51986944268,7171.83123638087,2550.06729358787,2070.74926050974,2103.01152795636,6873.32897046601
"92",3051.29501900476,3036.79822519586,2270.91666586853,2348.53505274511,8871.03009888706,2930.85467869676,2158.74251763613,2235.07053193441,8801.41668479079
"93",2546.03365969868,2614.53858112848,2254.03411725228,2253.91667898201,4628.15939692246,2493.27562667855,2142.95031931493,2147.58925354132,4198.38504077119
"94",3574.05959271755,3514.84522585557,2695.58362891405,2743.70692304652,13807.6584444002,3557.91849043294,2666.51683008449,2715.52948136069,16288.365140339
"95",2674.62661898538,2647.55337823617,2437.82207008187,2308.7565331399,6836.9247780835,2665.40392421776,2510.1062303122,2316.25649778691,8707.30151690205
"96",2688.28710444666,2714.42285732775,2362.3805367055,2343.99321573823,4724.64328775915,2642.17309834502,2330.62204927833,2292.48782926235,4706.32970512738
"97",2963.82240663305,2809.79973216229,2067.83346586155,2175.17453589784,9887.3598182653,2916.48261862703,2095.62810086924,2227.22741291499,12628.374501828
"98",2632.82924162958,2629.03493667506,2112.5273185289,2133.67445686322,6887.98959511805,2561.59811647616,2035.52283236673,2060.57498232467,7051.63073300621
"99",2960.41558244574,2973.15841742856,2598.71112457072,2495.95038874397,11052.6101491569,2856.40402022484,2412.38243918165,2359.67722333674,10163.9197559818
"100",2620.83518656082,2750.12182179216,2213.8861577894,2209.70734854538,12734.4396080248,2551.89443496486,2041.82661606623,2039.76116836558,10160.950540073
"101",2616.80327727446,2654.91927386348,2145.15683683056,2210.24184302996,7200.02871546685,2548.7663979675,2012.71509317198,2099.25447085442,6056.56102654295
"102",3151.47156614496,3198.03418225108,2218.21056077019,2390.26437030055,8906.090025734,3152.13359507074,2127.12689077457,2287.27029673487,10122.3952969049
"103",2714.62396527994,2783.7655438285,2502.79170475347,2462.9803148917,4732.18119404487,2633.68214878295,2354.59312198953,2324.55451083307,4277.73780019222
"104",2756.74797764297,2767.45602940838,2538.09122824807,2466.43851842008,4281.31579572327,2698.4226245482,2469.1483732283,2391.58822432373,4372.7013939103
"105",2532.01021803515,2462.07710077082,1909.42637689096,1980.55353129407,4942.60855221616,2464.72384257846,1861.55960660651,1938.20977326673,5641.48839574167
"106",2763.57413610104,2817.8040114487,2455.38097381328,2461.9027878401,5315.32270359924,2682.00471945301,2354.10323171953,2346.9806059892,4942.92183276166
"107",2604.92025274612,2598.6045110636,2261.45693329716,2267.22960893351,3562.4452030564,2537.30879389979,2192.81005552388,2198.76671008832,3600.73058824552
"108",2700.77919520975,2754.51445525143,2133.47113277234,2193.26727079616,10824.8310878497,2617.44598668664,2018.33248441158,2070.91230255489,10210.803951274
"109",2688.98803869821,2676.41921995526,2304.55515169997,2339.98349952668,4387.94951909873,2614.30246259746,2242.3138558729,2280.34551573265,4474.27021177508
"110",2509.86810942896,2565.18155295684,2230.54431975114,2244.91693447931,3546.92465041365,2449.69346905123,2137.96711866688,2143.42091655237,3406.50472344249
"111",3014.60909756526,2815.9545070538,2087.67354829037,2105.19255224141,9910.82586945332,2956.47240401256,2047.78124763645,2106.7973148897,14460.4723697016
"112",3093.69726382757,3035.02414165402,2169.03901949266,2217.89951435002,19594.7171174628,3095.54180056894,2116.91156519725,2190.97471050042,26487.9084337952
"113",2604.89642717596,2586.55882805089,2171.95938096638,2184.43941983548,5821.257631186,2594.89991665149,2150.46965606197,2169.73773558525,6308.40708031179
"114",3488.52071507594,3168.90759358762,2112.59133325289,2240.90715717257,29311.4156993967,3392.84194202822,2122.42172615801,2294.90425082968,57050.6342835276
"115",2672.94331098494,2774.86521922104,2257.40552924453,2295.05403948945,10713.3540444334,2598.24996812992,2105.01445639934,2136.37294790442,9116.67130434585
"116",2679.74532517207,2643.62777491448,2046.01494585644,2093.26757132804,8691.33364392594,2640.55052300447,2006.17707544238,2067.96971694725,9440.45108776082
"117",2693.75826360003,2701.81233140725,2433.92176549469,2410.73012436805,4284.31684394035,2611.31516083553,2351.60282624926,2328.51937584833,4203.82102019548
"118",2672.85830055237,2637.34038270077,2162.72602560436,2205.37382454956,5176.94717972777,2614.2741808769,2106.26636296138,2158.7019340095,5850.55565109239
"119",3096.11769247052,2984.40756910994,2253.85899515628,2394.1619074027,8855.6058189832,3009.50841342715,2235.15888857869,2380.67749759737,10694.181191072
"120",2689.66675350454,2738.16725623415,2354.12034285007,2322.87076285,6503.34362366133,2635.82775263521,2271.60817584708,2236.62795718575,6468.75355706426
"121",2773.21111910837,2716.75678059524,2255.35119157088,2264.75322841497,5362.80439652941,2726.68702380279,2213.39610256639,2233.92775790695,6060.56733106605
"122",2717.25530055215,2708.32799044179,2473.36077868713,2410.06107151167,4120.29465728653,2685.734616996,2419.28895727267,2358.09978094176,4733.7017148731
"123",2645.11556832973,2670.91624085665,2374.4231363127,2367.09713501019,4823.11271214536,2580.66486393062,2287.61140829762,2275.79076552384,4639.20401428211
"124",2859.23991802996,2662.43477243711,2335.45627181651,2322.29873168383,5379.89526191786,2800.03698760531,2420.51671507597,2391.00855461733,8841.93065123648
"125",2984.38494193169,2891.2221366489,2003.74921075016,2136.63753330099,11884.7427193833,2917.81442201399,1993.63495757881,2135.5435169475,15139.1271504152
"126",3149.01252315562,3224.75487386128,2350.8222134571,2464.67626854931,19758.5607590659,3032.65911106175,2248.73603011016,2330.1937678155,17186.0943750887
"127",2718.04635962572,2745.33934482733,2380.21758824455,2371.13035334874,4807.63444868458,2659.7804606722,2304.41797096566,2295.7201807096,4802.90191475824
"128",2607.26097888945,2674.44983687229,2322.28922853714,2324.02299779329,3794.98636289317,2526.36475540434,2205.17215605497,2203.74615445362,3453.75433128064
"129",2565.30558015157,2601.09781118983,2255.24553188281,2209.08987205694,5999.49925513658,2494.4696033506,2172.16157211687,2124.90641381669,5551.65783386027
"130",2536.67431711744,2788.36214879652,2026.10185822953,2128.83739365377,7745.59736797563,2471.19313309636,1832.87677886712,1896.50373719582,5923.92742014585
"131",3024.79218775669,3044.79108527055,2540.20436775391,2462.30472941134,10711.4925534047,2990.95356687893,2459.55901633576,2389.7928277351,11231.9342678565
"132",2987.87461383233,3147.20176297453,2352.13885134153,2389.37642079547,10776.6052125125,2930.68418924274,2200.45699868384,2202.18598305777,10124.3851388181
"133",2712.93776268983,2694.98953169289,2322.95432920174,2330.56140651045,5978.92221101674,2654.39484561046,2262.39246200709,2270.26490310609,6373.0727354739
"134",2849.5196904657,2944.31423147042,2032.30147626566,2134.93290422768,25430.8059908533,2759.28654070474,1900.44141418124,1977.9391622149,20936.6611869196
"135",2640.85398416234,2665.11696084379,2380.63200150974,2392.03257140822,3891.58073938775,2583.97930317401,2299.268616862,2309.01903247207,3872.46235306925
"136",2644.43054959484,2625.76653198201,2398.36819635442,2341.99444073712,5707.89271537954,2558.89212488437,2312.91393052057,2265.09517984632,5866.89010904275
"137",2839.92605198938,2678.91161992115,2251.392360516,2262.71842421082,5702.6526868424,2769.8722115308,2301.1923394853,2306.42719767914,8657.5234492551
"138",2964.06458995601,2911.48222188898,2341.39962500819,2398.62276745262,8062.42979999649,2919.16202163902,2311.71007816513,2367.71936944561,9581.90776554024
"139",2683.59408305952,2653.03426757059,2354.66575644915,2325.92860229421,4858.50874380138,2621.89989262494,2325.42960822867,2285.20939691256,5456.73437429388
"140",2619.00066236232,2710.05134167746,2338.68270559577,2321.36682278213,4910.59829209829,2554.11053069174,2199.38738620408,2187.91551719213,4349.82193417462
"141",2662.47770710461,2623.49215109795,2638.31527766699,2357.01056099926,5216.48597166392,2594.61502598245,2580.91668828708,2310.34543365686,5806.95646986685
"142",3255.74766145254,3427.28016915222,2763.00311830589,2684.66074531357,21776.5959832022,3155.36225238902,2454.98178120745,2451.80311699147,15785.2647946418
"143",2632.2540701189,2694.80028867103,2193.39618744006,2200.38102775203,6211.1835224485,2559.08569588169,2097.02708926412,2100.83880304122,5600.32191241752
"144",2704.67572625531,2745.95211678316,2265.8659643353,2294.20952246199,5417.4579295119,2638.90851745926,2182.19884510446,2204.15716797529,5444.66728919642
"145",2930.68645010129,3010.45078960699,2131.16192638121,2262.54290368778,13330.9325757168,2858.19603901723,1996.27585899082,2109.14990548843,12326.9740112082
"146",2987.90919471953,2936.37557784508,2413.7026581115,2387.1956531955,12194.3993929652,2852.36353035101,2275.02602441999,2277.57282677447,12242.8252797289
"147",2699.79488473634,2755.90218997579,2362.87156045623,2332.08925686574,5990.66950099327,2638.88578348431,2276.38507937065,2229.86130961432,5781.15056263648
"148",2692.08163509547,2781.8623686963,2306.98310607319,2250.68398410313,5656.44205238837,2619.2216396682,2181.39640781013,2123.53621130052,5256.61248960107
"149",2727.77806246783,2785.13557936026,1915.23464230203,2017.36632118257,9909.18317532195,2658.04279841442,1824.15088725655,1907.68055104706,8601.24231971524
"150",3372.54601244051,3134.48083095597,2075.05371882911,2241.09259491671,10275.8482806671,3496.12701235341,2263.88952486203,2477.6120068314,19559.0128428613
"151",2907.76662355042,3014.22493310792,2303.78004795296,2359.18664157047,13124.0238144001,2825.46270878019,2170.77665963652,2209.56941998585,11094.0288215887
"152",2629.04668622439,2699.41172415109,2328.2578865525,2301.35486951294,4669.70885532688,2557.65291301389,2210.16744597991,2181.58078785791,4287.00655314375
"153",3060.81871995064,3126.06508234012,2532.43705061205,2536.89125275025,10693.36095083,2968.90128339828,2358.50975806101,2385.28417219924,9615.96150921681
"154",3145.54042528307,3183.67771930164,3340.94897843129,2745.43069561472,15040.3717471965,3070.4635402906,3113.41398964081,2613.20761886607,14713.7199723168
"155",2680.69032643442,2693.40256558184,2565.81405205286,2460.28866337929,4004.29125228394,2627.61957086817,2494.18154369023,2386.76068611348,4200.36496360081
"156",2741.07450076638,2664.74774895655,2005.65268567811,2089.03617822554,7213.63983790347,2694.53492020771,1973.77712441103,2062.94837783242,8670.91797889137
"157",2761.22602403276,2811.37073829943,2195.44398385406,2258.66798966375,8705.46344543063,2674.4395911527,2087.13566615778,2147.61240468802,8047.58394781715
"158",2811.36147306575,2700.60480669781,1966.84205116527,2065.09885636075,8986.28485722958,2783.24183963744,1956.77844689591,2067.88410805928,12933.6863544847
"159",2880.95949361227,2926.36798639513,2488.1891002642,2448.13314776155,14728.6702062775,2827.91855917438,2390.99090961888,2352.03257159225,14396.2484205778
"160",2603.72803885018,2610.86878880257,2647.55825035595,2373.55897790332,4529.05390295342,2528.89611860082,2580.21447132399,2295.5594868943,4575.76693420677
"161",2980.77856379473,2947.83647288378,2349.35366365848,2412.37885316098,10536.7732251024,2905.24268852508,2287.99147156832,2349.3745794449,11393.245759885
"162",2604.11383313864,2633.02906651701,2267.31166120788,2253.89009249486,4522.55388508552,2539.83267176154,2192.58664198397,2176.17087889201,4330.46039890026
"163",2595.80648253382,2600.99767208368,2422.76376132256,2397.58449115825,3581.24011115746,2549.31607452969,2370.42239625759,2340.5423603199,3765.82314282089
"164",2778.07306368644,2904.69376458657,2392.61949486035,2380.29953064979,6905.17516357032,2691.6964677257,2199.65734975291,2201.73852063796,5743.9878003286
"165",2715.26087976554,2749.25731659263,2405.98559008605,2428.23258981653,4616.21145248248,2668.40988967821,2336.49605912844,2355.43325437254,4486.50064038072
"166",2783.70398002853,2767.07012841984,2474.52478926969,2378.58931853133,6496.17794968863,2715.75878278723,2521.90581245004,2336.71125239539,7875.02660546421
"167",2710.04441290405,2766.6369165863,2252.04482256756,2274.52337633198,10030.225695244,2634.71988148697,2160.90258841453,2167.00952223755,9195.82696065773
"168",2665.40101613483,2684.95193519313,2410.8487575277,2355.67586317786,5698.86109378381,2592.1800813456,2372.40687657451,2289.73678189535,5782.51118074555
"169",2620.73004369944,2597.38355637886,2287.84929296709,2266.93105020149,4709.12207071845,2579.93398508708,2248.3348913764,2228.86521599718,5170.91089945408
"170",2747.21954452856,2734.18502153982,2359.10319315334,2354.48783013904,4813.37676533282,2716.65968772109,2319.11492200631,2309.70842688915,5326.7934192981
"171",2752.48580272916,2762.96160277671,2443.1395417576,2412.42947117555,5867.57434965925,2674.59237999189,2349.13189005426,2324.40919510527,5735.38660974238
"172",2663.72648735553,2621.33077068906,2196.04483076959,2213.29735714046,5376.13340750764,2603.07840792288,2163.00894755842,2182.69776454026,5794.02022612331
"173",2748.51661899806,2807.86299977668,2127.48123638372,2172.88743873881,6961.30820558142,2668.64676969409,2018.42740081723,2058.0119123379,6149.07336411258
"174",2618.28551159284,2665.35485442801,2188.61459041585,2223.44959321115,5818.06447271914,2566.64465419466,2094.44208609911,2129.68685819206,5583.55724274275
"175",2535.76706918971,2539.35554642449,2146.75639286666,2151.75535963105,5709.1892126905,2477.16752833876,2083.98782078549,2092.44141854953,5620.35124024556
"176",3107.56954143297,3091.24614326762,2476.64850180649,2506.08893716886,8605.35207112709,2993.59645715318,2388.83145749382,2420.38919003082,8786.73812243994
"177",2720.26368180002,2740.22627813576,2583.91087808214,2479.3160967878,4066.03485364954,2653.94152039931,2489.59083726841,2393.4821335443,3938.23438253759
"178",2664.5891578349,2703.69785139646,2536.57085615286,2462.71996627749,4112.38055308213,2606.83312027322,2466.93368752487,2373.50624758032,4221.95708590643
"179",2691.93693546333,2655.65080724693,2247.76176662683,2206.73153401964,5390.49517062844,2670.6881953055,2280.85931869249,2200.92023459313,6573.35815511671
"180",2698.39036269599,2736.6613122935,2305.58235521924,2329.25395444057,4483.32589519157,2599.43636352754,2192.02690056223,2211.41006993363,4130.53936256404
"181",2757.79879322702,2713.85682882112,2194.93507977718,2227.39005442174,6398.22582973971,2679.06303475391,2122.3468949758,2157.58554934087,6947.63565509198
"182",2578.41165915671,2541.08025192124,2267.81584462747,2261.44184696114,4608.04468004036,2510.13997546024,2220.95943230658,2212.79006411099,4881.51970832187
"183",2741.68543394326,2681.34388786163,2331.06786976185,2240.30049920733,6878.83645210911,2727.43225844963,2358.54551675132,2235.51226331584,9049.55681544324
"184",2709.0771835467,2667.94055113797,2225.31716644884,2228.55039914334,5715.44901703827,2653.78676008556,2163.99262613823,2173.98532756483,6390.23012601957
"185",2767.43988006229,2860.02335770288,2458.72672885625,2391.68227093379,10126.644079417,2707.50505488309,2292.7803125195,2254.85360756575,8860.98211217751
"186",2724.41976028183,2837.63881531521,2021.94870148798,2114.85104680725,11218.5337906596,2648.27930154364,1901.93497504303,1972.51096850614,9395.78338326673
"187",2762.19682911233,2738.41548946907,2169.36360648475,2227.37872530397,5775.42027798293,2683.90067009304,2108.52892550448,2167.55034199343,5826.05433048412
"188",2937.08287138755,3029.67169476602,2198.32558801535,2308.84169486498,11785.4256249818,2867.93694756443,2059.86822003854,2154.25875382575,10446.2366696962
"189",2780.61340696818,2786.49461713683,2605.36825905243,2429.83570687521,8443.75763858119,2693.59716741024,2467.86288230166,2332.34955177545,8310.30616268666
"190",2700.13180759493,2647.05870808788,2508.2527900137,2446.77638774961,3502.99418102552,2630.62929809265,2490.83588761578,2414.64221101722,3913.06152918921
"191",2914.09959588,2916.92200532287,2361.34288651285,2386.11608106834,9547.3030621648,2868.35395803544,2316.71556744031,2333.35647185619,10026.6638803345
"192",2857.75917763138,2905.24857315189,2223.65945791757,2367.5329345946,10424.8712840099,2758.6491040064,2069.57554414609,2209.64075658442,8706.23948115177
"193",2932.42956217746,2864.92812064884,2389.45828951002,2410.38618893663,7435.30079520369,2855.1694157291,2343.97838078039,2374.27345221468,8941.53023945764
"194",2499.6452149286,2531.0936877892,2264.76110876972,2255.79421389164,3153.58509735831,2430.16659889084,2184.0335386298,2172.10836596166,3024.0389670323
"195",2735.32384980334,2710.29556239942,2576.11335981252,2401.12346805131,7303.13299718913,2663.11298382035,2501.33215736312,2333.7046856883,7942.6835526272
"196",2599.07760966654,2571.61650537988,2358.64985397803,2318.82351552957,3902.58940099766,2536.94348402604,2301.3748770858,2269.5060232394,4120.13884394968
"197",2847.47493643974,3033.14720166566,2393.52572464479,2428.66298281671,7677.21468005854,2766.50326514544,2229.19202305159,2240.3126378777,6277.23435222542
"198",2604.10343745645,2649.36441396611,2450.99394159543,2410.65703707117,3983.45846654728,2532.00259778302,2329.82022369657,2300.1933688024,3744.27747453447
"199",3040.99083856653,3243.55022116358,2475.14421065727,2510.62283849433,13352.7215538318,2967.91701459098,2197.00464665755,2248.68602905628,10747.1953979021
"200",2750.24482026231,2643.64854919816,2304.33811360964,2276.29032435844,5649.68506781183,2688.1629694309,2337.67229314823,2282.49856747683,8399.21997318614
"201",2642.46399925385,2764.4562723874,2417.14580347495,2385.82957814696,4928.52329192436,2570.03995999095,2264.18832672293,2237.79128319963,4097.81133921013
"202",2827.29057080817,2888.6615088673,2626.28577430343,2478.67114241924,7698.69212505909,2769.30490917155,2452.83738859734,2360.25346251838,7033.88313475381
"203",2795.02294290283,2832.90079318276,2283.55685937441,2338.35059666448,5722.0529284048,2718.88227558276,2195.25868341215,2237.64588772331,5586.45791437164
"204",2656.39782923888,2734.55023324424,2217.83055617894,2159.52354212836,5310.54885731978,2606.12861263841,2124.47161446321,2067.53033183452,4890.78002911433
"205",2601.46310937822,2623.47435753909,2193.55128449286,2213.25398334843,4625.82916523113,2548.03305425221,2110.18345113743,2131.33918217622,4521.00554314081
"206",2850.82805095545,2776.54743718919,2008.81586329207,2141.71619601295,15591.4645081593,2751.31944305167,1934.10640927637,2075.62173545408,16208.5625293857
"207",2701.66820655797,2682.64695530102,2359.92880158802,2327.91281879085,6036.89681606484,2644.67962942755,2292.58660837436,2263.13195804251,6998.6141108918
"208",2635.15431331024,2701.43524859702,2317.95831712538,2320.38018874431,4661.49748976204,2559.54392273237,2211.4538948409,2211.14096768467,4062.4232068449
"209",2670.21102355911,2611.19984980889,2145.2895414936,2148.497631037,6280.62125328816,2613.34752998486,2116.60626959748,2121.14626079658,7170.55028302455
"210",2979.35824227199,2912.76914486659,2251.63649214154,2344.49218231398,10810.0296996803,2920.42027943988,2196.52838515811,2307.18466728818,12036.712215674
"211",2733.77654108943,2777.86800139918,2154.19245302773,2230.9706868556,13706.1260914787,2668.16769979848,2068.92839014213,2138.21339669144,12502.9793212665
"212",2642.63873767105,2628.12151714333,2420.84700159102,2365.09636464017,3421.40796036112,2576.29980489928,2372.37219430701,2304.88939075569,3462.72941804236
"213",2666.91958763819,2669.05280290136,2511.89852903073,2447.18671917934,3623.46281309541,2616.71413457808,2468.1471978246,2389.22245209907,3824.07285250285
"214",2717.07047559345,2847.31073288759,2275.16283416373,2282.21718332464,9970.32478315593,2648.42679471223,2130.36660657704,2140.36450969646,8367.6011248347
"215",2679.94189118996,2627.18149302443,2327.13843768781,2321.08757123745,4832.97734816205,2640.67339743136,2317.46018686601,2301.89535843462,5568.36645373706
"216",2636.07168472197,2570.74152659094,2012.85669059952,2023.61756384573,9017.5085062584,2606.13159492894,1980.57308289129,2011.86556393441,10928.3397817237
"217",2712.99685446635,2751.77529769482,2353.68724407824,2375.75647337417,3485.33741236093,2653.62835939954,2277.42129670855,2290.25844907244,3406.99928560366
"218",2765.91364156887,2729.06487004624,2355.10369742979,2367.56211830391,8487.17900865375,2688.85843881489,2347.54352499846,2336.44481830981,9319.02574760535
"219",2913.70187357337,2980.78325572709,2290.09039727174,2344.98931034383,8595.42245586448,2851.97897847242,2167.45110758161,2220.91764050897,7901.83979743187
"220",2944.19382480216,2918.74179520411,2041.84880603137,2144.42838923174,20756.8630635774,2868.57094765106,1976.12112707839,2081.09850364152,23462.5743636232
"221",2707.82970847667,2770.26452104143,2156.68114055873,2171.70321576252,8549.1392861563,2647.20325912411,2066.221818883,2078.0898378968,7886.48769990611
"222",3056.64474148359,3083.09074292582,2442.79999563064,2486.2490281585,9201.69908968186,2960.12241984077,2281.16687729531,2337.65441356785,9216.8140279695
"223",2738.01972631634,2700.43978254215,2469.45322888087,2402.19134416158,5483.95828709275,2658.55094369516,2392.37556325908,2341.12884557558,5815.77428322265
"224",2713.18194135426,2680.28493549439,2249.42904517791,2276.826980591,4665.09416141905,2652.63764723046,2182.98322352859,2215.93654516512,4940.68881703991
"225",2866.7193763739,2697.40835963574,2198.18253209186,2206.59795655787,6170.34282876259,2786.40488721914,2194.52500918693,2212.96512155949,8745.75553918002
"226",2532.80617905523,2530.30605699138,2093.47185777216,2111.03761109053,6557.42449048496,2469.40203102135,2049.62725941502,2047.91633983153,6773.24975508545
"227",2577.06949348275,2575.86185311218,2324.70546166455,2307.28404623475,4521.20412646753,2514.61580817293,2275.51602777406,2249.01849560301,4829.71139137547
"228",2650.27946820599,2712.69016699754,2236.40093159506,2255.83594853684,6632.30869527389,2604.14325200649,2180.65772938165,2190.08014578717,6367.40943146492
"229",2874.15883182245,2867.89941458551,2333.50382538181,2367.6105517851,9639.40362179808,2797.85262406566,2262.5308399253,2295.56404325333,9580.8418618081
"230",2881.96902903157,2884.79448877487,2019.00971970814,2167.09110395958,13325.917627018,2852.79764395473,1978.6537490106,2134.86479749363,14785.023826466
"231",2589.6147474147,2578.55614457132,2342.24594469201,2319.70719776248,3458.05307558159,2529.51669107856,2285.04890689184,2257.88873233833,3604.31216745405
"232",2908.7040277138,2907.47989048238,2459.35721075009,2469.96284322012,6108.17069620561,2806.45141680962,2349.69197099972,2359.53709392684,5949.7478941402
"233",2749.03997936452,2805.47154195271,2172.52476104365,2217.36312133007,7203.16280022204,2678.82833536875,2054.15276457148,2098.29051606399,7144.53431126694
"234",2748.47093904054,2790.82477698481,2339.42616887616,2344.30518378438,8284.58784173134,2674.79083843512,2234.47238779684,2238.35752405316,7479.86080795088
"235",2539.14379344036,2655.23501901659,2234.21226628052,2184.70869234273,8531.66299352131,2484.12891056724,2113.69999542522,2066.84755879128,6827.75839649421
"236",2641.85800549398,2595.10787961472,2252.60580931971,2241.01954596508,4353.88740244592,2603.9815455858,2189.23864280075,2197.44519395872,4944.9960635328
"237",2868.54888116224,2859.01684018606,2297.65901385451,2320.79567856241,6935.57367995917,2809.2521505244,2214.07628021267,2241.83618922649,7353.4897140257
"238",2784.82732701018,2808.07333569916,2366.94587636468,2338.97609566151,12266.1856668276,2728.46565712154,2270.98938807006,2255.78739240699,13550.3402116659
"239",2618.31313800015,2590.24793548294,1844.38298660249,1891.46903605476,10515.3274502274,2589.18590155847,1786.33111503525,1839.14339216499,12221.5411460234
"240",2675.54507889985,2515.66102356003,2258.17657063664,2265.57355291218,3806.14973410245,2615.9637700402,2281.23116290263,2307.79806441692,6851.35995163136
"241",2686.99802498118,2723.24697301004,2456.79831521998,2420.1735609148,5441.45120589794,2627.21159586002,2369.88603504809,2328.85531150917,5201.94163945907
"242",2778.34884142757,2593.36620275062,2033.59392080595,2071.00744996232,4837.60894842928,2749.18135878889,2092.19976842569,2140.90066285978,7976.69166507126
"243",2875.81902744155,2900.90348438105,2231.50885192004,2274.44986105372,12230.2089616074,2819.18409108265,2155.43356717983,2203.03034534795,12237.0237093207
"244",3224.9635473468,3165.33906143227,2304.15303552699,2428.62310683745,14499.7386434091,3146.2705757895,2218.57334616687,2353.05697297213,15722.7214540773
"245",2607.65935867495,2613.67548797506,2373.21749860522,2341.48312491215,4063.50703065881,2548.18137471019,2315.83826660752,2277.9805649007,4145.19636147214
"246",3054.50065668604,3084.33486215985,2199.09930000727,2298.36105914421,11433.7453317928,3009.87918156326,2157.21248000125,2225.36488496245,12431.938154744
"247",2554.56941231965,2554.13031759741,2134.12568500531,2137.89261297364,7475.80219912951,2478.82588616305,2043.14427304583,2052.90139679516,7461.48914116095
"248",2601.82366844229,2647.7333603696,2252.97643749619,2230.99092402157,8175.22588349704,2547.5967105911,2152.32148890107,2135.61916695511,8121.75866108871
"249",2723.76788657262,2727.93026111678,2115.92855268861,2198.26631934571,7798.89073684749,2646.45516758861,2033.63794787702,2111.30868849719,7690.68477285205
"250",2934.16437759072,2965.06877781044,3030.97214277158,2537.46178014267,19041.7413991519,2841.77676835026,2788.78433539325,2406.29515982369,17821.4363274941
"251",2640.62146027724,2640.06391791374,2350.66727344607,2332.21361425196,3761.10493168799,2572.14486370994,2275.60737927779,2261.89899480927,3757.64928107595
"252",2609.49534572851,2611.70069758344,2346.0469921579,2318.14277092792,4513.52565156079,2564.11460973109,2299.18478423649,2269.66932060392,4808.49870713704
"253",2812.59579156826,2757.24688956304,2340.02289913401,2326.93332094702,6992.22515556496,2745.58282624657,2292.02060957718,2287.71074809751,8678.67724293134
"254",2636.67023808535,2610.96871727475,2282.76601460099,NA,6327.43884886729,2577.96718095305,NA,2231.60532702291,7293.99431323665
"255",3007.12760684019,2953.80913096256,2799.14840513203,2513.12437408589,12139.8541150911,2943.46610082806,2779.55643627635,2480.64778250561,14535.8360479355
"256",2677.31462872776,2766.31867708924,2209.73306575289,2262.96038007503,11461.1332093492,2620.73943056912,2101.55331095228,2139.27942860107,10063.5796356877
"257",2668.99377383134,2657.35864127307,2198.39564663404,2218.97038990028,5170.47739145283,2596.13736063175,2121.16090122075,2144.4379619407,5106.61248583925
"258",2601.15778781346,2580.79469744211,2222.62558991245,2214.23291276117,4967.19904907022,2530.49688675066,2162.99620152477,2155.57095554913,5154.46851492321
"259",2991.82523525673,3075.15929166678,2328.8447928152,2330.67243540125,14764.4571897097,2884.23880193449,2151.10458537715,2160.14451607797,14077.8730691424
"260",2603.39937965037,2624.50700324558,2373.92388225455,2365.541727445,3467.96770642092,2542.35145891873,2282.95400675509,2278.01256535709,3436.93521289818
"261",2595.81557537251,2611.09742718053,2131.7509415583,2117.59090503107,5715.44778903926,2516.92168588666,2088.65117764988,2047.59760448831,5881.78980375478
"262",2722.31894703796,2770.15484316686,2148.88802160359,2219.54385798176,9678.29248847534,2638.19724818366,2042.29686001259,2102.14351836522,8706.0394529713
"263",2722.48862745548,2751.07589274584,2366.82618909709,2360.08583388721,16377.6409601273,2681.62023865965,2294.92802971759,2288.41190145526,18081.339083698
"264",2683.61445611354,2699.52384100224,2220.96979011278,2223.47020694213,7045.38106641703,2628.22064684513,2144.96720125356,2146.14130781294,7126.81127881183
"265",2643.8583220996,2687.25209006893,2514.21648041139,2408.70736445456,5828.04771614833,2573.79175040725,2399.51404806064,2304.78454192692,5505.26729495056
"266",2606.62693178758,2624.2694244746,2014.84983460892,2071.53364592562,8020.14612837845,2562.1574968721,1937.9720617678,1991.25037923694,8200.29539403635
"267",3081.298791382,3020.00325727518,2318.83809757182,2416.00045785096,19177.04678913,3015.00611576811,2273.78227084552,2372.96470338361,24449.1796030151
"268",2730.38076354576,2743.97883619484,2521.2501266262,2426.5503327171,6568.9382402925,2667.3311137381,2437.71961517962,2342.64770905239,7394.30769156972
"269",2764.35206561868,2772.47397141679,2454.04420623179,2352.85111839074,9047.67747466726,2664.33232182704,2321.30223944651,2241.77995279651,9009.2136961337
"270",3077.79213314981,3142.42664244018,2738.31423446954,2527.69658511537,22484.9568930115,2999.48848046102,2499.69836509381,2358.99580128478,20770.654765333
"271",2957.16037134829,3068.72633541077,2327.28887237828,2400.3174340107,9399.5660498468,2898.31066896881,2216.81856597894,2276.8546056494,8380.84472428967
"272",2736.91006972434,2798.55293880755,2356.74344324158,2344.73566600525,9613.61046087737,2675.21569918553,2242.29756629644,2233.92527976729,9199.44451955408
"273",2821.37773541424,2806.29418578607,2135.37371404677,2208.7248821275,10931.5198972579,2742.45681248463,2134.4952139178,2165.00080639137,13095.5120386531
"274",2701.69759085886,2725.63325163546,2313.07762081627,2317.6726398044,5572.03697064422,2671.5910866951,2276.63879408027,2274.85423315179,5820.19810488815
"275",2964.42577960212,2564.92128770557,1923.79353628119,1939.33453374231,7419.12342371414,2946.83199864825,2070.17173941925,2081.9032995413,18657.2053614144
"276",2665.74318895917,2686.07575720768,2367.45811263261,2351.73705228914,3554.47350917289,2586.59954117421,2285.74543725461,2267.41717494505,3400.32414699557
"277",2679.35674480403,2691.73170509748,2121.24245956502,2192.20445811251,5451.84947034621,2599.06878423876,2036.1252111357,2101.03662238005,5193.35121363379
"278",2688.50989303829,2740.01310971138,2049.94503131506,2139.7690748919,8976.46765432157,2597.48905946431,1958.91343742357,2036.85166856822,7383.16246326354
"279",2608.04406763686,2640.83654737147,2319.4208469291,2327.60144274206,4671.99486181852,2531.31859076333,2226.50410278526,2234.33711523958,4334.08764680467
"280",2561.51557100367,2564.85182630732,2395.1138757488,2293.70394459634,4602.66728910886,2498.4193563467,2351.58970684963,2227.31890284808,4885.35609736553
"281",2744.51935358174,2796.98310717572,2366.28558781385,2321.94772798256,4761.01970939376,2673.42962630946,2236.46610735361,2206.73113146055,4444.63056685244
"282",2705.48404012358,2758.7638971528,2041.23039930441,2085.33329535346,12078.0698969204,2654.65884353609,1975.29624675873,2008.13636287712,11843.7064580658
"283",2588.12682158205,2570.14854681206,2322.5060847459,2256.09552162013,4121.99762757504,2512.83819359408,2259.45394153561,2190.12236165586,4140.70963520836
"284",2696.93343291302,2695.37318325569,2354.30040980618,2332.29697955426,5180.45627997301,2632.85256141891,2270.21720912781,2258.76552609746,5218.5442267047
"285",3172.62452834206,3141.2654834255,2288.26105214151,2384.6911642937,26632.212858803,3093.38323387067,2237.00850127638,2324.82260464277,29528.4360797333
"286",2760.98192170216,2774.55209051968,2374.92286529666,2356.73297902095,6546.92578344977,2722.00915244671,2301.99496034483,2289.44599996895,7317.23077108718
"287",2637.78726922688,2669.80709955558,2256.80515122878,2281.94066799819,5574.76294622859,2571.35901786291,2178.4240113757,2190.3934130959,5519.71741226712
"288",2858.38198631631,2759.14338899358,2267.58072195476,2307.77956356399,7961.38126966964,2775.13844074176,2248.92411888487,2291.17527353548,8946.73981309481
"289",2513.10338406548,2534.640017891,2412.99607167342,2368.29177472352,3346.83010036943,2458.0038041328,2349.740294812,2297.75820465095,3288.2079371696
"290",2815.54915519491,2868.36208371778,2321.96494146659,2387.98288466108,5535.15373037579,2735.38470556712,2202.65746732341,2267.28320998092,5070.27771112541
"291",2715.68433528725,2680.18252354702,2270.68325060107,2260.10344700143,6135.49611492951,2682.1373830639,2239.04449910373,2228.19501292579,6990.04305358219
"292",2904.23425578481,2799.78285695848,2330.46481874395,2328.9930116868,8917.40869899865,2840.24022166374,2303.97528152486,2317.96470751226,11811.1009493592
"293",2844.53690375739,2880.8453270119,2198.0994257945,2243.87050995788,9768.82100734326,2803.80356865302,2106.07425413028,2151.79086885584,9893.47124980829
"294",2931.93613547387,2792.95302940157,2339.3333304723,2390.81924187034,10307.320878073,2857.7784676944,2342.34718101497,2413.50109691945,13996.6546417128
"295",2669.25577383884,2671.19556236886,2508.06415251605,2417.90696381453,4403.02416033926,2579.96750259712,2439.28438539222,2333.36754251869,4273.80830470655
"296",2615.51778534368,2630.96635793026,2364.48769703197,2326.75571661455,5238.13785176496,2559.5972325563,2292.6260352367,2254.11150956103,5352.73570859717
"297",2658.36924127827,2681.68216601492,2342.2176254904,2369.24614980199,4260.217147412,2579.84219532956,2250.43027457559,2266.32338311994,4131.50931036065
"298",3219.53922318614,3093.57441909753,2669.53480983367,2611.64649592335,7698.15304643862,3149.29172315312,2774.46677871458,2654.30059993909,8549.48664101467
"299",3028.90044182626,2837.76541255137,2197.74002763474,2297.81630971237,9128.08657313971,3000.97525144546,2230.0602224192,2383.62638723139,13031.1386030092
"300",2818.62074463094,2818.22118492861,2797.15780439103,2410.54899658905,9793.53287478962,2750.58656481534,2851.23296188054,2350.50046878027,10705.2970791516
"301",2977.65182746746,2778.15605076413,2004.28661046468,2089.22944854554,9267.66124743779,2919.49435160178,1998.69240464138,2119.98657425559,12946.3396999747
"302",2580.87572330539,2545.80094085748,2379.48081830395,2348.06999402175,3132.41259619967,2530.23432222058,2360.58848129654,2320.96748567872,3256.70224216734
"303",2703.00739929487,2734.70643000685,2090.72353689127,2173.66567326024,7686.5368598081,2626.98744409468,1999.97359584373,2070.7988385965,7670.65014704314
"304",2631.19799533597,2670.37369350085,2349.75622988048,2294.94256888071,5374.90359418174,2562.81038947905,2241.69941026303,2198.31190601136,4991.56226735387
"305",2662.27327927038,2708.4744124671,2446.2575508054,2401.70987053599,4707.59836814639,2591.82537879915,2343.6150639574,2297.90739023732,4652.44040747482
"306",2810.31000181455,2715.4304505425,2085.69650821697,2139.97775922133,5443.60370927138,2706.87398692683,2033.28484788919,2095.54590235935,6044.0818327696
"307",2925.96583050937,2955.16029518588,2260.18883585166,2331.92470476781,14426.4690470819,2870.20707365329,2166.24308502762,2232.47295234973,14111.816014734
"308",2962.41208176391,2979.72229082217,2104.96825310786,2322.66104008106,11452.6163569324,2883.64720123871,2008.52683828666,2204.53849090348,11049.7868470509
"309",2566.29060217597,2586.34491568672,2351.74429080762,2332.09626983342,3985.48835061832,2504.27833694225,2274.32415205133,2252.54227267844,3860.92292240941
"310",2699.69065885382,2715.39363898453,2449.91780752453,2404.12953700155,4481.3843439351,2637.39301281175,2358.66685670294,2317.20885936654,4474.13268723243
"311",2715.39778621453,2797.13776702076,2396.45287918538,2394.47641799146,5766.65706751728,2637.67343618806,2252.45271928632,2254.83386009692,5096.36259627055
"312",2869.42048281013,2926.37803646154,2499.03464144556,2488.85385843579,5228.94508939505,2786.52034822921,2349.8065737741,2347.58238049559,4826.40920002213
"313",2611.70086822054,2615.6260739891,1986.3802395709,2013.47868942,6839.34732019776,2523.97585481514,1924.9705861776,1948.98862904638,5938.91750223952
"314",2812.39180676635,2788.09221429298,2265.35185406757,2279.02761780864,9143.03884328653,2746.29174832157,2231.18053188959,2234.67186783109,9932.43824286352
"315",3427.86825629878,3187.55305666884,2368.66337882888,2492.48909185816,21974.17171555,3376.20410559047,2393.00095585362,2550.29920039285,71067.8922143954
"316",2778.48960109143,2807.40076477975,2314.03775045071,2276.14050045898,7505.85588387942,2702.21462160914,2214.49770688956,2172.69275131235,7353.23748681702
"317",3185.10368132217,3146.1568528789,2368.76555334254,2509.94903138958,8253.75445772495,3231.30086460886,2367.46127944271,2540.48218681062,9815.05690279894
"318",2743.32034215994,2766.01651502416,2434.59778656041,2339.38570942518,12923.5713323591,2675.19929198553,2325.37059853773,2245.03087249811,13361.6208623982
"319",2638.29252609866,2613.94349305754,2319.95564828772,2296.6531698592,6747.04684926152,2598.09020582275,2302.56475030861,2276.09422529833,7487.68818236038
"320",2640.35788380321,2651.79042336968,2835.69671623508,2507.95814381112,3921.10891952699,2577.7162561268,2796.80533263713,2438.44357849994,3945.81412306699
"321",2492.90229134478,2479.19368292622,2002.38046015611,2030.9578347935,6216.47068218892,2422.08420774598,1955.64413712609,1980.14906658014,6073.25103312667
"322",2871.17036215003,2922.21965806188,2288.70328475724,2344.70954925044,5429.28638771513,2801.20447763126,2190.52703450937,2238.43816819002,5337.4061938344
"323",2871.29827118526,2913.47035487586,2328.62013525808,2347.66028558143,6097.29865962613,2829.15610722935,2243.59699336074,2260.26664031503,6023.62575096945
"324",2568.12228301586,2572.7249296338,2463.91834648582,2395.08886636958,3842.01361174099,2506.34838028236,2391.15799965558,2321.14035888561,4049.55688461098
"325",2877.76000707809,2731.02292847068,1955.43323013316,2054.60507992193,8696.05851047535,2859.58120688995,1978.91338024287,2105.65829231819,11928.8325524763
"326",2570.30604414266,2500.45986120044,2154.50205855227,2146.93307736704,4762.74701056943,2537.73976955777,2158.55970803537,2142.52313095193,5844.8471359439
"327",2936.55900023547,2849.76382179914,2302.33634037919,2323.01863241096,10507.3647304814,2874.56221920438,2236.64480838653,2300.10606868698,11205.4402443829
"328",2686.55582147193,2658.11743146036,2362.067549775,2352.17697659024,4446.20324025323,2614.0396412211,2302.47563350599,2293.00877355597,4768.16709952477
"329",2830.84635195189,2864.5458033887,2302.21103551576,2331.63949814242,9363.15448724372,2741.11767420889,2186.15229053653,2215.81144968738,8682.61743631
"330",2644.10597115227,2613.49802070905,2176.91583648766,2181.45467523576,5707.55930293426,2599.59834949384,2174.99193125461,2157.65095088331,6687.96654950783
"331",2653.27650271924,2693.98255509454,2376.20332938869,2380.14006829409,4202.37815132798,2582.64848863927,2265.19885551913,2272.99775630573,4075.96487217669
"332",2801.38029853004,2611.11045557966,2232.27593973201,2237.73503807127,5019.01677043626,2768.48395587393,2399.71353310347,2366.27266723243,8185.58604984038
"333",2908.98393572317,2781.63791960408,2249.49140413698,2265.87686922076,7983.72663304671,2804.62621352033,2237.99891123359,2248.97579366418,9674.08947016921
"334",2671.31831624301,2694.23474370251,2562.33936735421,2466.96857850838,4939.42335173451,2619.91366180386,2461.29016310373,2387.14717735005,4825.38475326667
"335",2851.37589385943,2815.6655761518,2268.83582340151,2327.43484986489,8235.4235214004,2815.08420243018,2210.86720748349,2281.2140999589,9234.06931264506
"336",2584.4924684566,2640.45941438322,2324.28533759195,2315.50222780958,4028.88025311165,2524.99505957861,2236.73741450034,2218.69137925215,3815.56865520904
"337",2762.3616349786,2620.34997182509,2009.00346777229,2148.76777288871,5687.21742993078,2748.88323393785,2030.01112363714,2206.52415267084,8025.08336134127
"338",2737.63535240926,2893.22549219856,2112.13933942353,2189.46185997853,16295.4865745137,2655.01812497457,1938.72867938322,2006.33297334135,13006.3334133967
"339",2845.13601860336,2967.64055091191,2255.99256238491,2297.42136332203,14173.6945279593,2739.03773327266,2095.34728443716,2125.24002792498,11405.8637115561
"340",2773.50157889456,2732.90026768543,2242.53521359722,2272.12824105819,5603.58099428847,2729.26078229071,2216.30084908207,2252.6525540513,6420.61158945822
"341",2621.29237190637,2705.30848268641,2129.73059009571,2162.31916413409,7103.68967700354,2540.06276750299,2028.01886663736,2047.33616696052,6313.3243190874
"342",2973.70395640342,2671.72899156581,1916.15990388432,1994.6831238448,8324.87835722091,2868.19462165805,1959.10389645667,2067.99904525493,13715.3488199519
"343",2684.80828642483,2686.39908387014,2362.49844282408,2355.78628465865,6215.06737171484,2644.7487771989,2298.8701405646,2295.68559806723,6814.28161068162
"344",2922.7934025793,2999.02512008947,2448.01523966724,2432.41787051144,6403.57712669843,2848.61682907217,2341.2068866241,2288.15138661146,6715.94833719455
"345",2751.85747624275,2786.90686125169,2415.59303442106,2371.73712066074,6223.09306539012,2693.65706710104,2310.00258085068,2276.71011045636,5956.38094546993
"346",2897.62646004479,2926.31431673134,2220.98793503323,2264.11119649437,12172.9700405236,2831.5196226691,2147.64083965608,2178.80996399727,12044.9913620066
"347",2826.17556395354,2677.04737859927,2118.98003682153,2175.256392509,7063.07157315691,2759.43075376471,2188.43313441656,2231.31962560249,10081.7426711547
"348",2729.91614429792,2768.78795904473,2346.83323295192,2323.28602576435,9239.5501434584,2640.25952494551,2218.74095905313,2208.07148206166,8419.13115019211
"349",2742.09750559169,2701.70589700504,2132.77936630767,2187.0609401579,5192.09531981358,2666.5009241699,2097.06297079972,2147.53153948824,5651.24356169683
"350",2763.99230792175,2673.5130991895,2211.58448535694,2226.01128927292,6125.8855714982,2726.86067694771,2194.48454727812,2219.9246124249,7511.8225190721
"351",3040.76481266283,3027.35086038022,2253.9399443657,2393.43001108274,9414.90248173989,2978.03970821889,2187.97662678917,2310.02734655373,10159.4368250832
"352",3226.0383248152,3318.30720997685,2738.71245542674,2655.00593763516,37425.9830042416,3151.54676982629,2493.66657614514,2478.61104327151,28357.7941904458
"353",2555.19552705963,2571.24786977951,2278.13491106391,2259.94697533029,4159.93639783102,2495.78549578981,2205.46316316045,2189.7754707902,4081.13079690583
"354",2686.69527192004,2795.42334003077,2335.45756811365,2356.29808153291,6636.70482221955,2594.67349931498,2187.85968209017,2202.81046130045,5430.33634072331
"355",2611.64025910813,2629.31367110905,2251.7828700639,2187.73395397268,4647.06067719956,2561.75845430362,2193.52808701922,2117.05866580213,4855.1114803732
"356",2543.14918282031,2495.96831249893,2243.14755766657,2221.91981589978,3852.88434928282,2491.91812739403,2204.84134760758,2189.7065376553,4384.09746637641
"357",2818.67131125933,2825.93207909152,2257.57246248763,2299.93745084354,5843.89554780393,2763.54678529801,2171.39898261069,2220.97547580755,6025.35431642122
"358",2868.4703231974,2888.7793888025,2619.92631752007,2549.63149640421,6768.87576430357,2795.67885347948,2481.85944456659,2446.06982061671,6466.99583435534
"359",2946.34442029365,2954.93064315628,2474.98858504914,2532.94937912069,6747.52702867396,2882.49176405741,2390.47954954255,2449.30262191798,6910.63251675122
"360",2917.67716471763,2829.88710382481,2401.36850476526,2386.27048659687,5729.96200319327,2892.6762966343,2441.82461758655,2415.75003661739,6952.03206520558
"361",2775.50499607144,2791.83498210597,2358.35081304231,2377.74723639315,4923.43639597605,2689.97140664541,2263.73311397534,2282.6465039503,4738.246567346
"362",2748.27008042517,2746.12894258583,2267.13925199771,2299.30128135819,4546.48961569779,2681.15490353481,2183.74883036929,2219.90430906792,4592.99761423295
"363",2588.70356207957,2618.71384069736,2162.38667530198,2205.02042559111,5753.60905351347,2511.63186221722,2067.39763666787,2102.80854151301,5415.77272333636
"364",2748.26547280248,2727.54530245292,2003.47358742084,2053.2103920809,7209.76400745823,2696.26026512314,1927.09037387808,1986.89879835264,7567.1998567979
"365",2604.31024829779,2635.87461516971,2143.54256939999,2161.78070361314,7069.92167403636,2533.8582546689,2034.52849776467,2051.33289303058,6849.98304525345
"366",2625.75649589981,2677.56336531073,2223.31585876399,2225.88893461898,4875.24477347472,2548.16522062108,2127.22310800684,2124.4099101598,4531.42624687175
"367",2698.78001301883,2711.32519171902,2306.19339529502,2308.68318150252,7714.75015889659,2637.88435820597,2215.715679791,2219.52904529838,7906.39196488776
"368",2605.50386890963,2601.75748974251,2326.16881995997,2313.02269837576,3715.68309049517,2558.03078941869,2263.62332985887,2251.1409204982,3866.09840222439
"369",2628.43261668658,2505.95976617723,2083.04965032842,2064.7728664154,7136.49960305747,2619.31188081864,2138.68513194384,2124.90840143866,9210.28134177365
"370",2533.52218139858,2592.04187450149,2049.0064178433,2071.03943979914,6087.80936265391,2468.25101968993,1959.16559945322,1980.1912418652,5312.69553666425
"371",2796.95460101674,2912.13276558695,2433.83270405417,2428.29978470964,9467.59633140671,2727.39979237468,2277.54711178646,2280.44799723791,7563.82969541682
"372",2617.9322517441,2628.60028483297,2271.4424626492,2285.2648783823,4437.56753567509,2553.85099673271,2184.07592046874,2202.3968578952,4457.28272126498
"373",2819.3553150993,2857.78729746957,2391.92619937321,2321.80509464687,9512.00335318107,2772.14155014623,2355.70461628139,2261.86189407634,8326.26913089724
"374",2683.91825355152,2700.6560765035,2364.85886080067,2376.03917084697,4699.03526275281,2613.61059251987,2275.65080124429,2286.76000705102,4652.60567391478
"375",2834.53660529486,2800.87644551925,2332.34299499432,2298.00584933096,7825.43371064975,2777.01320044855,2249.8061060624,2226.93366139224,9356.63803028383
"376",2624.09810312591,2652.43017549516,2181.81336592479,2191.74522732564,5971.11301019017,2544.67674128052,2077.12915572672,2090.47773848548,5444.14559405901
"377",2704.95053731435,2673.52691427761,2267.81507538455,2286.28747870351,5448.48509639442,2644.42869203866,2218.19962099317,2234.1046657251,5967.00811365017
"378",2570.51101157087,2611.25415072641,2211.66187866486,2224.94853862865,5910.78608795542,2512.48244207808,2126.13606065242,2137.93594740664,5579.36903863036
"379",3023.32578827061,3086.07838955541,2802.76806269658,2545.18109348482,15321.9128345585,2922.30162508741,2560.76423576709,2367.54420334292,13866.80846623
"380",2621.20567496638,2641.9411751607,2376.88054753281,2324.72510808926,4109.8340170487,2563.49365075781,2303.80782772765,2244.45062430827,4291.90672076382
"381",2561.95349364663,2558.81165120084,2131.59803712141,2149.58569455503,5875.10872390477,2503.39195602118,2076.79401970022,2099.45478566462,6003.94753616387
"382",3150.43169789864,3173.29616075121,2151.96867754587,2266.11678377471,16307.820099336,3092.15100771309,2043.47017228087,2160.61611921951,17220.5433358841
"383",2640.64710220561,2585.05800754809,2316.5208029551,2281.98501726347,5684.11969030426,2576.34325230608,2289.79629831967,2248.88706156896,7272.98693479975
"384",2729.86405418593,2818.49531884942,2404.79450652099,2419.7804562631,5871.77329954292,2685.84167747122,2293.57166779406,2305.52560333426,5216.1275100021
"385",2670.05420937286,2703.60860388891,2286.51514401528,2289.6481445824,6421.1591631752,2594.59254239665,2169.7898598603,2182.75597091875,5959.96218223032
"386",2764.91132249016,2763.0895323789,2277.43319861205,2302.10322097325,6269.7373430779,2696.59509523402,2204.01139789096,2228.93563634547,6432.43626051817
"387",2606.36132542374,2577.41035997519,2288.47432077819,2270.5301973516,4248.50937571655,2539.18366842112,2236.61331277039,2216.45818502748,4503.53318305954
"388",2771.7084523888,2896.89381069378,2237.65608234157,2288.97685064085,13010.8291348066,2684.06367678049,2070.47996523506,2111.97383143548,10415.8302916017
"389",2779.60202182437,2751.7065794261,2371.15339311996,2378.23151536389,4906.33621336201,2704.11992314109,2279.98055495961,2303.9431322304,5164.12008487522
"390",2897.54936924578,2958.93061118617,2340.41096391854,2373.28126182591,10993.5684613301,2828.46176607499,2237.51276473814,2264.74739703737,9769.53004014153
"391",2602.53626724631,2622.59111760956,2442.07577703823,2360.79306955675,4089.30581377562,2543.96132059133,2385.14471713663,2288.14469790039,4154.53409060013
"392",2724.70794628007,2732.4859407599,2440.46145820655,2406.05108119856,3823.15741301274,2660.11879462678,2361.6617172408,2330.29387477166,3778.74759757496
"393",2615.6089901874,2648.9911884859,2206.56089687223,2212.34880627088,8246.33295063769,2534.4445775068,2127.07790886784,2125.74615622406,6652.88737829701
"394",2713.10691569685,2762.23783443086,2742.44630013627,2544.64475703785,5532.36423411073,2643.03611146565,2628.64031966675,2436.44535948622,5222.21821741545
"395",2571.76498351609,2580.727328777,2267.23038445968,2213.55373285648,4830.9831527825,2517.91297603226,2193.12386679112,2141.88334486846,5090.53160032645
"396",2879.82894114822,2730.75495276906,2117.99267466967,2178.53651232196,9580.78209792757,2872.28088735287,2119.04863751421,2211.16289614917,14641.071072801
"397",2562.41164513544,2537.27478785174,2352.40747879591,2328.05666814291,3308.55598490252,2499.95138943242,2309.72576951045,2281.71869107011,3520.88634830451
"398",2784.00337001803,2748.50320307637,2612.52731601082,2446.7444465801,8331.18212503412,2716.0659278977,2550.10707621145,2396.52449141714,9135.17256060137
"399",2882.38675363833,2847.91880112721,2614.31263083389,2511.55653701764,5164.32493793438,2813.14346188728,2621.8653728127,2469.95466894285,5782.86956381742
"400",2601.67931668295,2629.55541727219,2341.9542369759,2321.13137026026,5824.36192981145,2548.94319821679,2264.98789092587,2239.80010567458,5908.45383825122
"401",2754.26817575207,2734.43833836968,2387.82683092929,2315.82043241774,6876.59494253236,2702.55085053156,2343.95982384696,2265.05321316821,7494.54675915562
"402",2679.20861550406,2809.70818592386,2209.78968474387,2244.63359228034,5287.27758720005,2624.94985526378,2086.48183176361,2109.40836273576,4532.95880631905
"403",2673.87404833836,2645.82170457037,2390.70834665228,2325.07775739578,5487.19479452716,2600.56347404376,2418.37951871411,2279.95013479447,6516.96323514848
"404",2704.2680462279,2770.25099388638,2144.0177887757,2169.33683431412,9648.30712578358,2604.13291806457,2043.9812789821,2051.04119651639,7674.56393384866
"405",2766.88976301742,2804.92279537207,2285.78116179212,2312.59490951818,7585.84173671724,2759.01576935151,2239.02214470681,2261.51230498366,8045.12953147622
"406",2758.36521860274,2793.40343702069,2008.76893837166,2075.6785297403,9720.33848918477,2706.86701545088,1927.43397737852,1989.45350285408,9861.97776046589
"407",2804.66345499141,2784.78669863974,2195.28542137763,2227.78864975143,7570.59967623178,2723.35709182609,2129.82062279116,2164.48119137782,7622.52494330248
"408",2594.2974551352,2619.48734526979,2326.25106888427,2317.44802493062,4981.53112454857,2535.78600858636,2253.32240730589,2243.07004705386,5190.49387709688
"409",2616.51610155344,2669.29127503829,2577.28763689824,2461.21634924184,3551.39493346111,2546.01312650722,2450.06471900019,2351.58729877975,3279.13298541175
"410",2806.66436553451,2780.91059573805,2306.99848139119,2345.62535865521,4986.00763324816,2749.62085750501,2246.82542305578,2286.51559510012,5333.17119881418
"411",2605.23879081463,2642.77191555865,2249.80022563392,2258.26675929798,3712.50209112996,2531.40482673351,2167.22956846157,2172.41312141603,3561.16898584677
"412",2609.32784489566,2630.53460080208,2518.96681524505,2454.7832936947,3559.12409190938,2548.00522158439,2448.06878400706,2379.43651796141,3488.86554463539
"413",2797.29589320618,2699.3406172759,2201.13640442544,2231.12862890746,6450.58338280158,2777.54901711792,2204.71090288022,2251.91115687784,8006.07966704186
"414",2638.78346859219,2853.63905571674,1930.90655438756,2028.86104153723,16969.5449334082,2575.40113365561,1785.58012412606,1855.06551378311,12127.212004407
"415",2898.84092183089,2982.84261405334,2223.72064053525,2296.95126978775,19349.5478780804,2825.71074139997,2077.19173224177,2162.22822402481,14936.0490297835
"416",2639.90180655412,2604.95172255079,2128.75764767541,2169.59355337045,5880.42028656421,2584.8884696709,2091.29682050802,2128.06163007871,6821.54876838855
"417",2570.73780709486,2550.54749038473,2313.0086347662,2293.48589775987,3793.89538410253,2520.88429332122,2263.99546346544,2239.07262935727,4294.3045060995
"418",2634.14037781427,2649.47120985187,2217.15931762648,2227.25052203228,5475.84616601917,2579.91103447973,2138.47741409227,2136.07285842152,5738.19697526751
"419",2698.86016852651,2656.3133584916,2134.48243683377,2166.18197759954,6480.89444737491,2625.20867362075,2081.48640074821,2115.21499794778,6852.76567306243
"420",2960.50319401559,2895.113773218,2473.42875703197,2343.19714593218,12033.3312053778,2852.96532782634,2416.96497631121,2297.27877932164,13531.0414002665
"421",2671.56014200361,2704.73639307872,2576.06073726213,2407.46692440464,5532.23373925412,2615.2170450877,2474.43467687604,2317.62977205256,5686.16836961677
"422",3280.65975657985,3004.93712192913,2444.16596680878,2424.55351456972,9216.21195982485,3206.74113557248,2604.84650937177,2556.15469845847,13333.2602251988
"423",2671.60160327991,2625.32438879825,1998.11860928237,2033.70692683553,7493.81451769927,2595.90936391582,1974.24667092302,2001.90860364196,8070.25034055848
"424",2688.8193771085,2757.78452782682,2342.27344528918,2307.31735766757,12344.2753575809,2619.85043927049,2208.6667821803,2177.96868500456,10867.8087677976
"425",2551.42834550548,2579.35513949269,2288.9824192313,2283.25780023023,3757.45109631719,2479.92955473874,2195.10935537128,2189.72515363166,3628.73943370213
"426",2612.97891235076,2642.93061563013,2105.54136060328,2134.35411931965,6201.00135904058,2530.06303238938,1999.10885217969,2026.20349467691,5781.4465180173
"427",2705.96921646939,2744.02968990147,2327.97726032778,2333.37619519312,6055.47571546382,2637.3386131048,2207.56528172992,2225.44139578555,5612.2744287548
"428",2777.39789278276,2838.2228262751,2349.12474096919,2370.57850307496,19272.7033128025,2737.20698557308,2238.2174271052,2270.58464256958,19346.1774307678
"429",2821.26690983587,2838.80344724345,2682.77159006122,2568.58385691545,5379.49113263593,2731.78881434132,2584.27724582656,2466.78804366244,5380.0679634589
"430",3024.89736279032,2937.29704227055,2366.44158506977,2376.56002670029,9523.25965675202,2948.85693216924,2336.92575116311,2343.10306982384,12133.1826227677
"431",2598.66514310385,2616.03328542057,2316.07006479412,2311.89953423207,4082.53381314093,2523.68517207755,2218.56572060806,2218.26807111717,3910.72190046653
"432",2622.72842963473,2694.27004807705,2066.2424142506,2090.6103189923,4172.90351815699,2519.10164930441,1968.82636382715,1978.17430097001,3705.32025022555
"433",2908.95710440401,2987.5102571222,2558.8405368737,2524.74697849903,11862.6926453532,2835.93488017583,2413.95796279973,2392.32197133839,10134.4342496738
"434",2603.19467010805,2623.84284212479,2236.09944813257,2157.46490804117,6843.65906409425,2518.0972625336,2117.82249261697,2054.352157647,6780.85706577294
"435",2681.11077241796,2687.02857640303,2360.84884075786,2359.65126510014,3290.95523791944,2633.11626736225,2291.85123159347,2296.86326863583,3298.82655098166
"436",2686.01360532965,2594.45315955908,2298.30927881892,2290.80515977745,5762.44298665523,2633.33071644196,2351.65656329171,2312.61638935788,8184.24008077124
"437",2848.82433324041,2893.93851330446,2393.83837067374,2394.7724007984,18105.6630415009,2818.36836659384,2265.1042323051,2293.79794212789,18375.0508377669
"438",2712.40118095211,2765.84477686892,2534.04751920372,2469.30762013984,3866.68155017346,2644.29144022472,2425.38596039661,2361.86461761547,3656.53051326
"439",2537.57312169824,2551.39742078485,2014.53616220666,2037.3929194216,6362.66183544784,2500.30306983857,1931.41781676682,1960.32458924767,7004.02568246838
"440",2660.70461722223,2685.99447921305,2424.96334362864,2397.27981114044,5581.17426137073,2580.58671232061,2338.10051030835,2304.78342871838,5489.25420803182
"441",2954.88900712494,2901.73616300277,2201.5343947359,2291.03803319658,22575.4842101738,2881.84301716633,2144.55397429291,2244.96753354649,24464.3203449749
"442",2623.55750264451,2653.72242589788,2339.97993014394,2313.60880669562,4919.83349124916,2583.13275313599,2282.99113697077,2248.59373665665,5006.37964750411
"443",2682.58441119209,2736.93878927099,2474.5139232381,2427.42022792981,5988.78314733908,2614.3254105466,2350.9860954974,2311.93254882225,5587.34681339
"444",3000.48714520067,2981.19376894563,2312.05535555199,2409.35672236855,13729.8793239038,2964.76790277393,2260.81033709467,2370.6656599722,16491.7910123531
"445",2768.53851545659,2741.04356513008,2406.95587359997,2366.81867427784,4733.36259902023,2694.8025390234,2377.11788730708,2312.56093922284,5108.95709126353
"446",2768.76999145488,2735.73606791948,2006.02426742176,2057.88845462256,11243.3454501601,2749.36164838322,1987.38422122538,2045.89694787787,12812.562634734
"447",3000.49835600285,2905.28717910266,2239.83428621978,2282.92943440396,10010.549984117,2938.05494658905,2200.88806406571,2261.0052258964,12092.5210452201
"448",2518.04428743772,2571.674525991,2362.79178855085,2320.10064222317,4375.58571198404,2465.4632473135,2272.36857255908,2230.30182678509,4108.80210655448
"449",2756.61783332939,2791.43938013409,2557.47271345638,2509.89706581654,3851.98210210454,2711.3581716607,2478.30126140145,2429.290218291,3848.84690570592
"450",2645.49426608895,2661.19628679046,2391.13633663154,2349.2909654519,5467.27503828136,2572.32891971703,2319.37414904932,2269.94499361813,5441.76365202234
"451",2822.82214935615,2811.19380492458,2361.06941727627,2396.0407346975,6111.62893913008,2751.18595839154,2284.08519951169,2320.65225150807,6616.81852635712
"452",2688.18296964056,2664.32706256088,2181.54709521143,2200.21120235582,3781.67113218103,2699.2050574785,2152.13250255154,2184.29596612995,4054.86124088509
"453",2582.08799402994,2607.70243246056,2317.80205333475,2314.89713606823,3497.62205167846,2495.73624257689,2222.66197741868,2219.03279617391,3292.12636700438
"454",3368.89549688831,3702.45550667816,2794.38172831987,2774.00390298316,40363.850751795,3246.47511191289,2310.95947473296,2360.5783815309,26632.4134664313
"455",2690.94677793661,2632.97624091628,2271.28344342202,2270.83766849316,5248.13465846804,2639.81667330839,2266.42341937856,2255.68828032721,6231.78438855592
"456",2712.4682246045,2779.01113605191,2418.95124340998,2372.20353128506,6799.4821555705,2639.84828308337,2316.4691513684,2261.32753156344,6167.05836418597
"457",2954.4699993545,2896.01655394066,2385.79579276424,2365.75676168973,7986.75537599637,2884.53904334958,2335.71189014453,2324.10033096434,9042.63886945418
"458",2713.49649109692,2704.79206538544,2114.21057589522,2172.49654596324,6962.63782161813,2664.23774543596,2033.88443318143,2086.94746130428,7366.2119588186
"459",2601.0366277516,2477.25685753973,1966.80378596932,1990.07277134036,7443.26413307396,2545.59582520694,1970.30169555893,1989.58344605447,9963.2850659017
"460",2823.67186089788,2841.22836239435,2411.19685077899,2392.01734950487,6499.91626228887,2814.05656011181,2364.6439338676,2336.15999064258,7376.29334896364
"461",2660.01152273551,2639.07414317307,2065.49356545001,2108.69938931962,7263.0918951567,2607.52586809346,2003.21311300131,2050.21503302653,7919.35711368155
"462",2680.10311633552,2670.36578370244,2236.2810628319,2254.36192353997,5114.25111151013,2611.64175209987,2162.60380582691,2184.25197447732,5180.05827824953
"463",3282.97191934854,3135.37547320731,2252.6864391663,2361.2134060401,14485.0672650163,3262.41405087866,2266.44413374494,2389.48592299673,20380.6757905893
"464",2804.44345182895,2656.00595458214,2048.99519643198,2127.69910266962,6036.28718392367,2754.67206254529,2079.13027301482,2172.856975028,8377.7866082817
"465",2891.97159812191,2743.68789876632,2115.57156898753,2191.91998679698,8554.46734088011,2857.36253224928,2137.42723003113,2225.55883278438,11880.0170403076
"466",3053.11576276421,2994.62408533583,2109.05164559989,2262.24865824733,14189.9147357394,3032.5247451248,2072.30848175993,2244.51141906816,17487.6808468594
"467",2635.52850257852,2585.98675733864,2207.17561613365,2231.3394279023,3973.26509593611,2596.11644044849,2191.05152619355,2214.4452035762,4321.37202448636
"468",2669.63875486973,2643.27434955269,2006.94323909029,2062.47580541303,8508.51563974133,2646.58624182569,1944.23797613183,2009.29059397893,10412.2664119376
"469",3132.85006839684,3177.40389442128,2446.07489772123,2535.12522009997,12007.4934793508,3003.67898978065,2268.70080464922,2361.05459245111,10772.0445422545
"470",2591.67730809625,2598.27168761005,2365.24661604525,2342.86488085254,3555.96004871464,2535.57264030283,2291.0503748312,2268.40619859846,3628.61181193873
"471",2697.77220362143,2735.0416958651,2315.5356414663,2295.95034304473,6553.5712517273,2638.91087805837,2228.35798203239,2204.45166099461,6258.28113711571
"472",2588.97579335613,2610.8574744355,2479.81653878577,2381.27796258788,5294.09525597062,2535.48372816438,2406.15922902359,2309.38707540246,5216.51909078425
"473",2730.34847098404,2706.80676307606,2318.88292600293,2360.08308293372,4637.6109911285,2665.78462079376,2286.88060548294,2317.68585778014,4890.91298375824
"474",2798.61788150646,2841.64332739646,2151.87284809369,2229.43046029873,12376.7583285421,2715.95279723982,2049.24814075113,2113.57297016689,11389.6042506199
"475",2836.91889675133,2895.92679665442,2322.43314088083,2345.94294207762,8801.65569332699,2773.13247986843,2219.69043131074,2237.78422439174,8276.99961702099
"476",2500.35313840828,2528.51395519314,2369.62589581493,2345.70746733664,2821.20521437826,2442.68642178106,2292.28288369311,2268.64623208758,2706.60344820533
"477",3016.68295783531,2906.7185425251,2508.48055458244,2451.43457531986,12093.7432080317,2963.42940455886,2642.94082332321,2475.63344010498,17313.0398804872
"478",2520.35285254871,2548.34733853313,2375.70425796057,2341.829392129,3331.68323328639,2450.8893702897,2282.8119178572,2250.5716681138,3146.80356968812
"479",2757.1324413569,2787.53639300513,2446.88566072739,2391.75808517241,5477.68138242397,2700.90042726434,2341.03036351449,2300.0384691905,5114.94534764917
"480",2655.31160438445,2644.85655658277,2061.60608070813,2117.76037749163,6602.72879422649,2598.35456812905,1993.72735966196,2047.59364445564,7102.48549843726
"481",3169.34066493014,2908.94199748358,2107.61231728824,2203.35600259548,13216.7415929304,3105.25408287129,2275.38205692892,2353.58936848734,21248.0196236398
"482",2588.39494193928,2588.88344653111,2359.01982088207,2317.62223837465,3412.56971387837,2520.90468689156,2295.01937491444,2248.34294497549,3389.06915836283
"483",2732.81107208623,2648.14933802613,2305.0591022677,2306.65681766745,3967.34850318158,2669.1994297535,2290.1572908711,2287.72261681651,4636.30295145001
"484",2761.91202095984,2744.69338790662,2375.39633451088,2365.99938519182,4465.43839840142,2696.28282517796,2336.6282223992,2314.71514100452,4683.60055256723
"485",3029.2153119387,2955.8892298278,2726.01198547403,2614.67072128211,4684.92299904958,2940.75965041779,2724.16562292878,2584.38616006167,4996.85485327189
"486",2746.72439016356,2804.24966369992,2583.74472762158,2483.36139503322,10737.9122218396,2680.20338434905,2480.08803991218,2377.27168142509,9720.05236435575
"487",2622.92995192989,2686.16496923478,2179.32716780978,2211.27575596935,5147.29906915413,2551.80090254783,2086.57170635228,2109.35734490217,4687.16642396444
"488",2627.29566691552,2611.2589541453,2324.92283722378,2305.5106570968,4802.44718179643,2577.50702809369,2275.53297042757,2259.71119760178,5186.03167476313
"489",2939.11296229187,2865.53320599955,2182.69581302276,2232.44175917189,8753.39659372928,2901.49752181516,2142.52643595847,2201.91538243751,10381.5021918005
"490",2725.66477584844,2672.00461246804,1987.97374385161,2074.88674480466,9543.54214661678,2697.71051738149,1944.73898728034,2051.64188187083,11587.126230318
"491",2660.47084488694,2682.5626309531,1987.7099348084,2033.39608493176,9158.12658384456,2627.57747687604,1916.63606547676,1966.44026599225,9470.1449334234
"492",2897.53444014484,2890.29271003211,2466.13457788317,2446.37764688177,7318.3617552231,2867.43580705755,2473.09048680742,2411.81625740332,8857.22535184625
"493",2981.50987461934,3066.62026662588,2837.6336348907,2461.23570491776,9971.62674093058,2890.07032755416,2621.30704501096,2305.26367372278,8789.00894424371
"494",2753.01521283274,2775.82449345057,2447.27926383435,2403.63486760031,6746.54217055243,2683.36444435413,2367.64027979077,2314.76812652661,6907.46688525674
"495",2894.96833574217,2806.67052877187,2286.21661869847,2313.07230764295,7971.33045625247,2801.96560138382,2198.2754180628,2245.01464484877,9029.00258167335
"496",2843.96517639457,2782.17541515097,1999.5533493659,2106.14879511032,16617.1314584404,2744.50604656482,1922.72741171243,2029.59707775674,19051.3584844513
"497",2627.38665766305,2579.65769312695,2189.43211101001,2153.35576231175,4914.82390380148,2617.33679246335,2146.1677774187,2139.44739512234,5513.88285547185
"498",2844.16809467842,2736.47767445759,2276.79251900698,2286.81778340893,5706.67361397571,2865.48310365273,2318.90317118344,2332.55403785657,7968.18669505332
"499",2935.21551741085,2921.57733254659,2352.87647342193,2433.00564470971,7937.73522858354,2852.13885272033,2264.65357492922,2363.8573638442,8270.46599544354
"500",2661.17884957598,2836.39212398642,2190.3077463586,2244.68958542334,8091.72015525185,2593.87099989802,2014.0523257959,2045.31670763176,6396.28480795701
