"","correct_data","ztoinegbin_split","Hurdleztnegbin_split","oiztnegbin_split","ztHurdlenegbin_split","ztoinegbin_combined","Hurdleztnegbin_combined","oiztnegbin_combined","ztHurdlenegbin_combined"
"1",6518.38211951052,13562.8283487533,25620.5107591278,10248.312910443,104499.553170384,6868.03529032541,6980.54379913078,5064.29304419526,30090.8049064167
"2",2989.49511623702,3538.15676235159,55806976796818,2622.34525843287,8210.7069445818,2875.99738371067,2152.9058308342,2169.47722801656,6197.8996312529
"3",3003.51553851579,3546.542435338,47924533.5550047,2694.55513190998,7908.85029760809,2982.80125009719,4298953712099.02,2339.37841171478,5606.62623675331
"4",3210.21555189951,4267.25510453942,3707.10966994412,2931.34131641282,14186.4261776436,3146.95929252099,2404.52024900395,2257.46175073839,8023.99334977653
"5",5288.85607302709,8175.73087121697,109373580413.309,4457.06141103876,30478.7570799943,5291.80745560311,3266.20811097502,3111.57703412444,47007166.8567365
"6",3212.99045786607,3455.53549975851,3006.13610996624,2715.36546544938,7776.25701642967,3155.87432313393,2686.99708450155,2478.00731928842,7092.06552598932
"7",288898961223.872,4069.86200054757,81186261695351440,2768.23018460696,8231.22706395188,67391757.37563,2328.35289152838,2294.63634073519,6701.80971394159
"8",2598.08384030214,3156.46491641581,1940.02427356051,2084.30791523267,6353.65245331024,2548.98302072097,1695.54385682953,1758.48087050383,4879.91138541203
"9",2852.14162550455,3267.52316132973,2639.12824554005,2647.6945409752,4558.32839814097,2751.24199180859,2301.12581660254,2294.84347311418,3544.56273134401
"10",275635771.488404,409800099412.689,3603.31660228361,3507.4129074805,14285.5247363428,3898.06606494742,2728.31058665928,2673.32573565083,8449.61172128019
"11",2814.05144171327,1399232809518.83,2630.10807833206,2447.96500767501,20048.6330384892,136118333377.953,1907.89875954751,1880.41227599433,15727855499.0746
"12",3548.52145555219,3828.9399157913,2426.99967424847,2427.4764361006,9673.83321642873,3303.18469269718,2111.63316201307,2115.73318660828,7817.33115802367
"13",2945.1529603571,3739.09107666968,2097.33337715116,2269.13939684969,10355.8507249294,2862.10930297333,1728.22866131202,1818.29814078514,6873.55088910752
"14",3607.2304625,6211.21917218597,4733.17576031863,3850.38626552215,34606.7623672341,3520.65392780099,14186554431.0018,2441.1857176943,471167053.666881
"15",4051.29946559644,4469.42296479072,2781.14369329961,2820.68524228829,18677.0624448726,4095.64574620641,24580475.0498226,2582.00816107194,881029113.212349
"16",3935.13425737555,5745.92562865933,7648.91225457963,4356.02906912491,37528.7304535499,3888.93831413421,4115.55998053577,2902.84231254606,1216032390.98967
"17",2701.40971064174,3500.94488729743,124318117591287,2406.68217805968,7291.70451497112,2644.85882262212,1998.15893170845,2012.53966549034,4632.93153809881
"18",2853.72613551172,4025.59749555333,939519410.792611,2792.56236760506,7643.16793094572,2850.79944437608,2296.1948482095,2158.48651320816,5663.78618702439
"19",3758.94607681285,4727.55410969283,52284264.141076,3680.77088170153,11315.4590184761,3759.20610777833,12035572.5677648,2838.58790915175,8752.22039070764
"20",7682.86764350716,18949.5736140366,12677.6579673326,11084.691161207,73738.0197839228,6114.36314546369,4477.15260512191,3917.4514026025,15483.1037611043
"21",2847.44654522861,3248.44380380478,2560.45844029849,2480.37539353165,7252.63509633245,2757.19529846838,2207.65240388105,2166.03649650971,4985.43030525004
"22",5995.33430913038,12015.3632538791,12008.2013839135,8121.46540900093,48211.7914376734,6886.73292241163,6669.51924214645,4695.35735131205,28305.3192793284
"23",2861.00262100065,3604.51661460255,2595.09260349882,2551.92895545042,6321.85563625911,2701.78008374896,2065.53522058175,2033.68426469401,4338.52553926633
"24",185406210.773382,4338.51033885819,2788.54734699619,2732.48007584852,8933.21555424249,2901.94055914477,2003.82201248459,2009.11323961937,5308.71413526957
"25",3430.86097280566,3511.89623357275,2644.24655889588,2591.16695638358,6356.80535940194,3257.87708184146,2523.81743096479,2420.9514490705,6251.2270283655
"26",3727.00182065872,4653.16374094122,100702532391037,2648.75168422982,35602528876.4608,3997.3864380928,146094236.643891,2350.28209453316,17606.7776552546
"27",3556.4550784413,4155.7005816158,3691.35154600398,3243.77711833692,10534.5761861946,3291.27393700354,2868.47755241255,2593.454962578,7185.71382949233
"28",3884.94397784412,4235.87679074562,3132.032334475,3040.26638015135,18581.0020879857,3883.84896234679,2890.0753711118,2797.73673520307,18084.712592491
"29",2925.62790341204,3750.16637241445,2929.41802078962,2606.34575271192,12159.4842180604,2764.08621228599,2073.15197257364,2021.11362049218,6389.919228658
"30",2761.70877851063,3600.41701216979,341395955152655,2325.63980729205,8787.49993053983,2768.45823116958,37374028.8084823,1945.88905764695,5633.91947978424
"31",3145.00633975924,3275.48447559909,2591.72008871063,2405.84326834831,5595.55895937951,2928.8852477516,2303.4136138918,2170.02722412172,4875.83128359596
"32",3385.62673101053,4062.68148756685,3279.64602394339,2907.47886061346,7147.04937667729,3260.84595403388,2637.34310431424,2467.74576388697,5209.1959747671
"33",3094.39998023035,3903.60691840347,2902.94458112709,3053.92337960414,5929.4881661445,2983.050892327,2378.50336283048,2408.17466300796,4186.1808751021
"34",5368.91681712163,6109.4260431683,NA,4477.43020915029,34623.9806347288,5075.46537702996,86030252.4537396,3680.45268571484,26166.8123368238
"35",3120.58859255149,4546.71937198752,3727.41519618297,3338.99586596561,9348.26735515074,3098.38285091373,2759.18149559526,2417.69478625181,6184.85400348548
"36",NA,6072.05794703413,4050.81323207559,4136.52763621753,13770.9269928863,4108.9549879659,3053.64097631466,2975.35334545281,9639.01058952719
"37",4201.75192502181,4739.25222285225,35325486.8790404,3082.12319961631,21846.0343471645,4154.70320108721,105168447.046025,2708.64528614351,20430.1602768364
"38",3934.29570494122,4532.4055144132,3555.93038714783,3395.77044809156,10797.9698951744,4022.68990319222,3082.47233996368,2968.37209708124,9861.80789816776
"39",2590.68339041355,2800.79643922003,2340.47625338065,2314.69871335052,5596.65550831392,4583397.33721989,2133.3234666309,2127.14288470906,1278103015.62577
"40",3204.98540884517,3707.67505088465,3137.5155160289,2918.1717585617,7192115025651.89,3129.49746363755,2692.57703990007,2532.80299054258,5674.49797366692
"41",3630.26065632598,5252.31424095727,16618093.8417085,3677.4194772164,8754.70127547508,1035510236.86163,2586.31182948765,2582.03690665813,4960.0352956627
"42",3866.84467686501,3922.29287718783,2805.36590241708,2778.26348410358,10557.3613591104,3854.27603833012,2716.81088418041,2704.67515142111,11239.7933173533
"43",196797703.521008,7549744.67240942,4281.70951891021,3233.74752262391,19821.2896626603,3344.02226063326,2818.30398482814,2455.28443789526,12812.0027136044
"44",2746.46253418359,2894.47219982334,2193.47257809724,2151.94028281032,6632.18523312326,195782282.980007,2099.2094525777,2036.91319525853,6226.42475249432
"45",207718896.697675,9757.01679182044,4449.76149491565,4367.16279099117,30880.866907365,4454.50460498407,2391.77950362576,2473.62421234712,16485.6861998441
"46",3134.88843969214,3240.22518039677,2125.40286478989,2264.60742306169,27142.0959087845,3010.6404717503,1956.25636414629,2071.1541874839,21794.0177200774
"47",2915.64199504856,3223.88535150617,2649.80354184864,2551.4103951156,5983.65926085789,2817.82349592179,2325.37568500745,2276.55359193061,4823.84560907876
"48",4609.33335600984,5542.9686293818,3520.14212758142,3727.15412893587,23003.8372065979,4408.57179930844,11030179.6802998,3107.34821970799,33276.7296748022
"49",11009.3192956235,38616.721411187,8926.15607011026,19629.4764585777,60006.6869602099,10403.4400188781,4814.59108367736,5550.55064045294,23755.9931192059
"50",13605.2881612186,502736.571229954,24240772.9148039,81258.9889892266,74163.6911750382,13907.9491194798,4954.59756479567,7058.1899262199,21590.8836204925
"51",2752.94913366866,2953.77978063197,2287.21687645381,2237.80110792268,5091.8695861918,2712.58240180405,2117.88252092849,2063.68892165717,4311.63878742719
"52",5892.25171447635,8947.35432868252,13691386736.5699,4332.76402384512,24043.6888242186,5828.60970401603,3044.08225154035,2996.42600650502,16821.4426556905
"53",3133.19546561278,3445.435338661,15591730.0234126,2731.56644318127,7620.22423652044,3027.01077875197,2496.17984684316,2435.60906885157,6485.83079058525
"54",2406.60883472285,2770.60779745802,18375389.304878,2139.75829948993,5489.15462935435,2356.43865455164,1881.84182810827,1883.29134999254,4157.65791499384
"55",3169.20624738873,3713.86427153034,2861.1178236273,2704.78732922607,12716.146655371,3111.29963845242,2364.12822184523,2299.86990289293,9743.30369127637
"56",2553.11062180049,2591.20760488076,2013.62281278398,2040.93918525843,4352.78742651725,2488.47575087798,1918.32457001909,1944.22814368771,4379.96813785824
"57",4393.52854765993,4964.56531293195,4398.81560346236,3669.94957160075,19430.2900514795,4206.24935338068,3630.047346142,3098.51465335731,15657.5347443851
"58",2754.6715753449,3038.5652963168,134083249.441488,2288.19860586741,6631.38743609575,2678.8520968801,2110.8884081146,2077.31111901868,5656.11184917769
"59",3131.57305076214,3233.17642450769,2673.24818394181,2530.5164732016,6382.15842561383,3112.7774921631,2490.54445797841,2404.82054483012,6032.22969790436
"60",2465.66086517326,2624.46239003485,2087.06162299129,2119.81244890739,4412.05247184467,2415.42764911569,1934.43072969271,1969.1562090938,4117.39403044583
"61",280113553.401879,639997367.825968,2294.70164399184,2311.36231734586,4799.81680105932,2381982298.1086,2178.15816839303,2194.4633363256,4947.24283831927
"62",3237.80401271972,4109.93303607343,2949.36893002949,2825.24817371474,13045.0721547309,3160.55713843457,2351.47370434281,2313.63532344178,8311.24810692673
"63",3116.23533899885,3740.20035706686,2724.81937897127,2601.82292223011,8137.59346630358,3369.41481636429,2550.3508734269,2401.78967804889,7475.28901603691
"64",224674455.005256,310189441.824368,2230.97081051485,2302.020784803,758919561.145377,3649.35987128632,1889.32679039592,1921.4622284361,24382.6819391963
"65",3333.44940162432,3622.5309835333,2697.25544771146,2711.90942813864,11299.7624438322,3308.81223682795,2472.09849072982,2476.01184455927,9704.23126448175
"66",3473.46654317083,5170.78907720013,4234.79037969197,3324.67675047379,39387272.0151073,3397.82163996658,2569.15993192377,2344.26428915904,408175123.260913
"67",2383.02255023875,2786.35155962324,2361.2235554212,2250.39405018319,6950.58848563935,2320.87577764708,2027.97968435575,1978.36604706641,4732.5334679408
"68",2928.15591076811,3142.38359389602,3028.84408308126,2330.82195613608,9260.82058308263,2870.55359095364,2685.60205480339,2139.53242460355,7896.81406212777
"69",3273.71361459857,6358.0659141638,7746.65608403559,3773.67586944957,43301.5483689223,3150.51842344083,2154.87048153863,2116.82491700822,12555.6338528376
"70",NA,2972.89749229675,2338.27626003769,2118.66472856822,10532.0651340429,8862571.0622553,208466618.975321,1811.42325873956,9360.18854941105
"71",2892.40149485322,3626.84936622791,2634.60637273021,2619.44762569099,223986082.915352,2703.97279507547,80136024840.813,2140.35409024508,4229.07786834447
"72",12779404.7866496,3136.01640138007,2406.86493732848,2452.07816257631,6678.07233311213,3013.49095823934,2310.31039293302,2349.65246970343,7310.61533574747
"73",273386047.275436,2952.37369245862,2194.12259349041,2160.96291435853,6835.45629364024,2659.56183812262,1963.01805633095,1966.818219545,6105.54787099826
"74",2725.17207810398,2984.39793347327,2487.90155797426,2450.37081939097,5050.6289102211,2643.8403740876,2239.16446413884,2214.83660960307,4057.4096723846
"75",2749.73387079939,3052.27416285462,2700.39896503306,2525.78622696158,7540.78712294682,2657.88872787564,2347.08075067071,2238.98294235022,5805.94798427851
"76",2901.71865337423,3182.29936018697,2396.20258971704,2376.809315479,18511.6215620059,2724.2299035772,2018.66457139685,2049.6169543204,16202.6680182866
"77",2395.73840565761,2588.17484528854,2173.26651147742,2148.01529257476,3727.33828446992,2359.00224236845,2012.70991134255,1993.66859196222,3189.21775908846
"78",3235.08618117637,3625.68203752536,2881.75454996523,2673.51805170163,6136.82213485784,3265.27437653493,2481.42537868278,2386.09250430989,5004.88695427362
"79",2700.11277617609,2941.84323597823,2321.17545362395,2332.96759544949,5298.5344782535,2698.43646136578,2165.27602700266,2164.35376083027,4603.27719794266
"80",2882.456081963,3027.24287172601,2679.6140633376,2517.82547241933,4732.69463568446,2846.48982656701,2513.23926151251,2371.38198093766,4340.44028263847
"81",3111.0498073399,3805.15033038741,2737.27715172805,2617.57495126923,7499.92169127734,3126.34884186398,NA,2265.42945835658,51842185.9382778
"82",3040.57201797873,3626.41632844927,2685.36733378191,2743.02596515798,4496.37152574285,2938.73809874295,2343.8524927511,2334.04673439369,3640.70391552311
"83",4017.39412228309,5307.24837771882,3074.49927087429,3389.87064495902,8117.17746041363,4088.40550053455,2750.88468287777,2767.87995764279,7207.63451106932
"84",2316.56059919622,2422.33869809696,1942.72948730763,1925.39205215893,3775.35875698138,2273.48773022168,1848.56175687063,1831.94528227947,5729757242.43303
"85",305811193.343165,242238025.949711,2195.33167668201,2185.64863499307,7041.34618745294,2569.76420937599,2025.95375261454,2015.37119348833,5699.44159009814
"86",6139.40477076789,5578.60673194815,2955.05233481663,3409.71973226714,10566.3497503528,5772.21139678178,2909.01828356304,3324.3571518487,10920.9204600632
"87",3091.27967993495,3745.34159838898,2536.62069700371,2586.93390682646,10439.7906283455,3065.83555504537,2120.6992485439,2150.94979950927,7402.57552029853
"88",2437.74788394597,2683.42308889275,2269.88539506294,2203.86876790229,4067.10807810954,2430.96711102889,2069.98941385081,2020.59642200071,3786.55457791788
"89",2637.4428744934,2953.38394066338,2863.55585185703,2413.33818316839,8048.75088313679,2660.7318501815,2474.25533882934,2192.10098083126,6889.00042556477
"90",2500.46617264095,2611.43289564727,2552.72735211609,2117.38336134072,6974.22738035118,2535.40910435111,2468.94633066299,2034.36373284878,6619.84567277703
"91",3339.98064364711,3585.18280454011,3116.1898383762,2866.43310056753,7357.25078745552,3469.31763939468,2941.37476319004,2742.48993658947,6857.47884147242
"92",2964.4912879809,3168.44274121552,2302.19118714896,2355.65561717234,4890.05068207451,2909.32259906592,2151.02161795924,2162.44594329239,4407.67688273596
"93",3665.19579468637,4491.13543429605,3629.33942390639,3277.89753718383,14439.2941887351,3537.0820425576,3032.16799518263,2670.83252164856,12255.7690967937
"94",2595.91235385346,2803.42579109493,2272.43605156257,2244.20268922492,4417.18650401571,2580.62377485128,2085.87494063733,2086.86134543881,4054.90693816504
"95",2617.65762826036,3425.89010494695,1200139149.85071,2230.72325807394,232327346.399147,2594.05611553629,1782.21878570422,1803.94640971861,8422.34579052259
"96",3131.12226994461,3965.35037743128,2861.33816111835,2807.360695898,5848.16885442138,3021.73353075615,2327.28714271575,2283.39322121884,4040.1494055373
"97",NA,8175192.55704794,3358.05407785402,3223.20615267129,7030.27364063986,NA,2994.57141977892,2727.98550570783,5854.05707122705
"98",3095.36804025865,3295.63543857309,2339.56359008743,2345.57385833147,8664.72904951558,3061.68274336601,2144.51334808117,2171.39414052827,7240.50740716445
"99",3107.19294668847,3609.50359154085,2361.73113869226,2413.7349079464,8627.10756942225,3084.97476672177,2089.15354384613,2122.88118897396,6530.15286678375
"100",3128.7172734405,233364818.577679,2871.81995147607,2709.64143168504,10349.7664544932,3108.09874858121,2503.05424702082,2393.22707212615,8905.30785851885
"101",2969.49362454389,3945.86485592173,2674.83793059078,2551.72829635398,17543.599282305,2882.70876659869,2029.26871818788,2020.32426458543,9255.31355742718
"102",134329827.629704,4895.66434093425,3284.62760581134,3044.21583431512,21119.9144818355,295951906.29608,2237.14956704873,2242.50213831823,11099.5984305834
"103",2547.27666909489,2806.28851016167,2384.16988161405,2321.22662295499,3493.20210757775,2492.30148336382,2181.90846782948,2125.60717011662,3005.74829143703
"104",3319.59837831775,3393.54387191047,2847.8652590523,2539.36379138978,11725.5180409149,3302.44894207093,2701.00868759146,2424.37627540317,11473.6434660394
"105",6283.97608002581,6799.3677323335,3916.59642243695,4240.75079676977,NA,7053.30876671322,4543.01500109972,4300.45782481823,408248.095394112
"106",3034.31067296131,3599.48014337072,2748.35796974858,2655.08096175595,8815.13835486787,2971.95507894336,2279.52367900682,2247.32886133207,6237.55686413782
"107",3788.10649120237,3983.49774541934,2837.81553889299,2886.20779398219,6452.20797881486,3780.52776509631,2712.70796048122,2739.04441157585,6258.951820677
"108",2787.64950552717,3174.87439224891,2581.36806327113,2494.37610171211,5048.36800418539,2672.64948640056,2223.96021684495,2169.61065610976,4017.98877774152
"109",2587.57505670608,2784.00657828999,2478.21658336479,2257.18868937848,4152.94449176371,2589.90004348426,2381.07830564492,2134.38531181661,3865.38360794815
"110",20523198.8341905,4289.01345221851,2852.14778313163,2924.66290008471,291905075.298074,3764.8019306216,2451.22428072627,2536.03244556428,14837.5597423032
"111",2441.14578271458,2517.7257882402,2164.8276835026,2076.55594986116,4678.88469694706,2403.20928142755,2064.8126511918,1984.77933893894,4549.46472167271
"112",4549.43993988824,6126.1171481313,15043425.8256263,3951.75996466192,13059.9064121841,4854.24928491509,3401.86455797251,3250.89728404891,11214.0049005665
"113",2734.22432373899,3156.46632752578,2578.98613192723,2504.39635154653,4487.79660632943,2697.08353798767,2274.8797984872,2221.12438909311,3620.38231409676
"114",2874.16481415097,2977.20184400186,2170.86110962918,2271.58965316918,6564.74269030556,2846.98316137269,2070.39328265984,2158.93184402484,6690.14505132492
"115",536922619.599413,3356.02050898334,244426481.870973,2553.69909665576,8602.84026372396,2940.97195910941,2582.33624538853,2285.39576865318,7665.98505313066
"116",3617.30239484347,3748.23017763175,2317.1271813057,2524.05363354787,16354.2756863239,3437.96301848771,2077.26849382282,2255.52324700742,16128.7878398538
"117",2685.31817086898,2914.82752333398,2429.84426650906,2400.61395152346,3602.88401848644,2541.96876625697,2197.48497659522,2172.93339819393,2980.14635047642
"118",329452256.178079,195989893126.896,2833.43133166919,2498.60765291739,7768.55103293793,2590.17057112285,2266.86227527982,2135.89628768899,5386.44662033711
"119",NA,4035.8260434964,2982.41770207271,2856.39595625444,13607.654426354,3888319065.64939,2242.50072987635,2206.23504337373,9721.97226122332
"120",2850.41264562177,3416.00482713669,2629.34773216538,2517.69338528271,5379.51770357993,2803.093689748,19923668.298553,2178.64623441319,4111.74048832769
"121",3179.43581819856,3717.43491755914,3070.52033296278,2811.35728762367,5794.59780127756,3046.97522414898,2596.87046463304,2407.20395180349,4346.38316246639
"122",6998315.30243122,4162.11791620303,2436.33592161376,2486.32573861886,23479.3403837734,3320.4820590363,2080.98165440932,2115.91221455319,19209.0207072594
"123",2844.76539326042,3032.77643307563,2412.95876164898,2303.76446173507,8246.49779275436,2811.0456665258,2229.74159980332,2156.066930883,7976.25721907098
"124",3560.97223945932,4004.64357814992,22663241.9838316,3101.98830617541,11607.4067819369,3329.95637606589,2592.75314135452,2561.92788851562,106089852.401624
"125",3174.75815121436,NA,3550.77205574742,2845.20251558619,7950.49352049656,3118.76913817594,3251.32504894178,2532.69647809383,7210.36728199186
"126",4352.97445691632,5442.3636968665,2973.86552670319,3929.82644105115,5754.67371990193,4565.96334498857,2710.5634986024,3321.25660819538,5000.22448463406
"127",3375.27192988883,3594.83118964395,2397.81221221692,2419.26897442225,6105.54484195396,3334.84862645065,2223.03658629596,2256.18845407098,6850.21368872814
"128",2561.28896586928,2727.6480217048,2005.22926547454,2082.40424711667,8479.23960511412,2522.42194598032,1857.75246538027,1915.94096323047,8335.28346842389
"129",4538.92956693247,5953.08417933522,4842.74702231612,4478.55638381047,14602.8756673798,4458.8233432348,3613.52210278591,3249.2984636558,10076.2597516434
"130",2960.27848063773,3362.23950997131,2395.44816695686,2419.42319194457,6896.35779994896,2925.50134267141,2181.73181549506,2187.79645133436,5876.93655964662
"131",2639.20029711791,2903.46901158111,2254.00033907996,2221.13757588587,7779.7433450959,198677840.397979,2049.79182488524,2021.81978685074,6403.35384616068
"132",2626.33958866653,3029.53259221871,2492.96580462328,2328.94888194052,7532.90689785474,2506.80346270424,2069.24867162039,1994.28389130959,5282.31922394927
"133",3128.08388453567,3316.79570118098,2415.61391021876,2310.44899996122,5908.70593475228,3049.50815363289,36115721.5050652,2116.82032490372,5246.3057471896
"134",3247.98147500424,3929.4348611352,2728.81276106774,2598.89919510667,8177.65518367317,2930.63300063433,2128.392878861,2056.11012934168,5034.34633051695
"135",2253.6068902247,1773607562.43086,2074.59874112538,1993.30582910461,4294.13399801065,2178.20916783248,1777.11213880047,1742.95540682814,3459.19778392438
"136",2723.7575891293,3026.1307707615,2469.72127699979,2366.6775678714,45433826.8063723,313349779.84,2187.94344880813,2109.44338670517,5309.11766433693
"137",4189.81076139905,476094649.908389,3592.70133307893,3469.24486978159,16865.7917654626,3789.97635708231,2394.76119101259,2389.28832511796,9615.45753060962
"138",4614.20040126719,4953.89333667732,4068.03397376394,3481.936832068,15560.7399176269,4591.88033324393,3760.67470063289,3207.47790866613,14692.8259538134
"139",3053.28946495341,3394.80619345333,2617.87114308142,2459.08099165892,7460.78940837886,3067.74069294134,2370.6536585655,2263.66366827397,6815.91071669153
"140",3484.66060788403,3982.13267436792,3007.85392584132,2926.95741392322,14724.9187301673,3596.31693228695,2680.44474060861,2649.27233377396,10010.7391020973
"141",2806.13672537996,3744.26777986071,2773.0195157248,2667.12709943236,6062.81579329702,2628.56343034244,2096.70102679273,2068.6485845372,3432.99868059229
"142",2415.12005955906,2679.12721746368,2545.49013043737,2141.6230970894,10069.156365722,2436.17149743647,2389.92512668217,1974.46278828397,9356.10668571456
"143",10654.2546533222,10896.5410243463,120819177243575,9051.81549752655,104655.798364517,10224.3440329946,NA,7435.64397725993,100527.759813971
"144",3387.96554229363,4448.97551351698,9568157266429010,2721.8504350441,9563.55650447833,3305.32947951434,1291910703017842,2168.03466224316,6264.18642304704
"145",2531.21796143674,2639.98715667058,2309.34959160196,2133.98392263819,5781.51618758152,2418.69551589015,2053.25905177573,1942.60616119439,5080.92681018158
"146",2825.51945234544,3588.48045002045,2638.95645657191,2659.80158268186,5895.68325118015,2715.12538236931,2159.53643324529,2174.49490500856,3904.14066656278
"147",3056.07133056089,3455.52032689557,2453.49092265697,2485.82131393992,7161.58457136265,2977.59206727678,2193.97719742206,2213.03946188969,5390.4368688939
"148",3182.6545347228,4310.31805033592,2762.85584978489,2827.16204306008,7393.53467458318,3054.79458986254,2166.46930023776,2155.79529745063,4823.42831331671
"149",569031305.684166,3912.50880523662,2965.95292763382,2704.00094167181,13251.8550028621,2865.72000554907,2229.09736941493,2102.47024631689,7805.19636997573
"150",3114.82891617988,3368.97794846872,2258.79709193474,2277.0909666186,12416.2421308578,3052.9072884997,2062.80475243528,2081.24720978597,11676.0943146107
"151",3096.33019169369,4395.9026309184,2915.42551610622,2681.30835438857,10617.6304687511,3221.73537072347,2143.15054030662,2037.77782482585,6258.69215548891
"152",NA,4754.43859599149,4831.79630244153,3201.05375608556,18958.4347089297,NA,3355.70023614668,2641.61520489104,11225.1040882512
"153",2895.41716142875,3302.18410201581,2679.24890167052,2498.97877925306,12038.575194472,1173378528.27744,2305.49684670192,2191.78451648558,8828.51086533243
"154",2630.90166623107,2804.78014720725,2056.88189977628,2103.4430277119,2725323072.13748,2578.23559638323,1920.69014683564,1960.44795595051,5222.84901625201
"155",3907.14836373201,5913.91244864334,569741113744.675,3388.10337907655,31321.380605654,3769.00397667461,2442.89125919619,2323.07994336714,20192.7528494188
"156",5300.25122902358,4967.60349983222,3635.94692023049,3892.30069314921,13545.5545572463,5816.08893250105,3832.36257349539,4611.02411476246,14498.0582973159
"157",3268.66814083604,4870.89862160897,4012.49083520919,3367.13059940589,16084.2494930227,3043.9893626291,2379.01346005964,2194.99144092477,8134.64129963847
"158",2147.80379697172,2792.67146048017,2123.15327246547,2038.39402515759,6335.90482085779,2135.94431454681,1742.17138939076,1704.86534318031,3860.53496208672
"159",2526.84987868554,2777.82614868192,2359.3986923847,2250.73068629358,4312.97176375686,2470.16243658939,2078.71679753754,2039.02290720525,3680.67163195171
"160",3157.46986936712,3595.95588544825,3032.72593413314,2747.54171686146,6393.96891967093,3057.34072042791,2593.07065913873,2398.70790215279,5017.50860705372
"161",2483.98095212265,2794.99589609808,2732.20996251812,2404.35862608006,6292.88410981365,2419.16824813909,2297.38611027802,2123.26193985931,4644.55034961149
"162",2760.35282913699,2925.21301154562,2254.59027995965,2265.23763800758,6115.08790759519,2676.94546703904,2121.57417934468,2118.12270819839,5825.88647991329
"163",2778.50475673945,3071.10431134014,943262304.353317,2424.84133358735,7331.37096489872,2777.99703127689,2368.36806184529,2211.16467358627,6812.56868229778
"164",52947.9177713919,125964.259458394,16414.4439903014,39136.8264920245,457777.903091165,42167.4438030472,19400.3496105654,19131.9974295003,333856.502569395
"165",4760.6449916067,5815.30910522713,3346.52272279147,3642.56901387248,31805589556399.3,4346.75247357388,2677.82891802628,2785.52515004778,6266.65573690994
"166",3095.44813752114,17682118525.1943,1947.29230286024,1972.46294639113,6207.07348122013,3063.01725251822,1783.53039666627,1791.2671441895,5343.96917983346
"167",2546.04016823439,2878.1674522006,2358.16234191635,2223.48244803734,5223.49680537545,2508.04891157681,2057.28504162049,1997.80755044736,3813.19183315489
"168",5920.66957497387,11043.1768952916,388778986342294,6904.71028184285,691308.449178443,5708.44779797124,20520278.1749809,3660.27979182257,248256.347841347
"169",3584.57052507102,4941.63446222617,2284186626.16013,3224.38927869785,NA,3435.69448166783,32789070.4014794,2381.78817355315,6117.10685516213
"170",2486.45234211012,2565.00146748665,2079.86460307955,2121.57201222881,3621.16971909131,2510.95234510708,2015.61187826451,2058.55708680242,3717.96006626045
"171",3179.23513272774,3824.92541443141,2677.45111381489,2790.40769047683,5871.42317121363,3154.36828371179,2307.11984146287,2348.26252497469,4601.7240896238
"172",4167.43048985637,7385.3137134307,14962.0263568573,5644.96125857732,NA,4320.72393829287,4921.87300571263,3185.31644706805,36475.6902414323
"173",3711.85467064479,4374.55744860347,4274.4504365785,3163.7654387627,16905.4070877107,3502.05754557894,2986.56019728035,2579.30274038065,11476.43958689
"174",3058.83646646646,3119.33719810758,2243.21693788799,2153.69716805299,6759.79820595591,3024.25591660554,2089.0327355455,2040.08634436465,6315.71969958212
"175",6466.91383476733,13312.8438858395,10389.0938756102,7042.5543700818,101599.221964284,5671.42852719136,3551.9771944648,3263.77901100872,45633.3917180308
"176",4850.61274415304,7544.15423400807,4265.74477087516,5010.53920491613,10239.7648716787,4915.81104718438,3360.05352721577,3472.33933390673,6726.10007103672
"177",3103.26039333252,4213.69150781639,3033.98245618898,2950.92737467291,9492.06510153568,2942.96864723719,2273.09242908136,2235.67870188581,5458.24997167555
"178",2755.37524119271,3220.29977355706,2424.64663030239,2393.71318580297,8159.87672622222,2671.37085485332,13236609619.1619,2063.5363595345,6486.56744474006
"179",4025.17298821407,6969.68513293727,5436.28200284299,4512.19433728978,18386.0909470676,4184.01980491129,3162.21703226687,2911.1870936054,7256.86418800791
"180",3167.91737586127,279904471194.401,2429.51256566545,2455.05886339203,9255.2282469075,3121.62998125382,2226.79241919701,2260.30457858294,7933.02012989988
"181",2912.38989285023,3098.23894929731,2329.77575423624,2336.18693364956,4710.00554565008,2927.29321557138,2204.54426337261,2213.15675848412,4546.56719269392
"182",2987.37273125991,3224.33670268316,2382.14093734037,2364.78966654199,8334.50923591519,2901.89106942015,2160.78057385365,2146.19508775273,6785.90092208175
"183",2828.65435289779,3010.06551947681,2489.55167167585,2412.47628352429,4820.79894389877,2871.46530375687,2405.40512662412,2301.34577853011,4464.12300159266
"184",3088.83833618833,3202.49987832318,2585.06380232262,2541.44463056527,7741.61010322846,3028.46975848614,2460.87211273941,2412.35361361867,36222344575747.3
"185",2331.97765909325,2465.88744699773,2017.01883138598,1995.28272446772,4100.54887450865,2259.06274471644,1877.62271898335,1860.75653340529,3622.26553429447
"186",2265.09983248606,2579.01129399679,1964.38578379049,1998.48079040023,3934.45808692476,2153.294118144,1727.55370276653,1740.97768766028,2901.07464443932
"187",3017.67629744349,3466.56582183583,2578.64053243587,2427.39278056057,7485.03399033064,2931.0399625679,2177.53126822888,2102.78860493799,5985.4992732571
"188",2953.58867949215,3300.93096810196,739602151.284116,2062.42539909986,6881.37230909669,2933.9226978594,1803.30859559151,1879.00783460082,7245.4506046269
"189",3102.57693539247,4019.09894732386,3050.01072444373,2855.57124939207,9897.47354174953,3026.55267298345,2357.64503661704,2295.27030003364,6008.31652699061
"190",4314.06678301589,7313.85201017551,7336.30334183766,4862.03538344255,31702.8781001031,4076.22011868488,3724.06345156428,3023.00621219936,12987.314905313
"191",2960.60925237502,3225.29305942625,2634.02585956218,2445.53997136763,7577.97144383067,2623.48641979522,2229.13041371059,2064.86632878145,6111.21582036175
"192",2994.62253532277,3365.21513527663,2740.4772034359,2599.50854686303,8356.75094991441,3016.32613735252,2440.05108433517,2366.69033268949,7657.27046349119
"193",3324.22476750349,4887.91569650188,2958.4390161203,3000.0982410956,32089.8901302919,3237.67280804933,2148.03569162617,2194.42918443385,16258.9902720654
"194",2792.12663361015,3448.53514912883,2828.52340746518,2510.6386818894,6792.85338745019,2710.20913838968,2191.0639910789,2119.01260363797,4467.49742237523
"195",3907.91948433836,5623.39631213275,3382.44786370585,3414.15247956037,20002.4798313909,4030.65047098774,2446.2002109262,2542.74444722393,14261964866.3288
"196",407409430.574165,3314.41968948917,2484.18387799994,2494.35077129313,5848.04522686669,908210427966.857,2132.76322665784,2104.46342018504,4304.98137175874
"197",3202.42822525615,3719.22311666173,2617.38552038464,2558.6326507612,25488.4962973323,3215.37375545871,499234615970809,2275.47924868385,20074.264750792
"198",3722.73487943993,4637.87982253306,2838.22975186927,2973.55202883034,87953626.4886382,3703.02503497042,2457.61365490017,2529.72952027762,6757.85822977157
"199",2940.52414345653,3167.99297899238,2395.45636729915,2435.4505024532,6382.78387277818,2807.64818130234,2165.41694707631,2187.71061894963,5562.2043114347
"200",2922.23817154596,3424.21919219342,2698.3040364156,2580.41506539246,11826.4289871202,2882.31834647901,2244.51896800535,2209.77659413114,8236.72206761935
"201",3246.12627371019,3571.34410500715,2718.22510799469,2733.98961371183,13297.5089532908,3111.7426720786,2383.04138917264,2412.02200931255,11071.4285066467
"202",85001410.0019913,3154.03293495855,2781.17159240761,2599.00260809698,6600.99959766876,2762.15367240272,2450.79140561186,2321.37048660583,5385.48341021731
"203",3811.2776160173,5259.04053949259,3294.78578713256,3579.63892716734,8529.86899272473,3532.69279381404,2570.84127561153,2567.91122898519,5409.39307584034
"204",2784.57355957188,3319.31761571872,2598.72567109144,2450.78533949386,7156.59599184802,2671.23581988164,2126.99009271892,2075.72529311758,4901.78358341251
"205",3092.07559991147,3315.37376924169,2682.71004548323,2686.10888523824,4523.03189417211,3085.09240278709,2539.82234826044,2519.51535950882,4021.01149338683
"206",2878.03708641034,3487.83276558329,3135.17447391643,2592.64710677107,8659.18545930372,2958.34097711392,2453.41771910067,2230.84980062026,6109.6971055481
"207",584008779.458598,12542.4753861617,14286704.6506206,7024.21284935414,27433.6037732712,351332390.81484,684835463.020529,4266.79183582071,15405.8014894856
"208",2788.25715796841,3000.35283876698,2964.05382419495,2561.78459352538,5948.99520519038,2733.79259401791,2635.09671306349,2358.02280450683,4738.57452659675
"209",2985.02864484001,3292.80556945551,2558.96935331829,2550.6777083166,4674.61203465265,3014.01438048763,2412.76605383553,2373.786471694,4451.41085398995
"210",4206.87734710673,4828.97468028407,4669.83665079028,3276.02032858996,17856.834829997,4084.48509046193,3789.67795941013,2813.30979737837,13627.0742583384
"211",3478.06721764276,4470.10585286459,71721924978357.1,2887.39255098691,16472.5262748479,3634.52920107889,7756720253535776,2367.30443927048,19746737644.8269
"212",69188301.8146225,3604.24039567803,4460406.43152638,2588.7226066771,7849.03243469132,115968829.446807,2216.39462855935,2160.35957797316,5802.32621189119
"213",2615.82904662854,2928.42081802974,2340.96888854178,2334.18278144781,4596.87877495983,2551.16771540811,2101.36786051998,2095.46435717865,3705.12617156361
"214",2689.35857172108,3251.8670130146,2421.16892704749,2438.01139633574,7329.43661294054,2629.24138679013,2080.58703971064,2091.88719740325,5354.09621511469
"215",4088.6080477658,4850.23183920903,4002.75446868816,3627.27494645014,14018.3893644425,4013.89757839913,3624.22021520953,3085.52481161282,13115.8841031769
"216",4177.49059775172,4712.82049030275,2711.76322214881,2881.99560944324,10446.0506840337,3588.06962000643,2194.26468194841,2302.03279038646,8021.64813914783
"217",2656.80274958128,2974.7477066563,2578.77302183839,2382.05184951575,7318.533252694,2658.55697406815,2330.15868445926,2184.89826323304,5922.13733431204
"218",13582982.7692328,2939.71986839713,2242.0414467927,2219.39539970545,6270.83900790667,2932.36493006948,2244.45543595665,2198.60415457354,7746.05345467371
"219",2626.12067706857,3133.27367000114,2179.6840735133,2250.27819053215,7027.54655634539,2583.32725074749,1881.47565620341,1924.10683606346,5431.66344014414
"220",6458.42054007109,7179.81739557107,6114.00375747877,4765.32248442443,21941.8144765545,6934.60350341496,5365.26442678688,4549.1282823105,18745.4576544443
"221",2894.30111193424,3007.53653836712,2695.39272563392,2541.04603984164,4310.88436285066,2838.34176701888,2585.72182466623,2405.49996355573,4203.45675597541
"222",3449.74155658264,423080001453.644,3388.95211034163,2848.32776794115,10223.075738008,788821588502.722,2666.98215968469,2432.74688079297,7366.75627094394
"223",2940.37180157499,3333.43047716099,2694.64789973412,2503.46223003256,11027.9907213065,2835.97856940498,2231.20496743592,2153.07825614632,8707.25176829675
"224",3597.9479970674,38221257.1680803,4296.20187350728,3317.57795464472,24673.00327467,104676797.988484,2427.3776514094,2361.13627615712,11623.2570055189
"225",4452.79311628573,5134.57510506688,10881330.6224945,2913.19012131601,15915.9794542188,4159.56082434399,1638746128.89313,2447.2520576356,3490172233.39371
"226",3385.38832215826,4027.26070980808,3057.40724245354,3043.58697726041,6964.69081006151,3204.98951266557,2540.41743777211,2520.23723782813,5119.6299482225
"227",3589.69527433803,6041.34317028637,4439.07715066648,3856.15159519229,33067.4750049321,3387.55833429856,2367.32603639225,2284.42044940028,11894.6684363431
"228",3302.05170410285,411769357.202801,3090.98529523957,2832.14401186355,12148.8821563205,3233.28595607767,2777.77039272437,2584.03120625644,10821.2001212601
"229",18667075.6586901,3798.92305438635,2912.04331287782,2622.78591751264,10852.634943856,3011.89590358033,2367.87591023378,2234.76299289491,17111966468.6794
"230",2938.12192538598,3158.202253955,2341.69050906808,2401.66016315417,7488.35251254244,2906.60989339653,2197.24522364131,2238.64243194663,6997.99772084632
"231",4645.31321441918,6697.02678031026,3673.59068116303,4161.8445835471,7383.79644309114,4959.79712732156,3290.00142596989,3343.88289617668,6316.23598742588
"232",2700.90244759453,2944.8887027771,2499.09473069354,2393.76633675118,5265.5560654578,2617.1451819751,2240.51956994083,2172.22362389472,4639.57601218129
"233",2741.52673925814,2826.01163223179,2090.95201078884,2125.6391964817,6124.68291829444,2691.22176071015,119895145.697375,2004.52373472755,5656.96853642542
"234",3440.95465697077,3612.81336509911,2321.49763654514,2462.38744941953,32636.7940080051,150921633.682739,2199.65807929476,2317.80895338009,31442.2884763532
"235",1140881241.23043,6998.53493085613,47937272.1132859,4724.52205046881,NA,4572.35943048657,32566798709837336,2998.0285414048,6554310380.70526
"236",3016.78556703672,3513.02785581295,2576.74909810494,2664.54850753401,4707.36102911132,3014.94741378009,2299.57369692339,2334.65593394315,3980.54025308011
"237",3651.82292000655,5016.69381151044,4855.29112702235,3738.7203936937,15492.2331772857,3329.84314984347,3080.25599810896,2582.84215622589,9605.79537124658
"238",3039.15048852628,3137.96906555893,2486.4509276147,2397.82349368536,6263.74862433621,290691945.830106,2365.53324843038,2285.59963588928,5776.16009205952
"239",3500.4130510902,3930.7048976618,2840.90662309251,2736.83501655647,10275.7907246519,3415.95862377924,2551.42865898624,2450.15249365019,8820.85473005003
"240",3715.64199497898,4048.85017787456,3209.13584647267,2997.70805916628,7415.48831447736,3634.98623213116,2895.43954001826,2719.04861507851,6592.74359871917
"241",3808.11970177527,4330.93615918639,3407.31154192734,2814.73793707144,18081.5438483794,243423422.488931,2757.98231074188,2426.82316862578,17307.7268187159
"242",2698.02417254699,16659064.0628523,2504.93699472965,2394.36305800058,5260.06766357484,23558678.3890667,2267.62486010126,2176.60596993935,4691.89624909103
"243",4532.80999074966,5481.00980216573,4432.6171876721,3838.98344204221,14184.1915246197,4715.53914142178,3830.59009297348,3313.68153133988,12147.9794287376
"244",3037.42251437478,3512.73746672498,2963.4457132093,2841.93724514177,5237.21717862304,2976.15205015078,2537.0454604439,2454.37743932016,4115.04019984975
"245",2646.85606337225,3033.24226643541,407857012.749856,2231.0573205636,66943706.6345337,2529.87294523981,1802308439.93851,1927.22652937282,7866.42237869614
"246",3266.27072930383,3811.80952872568,79273810.8885794,2708.70103818734,8349.52406580582,3120.03558845892,2315.41690111901,2320.73298461969,6280.33130207528
"247",3730.08487673563,4529.55548948825,22562269.1473938,3200.8855841816,7534.03506016805,3755.18865443112,2487.31565094752,2702.11129317569,6515.95189577696
"248",3001.00373390041,3329.51075864531,2593.56712724188,2418.48396038112,6612.40148729982,2950.00885788691,2317.77979893008,2155.22275569421,5422.53543800728
"249",3107.09776554402,3931.58724967595,2559379771.45691,2671.38144205797,51314.6090939935,3077.15879399722,155145411415926,2182.22745613238,37721.4530207829
"250",2640.49441766675,2788.2777447935,2175.53779371387,2193.38403069359,3930.99410526143,2520.64575081731,2013.90716680218,2030.6515185075,3397.87150763032
"251",397950491.963381,3634.27240641948,444516599.041582,2848.36380510436,334242847.841088,777393636.772068,2353.93875929932,2271.78666204825,5129.73872042433
"252",3332.34354122409,3521.23627619158,2619.28884635174,2691.24181884953,8685.97083002837,3398.8321167632,2561.06106566734,2589.78396118793,9705.72568011827
"253",2510.60776751869,2596.78539608716,2116.06805312637,2115.07684870357,4157.91683108821,2442.40926997701,1997.20353702018,2003.45948124727,3954.53904555709
"254",3573.23341964845,4402.26098386882,2815.15947489448,2876.45580901573,7242.10730475114,9771406.13889373,36455349819.0906,2550.87493346555,7304.71699144815
"255",2954.74180858686,3715.55689475232,2243.87688820244,2468.44735568725,7314.57595680484,3034.91297915461,1975.78898390099,2102.29726293197,5418.85178113676
"256",2603.99745647409,3140.48186710156,2532.27306439649,2407.24549066324,5570.95880424104,2478.56585063591,2078.25986872315,2030.25016852272,3819.89824200595
"257",3073.46761900153,7695.55455129775,3201.80535611589,3813.03665918576,9520.99931650174,2887.5694279562,2004.61987399363,2016.34445912748,4232.214374238
"258",2764.10214136215,3406.23918168702,2331.66355951189,2385.79618295724,5773.36385261186,2732.3817810844,1956.96106880329,1998.62119894245,4342.19445501357
"259",3277.15767210424,3911.62049901604,4103.61004538788,3124.23179531951,10918.5391044625,3327.91849080984,3285.55410408574,2677.57812251704,8534.22212330682
"260",2588.88058581856,3023.62601310315,2347.1682659352,2294.14763443831,4564.74208413038,2562.72351359159,303150402.249837,2034.46420444405,3720.19398181943
"261",3909.04934460609,4641.04692753638,3964.8717377312,3584.9919210991,13397.0514850285,4020.44594600951,3528.56141382095,3130.53464229942,13205.8640791925
"262",4562.43570806697,6320.13529006412,4638740162.65373,4242.05621107174,24534.745312341,237754232.300509,3694.80426677084,3218.85967723735,21634.3792234779
"263",3311.80114119718,3307.57714838942,2477.4792480622,2476.38779338439,5846.15933671568,3166.54293252194,2360.41360341886,2356.94804755083,5704.77520864233
"264",3092.50944299932,3444.45036066135,2530.51913777292,2590.93601655094,5021.11786998966,3009.2903693622,2310.26686941229,2335.41145516479,4237.49971185473
"265",1024771752.8429,4353.89368463771,2526.77472602684,2786.22250127962,8366.19100338584,6740691015.99784,2111.01214128708,2258.70914684461,5906.31019287078
"266",2958.3265331096,3323.49929305443,2853.8956386195,2639.73244145507,6822.74638993273,2869.51457030877,2470.22931547912,2333.38257646956,5599.46273103993
"267",4468.69554777829,8967.90212121588,3679.70261593368,5063.83572797869,13286.0851335684,3989.52644259591,2664.85666874175,2681.14173231166,7948.17949279527
"268",4472.32884714965,550156968.198212,3265.64490860922,3678.65518978933,6424.44849928995,8727375.88890347,3096.11799016846,3600.89019667654,6261.23646724083
"269",2796.66365348156,3089.86838095048,2436.90842120056,2408.58387885709,4468.88269433417,2672.63290222343,2170.47208372626,2150.71218625621,3670.02679468849
"270",3510.42103701993,950351114.780502,2536.50791951989,3544.33501174149,6305.55417267451,3201.24268538468,1984.1311528444,2204.35580940371,4082.28935033435
"271",3742.50115393176,4400.91827138547,3404.39854541188,3016.60456478703,8417.13281147354,3833.67780771293,3008.02279052499,2682.495893297,7455.16307037862
"272",2688.66828135162,2851.15788906126,2190.59088739623,2216.60589995334,4310.62354650623,2595.50866074302,2020.38069017339,2040.16721491339,3723.86860183161
"273",2796.88455402032,2913.66674725106,2547.05611274492,2414.61874424559,18114234731.2634,2749.91391281216,2429.51235374164,2292.45145831849,30540363784.7485
"274",5478.75569867524,118040648.272167,1097123288.54969,5763.43462051657,75227.5294109436,5648.5068889842,3639.71178212219,3273.07385483095,45369.7551144195
"275",3143.03766236278,3393.53587584058,2706.09698121344,2434.13876595814,32088.5900314343,3069.35325752069,2315.42366870392,2188.54426472293,22836.309348332
"276",2887.95235901589,40914874833.7706,2678.00690973846,2232.7098434463,11998.6457003101,2965.03692796904,2450.41264713943,2085.79793520688,14102.2284717203
"277",3319.05106748197,3347.2548425761,2746.53424698324,2643.76265150666,6876.14433455117,3260.64283864633,2595.91480164842,2525.51531227434,6563.75074993268
"278",3047.72574884957,3782.62889847135,2224.89577262515,2309.19296374548,31827.4182929339,3057.43373574639,1911.37785719384,1967.58721759569,21888.2711696516
"279",3229.59943075431,8842.78636348542,7249.1297603285,5297.03423585377,45982.8346370181,3221.87114427461,2312.03806948116,2265.81014422668,9175.93532736285
"280",2935.24443613829,3195.43036603599,2869.51895958268,2611.33696189217,6687.23603102678,2851.63081258047,2537.71877721232,2362.5038743133,6059.7731041253
"281",3008.42066082304,3644.03039274348,2546.09932967417,2232.93999202302,7712.3452830551,3147.40791782135,2348.50331905833,1976.10298545943,6749.56920809595
"282",3115.23426184733,4122.83444757198,3665.85955191387,3083.52037483515,9542.63298694596,3028.86287242866,2584.30880784194,2374.41718174438,5248.52711744858
"283",630729238.244375,10225656.1041826,2822.50504058349,2643.3176789306,6092.94782283791,21375983.3170433,2309.88950569161,2238.98446689424,4186.52320397296
"284",3097.81743640583,3240.71995867639,2500.65716337808,2469.08514525638,6697.80740449326,3090.45868752312,2363.23357259938,2347.97353695703,6273.45303741278
"285",5948.01348335809,9024.18570720198,5976.03273031584,6271.05433489906,36959.6908461667,5986.24948911362,4013.35608203047,4069.04384114589,21763.4717386654
"286",3977.34431862102,4740.92973713256,4597.8366716833,3323.19377860767,29768.259544343,3987.99574047024,3619.13478369864,2794.13616132942,22355.6784292192
"287",2699.47205985489,3102.39224025546,2285.89731410851,2272.61282919245,9247.07497289324,2595.00557997663,1973.31681772265,1964.83419669794,6907.76700774943
"288",7884.16045239279,14272.9270654585,5710.83002988882,7464.2836671067,35322.3320744738,8855.51618988917,3193.48717270852,4537.48003381263,12856.0361700884
"289",5170.9597443988,6201.05940164606,2960.50268153677,3614.70100716127,13704.7991957638,5213.66008820783,2664.54747903827,3177.37221689806,11545.2424457913
"290",2819.51175966663,NA,2126.5029869854,2162.78883350829,7006.91690909411,1603110465951.02,1912.92170403696,1937.45519316909,6050.1806570438
"291",4317.24574404313,4508.01201648117,3003.79366087591,2837.68899489925,11117.0187840315,4146.27468879828,814195527.783068,2563.19783764081,9726.17998408254
"292",2369.66409731249,2552.67053354268,2116.72039069283,2081.13902721017,3931.67811458681,2340.94419765395,1927.00789932937,1918.17203454702,3435.50974364013
"293",4244.7726639617,4644.57394986593,3120.715644428,3098.08275578215,9809.30863508117,4442.59292393538,2957.68515742581,2926.82413963783,10385.878875983
"294",2898.97158082632,3616.42337518935,2559.04365342646,2624.08543124732,35154.9309766545,2807.76757367773,2131.96120494569,2154.99048545238,27215.4482014048
"295",3514.83837675525,3864.60025462775,2755.6301169602,2645.00759572586,37970.3624079604,3388.94894130722,2229.76147690763,2261.17952920345,27311.3023842931
"296",3306.27780817669,3378.22339239973,2630.55231027088,2588.58881601713,12058.4587684349,3217.32526369993,2510.58420678479,2454.23176172861,11838.3791417484
"297",3877.21458704203,4802.26237919904,3648.47761994819,3357.61954747216,10839.4991781375,3802.0720929125,3617.07809598148,2767.22987774446,10248.9787436937
"298",2452.26054462234,2617.7729540757,1911.94749350192,1981.63565739367,3898.10870607111,2435.52990911988,1832.52658563098,1875.00965182736,3493.60146465147
"299",11129107.0620282,2766.8264849359,2238893726.55867,2336.07434316903,3977.96623834835,2460.05628785451,2127.40952374711,2123.89506099415,3402.68373204156
"300",3289.13857247829,3830.61424274228,3080.78916569104,2694.98797781744,45621.4686560868,3325.73305429503,2381.02335399915,2323.9507804845,10998897559.2147
"301",2930.93346278993,3380.52758664447,102148464781565,2226.31720238577,8064.53561610588,3065.79059084536,1955.2844438488,2053.39128881528,6640.88483371364
"302",4116.43397142186,4001.51701391277,3164.98571762934,3015.57389301446,11513.8547727786,4352.80743208128,3420.01014833903,3215.76148993288,15090.8070962507
"303",2621.66555862326,3292.95788740134,2480.93974012244,2452.88610806659,8229.45554495512,2562.55302352239,2008.85233982342,2014.80602481916,5586.29528611024
"304",3544.42492962452,3624.9089013627,3374.86531411224,2490.82382911744,10840.1360829891,3885.23394233214,3412.55269310858,2534.57948613621,11854.8674027685
"305",3180.26069766792,3621.07441245687,2960.64271557616,2826.43697826222,41883285.4708319,609203343.383632,63781756.0382879,2408.52391531388,5616.78847443266
"306",2787.94376172409,3093.26250552305,2443.63443512769,2400.6507867636,6071.12868468502,2701.85752181396,2183.69241726341,2156.21970897627,5004.2236875285
"307",2361.24093621264,2968.16629076776,2072.13762282628,2146.13657158032,8323.85562515764,2292.68659532999,1750.71510255019,1773.44141264719,5138.04697133021
"308",3304.28107512975,3640.3225436394,2968.06105283242,2739.09559407526,10820.6172665709,3264.91449753202,2630.46355734918,2463.1078089383,9839.0252592615
"309",2306487611.11046,30648739105.1009,3063.69126584977,2871.89070444029,15565.3796104775,3556.72014354367,2303.04776470307,2281.73383743675,10534.6700250552
"310",2949.40737422053,1189376327010.47,2331.08288580827,2281.72205711615,9149.71425279569,2849.23172702433,1977.50644966849,1993.55311088296,7890.76242519038
"311",2891.06037585852,3119.48857548917,2449.20263365572,2421.32844558633,4653.45228624265,2871.86837801992,2316.88495957683,2260.35359048696,4304.17705182363
"312",4091.08350236891,61384679.7790997,3234.91420782443,3015.1368823407,12846525258.1644,4130.84174734112,288743969.597228,2542.38049149637,41138.9419624526
"313",3126.62124221348,3745.59571178974,3049.02135402548,2731.99451240183,9202.6096801764,3074.50864563973,2421.75719998175,2308.74568316745,6062.88505668577
"314",2764.46533680133,3070.63069315954,1176908247485.14,2386.76099245563,10221.8531624891,2657.20688263445,2161151633143458,2120.03975380374,7073.09060400272
"315",3259.71600440606,3705.57735270236,2874.81627400927,2709.47399744583,6582.35582998573,3226.60152148095,2534.35243048856,2415.72115410657,5663.04596068321
"316",2811.36379019509,3477.32447080312,2332.8793729005,2304.80100680724,8773.55196946891,2784.93712938931,1904.95418095047,1929.36621801562,6332.27497738323
"317",3462.61465984018,4822.36279315906,3961.23219620203,3247.51316876102,190267.166589991,3305.81279102041,2328.05950927747,2291.96218185344,63920.3809755411
"318",170090190256.076,3201.23839734339,41095493727595368,2305.0992772474,5680.73688124416,221781255.777184,74094454.441244,2061.67337347327,4943.51999683628
"319",2996.40189095808,3346.63047529073,2681.81099922232,2702.75502541355,4451.68558144637,2947.60047303925,2445.64138617859,2444.53173003524,3925.43710922915
"320",2961.24404384121,3859.9352489016,3000.66885224256,2788.26400102613,8245.52348006491,2937.18356096515,2346.97785174615,2269.06051160179,5399.14601769525
"321",2510.24163419601,17793398093.5065,2106.47664921415,2118.6182875064,4556.35423170829,2432.47019664561,1913.63733394629,1932.86965421551,3958.36050338837
"322",2585.02247683162,2761.74877752724,2386.2712355983,2266.71463643573,3880.2574184017,2532.10206510061,2232.22444380959,2108.34353047356,3637.04403794288
"323",2491.58238460022,2734.58662358971,2307.20304841995,2181.25224312037,5738.88597172698,2395.87945018526,2002.63850651663,1943.37037510376,4741.6370737341
"324",2969.21548658459,3321.43166277861,2347.25558587465,2410.34398410595,6540.90157437722,2902.11541121032,2049.08838018189,2128.09512304752,6248.38244269684
"325",2541.2074859438,2660.58165281733,2242.89335375302,2204.39504383688,47928535.3015739,9620353.50307436,2089.17581510695,2065.28707830818,3529.42170601887
"326",2943.83644063707,3168.69175579332,2451.01661920701,2517.07713964522,40469759445.3818,2887.60913422566,2264.13303018224,2316.36565189607,5177.4166515187
"327",3010.97993577661,3022.06384112817,2297.87031846317,2322.44461187759,5190.39793018473,2931.28886663517,2216.78017554595,2245.455709488,5274.02554214818
"328",4223.06152504474,6463.60313908074,6431.8076155441,4603.48424681658,37929.9836881548,4037.61921736589,3690.68974361551,3036.09552140043,18941.0161704185
"329",2703.92260921837,3228.24901202225,2407.72279307383,2510.88323476113,4684.71384120714,2568.15312439118,2032.89881187113,2050.55334922479,3469.22667996179
"330",2822.13049466829,2933.72879021801,2384.03902261986,2407.64815851611,4003.47232773106,2742.80752809179,2255.47759859494,2253.83195227954,3802.09838537379
"331",2929.83003272865,3634.71751300883,3115.19029241899,2662.19359108402,11699.1059156932,2793.54281269214,2390.98902755506,2129.88119229799,7574.01902925764
"332",2897.02496562798,3044.94180956937,2001.84930895241,2101.44406788846,17425.5804573505,2851.78508475092,1838.27047580597,1930.11316326006,14891.0246444677
"333",2568.6791091769,2841.54968389026,2119.17848277923,2115.58946389849,4529.86292508708,2533.18081524204,1927.74118059165,1926.3367171857,3806.57782519826
"334",2833.52503750711,3015.87300147303,2384.63093343933,2343.46078045282,5505.74474751347,2798.35921526615,2252.94429434592,2210.19895231255,252656579.403546
"335",3030.16261640365,4091.99845367551,3107.04894375001,2829.91206968782,15349.4850385737,2864.66149186224,2160.5829473684,2127.63633459091,731150330.465208
"336",3302.60461283914,3569.29195280263,2324.54847823469,2386.86796448795,14507.9305430802,75312220.7701232,2093.69780602273,2144.81956537696,12242.8912539415
"337",2848.16795961878,3228.73391089811,2739.60809483916,2554.89524556508,6993.6156336468,2800.61702046545,2423.92823075695,2289.51579195045,6098.99544332472
"338",2504983571.8024,3146.31033824059,2440.57287940644,2438.42592207976,7042.11895388637,235307412.248608,2280.90208407482,2281.45990646918,6305.98640197985
"339",3013.06224979418,3167.43324917307,2579.3933841165,2526.44914071117,5169.39326077999,2957.84085478806,2435.15186820359,2379.19148124609,5031.60395229001
"340",2657.89130508543,2949.79056300259,2114.12814188661,2193.52422230704,9705.10581349377,2638.82520026975,1936.64815217997,1995.7319786216,8085.90425130041
"341",2765.15588028683,241240177.17956,2340.54098096353,2372.26104504078,39562459349.5454,2751.68784884256,2029.09406556074,2069.43732764212,5944.57243157497
"342",3479.1044297338,3713.52595358786,3147.28097268899,2665.450813856,8507.50233123146,3408.26052828972,3247.29063884893,2480.45667903669,8911.35444338116
"343",2887.77917165639,3476.5506119151,2621.66838876976,2635.48832243263,6237.72517568665,2855.03666569479,2256.04268405894,2259.65762528449,5329.74342836672
"344",3292.34742617749,4265.27226492487,3543.85264610592,3410.31427334308,7089.48120072158,3224.11803380862,NA,2646.21796454587,5035.28087050709
"345",3405.08853948142,4421.94711449516,NA,3136.57178529109,7291406276772.06,3279.69380781847,18997657652.2256,2319.64469665533,64257.7508619821
"346",3302.35965641111,3633.8444906706,3253.16206168464,2959.64651189673,7273.99595459368,3228.59346176657,2892.11524735788,2637.34988993596,6123.83415389977
"347",3369.87476471331,471430272247.644,32587501.9947565,3981.46993142852,29626146117.913,3005.25447998417,2338.62794614649,2315.35044101712,4490.29346890375
"348",173193624.279697,124785833.303569,3734.4367984452,3200.69377300196,55583.3264376363,145791738.126589,2287.58720418154,2337.64800854577,28746.2289355515
"349",4222.51741445068,5592.10722936309,3821.37517117482,4110.72088991244,12262.0573611886,3995.4095884205,3046.00452680943,3079.83691194415,16549993318626.5
"350",2733.22270110212,3038.62392105707,2508.0925672723,2386.38139792536,6290.51324640517,2692.39417162573,2227.8128691572,2164.25016364867,5243.9644852191
"351",3093.10345907452,3531.99477486774,6258488897.01865,2386.40362403552,16801.8150639598,3014.7230522026,1947.96837896955,2060.65847318468,12992.3459318781
"352",2785.91896424105,3981.14226945063,2328.92589316956,2438.67281925893,8975.87732847186,2669.52784382752,273079742622936,1870.63063914962,5224.2128463166
"353",3345.2070125751,3674.97092324888,3506.1122708282,2956.86936563964,12516.8300440355,3159.82032668769,3015.16129193244,2586.47785474418,11574.4814536769
"354",3000.49709817534,4065.32579596787,2634.43580895975,2629.2545995363,22521.5062247107,2846.02524111794,1966.49291833587,2015.1692744453,14092.2647097253
"355",4742.90784618248,920604327.882964,6944.01882862095,3865.19728818462,35206.1787569365,4056.08137924361,5134.10675694846,2831.80827043882,24490.8185474345
"356",2499.63537975598,2637.22382468234,1971.49434952316,2044.80875780549,6040.90511112685,2433.39271296445,1839.60162788489,1893.39680919149,5225.6412631257
"357",13850.5054842136,47265.0031610584,47633229.3112543,19708.869347104,49165.2291231986,13782.9799084232,4035.58755470892,6302.82868083847,22442.4994356818
"358",2612.2667618237,3419.15562431092,90829773.756904,2576.8440715858,7001.53852105775,2525.06509337989,2157.73579802211,2093.77190259646,4055.17933900798
"359",3073.47198513228,3608.47731288673,2420.28418205642,2461.94176188862,20522.4654956072,2973.82757832882,2073.51835142696,2115.40131351228,13514.1481686848
"360",550787698.240473,4810.68144473402,275975584.461246,2975.61856933112,52822016.1220016,10481012.4256118,2379.90111735168,2406.26608851052,7457.27797978845
"361",3663.10651969841,4131.58849519417,1591194771.38657,3026.25895366087,11671.7389418012,3527.74571876058,2696.4357592571,2626.49820471983,9582.97712050847
"362",2773.43740125935,3361.98955773595,2353.23193396485,2299.28210367715,11448.2594789981,2650.11843712606,1905.98838488422,1907.31345761736,7658.07697828232
"363",NA,334948930.628369,13791425.192008,4714.09531568347,12071.6121660088,7139.45558414494,3196.09855455754,3979.48584193413,11464.6145495247
"364",2657.43608136901,2883.30661674749,2227.66189721111,2238.24421045101,5942.16868397647,2562.32200701673,2012.41513974462,2020.51989535928,5046.06755757713
"365",661002267.013305,404954405.193354,3116.73815728544,3255.88266611661,6087.4354093128,972154926543.217,2767.61266156805,2840.61629167443,5317.0561384054
"366",2720.01715990038,2883.78908010819,70239709.2998585,2308.96263053367,8373.44057784689,2658.33569469897,25216740595125804,2138.17956698999,7219.04117896958
"367",3165.71920178517,3726.97673806474,3881.04078266901,2713.91692978321,12385.0334500182,3176.06667312202,3245.75793095132,2323.27785052112,9142.07973050037
"368",3519.60968590502,3984.34373911716,3119.19212967008,2830.04577080985,10875.2449817762,3536.87593957082,2729.90150585203,2512.40422320471,10193.8214892796
"369",3128.40742596667,3689.93342404063,2630.53502820057,2632.77718881283,8694.7434513554,3154.51738829159,2340.15400753689,2338.52420650303,7570.19924001799
"370",4175.05247679001,5464.07637530078,NA,3439.09523744675,45410.2958744517,4199.54943503209,8751435613.97585,2639.32570011759,5353330321373.05
"371",3292.31157656103,4476.07435505529,18095506.8161718,3212.52685095513,51880586.9457368,1535524353.5865,2675.51141470285,2473.87058005508,58411783.7008721
"372",2927.72549456258,3352.55999620879,2753.14594802906,2647.43840700404,57403704533.1045,308156428.62493,2425.02705719924,2332.57531957623,5768.4051276117
"373",2918.95907550475,3080.87215497108,2507.30792671843,2413.45284321659,5478.42676855337,2968.32530324966,2385.8283345674,2304.54838422983,5419.72930761325
"374",3076.24089101816,3637.6521325631,106198262014.464,2790.34954650159,10887.718163222,3025.71061306219,52879611.3375205,2393.88180917472,8376.44858646827
"375",2956.25644227382,4873.08396703446,3471.69780567894,3090.94651577729,16635.7391309551,3039.90614564644,2245.45210400241,2124.92335062532,9004.44823520938
"376",2449.61695184156,4000.42377340806,3555.43096023268,2927.74261349591,8684709693967.09,2230.63111549367,1859.80140635589,1804.87331665495,5307.53252875574
"377",5505.91880549812,7666.73738605474,6618.44055010073,5450.21618704045,24373.8962048078,5369.78550988232,6155.93523708672,3923.61204961875,20363.8195314028
"378",311309135417.696,NA,3481.81909593576,3195.89377242315,9983.24232051386,50914526465.756,2615.06215568414,2479.19951820503,6183.67066160656
"379",6239.51792667909,6535.5886116649,11084.3167406059,4760.49735110502,45901.6639537127,5418.01543848785,9961.47449861894,3919.01323939821,38445.926374308
"380",2734.18258117852,2954.2659407632,2588.0161602934,2378.54782528491,4055.81977807095,2803.11466068416,2402.80886871677,2257.43901746592,3601.45955343936
"381",3819.5600651793,7594.30715060617,57622901201493.6,4316.56683583708,16235.7242812029,3888.104756617,3021929872441310,2487.08783016426,7334.35617126052
"382",4702.80046179605,5460.01619007956,51095671.9997332,3737.86772327706,29898.2658035087,4245.41660413508,1118818214.32489,2899.62828792948,21742.0569040747
"383",2967.16274087031,683407738.827414,2507.67683408936,2552.46683060322,9145.11629669381,2827.90332356866,326213380.883974,2077.0418167614,5271.55103798989
"384",3238.66151757877,3712.65968308553,2000.44831500747,2200.39487360505,135280323679.603,3008.50469393104,1729.42231066137,1849.78512250963,11202.5610436882
"385",277468849.902368,7834024.68168389,2573.74028509089,2687.21633547008,6114.26880772142,3173.3640232739,2244.90691524815,2302.6870242585,22784071.9654911
"386",3632.40096038764,3690.0065624922,2856.6681129567,2721.33517046674,14624.3548195229,3489.18081911445,2418.1711679866,2462.42664521343,11862.8666696045
"387",2695.47615081756,2843.84487584577,2303.00755177441,2253.40494045082,5918.15675669658,2621.01274992824,2112.3500575223,2085.64765941996,5149.26569292187
"388",394442032560.545,NA,4321.05393516815,3378.70367292245,32680.3177114179,437532315260.659,3329.87242869541,2793.70946173551,24877.9129695689
"389",3990.27727542803,5247.89953984279,4666.7949088957,3676.84570486388,17279.4353025357,3998.61909443699,3521.01921369691,2879.35231451788,13348.359099772
"390",3968.19859639383,5680.14660889692,30267288474018.4,3301.35952194794,15406.7750433215,3972.44718404164,2489.58150514592,2480.93764696379,9463.57841740989
"391",3672.5690490659,4625.8120171543,2886.60734584562,2970.15278451924,8470.5995235621,3855.73875824825,2544.8580168184,2588.84999056568,6803.83169537389
"392",119547248924.402,447917108.310954,2854.14720890011,2801.05629552606,9030.65596739497,12607548203.3325,2527.232167281,2408.26816964262,7674.65373869786
"393",4347.11244492239,5362.30398049438,3865.99189995249,3882.04385036315,14960.4924836463,4190.16388305352,2947.61839591202,2977.71092560185,10184.2383034467
"394",138462266733.624,3742.10418371821,3015.79098831536,2970.8920418158,6685.82074133771,931039014.706654,2651.50484057428,2648.86272491411,5293.49037509915
"395",2856.9258517074,3394.76436690952,2240.64188431818,2322.69217488848,4671.92249810185,2811.07037693896,2000.99239780955,2025.63100078327,3774.17872175732
"396",2916.28375752062,3434.52469939214,3026.60398015629,2765.80398542015,11446.8828607029,2820.88838859768,2398.77010627496,2319.21986690132,7503.44600756616
"397",2754.54535990432,2896.97293419409,2392.50456072155,2377.5029155295,4333.48048288822,2671.81230726512,2232.84071432258,2217.44572451891,3953.56141759698
"398",2837.16065857875,3514.14303731302,85121925.9973467,2299.98684196515,4867.7735441061,2619.4778827198,1871.04821671579,1881.36607058781,3409.72641948394
"399",3505.62951976714,NA,2809.72787008619,2708.66313455756,14045.6488403318,3477.2195529021,2496.46776419106,2437.82672486918,13399.2132445818
"400",3347.72967587156,3752.17856137919,2270.78513783135,2439.91230305279,18554.4891812381,3324.01320029509,2044.26824466772,2167.90400411646,23247.8411349926
"401",3533.51472069871,3808.0685841495,4243.52222270136,2931.99277321628,17415.3908156583,3390.38540107727,3892.77010697422,2625.93541189934,17411.7488407068
"402",3870006006.21382,10291907373.6201,2666.26931689372,2636.91651873162,10340.535514582,615342974.202477,2183.38171058838,2110.69819737248,6598.8429673213
"403",2440.37518760566,2928.96158959358,42200404360614272,2336.39124378877,4314.94236336749,2362.33537466512,2046.18531983632,2002.3345768426,3256.38439960623
"404",2886.92426664887,3034.94246297505,2454.56092680989,2365.32494113645,5122.72961213184,2730.43983611487,2322.46332193201,2181.68268414646,4548.16398125325
"405",2770.81262841062,2781.40390368225,2428.17835759964,2360.69460602743,3454.033484836,2684.77944354935,2329.0324803641,2268.27679467639,3388.11150469085
"406",2766.04214777123,3002.15993379451,3513131641651219,2340.18046560146,8600368382.3267,2706.12664280413,2171.65335414942,2154.94343738917,4790.39048837497
"407",3909.84276619365,9640.98885117053,7423757333.645,4902.29157777337,90202.8538099263,3578.99400027986,2229.12971392776,2297.50651395461,14626.2105221532
"408",44715895344.1232,115985663524.232,2511.3661103543,2500.232877645,8957.13152945346,11433441.2833049,2235.99598741032,2267.61737804934,7171.92233709429
"409",4087.42749452066,5196.00993912134,3798.94221041255,3765.81643910165,8227.31635808164,3874.03593097423,3136.56769877317,2948.65769125801,6224.21443994064
"410",2866.42390060495,2965.50839507962,2442.36907979478,2339.86845003041,8120.21251313208,2820.38164156618,2327.1894380843,2234.15842223711,8366.1208628869
"411",3990.69256195402,5487.75052161284,2915.61726428526,3123.157384741,8426.05717928505,4055.47186388407,2403.58582311775,2484.11236336947,6233.09928838626
"412",4799.84514453218,13922.1709342773,5919.58754483457,6910.47063865633,34452.0685322256,860004157.209865,2829.88503011009,2746.55304694698,9569.88870424763
"413",23450.4057835275,322145.062105782,86015.2146525572,156591.217019877,238892.079783619,24347.5743049331,10013.0886282499,17576.0304341381,38057.0507345405
"414",3164.37122208927,3563.78550844228,2678.83775409844,2597.34249508399,8494.6385217644,3074.52159577979,2303.87442784906,2276.10443359427,6346.54327592701
"415",2627.98690091948,3222.54190799669,2563.31084080094,2493.70897405437,5407.57357424048,236687127.810272,2176.21220301473,2135.93482479556,3901.92783790673
"416",10427.598065006,29970.0493274957,19905.8573143278,17961.760449782,105485.610117636,10062.9294357108,5976.9675363069,6098.69172945699,25382.7000767886
"417",5176.84695119435,6885.75108009986,5686.03722492188,4938.92670389554,23489.0001054207,4677.16922915685,4781.20247885779,3420.65858645184,15822.9569227473
"418",2809.36816529011,3057.76315202578,2386.92438328357,2394.17258769118,8903668102.82647,2760.22015313921,2148.95998103072,2169.02096723905,6995.63182744156
"419",7380.26386795187,7630.94169036156,4414.55910028608,5709.58976210815,21407.4742272233,6573.03121242454,4728.29484175626,4753.379255438,28853.3310262117
"420",3104.62709232118,3547.61130485503,2303.06631663621,2381.89337372822,17245.3851843599,153901992.369366,1998.4297662365,2099.78261424094,23950.9181818608
"421",3691.49419932612,4288.61581267479,3456.22248525553,3375.83390966759,14992.1617909296,3733.30488245823,2961.7874283945,2914.00578218485,10756.8352138418
"422",2804.25213764748,3391.5551788663,2229.7135015026,2309.45959338742,8171.16931875598,2737.67815389065,1902.40370124578,1968.30335341451,6232.73204155543
"423",3739.27116191881,3813.30142259091,2309.04533110634,2310.67855353435,19608.4577988933,3972.53452456257,2258.57229664346,2271.43775151954,26958.7612866889
"424",2696.59124106851,2926.59754824384,2404.48259279165,2302.22748692395,4685.63448064075,2669.07697378614,2198.28949469103,2125.68553621173,4211.27489768718
"425",3028.29641903227,3417.73787912704,13051932.3008676,2503.50443531332,25575.3999228652,2952.05768052763,24412147.8293682,2229.56335089723,19240.7287868514
"426",4551.50468723737,10231840.9088552,3798.5166895689,4032.57224061265,10891.2532547753,4438.9996721255,3001.36560189668,3057.8194347958,7978.70547178537
"427",3215.10681886194,3800.0278941674,2728.1207062231,2807.51878759554,5399.51435862961,3171.36213079364,2355.33049790183,2398.89839970466,4205.91065581093
"428",5090792.94558509,102233215.56486,10898.8776498856,378622.651025162,117336.889123234,9074733.51950975,9191.63085324359,53422.7352090461,52040.624713963
"429",3284.40330646353,4138.23542905921,2584.209850151,2672.66471678494,23745.2948113014,3096.19618067328,2118.47663747181,2135.73366176296,14938.4839946368
"430",3511.84590048742,4268.1701950195,3006.44422286246,3011.39050584795,10748.0412869327,3462.06425605035,2481.20225835953,2496.40813435149,9015.11111006525
"431",2937.69460083732,96263589.4933641,2344.16938705001,2340.07888182284,8043.73482649775,2865.03408837469,148258013564.761,2078.75312776238,6782.25804304115
"432",2143.64490086034,2401.54071639309,2157.31225973418,1970.449318846,5006.65811850671,2112.95439525221,1904.62680088767,1769.91055733303,4319.00615764363
"433",3089.1436902858,3298.16463790636,2831.82850048666,2664.0605444021,5611.47488804852,2977.53427326082,2526.33916322305,2418.79697372019,4791.3950171985
"434",3129.12637317556,3835.4145634541,2726.17791991506,2600.02205887482,11082.6460275151,2882.30872332809,1997.93624967085,2024.15793088636,6600.3100818633
"435",2823.16085128723,3073.40425332181,2114.44201614165,2202.59788992146,9180.36367573742,2764.90164951351,1955.0209826226,2018.34065674492,8295.32330173121
"436",3903.95444644639,5705.56399526761,4882.00948657382,3748.9443101883,27262.6956733812,4008.62991870454,3175.70696511253,2723.13090464625,22638.1996249665
"437",2935.70388638164,3189.49328393724,2239.48225493608,2236.31889082373,6012.41560386748,2063319571880.23,2087.38027391791,2072.97889739518,5353.9268285061
"438",2654.92358241303,2974.74699579382,2556.21614354415,2341.00497684286,9145.55169493667,2592.69404265457,16838265.6459643,2066.1560500182,7180.90474202564
"439",4976.75788362768,229842454.099282,12782.10651629,8232.5355875592,46642.3916489012,4399.65883629767,4887.41525375905,3087.35024218771,19332.2497021481
"440",2995.01068839908,147193656.628939,2235.84717640321,2290.31842159632,6042.54440270871,3129.16528904702,2214.34884911627,2268.43475718562,6572.37129657835
"441",4584.20898295699,8201.15593816456,4657.19268527077,4602.50284720979,21082.4601898612,3647.33546625973,2271.99927856113,2332.11128095527,7488.1335806876
"442",4085.77385678957,10184.8122755754,3778.75033704212,4489.42086240847,20381.1173619651,4007.50374791082,2228.04134998841,2361.84311384914,9127.23960149705
"443",2799.41632142512,581139168.693738,3613018.95773352,2361.63666803022,43043331711.4743,2718.25922474664,2108.88594353012,2126.05900118156,5397.01675175237
"444",339316339.591113,3196.39101503316,2349.99699479167,2425.24200542784,6546.15196249468,2763.70379212313,2125.83469232332,2157.57518276018,5579.3155276403
"445",2764.88526511911,3892.54390394606,2692.82023364079,2552.60827393607,8299.29498034732,2744.08533188122,2076.14382398174,2008.83322996861,4903.67710284408
"446",2672.15103131612,2830.84556403538,7480805.67475559,2098.26482213176,6798.74193257742,2610.82193616147,1890.94683879544,1935.56435755332,6645.39596337585
"447",2796.98718755222,3757.58397988964,3007.55468353902,2591.50407233922,15680.8691526319,2892.3013105313,2164.3831194678,2076.59120233731,10016.5025377447
"448",2880.88420764849,258481655.835251,2486.39210282378,2508.98332242095,6061.05181264674,2860.79414074719,2208.24533746682,2213.88199336493,4546.3193263071
"449",2829.2077739151,3257.95757718377,2511.23650292812,2517.37956000444,7061.00564679562,2749.35324374731,2167.11394809339,2167.84314609676,5105.39934040483
"450",4860.77944039231,11903.6297439537,4896.75174943938,5718.27469166512,16387.6152687823,4874.38728925511,3161.60136014813,3064.96738848706,7813.28916599321
"451",5909.08038948342,18074.2251353074,9970.9827991464,8467.61342510696,74449.9189295735,6513.48027488437,4033.17157573133,3547.47350033391,20445.0396188014
"452",2409.60571685393,2717.00572248402,2174.99517997008,2158.00868832714,3568.27387814172,2345.87860488254,1965.47546138706,1955.74709454676,2875.78660770628
"453",2638.52776503611,2908.90580126021,2142.45267617605,2214.69624337851,5049.9160432649,2585.00878074711,1977.54361828573,2016.82188305792,4333.23759347741
"454",3672.48329029532,5545.40887604366,5021.35438749897,3606.10860357795,13312.3062529277,342299247.58507,3165.00222915281,2581.04833817285,7441.10931457487
"455",2863.05989231388,3439.28703139212,575094190.367916,2549.13731672248,5792.26324718326,2813.75755040285,95246862521171.1,2211.21847024317,4336.88249693499
"456",3143.37272519361,2973.84173732399,2762.5168526237,2355.70995453365,7288.42512228491,2913.69366825896,2734.01841109412,2276.61682249942,7268.53917042259
"457",2670.74303561816,3252.34212682643,2406.84341712554,2332.15279608534,7108.92647543978,2461.7009440559,1951.69657965644,1920.71709930971,4406.77929491414
"458",2903.18520971969,3088.531951283,2465.82317160972,2331.23017503303,15738.0983428563,2775.78067408477,2134.35331967838,2081.12821151832,12668.7862405594
"459",3421.44530429578,116847499.500979,24465776.0365705,3318.06739800326,7582.7433874948,3324.21219195043,2710.66475074046,2591.05507446434,5358.44494535672
"460",3514.79599199606,4254.32291012737,3490.82230555647,3031.5347969356,10537.5461471239,3470.8497317935,2750.11320748698,2545.575878156,7521.0153537428
"461",2923.12501677953,3153.19282303899,2289.68641188765,2434.53737105471,11796.0237085221,61816845.601727,2124.18934079436,2202.14027593129,10289.6608908476
"462",2683.89508200106,2840.02769671877,2065.35883905238,2129.23627273123,5491.91490567707,2653.60332790978,1943.06620118941,2014.34901888187,5267.89221260879
"463",472121900.473746,3280.70129660357,2547.31532993255,2576.73024694961,12855.6663136001,2919.89074367548,2267.02431539486,2291.24564116631,9561.80978135671
"464",2791.69868066544,4008.81415517919,3024.40601449866,3197.16846451717,7697.59589132582,2693.98509248586,2239.3872807408,2209.48142357168,4966.80665644151
"465",4945.96527785175,6641.45562545691,17418879.8316975,4539.9350994125,35401.756306923,4850.75442647396,8167.30166252553,3418.64259557729,20227.6659827827
"466",9601.44922620126,25592.8396321077,18704326.1539611,14154.205345612,45217.2577373986,14303.2532989807,5426.28965949498,8317.0967690018,25971.0138800879
"467",661385069.152196,3060.6935451601,2422.72595924265,2455.02277148259,6720.59259561633,2686.49763042775,2179.77773902609,2199.15265878776,5144.765581058
"468",165727868.136783,3407.65115016679,2400.57246635926,2497.44953836606,6456.23981000232,2894.97447498713,2142.36221548712,2200.17153274452,4936.12448317371
"469",2776.56658450275,4508.44317680006,2606.85114517616,2832.72390684232,9398.61411469508,2613.92751862638,1852.56220350289,1878.52382075828,5214.41713843952
"470",3294.82863738021,4853.20027243274,4566.23533031339,3409.68574841903,24504.5373019674,3285.57669353094,2652.79054054811,2381.57894723611,70182442.5736222
"471",4089.04693827446,6000.69241262729,13895.6682852399,3798.14340708063,104498.34261929,3898.76482541752,5524.05314262747,2611.32192404414,26273.1164463554
"472",3844.35252256891,11952.0069718275,4624.679169381,7816.98617245888,14134.2903388678,3800.36804036249,2628.48193346627,2719.33779951076,7863.57021220197
"473",4346.58676820539,5820.68753888128,3613.16840684866,3487.50471478183,18975.2248201141,4717.90805388995,14187268222.3951,2888.83823863681,14933.0331305123
"474",3029.26304776347,3510.50522242138,2381.78126256829,2393.42206157912,8301.52196000588,2982.41104289677,2120.28748605685,2131.59944910297,7287.2844105958
"475",3037.07763525268,3420.89597960649,2659.73761091288,2701.51636461526,15406.1949436229,2921.79089320665,2306.33371282707,2344.87389856665,10901.8788133584
"476",2485.86727061813,2742.84750417127,2411.24217028306,2302.79666167096,5019.2815597155,2381.41686747503,2113.12305962566,2051.56663577208,3865.57504441624
"477",2850.4988204181,3537.62648665102,53031591.2826189,2572.55095598748,9076.48488942458,2820.28642688245,2161.51930509611,2133.69218670166,5330.76380835844
"478",3321.35947027232,4624.74426044765,3567.57085588968,3125.68850642062,14546.537467968,3136.74324599755,2411.34950362811,2287.26358518617,7735.08526757379
"479",3647.50900526393,4057.94709066739,3098.46826408855,3032.19596209373,6513.11493401867,3746.03299048749,2919.84907397938,2809.18011468119,6374.01221443139
"480",2903.25746695288,3164.68896185916,2364.91249701626,2490.81722294124,5240.56242999456,2851.69726075446,2193.74625152725,2267.80841389332,4396.83435121107
"481",2717.9512641452,3084.37724501037,2427.36180307366,2272.72175110741,6352.97815394846,23134713920.2514,2263.55126270749,2059.47483343765,5729.46958828852
"482",2678.08659954758,2776.78002341219,2466.41581396531,2363.72462449596,3829.12657197124,2652.4092751083,2426.89255537324,2273.6837011775,3772.39528939075
"483",4473331.74041675,733994273.961446,3234.33622678026,3338.93878313423,6862.33601106339,4147.68878414522,2774.48373612355,2799.74570646413,5403.25755023632
"484",2917.29104950073,3781.43430393355,3069.22817819537,2740.38708140905,14276.4469254018,2784.54352833358,2310.80388123718,2192.91478583978,8993.93669134074
"485",3817.62409158704,5093.08027879358,3709.95807947188,3453.78188412098,1366106394917.48,3832.79565719183,2850.70408978989,2723.4077384733,10418.9520926547
"486",14586.7725774412,68547.8210284764,17431.620422771,29822.4836196053,181102.031832177,12734.7595540419,4852.60938844736,6479.3354164048,27504.6658281455
"487",6850287923.76646,3327.68089815606,2583.0883159996,2527.22858392127,6662.63703233773,3207.05801707773,2414.71928702251,2411.69069745724,6558.18073006763
"488",3392.39314345548,3938.32667749813,3661.6890295019,3100.84497193495,7480.94203655445,3396.5702200207,3279.71269169453,2740.08419724964,6471.74383169249
"489",2448.41050627428,2679.17860064622,2058.37508933666,2060.71084405483,5088.30914663024,2469.70706887626,1933.25445156739,1925.59811936465,4604.12642721411
"490",3088.16725253781,3945.59468800009,3592.08465558908,2999.26917325054,9410.41358105443,3026.89974016681,2780.13635375361,2380.22713223484,6552.58868199526
"491",5436.31765675894,7587.27737305455,4507.17617819456,5323.90539275317,11774.016481594,4873.2654127705,3605.1119812881,3558.43316567857,7703.07284802648
"492",3044.19242710298,3590.15154863042,2867.73298847798,2728.03563407941,5974.65093175497,3064.47378711504,2491.74103868273,2406.88118677034,4832.43815181424
"493",6191.48994676359,7929.2502981566,9742.35235902908,5589.51012507926,35143.6233959984,NA,4773.87592320561,3607.76225350022,14859.1728673528
"494",6882053569.11976,4033.07742854839,115283696.596495,2971.15366257955,5555.82400620597,354876144.812092,2452.25552478809,2538.7895866693,4593.51443194634
"495",3056.31838919877,337905050.849551,2524.25126048581,2431.00348021326,8560.53348904092,3045.76079034601,2314.27708799039,2230.4207535639,8639.01407032922
"496",3002.81436659022,4376.22018186907,2996.48884486941,2875.94399258336,13546.0087317785,2865.85052829058,2126.40063114217,2104.5820365515,6753.15518327644
"497",2852.39200200008,3214.9802550501,2377.77747931111,2409.10001661806,4446.40171598986,2752.2423169115,2113.99099189012,2130.0911936518,3584.51368405078
"498",3407.29959821009,4277.7135967307,2756.98206711933,2746.60105117952,8305.34009435757,3243.60162597012,2205.67128483606,2214.33413396365,5705.38947645353
"499",3208.01359207438,3552.82022633968,2382.87312714299,2432.34158105167,9776.10125619094,3119.74445738887,2153.4858251803,2191.13819424792,8823.74397096052
"500",3273.03314913939,3633.67545333323,2490.43114916122,2507.26887945566,11599.3141523007,3248.4754459209,2261.51156056012,2264.47612140316,8993.2542238976
