"","correct_data","ztoinegbin_split","Hurdleztnegbin_split","oiztnegbin_split","ztHurdlenegbin_split","ztoinegbin_combined","Hurdleztnegbin_combined","oiztnegbin_combined","ztHurdlenegbin_combined"
"1",1542.01458501799,1439,1439,1439,1439,1387.79161545351,1385,1385,1385
"2",1742.98113115364,1760.87786059674,1436,1537.59748138962,1666.5762974397,1694.08195401383,1482.29802493712,1490.63057673867,1682.18413115282
"3",2072.32784073502,2187.4248291459,17176841.5224271,1868.32257995927,2399.74304266099,2016.80342023421,1532417853994.78,1756.88092692015,2215.83982116518
"4",2022.59126804287,2107.41999360035,1609.77013884442,1748.95548848013,1924.91428841805,1968.66775396307,1652.99588947584,1670.9682234509,2194.65216968368
"5",1424.04883715502,1318,25812915283.4922,1318,1318,1332.40521163222,1271,1271,1271
"6",1992.31496616418,2014.7224551955,1743.18887535529,1773.95610628295,2058.07337940967,1932.98322014404,1681.44081132228,1702.63624430559,1997.70525668124
"7",232316652192.206,1764.09925461755,1460,1544.80777593719,1513.12880119612,22216230.2052971,1505.94535740889,1519.88867552523,1613.16311382978
"8",1639.35274011087,1658.17153126771,1451.6766168833,1444.17643413785,1599.40494922592,1590.90109432632,1405.24997767947,1402.42118205887,1570.77640134882
"9",2085.14473657148,2165.17918828277,1947.29347626564,1955.34549295482,2293.44586744133,2018.18924603922,1851.30570396217,1853.39552552379,2116.22105453849
"10",170088048.591015,341619663363.704,1762.97178376475,1798.71539095402,1735,1992.66381321461,1755.27924629224,1765.9264429101,1853.13455257061
"11",1748.72100459412,1114156502317.53,1458.30014100462,1497.80408190781,1437,105229209694.236,1460.21894224098,1462.93413853134,1398
"12",1674.25952969778,1683.99086041884,1498.37934886319,1504.76150165483,1486,1629.31751268248,1464.34676529556,1462.52795149928,1443
"13",1627.23561162054,1656.67618571152,1368.86329001932,1364.23449777745,1312,1575.79582208358,1323.64644648969,1320.81768919797,1451.00196302886
"14",2120.13108138228,2139.60466162041,1610,1734.24853961536,1610,2056.8768275152,3572338637.03941,1710.41101718916,1558
"15",1913.96017819201,1923.38020403945,1520.09505920241,1546.00707656827,1445,1849.78913120145,7432108.38588718,1489.29261808832,1396
"16",1831.81775169661,1678.46411723012,1379,1379,1379,1764.17434179879,1329,1424.97102235869,1329
"17",2044.54650565861,2186.96965110042,1730,1849.18633365747,2403.85669193472,1989.92444275705,1750.45986339128,1746.0982596266,2173.37612388244
"18",1641.19024766256,1550.32902775192,202161162.175197,1415.4541710213,1411,1601.04037421576,1438.15207306433,1450.07776442568,1571.62693364855
"19",1945.3448600897,1919.29425497813,12405248.711037,1596.44260813347,1935.3234528488,1877.10834795006,1497,1594.73871981441,1903.57612466142
"20",1594,1606,1606,1606,1606,1556,1556,1556,1556
"21",2057.14864163272,2160.41669699464,1848.63053472539,1854.72431663693,2465.38006267848,1969.21587663975,1744.166951745,1742.67657918922,2135.48787717297
"22",1657.04447388055,1613,1613,1613,1613,1560,1560,1560,1560
"23",1670.59270110985,1636.96167200886,1485,1485,1516.90078113353,1634.23501441545,1472.31019291147,1475.47350951448,1633.52781574804
"24",97374864.5094749,1731.60234551432,1508,1519.58049833101,1520.73533901323,1738.01406479761,1512.59060073557,1517.21740808414,1759.69550090317
"25",1725.88982955759,1725.31927765888,1506.84436994865,1520.95535217513,1725.03644475181,1679.33500297188,1453.17543168132,1475.80741181394,1673.25271309766
"26",1692.51010128916,1606.79200850281,1390,1396.49653595076,15158862220.1401,1618.5760277018,24169599.1267379,1377.89309225911,1349
"27",1923.25616685666,1920.84760520345,1587.83696868995,1692.47316370386,1579,1859.14163780983,1591.04534084491,1650.06742875861,1782.17744480832
"28",2120.80915605146,2155.23882869783,1672.64584300543,1732.62451942368,1521,2073.56139198757,1604.51078880152,1663.43145547957,1472
"29",1738.01381134606,1775.23717129397,1489,1533.61760943601,1489,1688.82583354386,1474.09458153993,1495.9861398792,1461.44107646646
"30",1810.8335338037,1880.45889050191,90960347827897.4,1614.30975591785,1530,1764.68711572513,9177448.96134288,1547.3390982434,1630.10805693554
"31",1729.91702505309,1750.83206041949,1560.45844583615,1582.92846949595,1661.06403115071,1687.80474250371,1516.31412929296,1531.61915349101,1609.88221909016
"32",2056.27537631366,2046.12773296581,1840.24374208233,1880.46921764366,1870.66375697627,2004.38040472642,1826.33988387569,1836.63520184294,2003.70139010774
"33",1957.13436216115,1986.95539063778,1796.56904712018,1781.94077685326,2052.32980408798,1905.25677784249,1728.986947346,1725.957886184,1983.82848969463
"34",1892.18507802521,1832.27183635423,NA,1631,1631,1846.00470066741,13697180.5912858,1610.52828662053,1583
"35",1803.28561490126,1699.5870960047,1580,1580,1580,1756.23228597892,1536,1583.88945725537,1606.45743590951
"36",NA,2142.76486736339,1821.86204951096,1851.19192943892,1901.30380235227,2189.27695198242,1845.54481765402,1877.58555845016,2247.94325100161
"37",1751.84505015775,1678.25695653265,4410552.8185649,1538,1538,1689.96626999746,12539516.0672091,1499.60726213548,1486
"38",2061.6556737901,2061.96737353297,1716.56629701036,1763.58267050977,1973.75872618477,2006.77038153811,1670.92360411628,1711.2223443196,1942.94382707114
"39",2095.11728647785,2175.75023163234,1929.06223344507,1924.53956645198,2513.57818695908,1663,1828.22276711957,1826.33852314868,93389312.4624332
"40",2297.93766763964,2380.84571112921,2064.73610153767,2065.89430095897,6481960543320.37,2238.82038692818,1973.7704110344,1964.81874011273,2566.96628660542
"41",2020.26082711125,1956.5110766173,5642750.61687511,1788.26309348201,1804.41409990427,861470465.191859,1785.11091157828,1777.13458598785,1995.10456831053
"42",2356.77200141962,2360.57486728771,1923.18472455954,1947.80658637205,2591.7547645673,2298.83426871689,1865.94067434782,1887.23336719279,2456.9591994043
"43",115423782.365145,720942.202965115,1590,1673.05185953099,1590,1884.70453808699,1570.58175180913,1640.29298345956,1535
"44",1950.07637667035,1979.04154974901,1687.19012551244,1688.52940561634,2099.4325307234,33036002.1572516,1624.44081815158,1625.81704830345,2019.48258221849
"45",129157628.609698,1550,1550,1550,1550,1961.05382035736,1581.33466061024,1587.66445201397,1497
"46",2173.31649600715,2232.84800859172,1717.73207358608,1741.15047965684,1516,2096.21422848743,1625.18783393002,1642.8427118425,1463
"47",2150.86670811913,2216.63249843374,1959.70567530809,1960.98641328237,2488.3075555388,2076.73506273219,1863.28550465041,1861.72459882593,2278.02418124067
"48",1689.13596261708,1528.21872168275,1418,1418,1418,1725.89333682119,1375,1402.7964929728,1375
"49",1483,1490,1490,1490,1490,1448,1448,1448,1448
"50",1391,1395,1395,1395,1395,1358,1358,1358,1358
"51",1842.18514174632,1890.51532934285,1687.21553524373,1698.19148999337,1903.00958350264,1789.67621964554,1621.53518552997,1629.82729402703,1792.87187895517
"52",1467,1476,1533378113.33797,1476,1476,1431,1431,1431,1431
"53",2207.4463845041,2283.85998062864,1880085.48065242,1973.79307402071,2577.51099357998,2139.44867126309,1855.8065896852,1874.17954304014,2396.12301353219
"54",1806.49884228619,1890.03747275175,4070275.45132927,1647.85481652418,1985.16767674847,1762.71020331703,1565.74324024189,1564.12884513137,1872.95537779927
"55",2067.90140366788,2178.32488432321,1764.46875376636,1805.98483009292,1974.60325949121,2007.29472581004,1686.8073412913,1703.10186313408,1894.25699584762
"56",1931.89874653576,1935.92813528736,1700.71369796533,1700.44159549064,2159.68666511173,1880.30281348231,1642.49510135318,1642.56691895977,2106.22668111058
"57",2049.23516916081,2070.34532323578,1526,1694.66280711266,1526,1986.66422905404,1514.42855666712,1646.87429196975,1472
"58",2028.96988427188,2086.48593699918,49574107.854338,1801.96690717327,2258.18334437003,1967.89211239162,1715.92411045723,1721.54470219114,2154.91053995296
"59",2194.11645285966,2227.67128075482,1954.19802818643,1954.46756494533,2380.49783258709,2139.98567877336,1868.93499847869,1873.00495762868,2244.58536008462
"60",1940.12902427992,1984.72387504079,1738.36224654882,1744.61479849028,2217.82027829343,1893.31209070965,1668.03270696002,1673.82707999743,2127.44780021941
"61",201908394.615546,516265778.229161,1873.51363842534,1875.69409326938,2369.23834003299,1997665141.23017,1805.2203476844,1806.89560586272,2314.46763006595
"62",2191.58856161722,2308.18468253158,1942.37058757925,1957.96270642071,1804,2127.45155339135,1852.00455447438,1851.45790894266,1844.0160878954
"63",1889.68439388489,1910.75150229678,1633.97667349377,1662.70807225639,1812.27514805299,1844.31422940152,1589.49951215644,1617.30286868178,1765.53001608427
"64",1397,1407,1487.81393204535,1498.49334655523,1407,1849.67646165607,1436.64358012162,1434.39387830395,1363
"65",2009.00263970486,2066.71790071094,1678.82911384785,1718.47004217355,1892.43229074971,1961.1506420084,1613.06324286049,1645.61995268411,1845.83025649344
"66",1940.63836355477,1940.30828424367,1569,1602.07754548711,1569,1893.18541542023,1541.73223779381,1600.94342354706,1517
"67",2002.97040115075,2118.56291301987,1873.89460850297,1872.36728575581,2450.24102340476,1950.63775960667,1784.54197948161,1774.64751958063,2256.89923738844
"68",1612.62620175253,1621.70749150921,1439,1476.09000871392,1439,1558.12953901011,1397,1428.47060342012,1397
"69",1644.60742711258,1464,1464,1464,1464,1609.3486092879,1420,1424.27283479648,1420
"70",NA,1709.05942386024,1457.7453227792,1488.54928567444,1411,614290.285774264,27759664.794322,1440.40437086671,1364
"71",2056.8416293516,2120.54565661586,1848.50097475921,1848.63100760239,76401148.5652736,1987.95123469646,31630532693.5368,1767.89800313936,2157.42082386557
"72",7037384.65379402,2252.38682388827,1916.58966466541,1926.75431463932,2662.48079381177,2184.3959130449,1851.59758357224,1862.31523527328,2583.29877506314
"73",136472602.617237,1893.1436729502,1623.20505159647,1635.38084465334,2004.66559371917,1812.2949670057,1568.65446099798,1573.73326946186,1928.60666509714
"74",2080.3737194567,2161.68103855921,1913.29844069138,1918.59703096874,2421.90517186703,2023.46877980411,1817.99529931161,1820.80562475967,2223.93065138449
"75",2173.57816220752,2274.6111525581,2013.59399048676,1994.87759801414,2648.30476220083,2105.7775853472,1893.93581902685,1874.03628617101,2422.22163987108
"76",1906.35159345527,1970.02661359785,1599.15808826536,1625.06190992809,1441,1835.34902454734,1520.67673719842,1531.92220304641,1386
"77",1973.46072935909,2044.13317058153,1866.09447747441,1861.56366037714,2171.23720605597,1930.08040541725,1783.46293706988,1778.74984032559,2026.81510212309
"78",1875.62503314591,1895.01196739999,1683.23765899226,1705.22977524791,1871.63716980955,1808.27028291512,1629.72246450823,1634.50409169425,1805.69078843328
"79",1995.80863545574,2056.24462498577,1792.15607244063,1796.54782373579,2262.69091930065,1950.83021230829,1718.25038258681,1718.81282269341,2130.35949443114
"80",2172.69331435557,2223.08272661093,2018.87410320758,2010.5037405464,2434.19491389197,2120.78558765834,1933.50607066456,1925.62552722744,2305.11922229139
"81",1867.99742812346,1854.26655243041,1625.44484886544,1651.39716963352,1711.24791572673,1832.03867239604,NA,1625.72049610717,1553
"82",2056.8464510557,2105.93412997297,1933.71090770957,1925.69710442786,2142.63140438941,2006.07812891358,1854.40639119498,1851.4406491476,2035.73277881277
"83",1798.51415360527,1674.23525712932,1616.57403501573,1561.85113455686,1628.70898697732,1722.37478915615,1559.30812903854,1552.42076939065,1621.31773630637
"84",1828.8739382987,1865.10310992987,1686.88013472124,1680.78846917769,1952.63827177925,1787.30554666996,1629.80304105497,1624.05241847633,1560
"85",190688851.709596,141675574.146346,1821.63827783298,1822.06728137045,2366.32762217776,1984.68893889407,1744.83434128802,1742.41550586603,2175.43237248874
"86",1452,1457,1457,1457,1457,1416,1416,1416,1416
"87",1744.87643898214,1793.58418402511,1492.56092241333,1512.32174332007,1491.89346306252,1705.05275315326,1448.0540493181,1457.5804467677,1565.06961082874
"88",1867.72851885346,1921.79762949432,1742.81636852707,1741.12760148553,1951.30298693949,1829.85914517097,1670.44871329993,1667.73612317954,1869.02257210671
"89",1939.8861746964,2002.40826196235,1722.72574910757,1760.46255101334,2126.15985446894,1906.37402659895,1663.37664230359,1683.19137310713,2068.08092672664
"90",1761.6122104395,1803.83232566236,1591.63230523832,1630.16754804612,1733.38298322191,1718.58093574145,1509.82425913054,1561.43785227077,1534.50059954454
"91",1664.44417490775,1688.20694065927,1467,1526.23375035831,1467,1602.83162371228,1419,1462.97112810971,1419
"92",1592.88858218627,1614.8724699297,1485.9859970814,1482.27625862592,1554.6363138948,1547.44157904518,1427.8384989516,1429.79402503947,1479.16883442309
"93",1801.57156444921,1770.62276794393,1406,1483.55275226484,1406,1781.13571622733,1387.40873620792,1482.02932653846,1362
"94",1961.45547517164,1994.27467930476,1781.3868596915,1779.58194272109,2170.69403353759,1914.05656937077,1711.8002777132,1712.12773965857,2090.28040093538
"95",1692.77471552645,1701.23798264489,175339897.622417,1440.16122500979,1383,1646.76232317261,1404.29918452088,1400.15888114283,1391.869878598
"96",1907.17566773448,1897.99415890617,1762.20469450381,1774.64870800877,1758,1861.21650435135,1731.6487481063,1739.94569183618,1814.05175601518
"97",NA,860198.055875388,1871.82328194552,1872.72731011452,2065.65235586858,NA,1801.6167259137,1812.2387666585,2040.83754414866
"98",1890.00331915024,1951.32432717366,1679.18872565962,1686.8215974775,1842.59918556134,1842.78217927852,1613.23654751477,1614.98926331953,1761.46164603826
"99",2000.31512931796,2067.57777469708,1714.55040873324,1719.04953238498,2145.11006846866,1946.29939901832,1646.63558590203,1647.69682091652,2047.69081537831
"100",2155.6254474121,152209043.1902,1910.26577780841,1906.76779900369,2448.44283103377,2110.67788218346,1821.92231831476,1814.60208596778,2374.65897800465
"101",1934.53509072854,2062.45286278342,1647.94858605848,1687.74018106155,1586,1880.06616857246,1595.21921319411,1602.43604206936,1658.3958458449
"102",69455668.3403338,2146.77706108339,1689.47599184831,1760.8015336668,1669,218168823.296376,1693.01065364531,1705.42201761089,1736.35748029926
"103",2023.27164730081,2071.26253235863,1929.04222294879,1925.65386912668,2124.25907405894,1967.93756130323,1852.83121594245,1848.49718983921,2013.6768665492
"104",2073.4950141684,2106.71081871737,1759.38938251598,1792.83609947856,1870.65391351911,2022.68980311474,1685.42041645414,1716.68282753939,1718.16873703938
"105",1787.73396746939,1742.88321225857,1403,1403,NA,1652.7114364305,1366,1366,1366
"106",1851.2388817363,1901.20795390052,1617.94906341003,1659.87861642483,1567,1803.27876587976,1576.70786613129,1596.63662551343,1634.38446453578
"107",2063.54771984359,2085.6621368615,1839.7199577688,1824.31456847584,2184.83309275668,2014.42768486094,1773.68177186853,1762.03872616878,2092.07129820844
"108",2059.15431551398,2136.38079274649,1886.16042617302,1884.99261797217,2249.962348119,1992.30345611984,1789.17541385143,1784.01443725199,2097.77843184208
"109",1869.89164887511,1904.1692135378,1763.49279529653,1766.76748419578,1924.56314270122,1825.5968426094,1705.40487408926,1705.34495809459,1842.03464316091
"110",9290650.33186746,2201.07754778209,1738.61066881188,1759.36374779975,7694325.05167349,2117.01365492483,1671.7976272575,1685.46430744198,1904.52765337556
"111",1940.89739893098,1969.5985474879,1777.08724740451,1764.97113426729,2222.68079685806,1896.39299221835,1713.03328198083,1701.96305884677,2132.40222782385
"112",1995.8873248834,1813.34360446983,5190736.54390315,1666,1666,1903.33667990265,1620,1650.90587120846,1620
"113",2037.66501341296,2091.14123620336,1907.45819334517,1909.81320089117,2153.45456666798,1988.71672589872,1835.55931981264,1834.97586126719,2055.46985808006
"114",2102.71815044266,2146.24632658601,1822.32974846398,1832.93887896152,2384.29172382213,2062.05973169725,1754.29947718797,1763.05366502878,2223.51960895925
"115",419812881.955302,2150.04656894096,79429054.9271167,1841.77283087601,2419.11734243224,2038.88249399479,1732.43020968292,1759.39906452541,2358.81234906617
"116",1888.48789599726,1912.4955465143,1492.28732454341,1513.9502098044,1397,1826.8342601549,1440.02447153718,1454.71699108742,1354
"117",2126.37459536987,2185.8227231889,2017.90886961815,2010.57228521584,2263.53984207759,2053.82719461453,1924.99852622282,1920.64432813056,2107.4382724481
"118",89421003.7500342,163780489428.05,1931.56064800557,1944.02112364092,2576.97853727788,2046.31707968002,1851.70582966764,1838.70935507859,2377.43109855803
"119",NA,1596.95010374128,1355,1376.47745813337,1355,3171523155.04814,1362.05605038658,1385.32455535392,1321
"120",1863.91057156259,1886.54001832872,1709.61284229648,1724.22337521161,1791.3959387412,1818.02524381673,3699441.01041829,1671.97565983737,1785.54158640844
"121",2037.95540220047,2067.94884779692,1863.91689855489,1907.33770375465,1955.30073515487,1975.42661915547,1816.76979585422,1842.41361643057,1934.72612948216
"122",1342874.56734596,1956.95016903105,1545.01755886535,1557.20172630804,1460,1862.84686245245,1494.45483841089,1503.29157198357,1413
"123",1985.43293598978,2020.40314186101,1728.08724771939,1746.54406796972,1963.17882328451,1933.78371647447,1668.7229502357,1681.26159691714,1801.57090650886
"124",1985.06365995056,2027.74853261779,6359921.62836622,1672.6808359366,2111.95242709679,1921.53142091371,1562.01973652988,1596.03031564736,1740993.29146863
"125",2072.35946180207,NA,1809.30856545134,1878.81110536192,2155.25207751049,2020.32372158442,1771.40877006843,1817.11410399077,2111.88146143701
"126",1461,1471,1471,1471,1471,1425,1426.55275760658,1425,1425
"127",1924.46707957989,1893.71165372492,1656.23502521979,1652.13126458967,1811.16933345177,1874.82945940621,1606.37504951042,1607.31077071489,1735.0185367159
"128",1897.89427328996,1957.30719710764,1623.89138444506,1635.49759584812,2317.64426718194,1854.61966970872,1548.35023313024,1554.55748327835,2136.54190987847
"129",1664.18159737721,1514.68743109724,1507,1507,1507,1611.24243717409,1465,1465,1465
"130",2155.41980643758,2247.91928690782,1916.59936942163,1911.01786338615,2499.7276787667,2103.59412871821,1829.67561840129,1823.28912163149,2309.92753611623
"131",1965.82734924033,2025.88230023835,1761.34793991795,1760.1311577458,2007.08249777917,114029918.175276,1685.29152675737,1681.05817665773,1924.11282105012
"132",1896.11260887436,1993.4418363265,1695.54828354993,1710.60915376832,2184.73732324707,1833.26016625353,1611.9259342115,1611.75756733619,2032.42256702341
"133",1652.29704978327,1655.11666283247,1553,1553,1553,1602.0585321057,450587.136424022,1507,1507
"134",1714.84477426542,1718.83337921407,1517.56509201905,1536.95345294467,1491,1665.33881503768,1493.96669982647,1499.47915874252,1614.583297532
"135",1601.07634278494,1431960914.25296,1481.08575397102,1488.27473448727,1529.43217082237,1560.30730627644,1447.6410326086,1448.27421831719,1532.94897106765
"136",1980.28818517704,2062.95235489578,1796.75496839305,1792.1872884705,6472418.22072539,219291810.377047,1710.5082321889,1700.27273904539,2205.37397394971
"137",1793.56934450182,1510,1510,1510,1510,1737.59130519279,1478.92962698357,1501.87463149679,1469
"138",1932.19324630543,1908.27133110743,1598,1653.37144997416,1598,1851.17827399323,1544,1599.42433309934,1544
"139",2071.84095368903,2099.33867538163,1795.60582336816,1818.14464751067,2173.30803309442,2023.87113266672,1744.94149087198,1758.59308440509,2138.77899447841
"140",2299.59765290775,2438.59001982424,1975.27042612458,1995.39139868851,2776.08532543315,2250.42822670235,1863.91338907422,1874.59178103126,2556.91499866971
"141",1955.55110428262,2019.19676015864,1800.52676508479,1814.25475128247,1996.81853472155,1870.33249976783,1731.32071098956,1732.33131578561,1890.94497390687
"142",1721.75152966449,1771.90220064501,1505.9622339198,1551.66040814529,1433.22743977156,1685.3218253042,1455.87026573424,1491.22692456072,1371.0553487
"143",1341,1344,1344,1344,1344,1309,NA,1309,1309
"144",1838.5677798112,1815.60958619345,1622,1634.6056799115,1622,1783.05849763925,376603979078731,1601.00192405896,1638.76083078391
"145",1684.31938748108,1705.35568784241,1493.02263027434,1515.55525022265,1729.12032583931,1632.3753153243,1436.11596419138,1451.27497069391,1652.79708832726
"146",2145.95016391425,2234.93530587706,1948.33676223213,1951.26709163966,2382.27598042427,2064.26877841453,1855.10617335568,1854.13092478042,2188.1472081414
"147",2232.67508219701,2350.64753456876,1958.67742871437,1959.27585457656,2712.96896735017,2170.89330293577,1854.09693090283,1851.70108740742,2438.71732139541
"148",1766.36749995977,1709.40499920151,1578.11807972736,1555,1559.46189114712,1719.95887141554,1544.06342822784,1540.58704164306,1709.04889200036
"149",449946683.821136,1857.92486247657,1490.52237300292,1537.83531246386,1416,1732.31195911048,1459.64638134303,1476.14705793102,1488.54331089696
"150",2002.96075231108,2042.60457989516,1669.88878280838,1674.82417106264,1904.93695986286,1949.55360530125,1601.30718639954,1604.23161109414,1808.95009449188
"151",1337,1346,1346,1346,1346,1306,1306,1306,1306
"152",NA,1420.12360963578,1382,1382,1382,NA,1339,1339,1339
"153",1929.20035940204,2036.32072329305,1682.06499361183,1705.10275534477,1952.39888369518,1438,1595.30185586171,1601.60042310161,1871.45577080137
"154",1897.1249523163,1968.96008697787,1644.05537064316,1655.51445125334,399908966.596303,1857.57626178702,1571.49988142643,1581.20636263244,2100.94303381938
"155",1752.06163966468,1566.50306794079,80142444425.458,1434,1434,1712.51603735999,1390,1430.47795600074,1390
"156",1834.87980533491,1910.03040800185,1529.40097605834,1576.24396514123,1480,1719.868983291,1422,1422,1422
"157",1638.55366258061,1549.82010890742,1405,1405,1405,1588.8437909566,1363.89709865735,1406.05087264871,1362
"158",1607.80949520753,1646.25996167498,1454.62849175233,1475.48026464744,1489.4083044034,1564.38670576231,1432.32398543375,1434.25077195073,1593.19770999693
"159",1967.79357194662,2022.48375013243,1828.88372793277,1834.68548117391,2195.04903076939,1915.06470546898,1745.93638816631,1748.27007980417,2070.66151380547
"160",2181.49531795157,2269.84650489147,1947.76058977539,1953.6290627738,2421.18810845066,2116.16391076134,1855.37615462556,1851.83378277293,2268.01525284615
"161",2026.65951025871,2134.49081428427,1952.89926400591,1934.40003690651,2452.38538638066,1972.03979881965,1834.58307949597,1812.69112461958,2230.63317978968
"162",2144.38186596561,2186.95485499629,1883.01397978418,1885.0671661933,2542.97110966861,2092.72142820142,1818.77529424717,1817.74892245057,2446.76663523965
"163",1865.16180722175,1908.18386327692,157519251.725668,1667.58954143701,1859.67361571391,1820.14013300992,1567.4962236979,1602.13735346128,1758.07205975585
"164",1388,1395,1395,1395,1395,1355,1355,1355,1355
"165",1815.0666183619,1735.51564346094,1732,1732,28041756746885.1,1789.70562333477,1679,1679,1746.25103559525
"166",1465.45350142249,14079629533.0469,1383,1383,1383,1426.26668195711,1343,1343,1343
"167",1929.50420840567,2006.61289354514,1804.03694042956,1803.03138911652,2053.16997199056,1881.98715206041,1722.07767465235,1718.49499292719,1925.4056256412
"168",2300.5277356292,1811.65317743399,1637,1637,1637,2218.04097906976,892140.035373977,1754.183847318,1580
"169",2021.33819549616,2046.86912984693,897472266.190209,1734.03933493718,NA,1967.4651710468,13148927.4430785,1689.03505994202,2068.5351250392
"170",2009.11596389182,2038.26341063195,1823.3698282417,1827.85813219265,2225.47050208789,1983.115471623,1766.01020709667,1770.99858877592,2182.11140835525
"171",1779.63626893225,1782.96803940361,1653.6982859978,1641.79950526137,1631.10051407022,1727.13141418296,1604.050548007,1597.74522550951,1649.26717452485
"172",1822.24854363472,1444,1444,1444,NA,1759.75358405666,1402,1451.94758819387,1402
"173",2121.05225630074,2160.72424257458,1697,1828.8091507506,1697,2061.72835194411,1697.19493113008,1774.15985687038,1960.36034024927
"174",1752.83681482117,1786.56070280518,1567.75879804435,1597.02806927335,1611.28343701128,1711.0522585218,1521.01341651883,1541.27613279199,1528.73520638206
"175",1778.67398896513,1468,1468,1468,1468,1826.84772906099,1415,1427.77481529805,1415
"176",1947.38469103791,1830,1830,1830,1830,1888.42153038516,1813.04148540391,1787.42487532509,1789.32744334236
"177",2056.56783972675,2150.0218849632,1792.5243903855,1821.44193982025,2209.77609167018,1975.83609761492,1731.12745384472,1736.18247094742,2114.42408371151
"178",1920.28726546685,1976.78811403586,1699.22373442192,1717.46019019911,1831.73535402849,1879.49106181624,1890771654.12667,1652.50473889183,1857.30093315761
"179",1688.8144990514,1631,1631,1631,1631,1601.54433067944,1583,1583,1583
"180",1901.00153326994,234599107252.36,1615.07186341867,1627.17299255607,1998.23659280987,1839.74962288128,1543.08242640933,1549.38135432829,1904.21449577745
"181",2023.72397901085,2047.15120769868,1841.25012569555,1838.60052522454,2133.98832184684,1980.10749904192,1779.91203995442,1779.20204574203,2060.4714976915
"182",2069.30378404938,2145.54787301166,1780.68310982385,1787.0166229281,2455.60492183123,2008.46623952055,1693.78871615765,1696.15756509338,2276.63083563618
"183",2028.58774735826,2094.86896028712,1876.51430982099,1875.7393515959,2268.44812535949,1984.90402539703,1790.40905610762,1790.84539706872,2098.79376923855
"184",2104.37332233225,2123.95602053111,1807.99286993187,1814.98523360177,2532.9665897442,2044.50382481607,1744.35738044432,1750.43385880407,26844832328212.6
"185",1860.55141779481,1896.82161503522,1720.81920158625,1716.98436869393,2002.20642310372,1802.80245029105,1650.42073184974,1647.41885140083,1895.21503186328
"186",1669.33521920366,1720.20931795069,1554.39197538122,1551.65344498573,1750.14234607581,1618.98556821793,1492.29105408905,1489.62591040236,1653.2732740344
"187",1946.63964924331,2018.9182798464,1700.66805976332,1705.98461426095,2081.11706479827,1896.6379686939,1626.44174374443,1623.29741749194,1984.60651754199
"188",1679.35352633212,1661.02388836967,158298543.422984,1458.05489312776,1438,1645.57163739227,1440.75460978136,1429.89306736925,1400
"189",2105.34752824855,2201.88722319443,1880.89604796446,1910.59249469546,2019.01201438493,2049.92473978491,1817.2447457389,1820.6070433515,2063.79129264956
"190",2263.77665016892,2072.26206792056,1728,1856.99236133925,1728,2203.47353764282,1860.25671269292,1908.7188378303,1890.42164075889
"191",1630.49335183291,1625.77743563947,1382.52169435261,1436.2596705654,1369,1604.85410296452,1376.03049515414,1415.10235809278,1489.07289554632
"192",2044.89392431522,2076.81040288668,1802.07880350593,1830.6633686709,1781.52744610561,2004.07150683971,1749.90874130132,1768.71047958757,1797.72323018413
"193",2144.73921892558,2347.77870570369,1750.47665121699,1777.41240513873,1532,2083.69102884798,1651.94152716624,1655.68541453196,2190.53213934644
"194",2009.05555466595,2048.54336422749,1770.77231689375,1832.04912023911,2044.95380132539,1957.29206177835,1768.8640072755,1776.85892428847,2071.83819431041
"195",1647.36443071884,1504.49862517989,1393,1393,1393,1578.85590943285,1363.65497469453,1372.702202918,2354680508.67616
"196",245891687.084545,2014.49145278787,1753.52838070837,1769.12016037435,2121.61389087345,739783993594.634,1679.61252570725,1687.29294315767,1981.9252826787
"197",2074.85268248249,2153.3233641928,1693.84419546775,1721.53857276589,1518,2028.67587421602,1478,1654.79081550111,1478
"198",2079.47471076664,2066.38136819362,1799.11951552796,1786.80129595924,19135625.5177945,2028.93276369844,1746.00178506836,1740.58537530889,2090.23664226095
"199",1873.95799120607,1910.42251209563,1637.46033907393,1656.28031108883,2061.59914440609,1825.29100364783,1579.44918251336,1593.39470982536,1981.16379595162
"200",2029.29165916269,2135.06400919277,1755.90335312454,1781.92953100103,2269.10616643881,1979.94667014526,1673.92131876222,1683.6795384179,2224.15232606193
"201",2399.13754743573,2505.55532308923,2070.63032490873,2081.86940731136,2939.47576799435,2318.80913373829,1944.36557615103,1950.88200669259,2773.12587537614
"202",47025211.6297168,2231.9306454296,1975.45095539833,1971.37313832515,2718.95926436015,2090.30967565261,1883.47297709145,1873.08097467935,2514.42523476866
"203",1809.89342348573,1694.23016427921,1669,1669,1669,1781.63632544129,1650.20400916155,1658.97750978779,1674.59260609271
"204",1868.03121790751,1876.32467345501,1658.64478216894,1679.81853222148,1717.60188800806,1813.01406951415,1635.18162112301,1635.60148718506,1829.01127248813
"205",2204.93575401219,2272.45652320464,2038.87079187011,2041.51748115621,2434.83794726835,2153.77715523478,1955.18109459986,1955.12445911346,2273.08642714723
"206",1848.60601316046,1865.73773290988,1595,1669.18754764577,1648.08816738284,1789.39481870604,1582.5217074289,1613.90702828149,1731.55973874168
"207",1409,1418,1418,1418,1418,18498200.1287927,124417269.855758,1375,1375
"208",2215.20097520549,2292.57926398506,2107.63401173945,2074.34368991265,2565.64123494441,2159.14251902982,1995.35355075373,1968.87122872308,2376.73811680517
"209",1996.64632950938,2009.61278406109,1822.75465656654,1816.49254240946,2071.40475645453,1948.48344501614,1765.61989857155,1763.57565499037,2012.07849689337
"210",1870.09650142151,1816.83621410855,1562,1598.03268117902,1562,1819.37509193502,1513,1582.56442764304,1513
"211",1859.85182804471,1920.10705376731,1563,1622.24343596026,1563,1793.59213923834,1511,1561.89630166704,9985841232.27076
"212",32300157.1731447,2090.08616144335,1599,1759.82383043222,2213.40320741769,54132573.3129152,1655.53193146315,1668.80395834625,2101.97515664478
"213",2041.70442663833,2118.92528934916,1907.72379127575,1904.88139316769,2322.42784047486,1988.49916190603,1814.7910085557,1811.45042808864,2148.82625089516
"214",2086.41993728527,2220.15866917944,1901.41747815211,1906.39220733564,2365.69060665105,2032.95546499892,1792.50312620327,1793.20156245633,2206.6596784278
"215",1956.8274808407,1916.23130925194,1536,1639.5689073403,1536,1907.44330306772,1506.06604246841,1628.70877102552,1481
"216",1643.49252935004,1596.06287733812,1412.17290119935,1403,1403,1631.1365257057,1405.54494688021,1400.33159979116,1361.20275499398
"217",2044.66688281529,2125.5125275188,1905.54740947266,1902.641734579,2039.837554178,2005.64861370551,1821.17165314533,1816.14696312794,1949.25916432765
"218",6184120.90759214,1957.20044226686,1687.15340652204,1689.00956325864,2097.8209356064,1926.19978150218,1638.29705571704,1645.90262332649,2008.15109022544
"219",1667.07295021056,1689.97401431805,1453.3066353646,1460.05321586314,1567.21682589019,1623.72490698819,1409.96969206061,1415.8116449049,1598.91447922271
"220",1512,1520,1520,1520,1520,1476,1476,1476,1476
"221",2207.18580316466,2241.45608247954,2058.01495616776,2063.86673459501,2352.11603720251,2152.38385759919,1983.87252458019,1988.0953917378,2264.63930642958
"222",1881.3991870703,348472016078.901,1592,1642.41260626398,1663.97350238637,641970113145.793,1538.654445091,1588.74436438072,1733.006824792
"223",1920.9105570534,1977.02639969119,1653.98506931985,1668.6823287559,2070.65643724434,1864.55441719931,1585.56380601171,1586.86811212411,2049.30433914703
"224",2032.6528303516,14634956.5566637,1591,1676.39312034347,1591,45000073.9852381,1589.97793984125,1625.2031466472,1761.90018588898
"225",1908.07122817088,1956.42074137935,3032988.99551558,1597.31331420955,1519,1857.82529889929,469741887.729562,1543.30055873921,210542991.601055
"226",2236.01261141771,2291.93305054334,2009.08687873025,2009.90615954518,2462.76015309974,2159.31869124239,1922.65429681971,1917.70573331074,2346.96594664638
"227",1723.2239080047,1572.27901147018,1450,1450,1450,1680.74140416711,1409.811636033,1442.82685750972,1401
"228",2316.87396326163,246108775.609706,2010.82958321827,2025.08930543588,2798.06368958389,2254.75939813043,1927.3986958502,1930.89339906219,2687.93598769511
"229",7619496.94432519,2048.18432322267,1727.32094665285,1763.39200110562,1690.01316528498,1965.04621193959,1693.09085794034,1705.48325672043,1591
"230",2258.9544638925,2336.52956220334,1940.86408264226,1956.13540761323,2944.24744566417,2218.39792035237,1863.62318886268,1874.22033494169,2785.46327839491
"231",1990.22124860089,1740.7002026163,1826.99101994086,1739.50787582872,1929.90900898446,1875.92684680637,1777.0784724315,1757.89624699375,1904.63812282297
"232",2130.22929398822,2198.04383771196,1958.93399356664,1961.24741719214,2382.50322766422,2067.84142853259,1865.91972176813,1864.0274030834,2229.46762994625
"233",2018.72323084655,2054.71379046485,1756.55379025183,1757.5549726976,2304.13208094476,1961.98681662026,38896058.5190556,1685.94212681232,2155.67488096867
"234",2103.8132169805,2166.01434330683,1654.44121204771,1681.56167227875,1465,88696590.0650629,1577.91349763315,1598.46512045862,1408
"235",1343,1352,2661881.22868434,1352,NA,1511.1383807481,1311,1311,1311
"236",1756.46604717539,1757.69946513684,1624.27972853645,1618.95336065482,1733.78673470658,1713.02792569915,1580.30975484695,1581.5765711035,1700.69452149135
"237",1789.30568584548,1679.53190864187,1487,1494.79807879343,1487,1761.60382789305,1460.42934363182,1551.87389140512,1442
"238",2211.56366067801,2266.06014854457,1942.91596992933,1938.19036100283,2635.12282347775,191503249.904575,1865.57581746126,1860.59568966263,2480.38615363606
"239",2123.41943077145,2162.23724702315,1801.28112640812,1822.43485074519,2041.93737425527,2072.08110628537,1744.02702828499,1761.29862548169,2053.37475343133
"240",2316.104459124,2372.20882381114,2030.03597200253,2033.35662807038,2524.14198783249,2246.74642471779,1933.66646986638,1936.39966876615,2387.96223921463
"241",1719.79938722925,1674.43513773837,1395,1403.03774923197,1395,151840522.976,1356,1379.14399360966,1356
"242",2011.28649339005,7237800.93040148,1856.84041325063,1853.59838653745,2257.60472951141,9887354.76690848,1783.43455677679,1777.0999096702,2171.99983272506
"243",1653.40980577872,1552.01797270279,1469,1469,1469,1576.12836852283,1421,1421,1421
"244",2050.38338665852,2105.9262335097,1913.95705430512,1921.86303483952,2142.2771260441,1999.94205229774,1841.01881023372,1841.99779999495,2064.45495113006
"245",1808.50225923362,1871.59357135744,60986720.59934,1604.27537791542,1493,1755.03984500157,272100438.321367,1536.58763652381,1538.66341778275
"246",2300.63044882225,2415.62021488878,31908962.8748414,2020.69179075793,2534.10578125017,2228.80724841146,1908.38581019966,1910.21382265509,2345.98161048073
"247",1981.41302873372,1958.58666330011,7331946.43841839,1691.70014429253,2161.55315135869,1920.84266053193,1665.82459391606,1657.62107080273,2079.25036965596
"248",1826.39807552199,1864.859022179,1626.43742501962,1647.4165257118,1779.37686259623,1772.00980350152,1567.94432743241,1588.5701050083,1711.42010752763
"249",1842.37341892454,1953.93948045549,74717126.0300816,1547.39805963971,1415,1800.1694763531,1369,1483.07705142765,1369
"250",1976.04718848926,2008.24736298896,1820.1123749116,1823.25668589525,2094.42853943849,1917.56146059887,1755.16888707476,1757.21401488847,1988.28878243107
"251",1736,2280.79891809265,179006702.665941,1983.55557842345,105380040.790613,641953572.948915,1873.18337423379,1866.62932792292,2446.71722887865
"252",2103.78551543552,2116.08080125672,1756.10055976427,1789.89241577056,2308.95106431696,2060.35979901048,1696.71100769227,1735.5237722443,2153.90697508974
"253",1949.70873413252,1974.13738396722,1758.50148688385,1760.08905381154,2181.0525454929,1895.48469356345,1694.30874247905,1695.54632867878,2092.40010396246
"254",1757.53457564571,1709.92525553801,1550.83864013661,1553.13190325411,1588.87582874876,467732.052402761,5665620302.784,1527.50701438927,1510.79524179617
"255",1866.88959100427,1929.49374735138,1610.78248548777,1609.90616833915,2048.95445165864,1822.29187245174,1551.39655217497,1550.51593754626,1949.14232549184
"256",1974.83632000242,2061.75014761058,1827.58597935032,1825.54654797516,2183.57321327409,1909.63227762327,1739.62150598278,1733.09340137614,2036.17520403404
"257",1567.35799428133,1486,1486,1486,1486,1540.99992312939,1444.99824532927,1439.48466445,1435
"258",1783.83498958797,1785.62434806208,1595.61046323762,1596.2869728484,1738.53584845628,1738.58511481001,1562.89430787263,1562.31279908299,1751.82164858271
"259",2001.33956873834,2041.34574258042,1638.8311931535,1801.39505781161,1591,1961.58721267598,1653.30637919767,1736.90776747756,1713.90774069987
"260",1990.74616550572,2093.30706812944,1865.98005217724,1853.9087564052,2173.78508171142,1946.41837383637,112462292.816023,1756.88867894074,2001.84852527062
"261",2008.38765275434,2008.17501691365,1588.47956683349,1706.41499823517,1488,1963.67076417861,1545.50479889091,1656.01122549904,1437
"262",1871.25050775761,1685.23070147739,1012316381.94838,1473.59904274906,1447,151707937.597001,1401,1512.91739893252,1401
"263",2114.21701552231,2134.09721614325,1874.31744779065,1881.29030450451,2240.18084316026,2052.25887855941,1802.43056169576,1811.49805654987,2122.88072065092
"264",1981.30392991801,2025.28565080964,1820.09491934915,1818.74457950263,2104.05632295218,1926.06155836636,1752.4346791316,1752.48116193408,1990.38531232313
"265",1449,1643.38280155406,1481.23594634938,1457,1508.20253713799,5545601302.07126,1452.96232454952,1436.49146219244,1592.41315228497
"266",2146.75615056994,2233.22461060289,1957.15734515209,1960.59092799388,2454.40732530827,2084.59535956144,1859.36301894886,1854.80234122729,2289.05524769022
"267",1387,1396,1396,1396,1396,1381.25772507325,1353,1353,1353
"268",1939.63424160584,414931628.697294,1814.86746318909,1782.30247764597,1956.9177739217,1706,1733.97069188394,1706,1869.19234371729
"269",1988.02518133403,2046.09693561415,1840.33660986465,1844.90240917269,2152.61763598461,1927.4185082601,1759.01841542595,1761.40836997308,2023.13352833126
"270",1499.20315304791,785200491.645987,1430,1430,1430,1485.81302167128,1412.75101080152,1384.42495719838,1480.73284749768
"271",2094.25800266406,2091.13620535469,1812.26916860004,1878.22355582621,1827.12066059571,2032.60395112968,1778.48593820894,1829.3017622974,1805.48873229069
"272",2027.62889001831,2081.13139302637,1837.15872497306,1841.72338867829,2278.23733907565,1967.17324957072,1759.32085335408,1761.31324739208,2119.633723922
"273",2124.95589705689,2176.6145873326,1920.27836104829,1914.92860663783,1672,2077.98366512043,1842.99703438336,1835.63174280281,1612
"274",1551.36981688533,23333264.259232,53666156.912186,1390,1390,1468.19206216226,1343,1343,1343
"275",1921.32970479564,1978.28678961081,1587.97255410818,1638.6655331413,1481,1854.15165529611,1529.91176209109,1554.59144711909,1431
"276",1643.25823822889,32893128627.9415,1360,1410.00971054918,1360,1615.15027941221,1320,1386.60122647851,1320
"277",2155.82992653331,2192.31693583015,1918.05999817325,1928.01090406076,2454.60608685904,2097.11018002293,1832.69620702654,1843.37348842786,2293.73116173051
"278",1917.53852414392,2002.41879072615,1570.09521017864,1582.86928332892,1469,1875.68134933319,1515.76779791575,1520.71488843174,1425
"279",1794.36374635084,1507,1507,1507,1507,1728.67316587286,1504.93867679387,1522.207551334,1459
"280",2103.5827207186,2151.5886268041,1917.65202352514,1924.33853562938,2311.63661470762,2037.98758978812,1828.8561352191,1832.07572145533,2169.74854235565
"281",1427,1433,1433,1433,1433,1393,1393,1393,1393
"282",1969.35217736953,2013.14610734279,1741.83289692024,1814.66528840768,1698,1911.11166789954,1733.77381470834,1745.1818340696,1877.36265195122
"283",383392003.462123,1839896.27795973,1943.40319192194,1943.58797687309,2365.69668932715,9604798.02740124,1832.1909470036,1824.12305368982,2137.31972223501
"284",1832.95566321939,1864.721656456,1611.96182508609,1621.74878130176,1962.01790787341,1788.81889621319,1545.64176455364,1556.53815154659,1857.05918441634
"285",1436.70050359739,1321,1321,1321,1321,1358.54309211025,1278,1278,1278
"286",1850.06838929159,1870.26086394996,1454,1548.57149642026,1454,1796.02510989244,1412,1496.0451075254,1412
"287",1875.36843764287,1937.66566398812,1642.12450567226,1649.03401185373,2044.95938654202,1818.5090301788,1574.82968027461,1573.2436301559,1991.31470177423
"288",1350,1358,1358,1358,1358,1318,1318,1318,1318
"289",1681.15220169885,1577.16196497773,1515,1515,1515,1609.64487154684,1469,1469,1469
"290",1690.19017532869,NA,1450.75517802387,1467.5470982782,1695.6663998728,1304015007378.53,1413.45702179716,1425.31587009338,1639.82182108216
"291",1551.48248199111,1566.18688575974,1446,1446,1446,1511.55726326216,84732780.7354974,1406,1406
"292",1753.87942930858,1783.73536692567,1625.26376661952,1633.23863708801,1840.65486588688,1705.83130185675,1569.9925384601,1571.2055615684,1742.6798033988
"293",1909.12885645692,1904.51522268337,1664.97919893917,1677.76669117121,1679.84740900883,1854.4429621654,1608.67612894925,1625.76443791503,1562
"294",2048.18476026085,2197.9123282755,1754.1397406329,1774.5308642871,1521,1993.64283687727,1659.80951490153,1666.5245505351,1465
"295",1942.65145283639,2026.25471939654,1441.30803446388,1530.67762023315,1402,1886.6358283136,1419.56775567335,1456.74011822871,1355
"296",2028.5962690151,2033.78510128367,1652.63402436078,1694.23565834677,1718.53733102774,1966.67162425454,1608.81647852049,1640.55095904106,1649.933193626
"297",1702.90382629817,1597.54147321084,1490,1490,1490,1696.53915692943,1446,1474.6180331611,1446
"298",1705.29535481128,1729.21045812213,1558.04974403968,1553.53786776437,1723.4202083345,1660.43227056116,1509.65963476481,1506.5789963288,1639.11650166355
"299",3307392.52697753,2225.07341352649,1014920909.12049,2012.95957924321,2468.61363497559,2089.0263451831,1912.68732741722,1911.12360947732,2295.77306357352
"300",1885.54150263862,1927.66722163119,1446.17581472765,1557.90077316737,1427,1846.57747120282,1469.54596068975,1507.56369705906,1387
"301",1823.51250269636,1880.78689214367,1524,1597.2907539011,1781.26171088192,1778.53928888378,1530.92719641212,1532.71511560239,1718.94826084883
"302",2101.82268655317,2055.49969678794,1655.2842504156,1711.92219380516,1975.60655761575,2033.33742694181,1562.03253320789,1647.23150301805,1664.65240514793
"303",1976.22421707899,2069.10295258585,1747.85213154122,1765.75189321476,2247.76777080851,1927.05001341632,1685.3333139279,1686.23570098652,2192.87144406485
"304",1358,1362,1362,1362,1362,1326,1326,1326,1326
"305",2184.00570653033,2279.70946600898,1983.70632479918,1990.40266957315,8348252.22816324,1697,25780832.8309504,1866.73084970665,2292.31951649881
"306",2138.6069330544,2221.13193473625,1945.73730924312,1936.50951181087,2476.03516333609,2073.85106558977,1839.03872626985,1832.31416708092,2292.69870130207
"307",1779.55410316617,1885.86978457254,1587.37379060962,1589.75231487579,2061.04255456918,1725.80444050854,1500.58047477928,1499.85615328355,1981.67771773598
"308",2001.20950829509,2028.61149902025,1678.47446588342,1722.91725629865,2093.64579235494,1957.23988264573,1633.69454448655,1663.951823049,2043.34278207706
"309",1874945998.14873,24907168487.8936,1434.10298424928,1489.3283310045,1434,1735.32443633248,1444.6531785556,1461.23234089613,1392.22070713978
"310",1798.48324412027,971791215437.215,1524.88659235255,1556.68974560121,1554.68547077125,1740.23052988154,1493.83762338964,1507.37797316128,1555.35271610241
"311",2013.87435234309,2059.97171475127,1839.54509710306,1833.4645839668,2161.08751554641,1968.44150004446,1768.8835040077,1762.70744973145,2053.20068630378
"312",1930.96661333373,29070314.0739395,1478.1329569161,1558.26380425335,1460,1852.17672403512,52959397.8748826,1496.35277694759,1418
"313",2054.96761383067,2144.2116484991,1790.78266397931,1828.82577471953,2138.22619366627,2000.02303771642,1730.88363744036,1741.76260318404,2092.70563808605
"314",2159.88181361461,2266.49678647686,323931538547.529,1953.02905495727,2016.89339504979,2085.38535875701,595910726053187,1837.89902046674,2023.37966722178
"315",2161.00227867642,2210.52278747245,1940.13398419587,1938.73828870184,2313.58316115878,2119.544717864,1869.29219955776,1864.58411843075,2250.99636084674
"316",1740.63918538728,1759.32122897402,1468.21167035963,1481.83786382694,1595.43923530373,1684.21323840701,1429.21852422865,1431.80200970458,1654.3797907719
"317",1899.84490244675,1985.20876808072,1389,1541.70088143703,1389,1843.62771177904,1468.13511760217,1497.34715367692,1344
"318",137933932805.199,1936.95908797468,1591,1684.7140886037,1976.6579488825,1544,22631701.4056288,1625.48188712011,1874.974089315
"319",2227.58886140425,2293.36117280476,2063.79548583095,2062.80325972067,2434.20381536532,2173.56921719473,1970.16651892863,1969.92625470757,2316.35027623365
"320",2026.76069526033,2128.75303352223,1808.72622399838,1843.47571348076,2034.58176189179,1979.2752142293,1742.18624672881,1753.93404370644,2021.4382774555
"321",1861.81259288792,14832117634.6386,1692.53648104729,1698.88281709917,2038.35388811802,1811.29521820503,1621.74272814264,1625.0062255723,1925.93842816583
"322",1922.62059551865,1953.93996140554,1815.77066202494,1814.86838485969,1977.91987316891,1874.47119747358,1752.32180673567,1750.38011801664,1897.00006485508
"323",1796.82204692888,1841.63438299407,1602.02253751287,1624.43190941992,1898.7269151666,1742.17257838845,1543.66713633437,1557.41269308379,1794.19304606152
"324",2001.10238414749,2041.69011959594,1706.18468270834,1713.6815192503,2216.46300724305,1937.76284532681,1621.3335102017,1628.1783291783,2083.7816504536
"325",2083.92115326281,2134.81025529306,1934.6411053728,1930.4502386721,16703223.20566,3538344.94203452,1848.3396764138,1845.2026415003,2199.43186629401
"326",2232.84656436759,2315.76666663542,1955.26461261803,1972.79807712615,1726,2178.06385020784,1864.3704723206,1876.75102491618,2612.08299987023
"327",1959.30367357538,1957.5769677496,1726.28674739988,1738.30390682742,2056.71097870694,1900.80199430105,1674.27769342255,1686.11621086352,1974.19537405304
"328",2032.30275720223,1879.97976369369,1524,1596.28632946184,1524,1968.77530616253,1521.10026748659,1657.61854811437,1478
"329",1662.0788866858,1662.58035830224,1549.86334750655,1532.51105162571,1617.47348897426,1621.55140730821,1511.20689634865,1508.56563650962,1604.3800632559
"330",2052.3920128344,2081.56936923064,1882.81608822437,1892.40502219996,2176.83511407255,1994.97600013984,1808.92635634468,1817.22939628314,2083.05939279881
"331",1753.35060637744,1799.39599089213,1480.61170618371,1559.85762075873,1457,1702.33067608311,1473.88752382742,1506.66562495093,1502.18034092545
"332",2022.91991454086,2093.02749860305,1616.1897779069,1631.74391595387,2397.15523508057,1969.40447505439,1530.96434792137,1542.05577932368,2169.37684454317
"333",1834.33179209622,1896.82017046868,1701.06811964761,1695.47843850679,1890.43170107032,1789.91747496797,1625.79387115327,1621.2046046866,1786.40735578904
"334",2135.83623865924,2191.81957602304,1906.50313618611,1901.53879789467,2451.59219454913,2088.53550046457,1836.53747588491,1830.40455805142,50343000.3814508
"335",1964.1933066281,2022.11550286491,1695.20153092083,1750.13663610899,1637,1895.10706044571,1676.69681840502,1673.34710906903,56595848.9600332
"336",2154.38806336759,2234.25881555954,1777.62880547854,1791.95629419991,2166.97391607019,40140835.8560702,1692.5387220492,1698.98289098098,2020.48260377487
"337",2252.43220200489,2350.69395530232,2065.50087730037,2049.46399966608,2700.46779363395,2212.80648892845,1978.54449115283,1956.59046503291,2600.43599869593
"338",2115722035.41151,2269.13185135373,1934.17405076685,1934.93783616215,2699.8645851193,115792865.475976,1844.69277560878,1845.7385301219,2536.17580458326
"339",2199.6692900926,2221.41470149115,1951.58686572532,1958.38608465854,2456.6518687987,2143.80223212579,1884.62073464698,1891.03283551683,2396.60624295749
"340",1994.99070329812,2072.1546454399,1735.33365526275,1747.45225661481,2081.88633288129,1958.77865261074,1664.10172612235,1672.490134307,1986.40195609585
"341",1897.20369923321,158530847.439813,1646.13712474164,1652.51182121748,1468,1851.48162482766,1568.09869408702,1571.71686112779,2085.31578964067
"342",1494.07117179209,1473.17597509273,1410,1410,1410,1460.92024721421,1364,1364,1364
"343",2051.79186804429,2098.00631487823,1847.36037701522,1852.1851260605,2245.5348537002,2010.88838846318,1786.49746167869,1789.2437369958,2186.99711395947
"344",2222.87571187953,2326.80829293043,2030.10370848902,2062.8711868981,2458.7013248755,2171.39581253625,NA,1951.61179329289,2303.54893029735
"345",1965.10860658761,2076.74124598134,NA,1526.64380599369,5684114726298.1,1901.16908856039,298796602.147552,1470.74286645972,1333
"346",2146.03666135103,2211.21178230692,1911.00904662537,1949.91436434725,2439.2022574324,2089.05293215754,1832.07457929948,1855.5100783381,2298.67445428318
"347",2038.05268739496,393347307580.457,11210753.9719276,1771.30349752752,1662,1928.31053017891,1725.52479039447,1724.46846930105,2000.00142317013
"348",98947135.5622882,56656094.0405251,1421,1453.25831780924,1421,74824521.0163791,1395.83279847759,1424.63113654129,1376
"349",2517.08422854008,2547.09675901111,2074.8365883277,2113.11070766734,2838.50682729186,2437.34390880063,2019.56588345714,2053.57648974752,14643920249220.7
"350",2068.13069404783,2130.02259325213,1891.95645578387,1892.88536237728,2409.18893626634,2018.12723022901,1817.42002326169,1812.90072252997,2264.85250547877
"351",1771.99418261958,1830.0518393746,529767634.382442,1461.89157992478,1357,1721.91813524521,1394.16198107821,1403.16986552037,1316
"352",1726.69896966887,1724.26539728241,1487.1111731604,1477.22419666427,1589.58614688137,1675.54710611946,78184033448284.5,1446.24656639396,1730.96626922895
"353",2250.24471165677,2300.87422074905,1981.37483754813,2010.56040478881,2119.93962869267,2169.9113314057,1909.9128133323,1914.90014486172,2066.72234839363
"354",2023.19745361538,2098.78716300543,1621.49582552142,1655.37827044601,1503,1950.6953687959,1578.72650835516,1587.10340799693,2015.53182871271
"355",1443.63399560837,1382,1382,1382,1382,1490.5411533351,1340,1340,1340
"356",1886.23705689105,1936.63749364197,1645.08014301581,1654.38090532034,2280.78719177174,1835.05476494593,1574.66664109814,1579.98852065359,2124.97346829352
"357",1373,1381,5817226.05754596,1381,1381,1340,1340,1340,1340
"358",2034.45639999701,2127.50991170956,25634809.090802,1907.15623633901,2155.28493804579,1981.01809661759,1831.28964963021,1821.99771838572,2104.63478280727
"359",2106.56947796303,2238.68111355997,1788.76235910648,1798.59375242165,1576,2043.80877081275,1681.67916928876,1686.98369401325,1813.65476334112
"360",1591,1835.6498061438,85059138.606922,1625.41397470989,5842447.2086844,1848124.53449738,1596.2633022466,1601.65974936527,1701.34444545777
"361",2190.13207013499,2250.21351328602,630709084.927038,1860.68337445215,2369.42159579156,2120.23196262298,1744.68987211649,1776.02609129011,2310.6067114066
"362",1803.26842601636,1868.99414756825,1558.63032480901,1571.55531062637,1465,1752.18806552522,1501.25058450067,1500.11544110266,1569.71458775714
"363",NA,1425,1425,1425,1425,1378,1378,1378,1378
"364",1978.08062646236,2037.96864508341,1733.57857396201,1745.35620439138,2407.42863674187,1912.97770882166,1656.48649117686,1660.37663645276,2228.63847195553
"365",523147741.817519,202502905.116993,1878.65349063004,1880.85523556065,2109.2967741414,819475930961.445,1797.00793803003,1809.29409087443,2029.28333385252
"366",2139.17818626322,2213.59293838812,28480390.274472,1898.33044364652,2910.49953377119,2083.48300694288,10060908375575092,1797.72514027223,2691.75693740719
"367",1507.43403350597,1471.03741197135,1428,1428,1428,1457.55946378196,1389,1389,1389
"368",2021.08867396457,2045.95179911376,1707.66124451447,1775.61250138636,1690,1978.63584537529,1658.85366055426,1715.33769510472,1638
"369",2127.2910942911,2208.56105932756,1870.72437929969,1875.14582105665,2261.33944357222,2090.9814556918,1795.05883339207,1795.97279394012,2178.95137460991
"370",1651.01317186125,1565.73395859415,NA,1428,1428,1569.43784792012,783385288.48884,1393,4394310661041.28
"371",2107.13923216902,2102.19175506329,4667993.95475526,1875.12243632295,4813760.77655818,1689,1826.60518787957,1836.64196267054,2445631.81167398
"372",2141.92399404809,2247.83407077287,1943.50189674754,1940.96313549564,1696,33158522.3000141,1846.58888628695,1835.47427934589,2377.92020821244
"373",1895.46107744344,1926.73662857124,1716.48957964425,1713.24116047467,2018.82933006844,1853.05004095225,1647.58156381891,1645.55192820545,1924.10154106961
"374",2344.62557411491,2514.0119710435,46240660181.4973,2108.06051774131,3146.24465803884,2291.3789289152,22197930.3149449,1963.29620769065,2878.34742510465
"375",1612.02421072425,1423.64724738716,1382,1382,1382,1563.6502339513,1353.4804278315,1375.548086793,1335
"376",1751.79790263981,1911.22252095771,1452.20667966717,1566.1439757757,1272866167651.13,1659.86559878321,1460.05345553117,1463.80359153102,1762.06573761052
"377",1670.41730173678,1635,1635,1635,1635,1605.4605964345,1582,1582,1582
"378",258301727692.932,NA,1790.90154848307,1829.23703428504,1813.42161477159,42182461012.4079,1771.77577818024,1779.53161885326,2047.21078662731
"379",1592.35577209074,1592,1592,1592,1592,1628.68133687537,1543,1543,1543
"380",1959.88874047715,2024.33813774438,1868.17751798281,1857.09762104597,2079.37521887915,1904.65864528972,1766.72489507866,1763.54581406584,1939.28748090851
"381",1566.27713153179,1502,1502,1502,1502,1509.24651128944,1458,1458,1458
"382",1564.87474360479,1522.89614137238,1769227.59944732,1326,1326,1566.1958608335,35023334.8125668,1319.17834666669,1288
"383",2001.98539268555,1650,1774.95946176102,1782.72541156136,2176.72756164371,1938.35398286526,105767182.300078,1685.15945783692,2063.76359301343
"384",1779.20678331225,1827.60020015299,1450.29286209735,1449.06465372411,1392,1732.23401150956,1404.60131702611,1404.36033073815,1353
"385",160147328.500603,1906875.42244502,1816.96202440856,1814.36853494024,2219.64024632191,1973.57943981239,1742.5193958183,1740.94904669976,5137402.95424186
"386",1761.1226063821,1805.42062666585,1350,1437.54621783706,1350,1716.78925322885,1319.46054886727,1379.19737610191,1314
"387",1963.58853708706,2001.15579214881,1776.70719294997,1782.40697239165,2008.21610865156,1905.24851453148,1706.84229592461,1710.23723492644,1916.73222406793
"388",313011917175.44,NA,1447,1510.15535337124,1447,351935834448.946,1405,1495.94560443429,1405
"389",1764.64535590819,1602.37315783061,1488,1488,1488,1715.76696217071,1442,1485.55161217475,1442
"390",1878.38964510279,1775.66644491981,6968598356567.11,1599,1599,1816.68076893204,1584.64763322237,1592.74818416528,1545
"391",2147.8463129877,2193.52274207339,1873.51491329664,1869.47047502805,2251.45214644187,2094.6041521096,1802.87415219764,1801.88578208614,2165.94498474016
"392",97518728925.4317,345479996.98224,1528.26303415846,1532.42670399822,1491,10264612545.0116,1497.27059237634,1505.01244898044,1451
"393",1945.44723611376,1944.08037146179,1540.09067099173,1609.88999126883,1527,1888.12827724206,1546.34137031366,1585.06705482226,1742.68800656279
"394",116196538296.06,2343.27581673381,2043.20910655977,2052.55448080326,2634.47553743971,1725,1930.90332443762,1934.60443529254,2407.48665244004
"395",1839.44000003319,1844.30163235799,1706.18901974817,1690.62110158506,1851.02396024194,1787.2849135539,1651.62777227648,1645.01369152919,1789.69462975623
"396",2148.79212111931,2276.99231124713,1947.64076209715,1969.08428285082,2121.27428809412,2080.45892864645,1826.60799219932,1830.79016061101,2162.72750659803
"397",2146.69974633388,2192.42079160749,1952.06252772908,1951.92942484684,2410.90399033085,2087.20562764224,1872.4379096486,1870.65007535663,2290.97992300742
"398",1558.77969414615,1526.25620846792,13882879.6231227,1490,1490,1532.22625114695,1451.70628629311,1445.19852999067,1480.48972754942
"399",2069.26187666463,NA,1700.85992996968,1738.12487949707,1718.15047120065,2024.29004087202,1649.94288677441,1675.87441468132,1643.80796855168
"400",2154.30239874616,2187.99470244432,1711.44513106322,1723.25065753242,1569,2109.17984334152,1648.18672797584,1656.39233005834,1515
"401",1654.99057610615,1657.08484675977,1382,1467.1321098788,1382,1605.71376061832,1340,1420.31442200982,1340
"402",3107265455.54158,8325772031.5214,1468.83970735567,1499.17102085078,1450,476917900.77535,1446.2578097638,1464.06691479198,1449.399762781
"403",1943.030147643,2038.70650173411,17225391306315722,1836.83424592805,2118.60213463096,1884.2801066556,1742.01158814196,1737.82925447172,1960.56162063306
"404",1900.20895726877,1935.8690325333,1727.42248504948,1725.80274341598,1997.52752633001,1841.41014435729,1660.98939000984,1661.85361792844,1891.21596425569
"405",2049.86276065117,2062.597386954,1918.8725835932,1911.76103395602,2129.32586044652,1985.38819725044,1846.83145465499,1842.09957008969,2047.54417516182
"406",2175.89186221789,2263.68306779847,1786,1950.53076914339,2434676618.35113,2118.74159904543,1856.50779357285,1855.88562171658,2416.12671592862
"407",2193.9758660957,1966.40265533837,1656129143.41959,1613,1613,2078.5864230265,1683.10283700488,1685.50619113985,1567
"408",37373480373.4105,97340898884.0543,1939.97009893702,1953.9184291591,2772.86238814631,5244502.37047263,1849.55792493651,1855.36744695831,2553.60852527863
"409",2131.67215069129,2131.23076440064,1898.0689499408,1913.4843769415,2026.25881798059,2082.08825199864,1854.11296493285,1874.19388076985,2053.84875776459
"410",2061.76767837159,2084.73358536994,1798.6300038407,1812.7237276001,2084.8538282935,2019.81073801787,1744.99202649333,1757.16807610291,2025.38494668453
"411",1642.41414223331,1484,1484,1484,1484,1562.22514407503,1465.21364276425,1443.76051948528,1479.30956052066
"412",1389,1400,1400,1400,1400,697151021.403753,1356,1356,1356
"413",1375,1383,1383,1383,1383,1342,1342,1342,1342
"414",2084.63491170721,2145.42762043056,1805.27834932446,1819.30435312321,2256.72814892456,2010.56203062123,1727.69808177634,1731.88270323808,2107.87148255276
"415",2092.73944205813,2209.81215657693,1955.2348996783,1947.64302423535,2495.88011102202,132946528.093526,1854.17582672485,1843.28187500734,2266.5016189456
"416",1394,1402,1402,1402,1402,1361,1361,1361,1361
"417",1553.87781010274,1431,1431,1431,1431,1568.28579720694,1394,1394,1394
"418",2064.39626965713,2130.37171388121,1801.34823656382,1815.02357634701,1605,2012.44233303361,1717.84705369234,1726.1942019833,2381.15259691236
"419",1330,1340,1340,1340,1340,1298,1298,1298,1298
"420",1862.7946087006,1888.38885988461,1503.30847978732,1526.55413824785,1415,93469402.0801748,1479.3979197362,1488.88031764568,1373
"421",2315.02298118743,2439.11003379684,1950.5740217349,2029.52441707907,2392.32112788727,2267.7425124126,1856.11995830517,1910.80763207161,2347.93470482172
"422",1978.08464057229,2085.97234468748,1685.48344215505,1696.23333329526,2332.49275205625,1924.40537878686,1592.78357024666,1600.82257192789,2206.96363356043
"423",1649.71889317934,1664.88320625977,1395.48736883055,1413.9031797278,1374,1585.01907813124,1336.34263942061,1353.6751447762,1333
"424",1985.98488654293,2035.00958423214,1845.30840235309,1850.92686508142,2079.71014225949,1936.74474748223,1770.45757610255,1773.43616123626,1970.50109877006
"425",2329.55261420003,2472.72001612004,5665109.93178356,2041.35195510512,1791,2266.42157828843,10322222.1552389,1912.21396444626,1725
"426",1892.92243177261,2685693.51104574,1620.45995063129,1587,1587,1851.23471875915,1627.583036725,1623.00801311795,1865.88880265471
"427",1826.47574743192,1826.49429616237,1716.95872918107,1716.13010394712,1735.57895818675,1770.15068513885,1669.77852529073,1670.93055042199,1727.35596090969
"428",1360,1367,1367,1367,1367,1326,1326,1326,1326
"429",1768.98514292887,1781.14411655862,1388.60400454537,1411.74427532209,1318,1714.64847092813,1365.88547928734,1385.63132083031,1276
"430",1794.8995367006,1744.34036971573,1465.40311294155,1495.4397746322,1458,1734.74688072851,1454.528361586,1480.68531554016,1498.56107569088
"431",1922.25323315267,40951699.7627969,1653.31802174713,1659.81766469234,1766.21631903548,1866.65408278446,32012261240.4919,1606.50082026481,1751.19868312078
"432",1585.28694612356,1605.13193421949,1416.49321295607,1443.37773883874,1651.92088693797,1547.43786896775,1383.00951291,1399.23128297821,1631.40768862062
"433",1979.49512817503,2018.01409800132,1799.95996438569,1818.54712702667,2069.39476607924,1918.96734757601,1728.8437314046,1739.29352269367,1985.89963550177
"434",1730.16287558066,1740.48758785548,1426,1456.34114284754,1426,1664.44707407611,1419.02203142003,1434.50163459335,1612.2190887047
"435",2124.7466304303,2199.90528189833,1781.48785461221,1797.09181286633,2558.66364549441,2070.03914758808,1700.95920546357,1711.73122661498,2396.43764279439
"436",2009.53107455714,1874.49509986049,1552,1552,1552,1998.23223017344,1506,1598.24519651225,1506
"437",1778.85488430034,1800.05721035289,1581.77100761365,1589.25269010232,1768.43470101624,1670273262516.02,1530.55927992215,1536.78712816394,1688.78580650698
"438",1948.27856985807,2020.11625195409,1758.33430274163,1768.91949522579,2119.2187728897,1890.26632556105,1061094.13970198,1673.27126969211,1996.5273577113
"439",1505.04513662769,141132007.999703,1498,1498,1498,1564.35844483072,1447,1447,1447
"440",1859.1645826207,24512420.2567037,1617.5908704009,1610.00791588935,2056.94894902855,1823.73279978145,1558.23943668221,1553.61296226649,1946.6321531841
"441",1383,1392,1392,1392,1392,1349,1349,1349,1349
"442",1628.50549305392,1393,1393,1393,1393,1587.54805970537,1394.63169537663,1376.93948960411,1343
"443",2023.52110530454,1585,1262484.97482482,1782.00782463667,1585,1969.05614283446,1695.08555372558,1696.54055256883,2262.30560269667
"444",1624,2200.12343412667,1847.76510207356,1858.17038689809,2571.91028405151,2040.37604548405,1750.6797816176,1754.37328599302,2391.1890291896
"445",1807.64256507705,1833.25718221715,1616.75691738929,1632.72041899044,1590,1764.88600484225,1586.01261187669,1586.74041282291,1730.35279914439
"446",1854.9077790126,1888.41668532704,1382119.87783864,1599.28138661505,1946.28030445184,1806.86206353283,1522.60329621094,1533.39616920983,1848.65584287374
"447",1639.49722204636,1615.68171763726,1424,1424.86986098005,1424,1591.87130517051,1389.39955858875,1417.41712309127,1384
"448",2079.47106297933,159409191.263792,1887.61191684625,1888.40479953317,2339.40907140975,2023.28109396045,1790.43807022776,1792.21050308269,2122.83972604151
"449",1923.53912064052,2006.97179643541,1729.43299035433,1736.51581925712,2127.03972358207,1866.15802742032,1646.05741427844,1644.20895904012,1991.9396366409
"450",1743.50131960815,1696,1696,1696,1696,1674.13824277942,1640,1640,1640
"451",1315,1319,1319,1319,1319,1283,1283,1283,1283
"452",1934.51136501012,1984.44222741557,1826.80185588234,1827.52669031764,2045.81508464213,1884.14284198484,1759.00825041658,1758.63046546318,1938.03812886398
"453",1982.22119446836,2042.03477826938,1774.88290515789,1782.13505804349,2197.15621818093,1928.77131184221,1704.5029923944,1707.46082193422,2068.00897035343
"454",1955.74815512735,1836.02676779417,1735,1735,1735,223512023.655873,1678.2904735655,1739.01999610768,1677
"455",2079.58799586743,2173.11083104027,250385167.989083,1902.27406907369,2324.23368688703,2030.61758728413,1697,1812.3893948011,2177.17499275565
"456",1806.33182723071,1834.46238658756,1544.30266818868,1613.79623853578,1913.81274030563,1744.37733465139,1452.4861110719,1538.84304522846,1730.1449228116
"457",1849.04110880684,1938.78811288367,1665.15800602276,1680.9673041229,1827.44091184999,1772.2126853532,1591.61948747307,1591.8209996638,1767.42828830028
"458",1983.73479273351,2051.10922794048,1642.56647814347,1675.70467188134,1850.10793719976,1906.76510541466,1559.89758623669,1579.46729417017,1764.36972223334
"459",2013.67472914839,54415218.9690243,10015857.305915,1818.04463647007,2030.97136849418,1964.4561733762,1754.6854679846,1762.10823075312,2053.60078732036
"460",2065.64014218008,2067.49020466652,1757,1824.84358207427,1757,2004.03716241779,1749.50602559446,1787.60050143302,1867.71758200674
"461",2090.66714717801,2163.70043358395,1788.42709522694,1812.34128277615,2098.16396810527,28783964.6869818,1708.52703666489,1721.37480133208,1951.28662346339
"462",1876.61317169994,1900.06118125988,1625.40156373552,1628.85235611761,2079.49501651552,1834.38503756935,1569.55680197632,1575.9542169944,2014.673337728
"463",1550,2176.68003210151,1797.95211633179,1823.68644967962,2438.45981334424,2008.3865465129,1692.47566318158,1708.03889713922,2248.59210316244
"464",1815.93090369567,1772.57362043356,1633.87966183164,1605.63869386344,1794.02955701996,1771.46529630715,1614.97568283889,1616.62877498437,1867.98344081646
"465",1767.3091113336,1591.10506165471,1412,1412,1412,1705.65817234225,1361,1449.0065517624,1361
"466",1514,1525,4367384.18790112,1525,1525,1478,1478,1478,1478
"467",1752,2295.47315341062,1972.49819517242,1986.922865744,2754.60783851528,2124.60153979622,1863.93472523002,1872.17400116955,2484.39550465341
"468",93618021.3873532,2148.10609889564,1835.33132539642,1849.29249108437,2215.21101247872,2003.78126136255,1756.90296784428,1763.36594093665,2077.35150208061
"469",1467.8266618839,1353,1353,1353,1353,1439.93381813157,1318.36427116451,1319.83400281536,1313
"470",1891.5200509067,1879.85505151396,1529,1584.70061465375,1529,1842.77353613258,1529.13698947457,1580.05887223009,1480
"471",1380,1388,1388,1388,1388,1347,1347,1347,1347
"472",1915.19775194803,1638,1638,1638,1638,1886.33627270822,1625.64893602246,1638.78267471744,1874.07634535768
"473",1620.28612550736,1495.11269507137,1395,1395,1395,1521.13608912235,3080916811.18457,1352,1352
"474",2091.44835862973,2132.66289169552,1787.69253655374,1793.33427625868,2240.58923942048,2034.10692583448,1723.10334463543,1725.48086879167,2248.40161985748
"475",2366.27400653768,2508.78491705809,2086.91407548734,2103.51421980643,2617.28471959187,2290.35491185971,1945.55753628052,1954.25836312986,2618.37808071992
"476",2027.15720916585,2099.78414065163,1906.69631075844,1900.39875828465,2377.46599165716,1961.01220582895,1812.83456217489,1801.71721312243,2178.9798603453
"477",1883.90428375248,1993.33860810315,15601134.4729946,1690.30170410832,1892.52293124619,1836.88062608664,1584.89207384936,1593.9542275683,1889.47095959884
"478",1814.26817755323,1776.18708286717,1483,1534.26419502358,1483,1759.00445369705,1511.04796922061,1534.18457782496,1497.03965100991
"479",2099.06755337885,2134.36097858895,1875.62145276909,1867.56701965409,2258.53172283738,2050.37692365416,1796.91961798127,1795.16523176169,2158.04951265518
"480",2242.51960894105,2343.46580911104,1980.60535258918,2006.50267025523,2709.70984555053,2186.60393387235,1883.93789088183,1898.74010802808,2468.21398609901
"481",1798.54862489653,1799.95891516622,1608.33851199774,1632.40686314389,1593.46532473846,18775890588.4799,1576.50224121452,1598.52625078525,1587.3703398049
"482",2060.90911421103,2098.40127603977,1947.52034124355,1946.97021222892,2185.27287364532,2014.97859181571,1876.69164428262,1876.46933065752,2097.9920201165
"483",590630.70312617,1729,1780.53093684896,1739.01690409241,1808.9866839541,1824.87361854878,1734.61396009558,1713.46931421809,1810.36975475249
"484",2078.0238592604,2178.11281200042,1776.09922898951,1840.87980971332,1743.69535784059,2019.55198900177,1755.80317040453,1764.05865731457,2087.95465164424
"485",2186.76754509764,2214.71018024551,1768.04692649543,1835.0818305016,690082267687.79,2132.11923410891,1746.90447405998,1780.74555674405,2129.03518122325
"486",1523,1533,1533,1533,1533,1487,1487,1487,1487
"487",5698291876.99773,2172.48148542621,1888.53222386784,1899.51614288423,2327.48315240021,2103.27296516029,1821.39555491362,1828.30631081732,2206.29767281519
"488",2137.6665574826,2173.17515796095,1938.17807591986,1974.13249980198,2128.70815600822,2093.95970824389,1887.06408564433,1912.07058002836,2099.73970717818
"489",1814.55255081659,1867.07904762578,1648.62129157398,1648.45595312752,1983.74360765078,1773.99845958362,1583.75515109364,1581.30244646577,1847.82018577534
"490",1775.62479583724,1749.09977042037,1488,1554.59652919934,1499.09005470073,1732.26303907367,1484.61772544743,1541.63941807874,1760.96520633384
"491",1932.44729631589,1825,1829.41571977763,1825,1825,1925.41423414875,1803.36564638706,1802.74334665165,1754
"492",2216.57101284527,2300.16754359802,2023.09243994861,2029.63579939724,2449.47572757828,2164.33794892958,1930.54100355631,1930.34976881856,2297.79061050945
"493",1720.98674890602,1656,1656,1656,1656,NA,1608,1613.24425521088,1608
"494",5835229698.85835,2217.54192189068,56032181.8642918,1931.0629661312,2389.33641404375,201648305.983207,1844.32701770667,1843.0784326888,2249.01794695357
"495",2070.60055518052,1647,1811.06193072073,1820.31422186498,2246.46674939466,2034.03441237777,1741.4965871074,1744.22453643464,2033.02392983642
"496",1908.19196434569,1959.70955759118,1607.79864649797,1653.19880849114,1565,1846.42537443493,1595.82164375458,1601.33783807149,1680.09037753258
"497",1957.42856707247,1975.33896587722,1798.22871811999,1793.74627028213,2035.4844839349,1898.67187773052,1741.35852810996,1736.35726918159,1957.35098371398
"498",1842.92757143024,1830.52275177126,1638.0242777395,1648.02835884861,1638,1796.36964695624,1611.73445835656,1614.76034179194,1705.98775428644
"499",1949.2371141838,1955.56771433511,1660.48128438041,1660.15065712819,1981.49637272829,1918.21291702603,1614.50581065807,1614.805171568,2058.38495292223
"500",2071.33809686538,2141.46062552085,1763.96240957155,1775.48608227145,2134.42935857716,2016.56339956146,1686.53552467892,1696.27233222963,2017.94719002856
