"","correct","wrong_link","geometric","ztHurdle","Hurdlezt","oizt"
"1",976.013825310365,975.787628594297,1379.8145954442,1058.64022538204,943.095486927951,955.08452634334
"2",963.476715494751,963.111980671602,1388.7224103836,1060.48479633639,929.145081840447,940.328397251909
"3",959.538062273544,959.704256522758,1349.59473984237,1079.38245322676,926.58449996858,938.156711677908
"4",992.824695106869,992.95974069814,1388.59494307886,1094.197948423,968.521986310697,980.163809135896
"5",985.873995389307,986.85806853445,1452.39354220337,1098.9417361585,958.169567555029,962.866445916318
"6",959.221955390463,959.144056362981,1325.94342699589,1042.53111760905,937.520157432936,949.986616497475
"7",994.004619891599,994.026920684146,1399.32180882458,1104.24837046606,958.359136035092,992.113844042966
"8",980.820173124653,979.098077098126,1397.61193414452,1113.17987946433,943.226987858067,959.863480993936
"9",962.609973042707,963.08585322067,1363.4972900173,1061.61478731316,936.004563528798,943.041131099012
"10",942.32517921554,942.419517691078,1291.01702295396,1003.93411122787,926.307734548677,933.732558208205
"11",968.283625175484,968.235095870141,1385.394861173,1067.52618135274,935.409171874441,945.748294354427
"12",1008.63669240364,1008.26887693608,1422.59485774971,1138.37506531599,985.230253873453,NA
"13",983.5446890959,983.232509871567,1431.09450963303,1094.78944567472,944.707681325999,957.084389703841
"14",955.506428985769,955.328789926777,1322.03792639825,1043.95969505878,928.762615325464,942.771052798352
"15",977.26966183552,977.437938247633,1394.25006338213,1065.65436133329,953.459470623965,959.458049602914
"16",991.83773848034,991.695588173473,1400.25913467561,1137.56595081214,969.072078824968,982.562710958051
"17",981.485708754305,981.354200649698,1401.63248824886,1084.6216013803,947.110247310126,963.2820016313
"18",967.704368365691,967.426401709744,1364.94575975753,1087.0017604038,948.95141044972,965.47566522765
"19",973.620159568246,974.285264352384,1386.74268648578,1100.80846172922,937.063300800846,948.935417617304
"20",970.903317848237,970.839484408113,1342.05524880403,1076.37857668861,950.291338010931,963.510592377101
"21",980.127568203227,980.127248366535,1373.55903146729,1098.21802486195,940.156579038161,978.893720288191
"22",965.492072301952,965.836256201775,1383.06674925438,1059.03852671927,938.974149588336,946.603089561987
"23",931.177400598197,931.366601133363,1307.92358381528,992.518961606403,909.351754132628,910.974812490548
"24",987.399764769863,987.033858341438,1428.36816140417,1104.95861204669,942.584592954777,959.687415571838
"25",959.08237570487,959.641541389612,1349.47038148375,1060.54614428096,939.639765265629,939.922131659817
"26",998.164464517589,998.088711983833,1405.2872531487,1107.59847487948,965.979466448843,985.97419433365
"27",989.020911175944,988.866522418833,1382.11794877868,1085.15548760383,963.554428124307,974.630899011262
"28",970.909667487691,971.169611398263,1427.46069223777,1061.83786644027,942.718688321766,946.858306944142
"29",952.984591464946,952.949890088688,1381.59645503297,1075.79624102619,921.107411994043,934.10565719183
"30",945.077103400268,945.292365879405,1367.93197331855,1018.52681628396,916.907792661778,917.984583687905
"31",973.085591607273,973.135821072312,1366.80440960085,1122.10975876699,960.552749407289,969.721371789165
"32",995.587522102738,995.394717573296,1441.15805138629,1144.86236128298,960.712628915855,976.00600903735
"33",976.1039615911,975.631137550926,1397.19307945658,1066.00182833068,944.052826842179,951.043500327139
"34",955.139238224318,954.635182059447,1350.51928355927,1035.11638895727,929.011711863999,935.623290163015
"35",981.855085521042,982.16824265057,1405.53202466162,1087.98196975205,939.045418845607,970.059926462554
"36",979.570366710379,978.698837073656,1445.03623426276,1090.09186831873,932.992526168203,955.203409016656
"37",953.319920324174,954.393149335028,1354.21559659872,1027.14703762952,929.87770195521,933.177638689195
"38",960.97834800336,961.146215431811,1345.97316681604,1074.49807211791,939.37047200555,945.944785793221
"39",951.9099380387,952.128200217008,1339.39366920386,1043.13194978779,924.101487669003,930.905736441092
"40",963.991028138938,963.760903127213,1343.865764732,1083.04356555236,939.527310929043,NA
"41",960.173637734867,959.955740332154,1349.76541576551,1043.23162342584,936.779008848542,946.459569401976
"42",965.41237801213,965.189374174566,1355.20779763364,1062.38142348801,937.944482135221,949.310519652599
"43",978.103969150028,977.544987531928,1420.81184388809,1087.36479813719,938.320929235565,944.326966123591
"44",965.19133524107,965.390424655556,1345.67967087471,1081.72134796575,951.480326399854,952.661800990147
"45",943.77639003401,943.262478329788,1381.04384243918,1042.80745491919,912.445975199837,924.559963059398
"46",970.676128799609,970.460823834614,1360.44836558336,1062.15101156957,938.574502109419,954.175752297694
"47",963.35661639628,963.065297812915,1395.25705852326,1068.83455172034,926.390990086552,938.685994045569
"48",953.756079535977,953.505119130284,1320.19219336395,1045.92167748784,925.974005794236,936.449699164627
"49",976.641455768694,976.55617408938,1387.12972316477,1077.48359546547,947.097824394587,956.707160609612
"50",959.579545077223,959.997959831404,1348.19784045799,1056.59270177096,927.10409116914,957.904267967192
"51",965.951546211337,965.386330913928,1375.54702241301,1043.09958620315,929.474700249059,942.983698913882
"52",965.448276471906,965.582714401938,1335.27683142343,1048.69841832155,943.226962826075,948.134369162851
"53",988.795623682998,989.233624173902,1418.0637844086,1121.42466648813,955.212557910956,971.74057347918
"54",969.569852036469,969.660291813622,1408.73464565536,1064.6339754755,947.413016984138,954.712408987823
"55",943.474043793668,943.418984993321,1295.71887165786,998.107676885008,925.507335887768,930.784922181827
"56",956.845200242199,957.073679903269,1375.96817955737,1041.42384655764,922.01043668774,928.61419048263
"57",968.725407444687,968.665110105502,1371.02668111342,1058.19070332941,937.727383824756,955.956475357171
"58",966.017824822209,967.586798944298,1353.76647543486,1082.99281707718,949.002752370292,965.515175715129
"59",967.452852879463,967.891353860054,1358.58047595987,1054.9363245395,930.649503859905,954.717366274686
"60",943.856199626056,943.906476693097,1309.98855007424,1042.01524130457,921.954720483952,935.068394140779
"61",980.890112245366,980.919812142955,1358.16555349361,1071.00347266128,957.996295926124,979.857985319504
"62",959.103251363266,958.618369027956,1348.76191356557,1044.50163427748,937.99708013361,946.372589114994
"63",973.637171480438,973.603128367853,1352.07610836674,1071.61689008077,950.027163249028,958.990853956016
"64",982.91683865461,982.837842469028,1399.16677618733,1103.78974785411,950.485913494476,972.207979233017
"65",920.527543367903,920.622229281901,1267.34819160309,1002.17678761927,907.813001791485,907.158655057198
"66",976.512882582802,976.580233551605,1373.17616901408,1072.56650745772,947.181785448087,959.825410911599
"67",977.185638139298,977.140778541205,1366.42910084511,1096.48689762669,956.567473243509,968.55370365014
"68",962.863769572056,962.732435032687,1332.46612655555,1067.61485442195,936.694076658959,960.80592551764
"69",1002.63276366134,1002.53862284459,1365.88482445951,1139.972390255,994.208244271921,999.093947162766
"70",985.882491723483,985.708935794785,1398.99753864121,1095.61801725654,957.446851495223,984.128909773494
"71",982.62739509134,982.165094620325,1354.63571525553,1099.07283080291,957.927572071511,980.56928827624
"72",983.802853204092,983.81573249687,1393.28108706933,1132.02184096061,966.346287870483,972.849526542405
"73",974.669523419386,974.436435351246,1385.22155249816,1056.73295827876,943.819588577968,953.510032672885
"74",988.662831575629,987.804829533345,1418.06336741639,1093.87003953262,948.898425099802,967.38279005325
"75",961.910534161962,962.121291649585,1342.47725721614,1049.49868727833,939.918517922112,950.215570730477
"76",971.565590902604,971.633135836031,1364.0101973553,1083.09918211586,942.659376968203,958.977728648574
"77",967.812769992874,967.599658670574,1369.17806101544,1056.39609821231,941.109741530568,950.054821108757
"78",947.652129244052,947.583364871427,1311.44211534226,1022.34398008959,919.493940552807,935.543686794997
"79",997.310109255125,997.892880793174,1418.86142074224,1115.3652795384,971.60921581507,981.974937200784
"80",973.489816188305,973.43442129291,1367.72601400166,1054.02156003129,931.766554035466,969.460811377663
"81",971.7797815415,971.586327337737,1409.02716466506,1113.56958189469,936.915429343721,949.086814369561
"82",964.231106017443,963.766561013486,1365.12142498438,1043.3004974579,931.697561843271,940.796183384574
"83",958.073354876984,958.464945913708,1393.19701595303,1044.21059566687,932.082529476257,943.27958787903
"84",958.934970219574,959.322279071218,1367.44259294521,1061.73206817295,937.118871842962,942.958140562011
"85",955.846978571857,955.74083073582,1310.78622364541,1054.40390397104,945.614961045141,952.740806576307
"86",944.403884576192,943.934139688604,1333.43818277026,1060.00632992141,915.624812636515,918.690189593061
"87",978.368321922637,978.204076428302,1376.81710784678,1065.43981546736,947.227039545471,960.314668514864
"88",1001.53479919648,1001.65136522854,1422.56432855758,1117.69052961566,961.116722461153,985.814446378595
"89",964.250906740245,964.502628232856,1377.64415512712,1075.76982739092,930.27380950261,937.571335466093
"90",999.293670067996,999.919437036634,1434.61346814142,1135.69242685001,958.997423360802,977.944640626405
"91",962.963648213163,962.941332014141,1454.24497968222,1060.39030099567,931.329601921226,942.54175088372
"92",978.345064606735,977.647228669864,1371.64115861551,1091.47036880021,952.357217766867,964.222035086657
"93",951.95112557628,951.882877190464,1339.45110656295,1033.32140475246,925.591835044264,931.556893764696
"94",986.890222394231,986.646926282228,1394.19826409712,1103.13564919687,953.510840719888,973.293169600777
"95",992.136861835703,992.955572357581,1397.96202938651,1089.10608612071,951.343636574347,988.040356685214
"96",985.704292690145,986.126266338142,1389.43478468788,1118.86549995015,965.102994254691,966.28094507915
"97",952.326096864619,952.269706206527,1332.88082619478,1044.11500320982,927.268522368721,939.746670655291
"98",1004.08232135616,1004.32534387269,1561.74958642555,1142.68382674002,968.50231434982,986.962602372035
"99",975.16035308931,975.384128722351,1383.36535021752,1079.1087164986,945.569271435588,954.389102006105
"100",974.956530793027,974.548982954311,1459.93923406632,1070.5558261152,940.414091828272,953.489235416672
"101",972.049340072464,971.977821379469,1348.22426089648,1093.38591947223,957.88075691911,NA
"102",985.053199733933,985.068550333784,1407.33558003802,1110.3657742567,952.934685401918,964.123005587642
"103",974.552687059668,974.313160016802,1369.71592866543,1068.03872840753,945.09742801099,962.232845900476
"104",967.654594004775,967.972366534578,1396.80188534625,1077.8261869645,932.862495747071,952.286363613939
"105",975.969413921715,976.06152429897,1402.20529940786,1066.94308009342,944.479275763936,956.429265865646
"106",993.836302990495,994.04584963528,1389.46295552345,1081.37324846179,954.701306818083,990.068814023585
"107",980.527014311812,980.944452069834,1400.17011674302,1132.35465910682,948.248224482582,968.366133887116
"108",970.603706519388,970.76295189234,1364.11428522916,1072.11645552231,942.510314892897,951.323423922658
"109",1000.63159566608,1000.2952810012,1446.84865173383,1114.08744105454,966.264248137835,980.010327975304
"110",961.883154061556,961.354906793716,1345.40953249609,1039.58769920833,933.227578963088,946.06854140141
"111",959.530297260059,960.077424294633,1393.68907666209,1038.20816148359,929.251664808674,933.745722920494
"112",974.989753824918,974.451104717808,1423.96756278791,1065.49418409813,939.179504258613,947.958767318157
"113",982.645396841604,982.642277597427,1385.24662832016,1079.85772036136,946.818800551418,967.059216746044
"114",979.481410400082,978.958288873497,1397.8261590277,1096.05102716666,943.523229190781,963.410027810093
"115",970.161964363678,969.992335574428,1376.60450642156,1068.96497620379,934.978593085364,946.666977296381
"116",937.596010792884,937.5688122285,1312.5934176668,1011.35663522426,911.682232247045,920.967137316539
"117",990.121784904023,990.374373693878,1420.08911733942,1095.06944326109,956.901645989708,969.369687177457
"118",975.91282553834,976.23880842196,1403.9493443112,1107.21597929042,939.786376532668,964.613018265205
"119",969.237708684478,969.68672109609,1376.9661135604,1108.04541546358,948.622926811713,951.588952944666
"120",971.020995654902,971.127361253133,1354.86885567319,1094.47845582355,936.030080906111,965.662023282455
"121",960.075404505067,960.002954945571,1313.76110471713,1058.52352898725,935.870028728455,950.559341488127
"122",967.897313961261,968.347081242326,1350.51159468861,1039.00379208538,943.615387176886,951.344508293529
"123",965.267422452418,964.758446205511,1384.10375530764,1068.00376914854,928.57029495537,938.165181800513
"124",998.673442936959,998.778763616328,1413.00126222303,1140.35033918661,971.418585811312,975.738478726909
"125",993.404795186806,994.026616684766,1460.90721974864,1109.129761511,961.25302273482,977.306171077547
"126",949.191320911611,948.904117291558,1344.24194538973,1034.48639512949,915.841368146395,924.422343996351
"127",934.264900030679,934.163998980184,1308.20056238238,1008.08015297126,909.374074669648,912.95729536539
"128",970.979223041099,971.507247783522,1404.30642628834,1068.87983298097,938.493619036549,946.025595168574
"129",1005.70307505506,1007.58649746024,1446.30233692239,1124.71124807969,964.764493825057,1003.24149681355
"130",967.131214094548,967.069107273006,1345.34073659262,1076.0253007133,949.282318021358,956.55043426878
"131",972.081585725315,972.079241275763,1380.84291766582,1092.07232657974,949.109945253662,955.52495503349
"132",977.608280615059,977.236511200351,1465.39396254177,1095.73304481517,938.137477789375,945.636804460451
"133",933.194097560186,933.441182935025,1272.16815213989,1007.12910362205,919.135786950477,919.402494412137
"134",984.159089610812,984.512512749199,1375.49900086199,1071.66004208455,962.07035725801,973.11988385038
"135",955.147294660284,955.80492780513,1385.76690551496,1052.61831995148,925.341928314158,929.166572958389
"136",978.25672968561,978.266945632223,1415.255820526,1077.71231015568,948.680710744079,953.631593761579
"137",975.567142436697,975.609853940284,1401.07734814859,1088.8913025378,944.022339274092,950.94762225254
"138",950.404638392025,950.498847549065,1349.94285543786,1019.83129306978,921.82028664632,928.778266785575
"139",946.774937093968,947.669345177265,1328.51826134455,1042.38520883825,926.366805326401,935.05915188819
"140",959.74651015719,959.919524745159,1350.75047888092,1053.23451450475,936.581862823445,944.020984550664
"141",959.036359900461,958.954341056298,1325.54878747134,1051.05845863493,931.79717973171,941.598888229142
"142",946.371150951534,946.215433020237,1345.87229813862,1065.6249133396,913.652302483459,926.380739474188
"143",953.659173963169,953.437305579491,1357.84283896676,1035.31174323862,925.312060599504,933.616210371248
"144",961.004176952607,960.638386857159,1425.52410162496,1038.31431759031,929.783212826395,942.274936996737
"145",956.31721356753,955.88218266393,1325.91726439104,1051.12008711752,931.321590935349,949.274631979657
"146",969.516418881892,969.386421983294,1349.23772110195,1063.04172141121,948.190243089551,964.972465593501
"147",1008.76428325997,1008.95917194475,1481.22253236413,1147.34621341756,953.433641916723,981.939168099558
"148",962.00969512812,962.165016608991,1346.61917089554,1035.47708526902,939.482385800911,946.510781884444
"149",959.540631495957,959.722488715749,1401.28598738579,1036.82828415567,922.634978616497,935.024425189644
"150",985.213615045054,985.118278962135,1366.9825066336,1096.40793260729,951.509732607391,971.226536780997
"151",993.103171148115,993.208103658222,1406.64250969848,1191.69463772128,979.896047690924,990.283150510861
"152",973.041558437085,973.21840607076,1354.99961446802,1093.04526038754,954.103884787661,960.751829923966
"153",959.255891901882,959.015363064875,1373.08213356517,1052.70312767958,926.515873859855,938.840821453418
"154",982.796106317587,982.608990245437,1390.27166547079,1089.40485684776,952.79612238208,968.374703432014
"155",969.273319945106,969.400110774723,1379.67148624177,1062.72328808045,933.715163803114,951.602844796496
"156",957.919184199989,957.891913891307,1370.89383835145,1038.5384818546,931.617975458866,935.2109752563
"157",961.643271468738,961.520426933274,1323.07536856432,1066.99523367555,937.591884385767,946.619386312209
"158",969.32235501869,969.200484371748,1408.63297614057,1049.01135451194,936.398439737779,948.433856716558
"159",968.897316649523,969.487200764779,1347.88424093062,1054.27997580064,943.454553094284,961.319921837808
"160",970.770815838393,970.480855590185,1389.14872995341,1058.98780617639,939.990963476944,945.91020025519
"161",990.854178286049,991.092539550567,1411.44899707592,1114.37402051367,959.696182909618,970.383514483949
"162",961.034575932509,961.095445629841,1345.91135096955,1087.77924485559,940.198312216144,947.563780906183
"163",955.88628867899,956.327893103426,1364.2592766104,1047.30984898887,923.413777345345,925.466243848075
"164",950.105464973674,949.88651856365,1344.5943957824,1023.93695877396,921.759859284224,933.538396409631
"165",991.626331064852,991.34320258883,1402.43047543787,1097.91034411875,964.722614085959,980.313425761859
"166",990.171987630475,990.270641990888,1430.50532993335,1130.76792430084,953.515832317023,968.895830669653
"167",952.401559464356,952.255378699881,1354.15371053379,1033.29477256178,926.380774755853,934.77330991639
"168",959.888762507721,960.042815371234,1377.09753308989,1063.8184763005,932.404454512914,937.548983318692
"169",968.677261229218,968.522369289829,1356.44150443111,1057.28373683941,937.783267287323,950.129125534582
"170",964.616607299002,964.466386372765,1348.15420260104,1058.77276533117,942.285402918367,950.947595638799
"171",949.161010286359,949.009585490083,1355.59097868338,1035.57340442577,916.195023525231,924.767713292487
"172",972.64866089284,972.446601111005,1364.59233259259,1057.50848955873,941.663299582188,954.937610467171
"173",971.475538513919,970.84929328615,1403.13442404002,1079.22287808558,941.276202386988,946.434471705962
"174",990.468554499986,990.509145288884,1390.93162586461,1099.01515078731,946.067997157944,986.945456805883
"175",943.262994442614,942.867966079219,1332.12847316259,1020.87116499274,916.258228986816,930.597880065334
"176",977.721762922223,977.673619457896,1390.81957457921,1090.52501937553,940.735663002635,967.602917125099
"177",990.53247018081,990.768600862764,1416.69630564437,1132.87055983707,955.360619718422,970.204067330605
"178",957.287163072327,957.414804695496,1346.14042625696,1051.45470730596,925.415539301285,939.611454966796
"179",984.313874255976,984.361748128343,1378.41848654704,1122.48428521263,964.697832920098,979.220574653425
"180",941.364386425069,941.335036486663,1295.29747467026,1041.26443364681,932.148628056179,933.016107306391
"181",956.954285236643,956.708988709874,1382.89987341711,1051.75359763491,925.811479497642,931.014046765838
"182",968.946766000248,968.964582424096,1347.89221884044,1069.38089641864,954.778734451515,965.564634644461
"183",961.225520082316,961.145621033608,1369.67018501466,1059.32149390003,935.628369725217,944.283719313492
"184",982.208804311901,982.386924330323,1383.73129405833,1110.98874160508,961.67755609916,972.519092884996
"185",970.785925818648,970.630815248891,1393.97081204933,1067.90189441306,940.562678227351,950.443485985011
"186",975.616922223665,977.203271398207,1359.24012536264,1076.0366222463,935.635326891647,956.790941576979
"187",957.386950127927,957.825645063012,1390.49994950158,1052.35868903277,928.610165511115,932.862086140019
"188",954.55940236823,954.582089284933,1337.92382761425,1049.29391599306,926.563523916727,NA
"189",982.138174653228,982.59298428839,1447.86954014787,1103.37030988162,942.425303270389,956.035759953155
"190",990.347276185683,990.257408785261,1404.46274028042,1087.51703153324,958.689310009059,971.500867933349
"191",985.90548614823,986.149316860353,1410.01845402654,1085.47014945979,941.22065167154,962.402798035521
"192",1003.69505789469,1003.51306551798,1408.9072128162,1112.36438709493,966.892148833307,1001.00544431209
"193",1012.74656641387,1012.6817533669,1408.87700240024,1132.99933437917,987.100591308917,1009.83077040962
"194",967.573583603468,967.426613605755,1356.03462811501,1058.60982986991,946.552726827209,952.482533160539
"195",982.863951238192,983.015092174868,1392.98698696719,1103.38174052053,948.59973136635,965.610474045666
"196",984.547166369493,984.621074441913,1386.47787293425,1076.28340018382,959.600689941,966.28747412424
"197",983.557794280289,982.610828662956,1387.80575369779,1097.20323743585,953.720425866592,962.801252114412
"198",973.278236905828,973.645478428764,1379.78501393898,1065.81176127637,941.63279617209,955.52004147684
"199",975.30977610419,975.098499138037,1398.08861564634,1076.37664136497,943.826171164152,956.182832740433
"200",955.605625626652,955.848216938398,1362.96912762955,1067.2643440283,918.809760622982,940.679078113261
"201",980.550040863731,980.711086324199,1348.7538995363,1099.14232553675,962.900181169853,979.4272755564
"202",968.542415532016,968.223115377973,1402.7563932919,1048.80100547852,932.445323622622,943.669292422463
"203",955.502606074759,955.442739581362,1339.97652610787,1074.0091931261,929.416463922824,939.839711230617
"204",976.584230477429,976.458977933249,1390.22963748726,1075.49483398684,943.277135611029,954.319542524627
"205",976.408516694247,976.628303380717,1472.21630378563,1084.02494559271,945.332643805318,955.397336271565
"206",971.579445242683,971.475809589216,1421.28666162008,1077.4648687489,943.194565265399,957.580928168295
"207",NA,991.670282721362,1398.61156115405,1083.62437055883,962.601045494441,968.732927432828
"208",984.913067120959,985.04632070635,1366.0257191514,1120.58838690705,961.855274921847,976.963575771406
"209",978.230672027284,978.180464894067,1344.32419875899,1083.97695462571,951.779627506026,975.523339605598
"210",954.867385126437,955.626648346335,1331.86168560822,1058.72581906259,932.236546055875,931.974875498814
"211",963.505021959205,963.408570915997,1345.85342247402,1079.55279350015,932.055369699397,959.860124319498
"212",954.978587265234,954.728658756728,1335.01764228379,1038.92582974772,928.520514680814,938.465120149203
"213",972.212085171239,972.235351311098,1470.48832414808,1104.02723543648,930.517594283955,952.064498880897
"214",959.570477061528,959.305193351766,1379.64859307643,1057.26841751284,925.995308349027,936.342033401794
"215",960.173715416086,959.92756287378,1330.47598631869,1043.75646405594,935.904313922254,945.231605460618
"216",980.584415956391,980.676007004875,1380.91444481347,1107.81209150391,960.779104973159,963.308465954422
"217",964.940006174324,965.902425612133,1394.11716387009,1077.1218299043,938.366291784767,942.029480623674
"218",962.465404617851,962.282424629951,1356.31721134331,1061.44674521226,936.804907580045,948.585692826393
"219",975.506041555927,975.676530959365,1359.55420878767,1079.67004039309,958.500170401074,966.122426447922
"220",954.471662250118,954.327498572928,1300.33169594012,1034.88097171006,935.578730316542,952.245768820352
"221",963.092638918599,963.090936069187,1339.61837987785,1068.08756744094,940.834898693627,955.738024414757
"222",951.812980175032,951.79042082143,1311.04648731234,1024.59127137261,935.094452582305,940.767211781343
"223",987.948062303804,987.97529415655,1393.60891274742,1112.75070735428,952.251187387027,NA
"224",977.66445711054,977.686798810848,1450.97254324873,1099.3358615858,937.591611784003,966.430254908213
"225",963.908398422714,963.950813388408,1405.53605355051,1061.97044373125,929.235559110913,941.697208434948
"226",969.83832658735,969.290952480051,1364.65236981306,1069.44488342195,941.562735687535,966.132735985408
"227",975.429252075183,975.371713775056,1377.43853171084,1078.15668425709,939.507525770778,966.975078534064
"228",976.595476471681,976.86858103238,1363.01663388641,1073.82258027278,943.92820280711,957.820816398413
"229",973.655570916895,974.009744269721,1506.8631393371,1074.54483633134,946.721308111539,957.021408427573
"230",979.709212588481,979.789123605339,1343.64951454232,1114.14996147745,975.572447052152,977.530465703345
"231",991.334961093972,991.114792969835,1387.97369419484,1108.33948772883,956.93256639309,972.70803926673
"232",999.736178311026,999.399401390469,1425.88669511558,1141.7816147038,962.195253617995,981.025863224281
"233",966.042879324878,966.153147517564,1387.7516191696,1048.26472146034,941.04305432543,949.731387423779
"234",NA,NA,1367.86394728364,1107.35355890685,944.26502491928,984.773734662687
"235",997.846273579993,998.075100485535,1403.38668878675,1110.49332673311,965.92666675398,985.130719178172
"236",983.830681971753,983.028774597229,1377.26041880757,1086.97859599941,959.417144284771,980.571821296556
"237",947.824077498087,947.491621313346,1307.80437015693,1025.29499586099,924.980540087331,934.049746795817
"238",987.966275505991,988.190134858263,1431.81168653865,1099.16012562828,957.958179236018,965.983774746018
"239",983.074650175588,982.797710629151,1406.70433220473,1105.02890351058,958.81988696547,965.046951151394
"240",954.288089636224,954.36241206207,1333.1251927246,1052.19635380829,935.682800916495,949.392547671075
"241",931.891194557782,932.011172080243,1298.62893807477,997.061845085209,914.666292665349,916.187475894069
"242",980.155621685164,980.160573737154,1415.96582753011,1082.77208896633,946.496472319141,954.298663329692
"243",957.552282560384,957.71900120909,1323.70321125335,1060.13944688947,955.8595616889,948.118486576567
"244",984.088328844379,983.574772953149,1494.56259601215,1108.13143962282,946.703170638139,954.819843526796
"245",932.077113939509,932.110229192349,1299.59464835232,988.231207763026,913.896110400649,918.053443506351
"246",952.291083692189,952.196746348395,1349.14947118708,1057.3653265174,925.010749986317,938.260993197344
"247",966.29433977473,966.53266065734,1421.3561190114,1045.36728783252,932.269568970452,955.961240596632
"248",965.562435888025,965.56525723808,1368.28683096819,1092.84459118467,947.397998488568,955.88868819253
"249",961.588062936829,961.622519053834,1360.12527330848,1052.75626664176,925.044675254536,938.287114162968
"250",976.79003264718,976.64858046334,1350.55151725062,1064.85924074868,946.799678124004,959.211388091171
"251",990.521271448841,990.31141136226,1410.4372588097,1111.62511275575,954.091290194123,971.550366616265
"252",973.709773288924,973.44003350192,1354.83293168644,1095.62102503895,945.537514953065,957.521572832602
"253",960.789449980333,960.419511264544,1372.0104722875,1036.74446416031,929.43886407904,940.585902788339
"254",999.135605221277,998.728527645869,1427.5587784479,1114.01440764936,965.550366926335,973.858266433137
"255",985.370080245784,985.145118552252,1407.82620909247,1108.81862267075,952.446667147236,966.552216891431
"256",971.318613532054,971.202517227379,1352.05742680287,1098.35355918499,965.313838775415,964.398867625741
"257",967.115937463527,967.373667839942,1358.87213698249,1059.81583920262,938.312112666724,954.076723158074
"258",971.173391645246,971.302528651945,1388.19784652135,1063.46271340602,941.613848311871,949.455654166534
"259",994.503175116016,994.73032197601,1401.63776121504,1102.16994067276,957.387775547324,975.765563773266
"260",964.37060636662,964.30709523349,1393.65987404114,1065.62631475861,926.938703584957,936.624184858609
"261",964.221998914205,964.633682779131,1356.55300995564,1058.58112314139,944.289190175149,954.573870276719
"262",966.855877519012,967.53885873718,1338.38037599101,1073.78548388999,922.9311965331,947.342600653433
"263",967.0894439219,967.205975421793,1338.67467777639,1077.72037376604,951.30161162009,955.117834932803
"264",989.219488310934,989.305696367867,1471.99354198494,1106.92257212136,953.277595151816,961.905023347009
"265",966.947348925152,967.05648323063,1369.01209703266,1066.00159648161,938.58666007325,944.722285617864
"266",1004.28056942992,NA,1416.04557982857,1122.01869381548,959.723078641578,995.259155513134
"267",962.120189812686,962.03033572611,1353.47622995852,1084.68456746942,936.750098211935,960.54100964131
"268",974.509740900992,974.273511903642,1422.77894813002,1088.35913933297,935.956055204852,950.384483846414
"269",989.423540575471,989.46436581664,1406.55759248569,1106.08188852468,954.117286384294,967.451271803614
"270",979.748974300056,979.700280638622,1381.1154520134,1099.30613255745,952.517460081299,967.718798312926
"271",995.765727974246,995.919857032573,1408.82292384185,1091.78673858061,964.830234650754,975.906639513469
"272",965.352117189229,964.738639382777,1330.40845899982,1038.21690125094,934.576453216731,952.127546949783
"273",977.687017024451,977.58867930686,1366.8451250935,1094.64336488318,950.264617220222,973.583475237316
"274",975.84985203646,975.571723813827,1374.03423833856,1104.13578623961,945.275930514052,962.408751304013
"275",950.262897615865,950.347017087439,1333.4557791769,1033.35403511784,930.739376804958,938.582611611992
"276",968.631915019147,968.318246648787,1377.13281586818,1079.80163336743,934.481438239579,950.374642669453
"277",965.072728904726,964.788106336079,1454.61079603209,1049.27497070813,931.141214571247,943.501930676446
"278",953.907847283398,953.298238132576,1363.2260431479,1051.47236355472,917.805244588841,930.064469522246
"279",973.037936321411,973.067002801413,1360.9042932919,1084.25249967395,945.037861344299,968.728836433622
"280",961.588673610878,961.473808777802,1334.34907257073,1058.27810463288,944.367072662086,948.641657053053
"281",962.461216859119,962.804902478504,1335.89046109589,1087.79474585028,936.636647345327,944.600955308863
"282",944.141610529323,944.491994684858,1357.10866803631,1019.29975725169,914.825815842219,917.257291778478
"283",983.110605507601,983.338204915324,1376.29528237244,1126.99398423732,954.453521249672,979.669304363059
"284",972.689535516576,972.791940310065,1354.02607799995,1079.19276397242,949.917233048732,958.481534034023
"285",968.453981623912,968.211239217161,1387.3804524598,1081.0530101343,936.293549367651,944.398621622828
"286",964.124357397556,963.940487988282,1375.54685279654,1066.64315582865,931.90166149156,944.392758426135
"287",960.63824741721,961.104303258798,1326.3601549989,1045.37010004963,939.575736124953,950.827873670408
"288",1006.2137586758,1006.72527993841,1430.91496802662,1157.82118704533,960.130043814387,983.673489201519
"289",1001.51212515633,1001.70588643039,1513.78478408284,1156.35413633801,979.434614411213,981.982896030634
"290",978.381674666395,977.912919682527,1411.39015915199,1094.14982038543,941.23526652629,956.611266011827
"291",965.740011322699,965.325546144924,1378.94939620158,1083.46463665607,933.094720620561,949.554488548737
"292",966.185898122941,966.182734410909,1362.34764502242,1070.36716247205,943.765893034304,950.536325547076
"293",987.368285025198,987.283011352226,1370.07472525126,1099.22916664012,958.886222202179,971.315428327971
"294",957.68629105149,957.115961815744,1350.31287247881,1037.45794456946,926.715955572166,935.444877718262
"295",971.42549097139,971.165696916461,1388.0235284957,1082.14406520156,939.301043899156,954.722364513671
"296",958.852358976979,958.563745626039,1341.82162500028,1038.47407436854,919.959139453162,943.679014818013
"297",964.253718611707,964.338062027705,1376.90982175318,1067.21293023474,945.214439664569,950.962105153135
"298",960.774041845135,960.582685729779,1356.56852427761,1012.92864792524,938.652803097454,943.24937634638
"299",953.122444961536,952.297597228707,1371.81836381302,1018.97951311756,914.480134677613,930.845884959888
"300",980.229176407818,979.023206043828,1403.87423130669,1094.02734525412,934.787367444431,950.448395443732
"301",966.648584826322,965.600878497636,1343.37654577188,1066.33286606475,944.039220134092,955.974934098178
"302",969.35692779105,969.718537783806,1348.36666916034,1060.00115510585,946.465132111552,955.619194593258
"303",995.051115682232,994.510749702711,1462.31389003559,1108.00718612387,954.272440160552,976.242304941157
"304",979.216979174459,979.000371274657,1366.22271423982,1096.16723694294,960.720798787303,974.573906211129
"305",967.892650886304,968.093261765887,1365.49515906383,1085.36624415431,939.975292466979,950.169071501508
"306",999.502245657644,999.33355581731,1445.43107669435,1135.02030395861,962.171948663815,994.302691975549
"307",966.09552565501,966.164770763581,1384.03687752978,1079.71843356106,936.086589933025,943.561299538904
"308",974.204032631063,974.152150095888,1381.48393584825,1118.02158633293,946.396149196289,971.48572938719
"309",992.709003778213,992.330731091379,1413.54846473858,1123.65061732142,969.494781833343,980.171696894563
"310",973.214051777322,973.837059876423,1379.07706807581,1076.76896648807,941.973268960988,959.895724108731
"311",983.466550219959,983.667317418804,1472.37595651741,1113.56433409629,951.341088457424,962.097216704063
"312",974.408225494589,974.818652338066,1392.10699011186,1095.90448563511,940.5206462725,NA
"313",964.451676425927,963.096094307163,1371.78516318378,1065.77885734563,923.216870858294,937.613628242998
"314",962.396876893499,962.359721663552,1332.84153473751,1059.74966704315,936.197080075102,955.247597960888
"315",966.116890782618,966.114853999418,1386.14256971846,1064.16556828141,933.954317488358,938.630256850892
"316",977.744646912772,977.666938511956,1393.16003226183,1089.3518679041,955.810105893263,959.320432194241
"317",973.865593968095,973.884070453062,1425.55441489629,1080.01114643913,942.586181358491,946.924311678146
"318",985.277509150511,985.769411339303,1417.36281432193,1097.92793128762,949.658169513291,956.303574165042
"319",975.077307482278,975.008199134129,1362.03349123451,1094.78199532827,950.135944092475,973.42811568491
"320",972.023138826445,971.76772517941,1380.31574676377,1077.17777536121,942.390403939629,943.859212562394
"321",1002.40235561287,1002.30897105825,1487.75325019509,1144.54458750853,955.599995381508,973.3302372876
"322",976.129722941547,976.527660624721,1374.39167480436,1106.89131723368,948.886106558314,956.868914395161
"323",963.404186477006,963.817183726926,1369.89940451987,1050.98127648317,942.291751082346,944.434976645017
"324",995.181329316319,995.427958785406,1421.36007954857,1111.93144159732,957.514486202551,966.966649334504
"325",1000.65907989219,1000.94323835052,1437.93177122169,1093.87634422282,964.249565355635,988.646678062565
"326",994.750987086662,994.361797716713,1427.02079450999,1114.37434800763,955.247990220594,968.098306390646
"327",976.190805530482,976.43756668042,1411.03562820513,1064.01608401781,946.319662404916,954.290096778155
"328",976.103786453746,976.364641680577,1376.14486746486,1072.59939255736,947.473480882169,965.178784938504
"329",974.105798445575,973.902488199391,1358.21275490142,1090.38371017444,957.80417486928,963.038824298663
"330",957.075156238557,957.055008981836,1315.11135902018,1059.32328647186,934.779559431838,951.043342703777
"331",959.639166558149,959.253257654822,1365.34507434342,1034.36605340343,932.600828732336,942.859044289919
"332",941.820633205731,941.782942261222,1329.59390161448,1015.50905203955,914.775669483966,920.783536058072
"333",969.264964613357,969.519096418043,1345.95098665179,1083.35750749384,940.761465701615,956.980057062505
"334",979.608488126521,979.536731859428,1358.01769147421,1077.64426842237,967.450811995309,969.847437603685
"335",962.165371923992,962.174147339215,1411.90798584826,1040.13256310712,924.648131866401,935.811263012743
"336",937.43894848116,937.143924873913,1369.14246309415,1013.5544165732,905.262875857554,912.872332122724
"337",958.182417889368,958.246015325831,1355.57371446133,1055.57946292882,936.763929977964,946.834435096738
"338",1007.95214002175,1007.74740201305,1474.8759473395,1148.11554714221,966.948676103249,984.935314742798
"339",979.867221877051,979.626573435202,1368.16535497213,1115.25782291781,946.944985312139,976.84916271462
"340",978.07729758957,978.143443857792,1362.00147629781,1062.20711418662,950.835167363737,965.064608789309
"341",947.658451027596,948.460324657248,1328.17756989234,1032.29625887618,918.901239389362,923.015427984621
"342",982.568819815187,982.716819901436,1389.6054632463,1094.27145931757,962.493428824793,967.750109506981
"343",985.199345254165,985.603378473929,1387.76471725726,1102.48919491672,957.131601773486,968.046964206271
"344",985.626915293839,985.582042037314,1382.4760712421,1073.81664971913,963.671425792686,976.217364489109
"345",977.598979564569,977.431214135494,1375.75655754147,1103.6098514961,944.73445035539,966.113155220732
"346",988.095365255063,987.760470764911,1413.68138912391,1096.90128012498,945.746922257129,959.96984401795
"347",991.227209732649,991.342917869754,1410.29530215604,1136.22001373445,957.365623203721,977.825092244844
"348",966.114661255253,966.362746959742,1475.49895512758,1077.05868135798,936.046225643019,946.070283056529
"349",953.879822221053,953.62521735138,1344.72058792584,1035.92121719751,922.778226573382,940.023130738255
"350",946.061254769765,946.728029579038,1309.68855962042,1018.50212710855,924.822935763496,928.671409365165
"351",993.705833838516,993.794414539275,1399.65958954572,1101.41032521034,963.849360523704,989.850478129536
"352",995.025427818198,994.709073987511,1429.66779333676,1137.7561528105,964.426126145824,975.007566212415
"353",953.412577023809,953.471567190221,1312.47450140679,1038.70410774121,930.104397995968,950.813187853918
"354",972.184094892762,971.900632789202,1364.7004939749,1066.31842589201,931.095734179114,955.096129713085
"355",964.234466798645,964.388155406167,1341.60110130717,1053.23305020258,943.118010992062,952.340963457409
"356",966.513921742483,966.290765913158,1360.10829923622,1063.17648079126,934.783511640115,944.671933147944
"357",967.590499128245,967.817169505769,1363.38161866098,1075.78537971894,936.680587329649,953.219230403346
"358",955.719060112713,955.873608707665,1352.21394318864,1062.54404475634,930.849803022299,939.773161357102
"359",943.608110753565,943.560573972584,1321.16575241343,1012.18903853477,918.989143221575,928.693575830339
"360",978.146087953015,978.426032326249,1399.78900683969,1097.17724758682,950.862493188126,952.731290873274
"361",979.16902958614,978.8667147226,1406.03923302098,1086.14598350814,944.572635696304,957.137533676848
"362",971.21456711358,971.57426736114,1365.75591515574,1043.6990166898,943.643332672343,954.354736021866
"363",965.209895301041,965.466383818,1364.33657301025,1085.25089743647,937.642238276567,955.611551281444
"364",991.998151360435,992.042961805273,1402.19897473351,1087.08088035946,960.150668183993,969.602559043414
"365",965.424131703149,965.585756693074,1342.53652184834,1048.33914848451,940.477886502728,943.190865464615
"366",963.538651642429,964.23403177944,1378.33220983112,1088.69453519048,928.24507237151,934.118916440738
"367",966.157117555895,966.087763463823,1342.89739773135,1056.3089948907,935.336290924853,961.847960825301
"368",967.310316461387,967.62794205031,1356.69429929725,1053.19925633359,944.879204983093,949.396416732113
"369",971.097219691804,970.801467930372,1423.79307824416,1063.33516531686,939.513786628248,949.84772563257
"370",995.005709505188,995.569657652048,1422.72572978826,1150.60429704788,966.208158045881,968.082368937769
"371",NA,989.83367548972,1429.95265188134,1110.69896351869,957.491145872522,974.267794735497
"372",978.794240663668,978.868916914288,1389.85522643743,1087.33649267528,947.478339250166,967.235704542482
"373",979.703311293965,979.324326530686,1365.06343767648,1101.37931792203,953.958668777512,975.19872306183
"374",993.508663760996,993.448498889957,1432.84686490409,1120.06128769922,946.611985228883,968.581772057813
"375",986.236161840246,986.836094575534,1383.82633942444,1067.616861784,958.573409503675,979.984701235322
"376",955.284793362099,954.456707994811,1389.62647926766,1043.61450026877,913.183094074614,926.012795837568
"377",966.027791636938,965.765406503182,1360.9277149102,1051.11247918122,939.329197552183,953.629960741862
"378",941.822581626597,941.730619983157,1342.08918827208,1029.85377812585,921.912607131801,924.536983257169
"379",941.777484301652,942.093606490819,1356.49153144093,1033.68604830782,912.479672715661,918.867117107111
"380",1014.02731080491,1013.5370539761,1450.65216371936,1133.66618175314,979.142162954822,995.015526652763
"381",972.408259158424,971.640151894855,1394.34683036145,1085.45366743158,933.123651217263,945.821104435779
"382",947.121972692836,947.322699144913,1353.37001936998,1032.49127317066,918.424752527935,926.759938430412
"383",966.980402686786,966.362876918213,1433.68903082913,1049.75565677544,934.880057247253,946.401409085467
"384",974.405010587241,974.324571369606,1415.48178353201,1038.50725701726,947.705756709517,958.450636505553
"385",971.758978165518,971.755105999067,1378.86577091006,1097.14496643767,934.694692868488,947.127954335186
"386",962.588314873265,962.424564244045,1376.67414850266,1069.1396651528,935.918041078888,945.446158107617
"387",1004.73208563139,1002.64107158352,1406.64717867683,1135.63369682511,969.162333138212,988.587587408137
"388",974.470114808298,974.43620672599,1379.71327460048,1064.81137673413,944.809369041086,954.445127773637
"389",985.943741118726,986.866172003737,1363.73362361357,1088.23450273249,955.098349580742,977.505384240189
"390",940.044717295486,939.82908143106,1311.20079002555,1035.75950381534,920.913548252213,938.54336517143
"391",964.347773557867,963.966566351174,1349.20399912988,1080.34118101777,940.926077620902,946.605465142614
"392",959.83386565414,959.729568352961,1378.97289062364,1059.91047166159,926.845378034371,936.699347387593
"393",976.8433419856,976.903857750896,1379.73839699531,1079.55914766791,949.341030305461,955.529329472167
"394",984.626230388718,985.223034472506,1376.86296225596,1091.1122615489,957.950105954071,978.609424594021
"395",989.297902548071,989.240036715658,1424.92552906642,1115.11917497464,958.141429414185,965.9517578076
"396",978.24501558632,977.977407601185,1375.24796910258,1074.04564939599,942.71675396924,975.103278012524
"397",958.413477541924,958.720259531455,1370.51137914452,1080.98556839022,923.379657209037,934.852582336165
"398",985.984948343779,985.103059401402,1441.31760053838,1109.80787795218,943.56202264217,957.525744109675
"399",989.814304341394,990.026530864933,1422.08357627557,1121.52873751563,959.692405242511,969.29949081822
"400",967.1499159608,967.369068131786,1344.77659096786,1064.81792800866,947.974680403447,952.46984495095
"401",961.880762013959,961.829962754573,1340.68069957364,1037.69431611809,935.599817899548,946.32539301474
"402",971.114003668246,971.949711285724,1436.39334439845,1059.07418600422,950.942604398639,952.090170463235
"403",960.575725602953,960.421084654348,1352.19309162741,1042.63232747429,933.166568239141,942.522508645045
"404",966.162620516628,966.306809416625,1352.16412326854,1051.50811553444,931.970503215265,944.840131127558
"405",982.402106123212,982.056305598617,1429.32363353533,1071.5646929291,946.138349438335,965.604718435204
"406",949.69545528678,949.616712427257,1351.77279586804,1027.88427414267,921.282792838796,931.021133533416
"407",969.574015475784,969.57480141951,1342.47501652757,1061.55023596957,938.639631208177,967.421587919991
"408",947.78432453093,947.755507090489,1309.71764428368,1024.01617307063,929.687679350494,938.45568124459
"409",974.177911125726,974.307355719616,1381.88983326959,1085.97890074901,934.235722434923,NA
"410",991.176202588809,990.590602553347,1440.18959935382,1094.52484198417,950.654103561058,962.724214612008
"411",985.910435238871,986.135155161179,1394.30351674883,1126.39079008612,954.951731952112,975.707402764919
"412",976.21300049874,975.977591971472,1386.01771710724,1102.79256248212,954.274854014976,961.823979122722
"413",970.579158464147,971.026362868727,1362.1018048792,1087.53950706402,945.529324745867,954.761111685674
"414",NA,NA,1341.94795941728,NA,NA,NA
"415",962.709752655608,962.651069260376,1358.29477032267,1080.94560643719,943.150151915619,944.372139372044
"416",947.191410363368,947.258990433904,1353.60457208131,1025.68643326289,916.441725022444,923.745454156949
"417",970.045205417963,970.293209172,1372.15043429108,1059.6205848596,941.848299052185,946.705898998985
"418",971.915245930954,971.860878536854,1407.91549050774,1059.99971847789,934.749889008366,NA
"419",939.406507612287,939.67007223193,1315.21180590411,1012.69420704013,914.25073299484,916.800695628992
"420",965.483181497241,966.375291377555,1349.78991622316,1089.60264341146,930.970701917623,952.303831682259
"421",980.461259552908,980.451441673181,1432.95680063568,1096.84644608316,935.662669326914,943.563825423201
"422",970.98332690355,970.898410670171,1427.44560292017,1057.78217539235,930.751966653045,941.81790982588
"423",963.991326772972,963.65364865601,1340.28312350918,1079.30942230821,945.0032192742,948.880018142668
"424",992.21071412335,992.180746698925,1419.82051399,1090.93109284862,956.0361462016,970.26857801913
"425",985.063248974124,984.972604598763,1429.88793190676,1086.3892215846,952.760912619383,965.408506861549
"426",948.36879283759,948.981217648388,1335.4767755063,1024.7448681326,924.303640310573,926.559860825079
"427",975.533336781759,975.452808259564,1360.34441998761,1084.2815850807,948.136704742653,969.881277736098
"428",955.983988244886,955.723186771564,1368.60216779995,1051.36834504722,922.849377143862,933.512701644905
"429",973.639374560419,973.66811407965,1395.56600411236,1073.29784667742,941.375334138639,957.778205575867
"430",969.438948915211,969.45313741228,1401.77788997011,1042.55680112396,941.193439908936,948.218917302233
"431",964.387793685547,964.278255854461,1357.26553849422,1064.94085538292,936.383873101841,946.492728553886
"432",957.782118322405,956.808887747462,1393.62313557758,1041.82321821116,919.368026084763,932.787208616747
"433",992.482382889478,993.131681645806,1398.27257876285,1113.48501872374,953.147963228022,977.899736644939
"434",964.517852070679,964.485658961976,1338.32233921098,1040.24138695278,945.66864938707,957.9252809023
"435",966.384103154549,966.547872828428,1348.14914473249,1049.81512912439,939.867362057794,951.075113908331
"436",964.329284181126,964.500765129554,1343.44148368487,1032.74785750593,936.737581892284,948.946898342042
"437",952.753848735032,952.904307549846,1328.64943435713,1030.76140113801,923.640725938637,943.040234691423
"438",986.275809996589,985.070468785508,1375.08360522668,1073.35132220822,953.081757603515,991.802028967973
"439",944.639502359082,944.580037800476,1323.4674900473,1017.63480645854,919.617240777669,932.276026762677
"440",971.280170671473,970.895586377177,1388.84669803357,1066.58032303516,938.914107911657,952.28414343521
"441",956.843283256796,956.804741591428,1362.44093124839,1038.51861469746,930.78735232396,937.905344993966
"442",972.532637484024,972.264665093462,1356.7680782305,1119.94432327594,946.572682418287,958.123718811892
"443",963.444073357052,964.895807277787,1365.45120142166,1047.00226845188,932.613027333216,948.544355796021
"444",958.390895926896,958.696314180803,1359.07317121182,1059.87021669034,935.304434095584,941.831111581929
"445",962.004383387131,962.604423743497,1363.69525543493,1049.58672797018,938.387632144885,944.30558878707
"446",1006.96168205765,1006.92982998473,1426.90994980361,1136.47618845432,976.621408293298,999.885207828401
"447",982.010401187512,981.878017935262,1368.83042786541,1078.70295590669,958.104831525766,977.093351672784
"448",985.200579302617,985.25667549606,1385.28942976187,1097.29408661671,962.505619840623,970.742616131289
"449",1028.27598344587,1028.02244595978,1463.61481806671,1215.12613393893,997.837101045195,1024.55954424631
"450",961.710870753714,961.613107713934,1347.61385699293,1053.14959585824,940.63851373521,947.987147423669
"451",973.111458585815,972.934024467769,1370.97270314898,1074.00921721271,941.165814794388,954.276942234056
"452",938.769291095128,938.492764876286,1327.07361614688,1040.30161606522,907.444051974505,919.024665175054
"453",951.158225561364,951.238624342225,1325.86983470595,1033.6017563531,921.471414520676,937.828409176754
"454",982.971093990416,983.029622840546,1440.44690757866,1091.19547780771,952.328229401087,969.188715380851
"455",972.107388458177,971.741473714524,1380.4541567065,1076.02328509755,941.667828020045,951.043999845154
"456",970.869360788108,971.2585292298,1403.99781592779,1087.26296338397,939.706564099538,949.881933484586
"457",984.798770321534,984.437887085975,1422.7557207788,1108.85796134053,943.352342493794,955.962825699376
"458",973.459381389236,973.515852000493,1373.66210856562,1091.2824041611,944.281587824488,950.729522507918
"459",966.772165282225,966.971773816025,1375.16320740795,1054.22130546962,937.240108693215,943.193818395751
"460",975.296035351726,975.416333134069,1483.05508720571,1094.68090379249,935.02613166668,947.078256040133
"461",965.29798663935,965.588100341689,1316.99822298087,1062.9137689226,947.094668203052,957.592110582113
"462",958.445528551074,958.279033177194,1351.45047285585,1045.78990537454,928.947474772394,945.904142841373
"463",956.952424700209,956.106311248504,1398.22571373834,1037.31642952172,922.159135238296,928.938895501915
"464",963.448888004094,963.160553701397,1374.26626299309,1064.1920988437,923.932126227806,928.618484989805
"465",980.578636837057,980.616431772558,1367.66042708847,1096.40637201453,958.566758240762,971.416118362284
"466",940.025256679882,940.34187814027,1356.85677839515,1019.38144541278,909.249517177883,919.062068419262
"467",967.169442185474,967.018230439444,1331.28179308751,1052.71452867916,941.636662856882,964.548158940196
"468",958.052602889802,958.419354922739,1339.40927051447,1055.73758299407,938.667041770896,943.295294480074
"469",985.772792401707,985.380459098145,1361.24967862135,1125.51547029979,964.071575491685,981.77300732546
"470",947.843882386955,948.148622517816,1335.9506411867,1040.33398289337,917.229829775851,934.181509252798
"471",963.81024684922,963.787096811771,1367.65722824337,1045.39565857805,934.928942477862,944.784315503177
"472",970.302511615453,970.216082830835,1352.57789961849,1108.4025767254,949.048295473912,966.366148525198
"473",990.879670212697,990.592434612311,1360.89181121044,1129.29894629278,968.531885615394,987.671930367705
"474",975.447227229458,975.41657849543,1361.65501459085,1091.75122074856,944.745869508059,955.743954181517
"475",962.041765449313,962.498374313961,1394.44379734841,1054.44967801715,929.494552636736,939.385022183842
"476",985.297440384236,985.3472409467,1388.67660103048,1082.32190088642,942.284523283829,981.195337212693
"477",947.303938682155,947.103633548188,1323.63911547256,1026.42651134897,920.644197899101,932.307632460815
"478",986.686979215015,986.729049956215,1429.40058985981,1102.94552523155,952.931255662876,960.965077779657
"479",969.852222005562,969.8751751303,1402.80461217859,1060.80404120866,936.199855933029,948.200973953247
"480",952.626272219855,952.402059072549,1359.24630337316,1037.73008621006,925.560039859859,930.295337548404
"481",996.811791310947,996.933814573622,1465.73674647967,1123.51359130571,951.574317376434,973.175473793841
"482",974.158285323379,973.767792496724,1399.20592071746,1074.14168030191,939.734646090478,950.798407108561
"483",946.234545810301,946.173003639359,1325.78684317512,1030.20803405091,921.8582540812,930.154408076459
"484",976.098698017849,975.620604207739,1383.17049699629,1069.2330125996,940.416775934763,958.442027997353
"485",969.409431604473,969.326658774428,1352.01833253878,1067.89661846133,934.714163667911,967.438497744337
"486",972.888046211242,972.763886452866,1354.25247927614,1069.4178542439,952.989196476143,962.078875166374
"487",955.837925086758,955.862294729419,1380.90818220223,1044.69577768579,929.197714161275,945.119813357298
"488",994.167892612239,994.733864772536,1448.11052358941,1112.32762268171,954.57501870537,973.095588940131
"489",958.399918166081,959.037715314294,1371.07437973372,1052.01565193612,930.884340655072,935.829582901072
"490",989.840276491288,989.824752763281,1388.17261654694,1107.75182235371,965.102505558185,977.534557503797
"491",952.992641074653,953.310855410998,1364.01204785731,1042.02409852288,928.33649130418,933.671972480688
"492",952.562942171464,952.19916216048,1340.77854272572,1043.10357491805,920.461100985376,NA
"493",982.435074935324,982.39189744921,1366.32538928569,1110.65163832556,947.576016188679,979.995010911417
"494",952.541208723971,952.235955347854,1372.57821096605,1036.72767970614,917.58599874397,925.858108259317
"495",987.440541765437,987.038176845635,1415.85699148701,1097.05303816364,946.715657538094,974.16376161689
"496",940.833353129051,940.990120230106,1346.1656812572,1033.32950111179,913.291165380123,919.840861033832
"497",972.333545352444,972.738460755144,1379.31170376078,1065.07196924371,946.12898026252,959.348987740846
"498",960.516625433825,959.26295190102,1377.4535327982,1034.8234610828,926.826759815711,945.524596745973
"499",999.701665465267,999.705641681744,1439.59307578628,1112.22323967812,961.89240751137,995.145909516164
"500",986.263899513735,985.23880706241,1438.97477553345,1101.72914571983,939.611697680448,965.256008863006
