"","correct","wrong_link","poisson","geom","ztHurdle","Hurdlezt","oizt"
"1",561.966438554879,568.061444242565,503,587.228298849207,503,503,537.117412644089
"2",550.626611233476,568.308517211803,517,600.655971834789,584.130266972768,556.126084703077,531.013711863858
"3",727.343953492279,717.159733896349,494,NA,538.551389743611,517.245583712053,721.253705072923
"4",550.554448717618,550.372110469444,484,548.702974151022,535.056040775138,511.95706037473,522.433614329548
"5",1577195.56144142,1512576.69407148,515.295594782053,NA,486949146.507246,514,841.960075989284
"6",616.612716047731,625.036375997146,509.389935478635,NA,509,509,586.60153708562
"7",564.456092940179,564.779608534396,462.37630091209,NA,547.541969648547,508.821762505419,537.042840193122
"8",639.553576331072,677.039460471027,512,NA,512,625016.06116032,822.0725116556
"9",610.66185693393,629.11434021542,503,NA,557.169786901026,534.958721358487,577.605682902774
"10",646.385676799686,649.997917207677,494,566.21587453878,496.248138508476,495.603909037035,627.243643668046
"11",638.560167419363,638.942209161786,505,NA,577.499038160735,546.738014674229,696.169202580428
"12",736224.025079311,783533.927910138,522,NA,522,3156915.70876977,779.111497268232
"13",736.952526950948,736.952526794711,508,NA,508,508,734.53562910503
"14",711.192575032442,718.960563811765,512.087358939538,NA,598.081342617748,560.73535515617,700.613945014154
"15",550.358146087663,531,531,NA,563.940724137289,549.185776186859,531
"16",525,585.581057733178,525,NA,612.231260832237,579.490115697701,637.543778775364
"17",658.604757512293,669.46242396169,526,610.266103581906,526,526,641.531593535314
"18",588.763466893742,589.452503758102,513,NA,582.743855386277,554.991960808442,565.678329815061
"19",709.186467015328,747.418231531062,530.247145099621,NA,593.970198926496,563.114824545867,693.902971491474
"20",612.580122852047,619.676302596532,503.270088726026,NA,576.160157810648,546.928628012649,587.141070270437
"21",587.779823800913,587.46430395564,520,NA,595.407082808262,565.519597916501,566.063605776813
"22",591.701525331501,593.115574307142,511,NA,601.180150068892,566.290675304703,571.172397673724
"23",1812328.97249611,1541154.92247077,498.126462026257,NA,2973039013.58133,498,511.156568397485
"24",525,737.918298739209,526.740976010193,NA,633.751728904472,590.1056016605,707.317439233595
"25",52382924473.0602,38416788495.4995,517.012649718594,NA,3676877952.96785,474525762.232208,721.220855660785
"26",639.548526914735,647.155087242619,498,NA,498,498,610.889845166522
"27",683.60657781891,699.624143364865,538.001397510186,NA,615.067655065129,575.640332356096,656.965212513995
"28",546.688839217027,554.591741463057,527,NA,527,527,527
"29",4863480.85210288,4281531.78144614,518,607.169699083326,518,48131915.8146097,698.538995274182
"30",645.82074959186,652.710999906403,529,NA,548.012691807108,531.259128239715,607.560384569313
"31",604.708555322689,479,479,NA,504.331131473175,491.845546736456,479
"32",713.762300314679,722.237814029602,500.348950364432,NA,581.84132323685,549.062096199846,701.040721007373
"33",747.832072701463,758.754878614787,538,NA,619.738285896426,586.538788214301,730.962186723803
"34",597.194387214117,606.11868662815,523,600.308832532912,613.961291127222,573.328980040365,571.803386311551
"35",631.906468628313,632.427606343568,524,NA,634.774042738662,584.764278261963,602.39191422175
"36",601.438306440308,611.233852386573,494,567.482307229868,494,494,569.409680687833
"37",492,492,493.598414927524,NA,525.603348619318,507.964873827348,709.012236774138
"38",568.132621760302,569.625865773648,513.63711117115,NA,588.412592465985,557.727182054318,546.339567020143
"39",568.750012293524,569.186042700799,497,580.218186942226,569.775559111877,540.257036898432,548.57832679699
"40",635.421521648063,639.190483440402,525,NA,525,525,589.536763064229
"41",661.168421256803,687.216722888322,495,NA,572.084311974244,538.234807055535,658.858384892868
"42",744.490723418462,752.845653873831,526,NA,555.712339807636,541.919835787619,724.078970893439
"43",83957155.2384462,73352966.2393699,536.630683254046,NA,536,32543285.4564928,735.743216102979
"44",593.703486468535,593.08687823188,514,NA,591.219178608547,560.248676989517,566.103327142283
"45",723.049104444923,724.082917763026,513,596.376659758855,513,513,799.260749256964
"46",684.17159259499,720.041268338314,509,598.214929875882,572.245426835349,545.476625605039,665.383738402425
"47",695.6675497903,696.030155088472,540,624.817666057188,620.135458064344,588.120389135639,685.993702756012
"48",507,734.017100427079,512.101689918311,NA,626.766226880417,575.814348028411,720.242633442633
"49",691.621729568173,691.989374015277,500.216924009926,NA,558.259801470582,530.001375331583,755.915581404172
"50",596.278772967726,594.571899123683,530,NA,618.130634237671,579.443543789595,564.296014465601
"51",2112631.66374386,1851992.02765813,513,NA,513,20851841.8607918,556.964625594838
"52",687.525296509261,705.282739531105,492.900427917192,NA,491,491,657.913544804582
"53",557.118819401002,519,519,NA,590.94537652386,557.56937817967,519
"54",627.492605084328,631.014136231152,527,NA,603.229676362828,569.594703452694,594.273603860438
"55",660.466436240598,663.855508506309,523,NA,622.230958817571,584.501614775424,695.509960941309
"56",694.690101446402,670.425445264816,498,NA,550.424690439047,529.304634354469,673.87135903752
"57",513,17220817.8561131,514.668078386898,NA,4411469.18162315,877470273.859153,715.405773984616
"58",513,513,513,588.259021766119,513,513,513
"59",619.138000540679,626.632188793127,502.215112354681,NA,586.557960236639,548.40005312977,591.921147248871
"60",573.657609178323,574.633914991422,502.153285916701,NA,595.730455033998,548.627081525816,537.476617961265
"61",15036587.8910804,12965063.2942759,505.158677777067,NA,507935871722.179,2240945326.79767,680.848786353779
"62",745.956818546487,762.819876532785,546.82328585704,NA,623.117566808866,594.077655855644,722.46340842884
"63",499,723.486120928918,499,NA,499,161037.172606963,755.945300936243
"64",721.258584884961,717.420636232677,506,NA,506,506,744.650401083581
"65",657421.223377447,627.487639804239,533.654838472735,NA,799824.49779025,1370505.01414967,585.862238787757
"66",564.002304006919,563.611768318294,488,NA,538.926730513587,514.638895210277,527.03109177313
"67",710.082754938539,750.736786653098,520,601.411061181682,520,520,740.037236634947
"68",71691789.027642,38917581.3096203,538.391205392695,NA,10775616.0376594,538,614.411559978937
"69",532,806.251996232014,539.119134346568,NA,532,390144767.894605,754.45396344468
"70",557.921033222439,558.053416866714,495.534683021917,NA,554.251107825218,527.79643500718,527.605253744214
"71",597.811444211037,598.135878328103,511,NA,582.880496143498,551.773123870001,569.836286062854
"72",1551930.14751252,1370918.2423744,532,NA,532,5584610.55096602,632.639637367127
"73",367101.840432218,257568.910360389,520,NA,520,2343375.08191222,651.000908002276
"74",517,703.199218049141,520.54617685494,NA,517,2273317371.10603,755.981730859813
"75",255091.444496429,239479.236787221,549.93805424108,NA,3742373449.44535,549,888.573962808336
"76",557.401223967606,560.980023774277,514,580.96574917182,558.60701709881,537.158300110209,527.65017984567
"77",565.810748464857,571.185885010359,500,NA,589.461234072674,553.274800678442,545.15460238641
"78",603.884493555747,603.714271678966,505.381837020372,NA,563.217225572274,534.872075525005,568.737453463379
"79",579.341102645524,578.766626480205,524.08533658044,NA,582.350045178284,551.814724344938,536.779384840583
"80",560.316740403133,558.424001687583,507.474525436101,NA,564.887152464652,535.040828070289,509.378187944111
"81",729.944014043675,746.773342291584,531,602.265592103007,601.728296069467,569.575177831776,714.928265813184
"82",608.603921621552,608.480692601785,529,NA,615.960119803919,580.329394687245,584.873602510362
"83",717.307853973681,722.651426909871,514,NA,585.912182244776,463990.62245885,753.278859765688
"84",530.966772410403,557.408549949532,512,581.704062518114,528.851136178248,519.13251076297,512
"85",722.004930812649,643.090760225433,508.049574874584,NA,504,2971675589191.03,606.25441655803
"86",812.263070669848,816.768203818814,545,NA,648.377843114998,605.40778586829,556.748357576459
"87",716.609506901589,716.369775658837,511.386267487947,NA,511,511,712.738350879235
"88",521,521,521,NA,521,521,521
"89",92882169.7570261,65669025.1869306,528.051988570379,NA,10211820.0962991,951278613.353672,675.41520478146
"90",583.571843825962,600.746778082186,517,NA,564.719880260822,538.589575479911,564.858457249794
"91",934680.471054954,726430.216204462,520,610.034840216371,520,3754568.72174731,807.178788467518
"92",709.992828634485,717.117055266977,506,NA,522.563761219742,507.357483180175,701.832704959948
"93",131550.944337959,507,507.028592724474,NA,507,507,507
"94",2098524.47094182,1887211.98616223,517,NA,517,6233537.52169195,751.41175686445
"95",589.088533887042,588.982961748941,499.502958369506,NA,597.092824103095,551.805757692466,561.132163822038
"96",607.996543330641,628.543945187133,496,586.071759322463,496,496,637.67023118231
"97",138152.969126555,779.951988338229,531.703546995358,NA,613.536913210957,569.617110490852,753.325183108663
"98",673.426136175015,691.814528892748,512,NA,512,512,637.876361857914
"99",677.675039167715,656.926991395144,513.646273961675,NA,552.707953476122,87043083655.5788,634.136523544085
"100",543.684663561392,543.797275687102,486,NA,552.802000512597,526.268310610292,526.132148836903
"101",652.43268577248,666.680248743135,499.20518069338,NA,578.193525141523,539.340603042045,722.174568733887
"102",584.986433339641,579.264624772961,515,592.336126483491,590.508397706432,556.442016462036,554.141500891806
"103",712.083133116662,660.880267193735,522,NA,522,522,777.911242765617
"104",9354120.9342517,478,478.864926204103,NA,8692477211.40096,97918345.8739556,489.814092371551
"105",642.734756235323,643.160776380503,531,627.978961023149,606.399287518984,565.77956917841,599.942447023719
"106",187237068.31063,43084588.4409741,534.365837514283,NA,45593246.9352754,244240368.638624,847.141645745122
"107",517.142294466874,637.094560233032,514,586.752868415389,536.481624510608,524.383109398289,514
"108",597.91177701619,639.371827455616,497,NA,497,497,613.774961660308
"109",543.690787163301,492,492,NA,572.233347439686,535.615843727169,492
"110",681.223918553996,681.81525365242,513.923425122503,NA,583.271741046322,547.918036621332,657.684928682277
"111",560.277588519738,558.888483954588,492,NA,594.886534888949,548.116610163901,492
"112",607687.32738104,549912.470666856,491,570.18290879749,491,2963747.16991956,701.119129471767
"113",699.464746867291,700.241967512607,500,NA,544.15979272747,523.428737337012,651.05826748721
"114",565.852706021956,560.120241534008,515,NA,515,515,518.68040656156
"115",645.890889804212,651.623488003225,505.193992324175,NA,611.463698518628,563.561670311672,637.672553557032
"116",659.689415889331,666.479379956872,510,NA,599.0018058201,560.837509143583,642.312594594956
"117",695.972263036762,698.58822586007,515,608.309373278297,580.374241187661,555.293061682436,679.280548406748
"118",554.715509697862,520.020767947226,490,NA,545.138460723359,517.927320819824,502.902167400588
"119",534.477297013994,532.25395658895,490,560.259385597138,490,490,543.392246375772
"120",300472.710061981,240996.739712345,534.260468336719,NA,534,291895.313845289,534
"121",502,739.500235300608,511.382588434615,NA,7409508.56779518,565.04108345097,566.009016719766
"122",639.120734669944,653.640589348475,473,547.940387721235,473,473,657.315708516747
"123",802865.188894072,800415.735420913,510.171325764248,NA,284229.578883066,4717984517401644,509
"124",1415356.60843365,1187572.75582167,507.471760102262,NA,939942.744812652,3069906.56766057,507
"125",18939263.6038377,13477976.7491955,550,NA,10275957.6136464,674474.462098057,550
"126",651.525216538663,655.91380025247,520,NA,561.033912746077,536.800916193583,609.538705770814
"127",445609.179886782,446687.538270131,527.809120965521,NA,634.880237564705,1884748021.23448,584.246163509034
"128",659.805729168119,670.271625235157,522.872493661493,NA,631.422015608875,581.494490713221,632.119892010191
"129",553.826450596882,590.964268735823,534,611.258366882962,534,534,545.724556440679
"130",519,11079343.6241478,520.296233924586,NA,11746373.9609355,352523590.957308,601.306966759037
"131",26543639.7615038,494,495.470903841993,NA,494,11096558.7433625,719.875399530406
"132",620.332100138797,613.675077247852,496,NA,496,496,592.694255815592
"133",582.257317456381,582.476614790656,516,582.729130961424,588.113647129157,563.592174126717,565.15782790246
"134",760.789360106077,773.887417224832,532,609.673310184716,548.844954021696,542.996765173606,758.646640137243
"135",2466144.89875058,1980372.02979482,511.365302742946,NA,12333197.4267932,533.931558950201,528.687795633203
"136",722.644018513612,729.563529310819,527,NA,545.120799098173,529.25569355116,756.52380766186
"137",626.672133469822,638.787760251356,510,574.915917359615,548.61654193785,533.8748498958,607.803994296686
"138",1035915.92522192,822519.540019671,547,NA,547,5085230.72460761,547
"139",710.460284671781,676.263240709398,503,NA,561.981624260174,536.174496940657,690.173282494638
"140",606.123563458552,606.631692593019,519,NA,604.748862127005,564.802125646385,575.389538853777
"141",131413.258450269,734.87704515023,516.767562287718,NA,612.869048112885,564.434546539515,720.937742539374
"142",612.4505147176,614.503674104756,507.521874960874,NA,599.304650683927,556.345988979954,583.398342727215
"143",579.779584680595,579.052908646284,517,NA,589.510804088145,563.849746787317,561.98837609461
"144",611.688258591806,602.954389174499,530,NA,635.257238100894,595.006804258189,589.347521605556
"145",599.247099266664,613.723735666922,518,NA,604.398880431558,569.779109064574,583.325369450975
"146",665.693500345667,665.720784944656,521,NA,566.879577124257,547.919086309811,641.933648063154
"147",655.316710702071,664.316551647354,472,NA,522.565035136778,495.12510591155,561.070286931194
"148",686.94515577276,685.944828355051,527.267538411154,NA,637.475763964284,592.766365010529,737.37304612298
"149",677.876990258559,683.85291909162,543,NA,641.076042412745,587.645869694674,639.107514891277
"150",684.383856610278,692.536482104951,504,583.206059016552,579.859680839035,548.946807276187,670.108366377357
"151",513,513,513,589.177257028816,513,513,513
"152",677.879921239044,686.593496005226,509,NA,548.744450072374,529.884862091842,672.304806953432
"153",525,525,526.268678907586,NA,525,525,631.962734348587
"154",750.575144341462,752.472090558303,561.114058955715,NA,559,188760436637766,875.79897923952
"155",550.600021355991,548.197331334787,486.519166653829,NA,550.742994567847,515.60947009264,513.994550236038
"156",746.887792921051,598.97261381909,506.802015462911,NA,595.617773038668,555.599998379561,565.776088310744
"157",88094147.6320554,73994371.6939051,509.722714276058,NA,10391248136.4107,508,508
"158",566.217931847268,585.046940262428,538,624.079109509179,612.191635760041,576.621555044652,543.136252848752
"159",719.988810581761,726.675641082697,504,NA,544.309787181725,520.654179337481,709.664196014775
"160",562.000447978385,559.053280225901,490,NA,546.306347704459,521.226739896106,532.25892223679
"161",594.678191364904,611.351893996301,524,NA,524,524,564.722862387105
"162",603.212264050324,603.71339311401,510.665566233324,NA,615.499697424596,569.358004881185,579.154256869095
"163",604.908046858788,606.622854035032,512,NA,590.731051660189,548.601995785806,563.472238243799
"164",608.143848624409,607.730266089186,512.388913624904,NA,616.313339906606,568.995046784964,575.754259476031
"165",476,476,476,NA,476,476,476
"166",562.670764801444,567.024868857739,500,NA,500,500,523.50318246681
"167",647.498251222872,630.713451198197,501.891765789959,NA,500,2461982.8337565,790.027195945159
"168",568.60874322929,513.444754943815,501,578.025502693862,573.436675873916,541.053743865494,539.325746097168
"169",102423998.342236,92384029.8693222,499,NA,499,702501063.017765,499
"170",705.450544727712,723.399234356047,520,606.157230400306,520,520,681.919727286051
"171",635.670580899302,635.992951318552,543,636.367925283942,638.705082841431,590.836271319634,598.018315963336
"172",579.569337831806,577.821099527725,517,NA,592.020043156094,558.503959696581,555.230443237841
"173",489,703.431110933302,492.70990158345,NA,489,52582343936.1592,663.976958854751
"174",670.816908904008,674.344308053396,498.286124198889,NA,538.135757642398,512.017252345894,656.870025412972
"175",552.995344581041,553.303743039722,492,571.203669719212,557.162085393312,528.199345760805,529.112140800935
"176",480,643.127711099063,480,NA,480,480,543.086132436695
"177",1078278.07735239,773969.829172368,516.139332222462,NA,516,4945326.33411248,636.361392987963
"178",593.478568848483,579.478899974349,510.366664429183,NA,626.12523482207,576.558715741649,562.217169671185
"179",637.825581602561,636.03352653614,520,NA,613.071793649587,577.853540745099,649.940770058848
"180",607.814400043815,607.808303482602,513,NA,588.707779889134,550.588984555127,579.884556778168
"181",645.635128914414,658.453401243952,513.114683194239,NA,609.969403390079,562.670104187157,615.101949213774
"182",744.209628588641,748.463361565817,544.901855535564,NA,634.687328251144,192335.233058152,558.179157798439
"183",689.273161977781,652.315204946889,509,NA,522.957795565195,515.411096791989,822.895617279577
"184",556.810360091354,564.14340391572,519,NA,582.688867533634,553.874802772549,526.332822515964
"185",609.203860966932,616.348765411519,496,NA,548.491621796538,525.186677862766,585.892817037599
"186",648.818545676911,648.456496916612,515,NA,600.666108867416,568.434116372891,683.946658057659
"187",679.126396074443,691.326814003302,507,NA,575.963848615333,547.858672044792,690.614285179656
"188",509,554.98511544655,514.74380950882,NA,32424070.3700733,509,835.763359881406
"189",593007.42015434,383854.780926631,511.447746184107,NA,510,6512445.06345799,568.740993806014
"190",553.20640834364,557.358425129244,480,NA,553.049824791456,520.391083397952,512.135485064128
"191",524.617959082237,533.273096443422,515.6647920764,NA,515,515,515
"192",591.212048341287,592.056024608071,499,NA,592.955688190272,549.812027043081,563.765246208213
"193",537.146101762439,558.317272878702,514.587557986918,NA,603.560264662085,562.780208698227,539.134246651438
"194",581.284934931154,557.074183106001,523,NA,620.220952579823,576.075290374205,790.865954006084
"195",607.955559894726,609.511752802732,519.488182204037,NA,41976195.6837836,581.347312566565,586.135509569536
"196",625.061535422566,628.714170677929,548,NA,633.121869355039,601.316126967378,602.73417816639
"197",390887.587596797,315849.221935101,529.14509037766,NA,3486729.07800377,557.801327739649,615.267351645472
"198",746.914162825428,743.040550745961,509.400328872665,NA,3588465.85765864,509,717.782199315527
"199",2191500.97499812,1952928.78877266,526.969321788547,NA,572.830187184823,1927265.4696156,571.026361972006
"200",605.420118218512,596.613076428933,515,NA,524.583602719741,515,559.808855412601
"201",500,553.223471501724,500,NA,505.047003976024,500,500
"202",NA,NA,500.545630959228,NA,86921198.3847208,500,652.570336102386
"203",577.310122469511,576.557627858182,509.518492753006,NA,585.772713410832,552.254457786927,554.362826713248
"204",581.993204655801,581.848093328132,525,598.984803824869,589.877446046569,561.993123729919,562.053093282198
"205",595.153418164306,600.917596663684,510,580.796811557178,595.70107781807,558.211137176797,567.74613250627
"206",574.107993456508,575.66011709256,504,NA,556.633687781319,527.339048457336,537.885338878374
"207",588.923499970474,588.999894211758,512,NA,598.895037662776,561.326057116935,559.566994456293
"208",691.457038637503,702.964032939978,552,NA,642.451059082065,610.48332331592,669.973465768209
"209",331512.900821326,232869.156303559,488.136417408894,NA,488,1075554.37919854,651.714039750377
"210",751.998309687855,672.799493329619,518.213099695737,NA,618.848421681745,879586.767341182,574.500468853822
"211",501,540.621767315754,501,NA,29737499.8882055,285631366394.188,548.379954761312
"212",445450.7687598,396947.772778689,554.709913340207,NA,11057732.4054482,580.862768291349,870.248737734934
"213",1719983.50500098,1145279.35385717,523.234912342082,NA,523,12238441.7902087,584.20891946512
"214",749.13876869725,740.698528153526,517,604.213543216242,517,517,770.573151835753
"215",235430099.588754,163411148.086497,522.219478644108,NA,18570937.2240449,522,710.542770225542
"216",730.431731847407,736.463902292799,511,597.174974183577,511,511,715.945505065119
"217",519,567.9174966901,519,NA,519,519,534.456878340067
"218",599.891542180099,604.003082504817,507,NA,507,507,535.548732666963
"219",641.337835385115,646.242010315715,521.761585019845,NA,584.022153013002,556.407183038879,609.777846063105
"220",601.321919621501,602.787269758897,517,NA,600.853208527894,562.517907249335,570.269104389003
"221",593.587665497657,596.041399843909,495,NA,560.849388470621,534.425687652079,572.893286076688
"222",522,522,529.262593758275,NA,2409207087.9493,522,756.551652787061
"223",554.745514481083,559.978523769922,529.330055225726,NA,595.256189069829,560.866060095053,529
"224",616.303798229383,609.546657128057,530,NA,623.396112789615,578.060079489379,575.328028115688
"225",559.333158221637,603.238494789787,485.617049989816,NA,560.605104879378,527.175162388193,557.953313336087
"226",564.547354819849,565.067221940079,485.1068558172,NA,541.325572751559,513.478537399822,536.449635564088
"227",732.683406249583,512,512,580.921557016445,540.955170001977,526.427250420558,738.864591017486
"228",665.465827133129,670.302829686378,492,NA,534.112765114241,513.964871377748,650.656806730338
"229",263868.765386356,559.016549516235,498.394932854748,NA,498,1607400.2323844,498
"230",6036883.93537222,6068223.60014403,514.561574930949,NA,2352992.90086812,13307652574.7802,610.860127948236
"231",613.435410560142,622.501426151439,521.734744386895,NA,638.490007520742,580.266315159522,584.574166023659
"232",10904145.4841363,508,508.205833500006,NA,1531348.96869194,107950275.439524,795.865010121422
"233",1218926.47954703,712627.245858044,556.094856529814,NA,678144.593299222,5776408.66674528,653.159352116638
"234",565.423796188845,584.5119167241,511,NA,536.93286735555,523.449257771221,521.20056993942
"235",599.737880430852,598.113984422112,522,NA,617.020313927653,575.053144884731,570.53030264809
"236",611788.676171942,570422.196572123,527.696905155805,NA,10768871822.5959,22068112637.2291,715.685156808929
"237",1721854.91212812,1270525.47253193,546,NA,546,26679129.6241568,824.710327311862
"238",619.066805329908,623.015640250887,544.689053785445,NA,643.179274234411,599.966436908801,593.944236114395
"239",586.001579722625,612.70617651063,502,575.7927318692,558.733765375484,535.313757794615,569.410905948105
"240",518,518,519.467016722333,NA,518,518,721.805176358016
"241",650.396253930976,651.620254227758,508,592.054179837596,591.871733408403,554.576850854707,682.175672334802
"242",532.496703316362,531.57475373767,504,NA,525.711497161979,511.922410880892,510.940299287705
"243",597.637893053062,505,505,577.680472717258,505,505,608.100803462514
"244",521,521,524.694423937424,NA,521,7213181180869.72,521
"245",725.246911482227,734.079841073009,516,591.250769677368,526.05014249985,518.40928750393,722.027954325748
"246",732.423201373384,729.807282191786,505,584.616776776727,567.449571902124,541.086807528976,748.534688744041
"247",107127.884827705,67643.1957693767,470.942090114542,NA,8700582.95442076,470,514.190411201045
"248",784.46370570719,787.436677545269,528.462551385982,NA,553.947304895295,539.002070604299,773.030155299637
"249",508,508,508,NA,508,56883948.7442754,508
"250",630.399140617451,646.895887568209,497,NA,580.95993429338,550.892207149972,616.06324580162
"251",584.55397511799,533,533.526212712549,NA,642.980298728462,591.80671234644,533
"252",545.620209732348,544.832833591184,509,NA,516.65607119169,509.104751193495,513.018644902114
"253",646.632898444346,644.582800942857,528,618.555467300297,595.469565117788,563.71717323778,597.526893711027
"254",269775.274482791,768.539527179611,542,NA,542,2863260.30170182,542
"255",715.707259015674,721.316831586643,532.179000803402,NA,736172.043874901,529,680.927376135108
"256",714.783055876366,714.500290647876,504,NA,592.341582096001,559.227956334851,595.828776485559
"257",574148.504231898,528736.757578,514,NA,735909.538250855,450284.706505344,637.800637719142
"258",600.190653166716,601.172972500547,517.02665707079,NA,601.207280014327,561.0724756857,565.754156933877
"259",696.768921603363,497,497.863786298863,NA,566.241907838706,533.737219913768,685.649041971183
"260",611.272817771554,610.213303928942,524.108623575608,NA,626.725574137655,578.006925714711,569.439342016711
"261",731.198075251376,725.998647976622,503,NA,568.580703096049,541.976292535119,713.592214747048
"262",2758401.95955302,2356448.01352448,529,NA,419652697.262539,812570.925114873,640.404564653209
"263",606.366051562377,606.615042579046,537,NA,617.365468564137,586.160009943572,585.741873101298
"264",681.119125409487,678.504673496067,532,NA,617.420412203671,578.470783021477,655.483875449205
"265",782.240175671677,779.137050877119,523.195599374681,NA,544.784258604416,529.308049228156,785.22312017685
"266",740307.769178932,729598.849393279,505.968522313845,NA,497,2348726841007490,718.933601248334
"267",520,520,520,NA,610.967856599695,566.781278729281,520
"268",1367406.74544802,1238168.15997413,507.80222398569,NA,508.164354102318,3224460.70019131,721.014670955616
"269",781.86142383129,763.229009318851,532.38916503687,NA,549.444826012201,536.505900606688,775.633651315416
"270",646.45857799629,656.143015990181,500.216179784062,NA,535.055302675665,515.618015366847,629.982268816852
"271",677.457257971947,699.549318905802,510.200822582293,NA,604.23412010368,563.984073954373,662.461233541656
"272",527,772.155170104224,529.150046704045,NA,6562304126.81556,527,580.420289010441
"273",750.85333525026,660.183017009947,515,601.652632683201,584.804050582331,555.303044723971,752.999427286272
"274",NA,NA,518.110860110912,NA,266694644.784683,185796654193.757,750.098118281413
"275",638.682339206829,714.223985612066,507,NA,554.093341624942,532.366412864214,637.692356018428
"276",572.030530379557,575.626996585966,521,587.637390495218,598.05869030324,561.827588673592,546.415814333655
"277",659.152231267557,660.986294552741,547.143179655848,NA,547,547,622.076618036562
"278",735.335786333218,648.639995780054,504,NA,504,504,735.110734993197
"279",525,767.848609821282,525,NA,574.772279942162,380133147.923232,769.524099238733
"280",759.569001294752,760.58732121589,523.512833904411,NA,591.361231123135,559.681868136581,746.742398117263
"281",685.578955083255,709.868733008543,512.075317852493,NA,14031303.8079447,511,659.90872887614
"282",701.782742007735,707.594135047616,498,NA,593.199310567261,551.160279413591,694.320418972955
"283",578.643738379864,587.257556935648,520.577658008417,NA,607.571533953944,568.275654834682,552.163412031487
"284",140398.607054264,682.808154699831,510,NA,510,510,568.457740194264
"285",571.343897539276,571.648523917804,500.432034364057,NA,516.276242983434,502.437943982627,540.470606042045
"286",511.647731187611,484.564486761313,467,532.781891092585,520.299675133288,496.95156426324,485.126119489048
"287",3149511.87627293,2398011.11813349,507.281898701736,NA,435568.772780837,49152601.6781809,727.95980200286
"288",5826730005.42903,2291784136.65592,515.411984570092,NA,46056325.4522374,513,664.00475754714
"289",643.592151989324,643.404865970689,509.10660971606,NA,579.032339520738,548.436864508302,623.224260666967
"290",676.18117732933,685.353086031616,507,NA,601.33857976421,561.306580102945,697.12795086952
"291",513831.702471404,405582.592796643,498,NA,498,3188365.29575277,725.130212912525
"292",721.26038303474,733.954542135309,519.655328169415,NA,624.560472904707,575.102780474771,706.452838667987
"293",528,528,533.875891240518,NA,130167554611.19,528,773.834859897412
"294",5082521.84560322,4067502.81658442,501,NA,18737635.2681067,9524413.56872769,662.064457114614
"295",556.979531870927,556.778371683904,496,NA,559.790344432772,527.013308515258,530.645010398361
"296",560.515993725015,567.185308963735,492,NA,508.107794806378,496.065900085584,536.861282781025
"297",555.410915887069,567.695029902638,499,571.745190848316,499,499,531.539715052714
"298",578.203139219304,578.39478571721,510.550562086792,NA,583.443554949934,549.226754402504,550.41427113588
"299",565.137871117856,563.469276800583,511,NA,558.367237105085,536.037394574135,534.69559629166
"300",666.249027571101,668.166583374584,514.281126860237,NA,570.801291330192,539.306046707803,623.703653311103
"301",783.362025196475,782.633684100879,532,NA,532,532,781.11656312533
"302",658.525587717265,673.917360694907,512,NA,543.563334805589,523.967454781971,663.13213088832
"303",629.642098509482,632.06414237068,520,598.209410481309,603.721103477757,566.768432579737,601.824879957832
"304",551.207302619158,550.842093001826,484,NA,560.791553520156,530.220305221592,527.081935564701
"305",579.202560356572,579.266931175265,506.105830943169,NA,596.415871252296,557.947787867913,555.595914225378
"306",552.740185667875,552.806905435231,490,559.85873060495,556.073865978959,529.373832536645,530.599285690113
"307",8826859.48861309,8810288.32931665,NA,NA,4224430.4467084,568.642765190156,879.170965762608
"308",9350728.18203564,7617674.5495986,525.414498933114,NA,22302027.93662,3483575.27208625,771.055371116475
"309",640.718409986524,644.379467461245,546,NA,634.40859632539,592.75747895013,609.718213258198
"310",577.389770847454,589.545040055633,502,NA,574.038285522528,538.136560905115,546.107671609943
"311",611.409286006986,598.777259556321,479,NA,479,479,594.661862352048
"312",70066.4616210857,760.913998548512,519.55224206652,NA,623.50296732464,578.889133213611,722.61558908958
"313",629.557931153982,643.507120285195,503.013085397677,NA,539.125074909474,517.682117864558,596.770491224418
"314",570.613561279187,571.754126386788,490,551.774703548319,527.688507405291,510.931881427606,540.850246814558
"315",617.157276763046,621.661601818489,529.54995993698,NA,621.766769582391,587.686131939093,593.789465516298
"316",514,514,514,NA,589.735396355094,557.971725976771,514
"317",340493.906098201,342520.324723998,517.341114795877,NA,517,517,667.980092728567
"318",703.872737588063,717.427884734182,517.121874978941,NA,602.904154694344,565.889485450956,679.448499870589
"319",777.397989742148,784.087053137723,528,NA,595.516559645164,563.214465220259,766.817727645002
"320",1483016.05233975,1483834.15263745,495.840702160098,NA,392431.821628561,525.056602573854,562.473207484637
"321",609.794999065377,615.150290949289,482,554.273689194615,482,482,590.027753995059
"322",751.443648273227,756.162311417116,522.336782710513,NA,633.350589013242,577.133300925079,746.765964990189
"323",556.116707365632,545.802311501254,493,NA,493,5708103.32421346,496.931443717352
"324",612.589096263777,613.600752228846,525,NA,594.989589269304,568.615429346197,586.346688730077
"325",609.684207657539,612.242723377812,514.546359747671,NA,633.488776559454,579.204276829511,586.994687369237
"326",615.148129797316,716.690087704547,531,NA,579.184998108845,550.98371239577,585.555046152502
"327",494,26478418.0029928,498.093660423435,NA,6819999.03760547,74614530.5881577,494
"328",597.857579106817,598.44626535131,521,NA,602.06574084292,564.636999327363,567.975309327549
"329",670.473900215221,684.025237471036,526,NA,560.316625853711,545.019770224321,644.18791252169
"330",591.15241115998,591.696819007512,503,NA,592.38976108868,554.132094417097,570.761779907951
"331",17059.6707484838,521,526.247310090299,NA,523.606415772504,16457119.9553634,754.08964676548
"332",607.415800952804,608.059764003676,508,585.903807045416,508,508,589.094329576973
"333",691.087390100378,698.315981193387,501,567.76117833569,528.170807687235,515.514475084123,718.947273520467
"334",53863.0387732091,35255.5035356136,546.743357353051,NA,558.955263290357,539,750.058204134084
"335",609.486023629482,637.758631156038,515.48139549751,NA,513,6332443.32888966,611.164142237851
"336",5705329.53265325,5703180.82883012,NA,NA,2349157.55909613,152682.541030595,607.322012511828
"337",762.488065877257,808.982340767436,547.694471548867,NA,944237.124096867,127095277638440,886.083337957211
"338",579.137887091591,617.697420441815,499,NA,499,499,555.693930420406
"339",692.74322100552,695.944747492178,512,NA,613.365415143495,574.483156698186,728.536162442408
"340",552.326204220299,549.034331972278,494,565.977230441054,557.855364173996,532.069789328694,531.12241865325
"341",7942527440.27648,8529035903.34541,531.681910548264,NA,6692316635.73505,224335547.526118,794.635248788006
"342",584946131.03832,490473673.28338,531.93408964327,619.267298840391,32678292.4522533,10693625286.0522,809.356138553401
"343",509,509,509,NA,566.555284076531,539.955794184782,509
"344",655.103422807417,663.775859518651,517.693044312084,NA,514,514,619.150363080134
"345",572.719260337073,571.271697505644,495.244922358719,NA,570.066429100772,538.149478194784,546.065387235347
"346",608.619351055905,609.170633228086,519,NA,616.497855152917,572.20303683475,575.087167826627
"347",653.304419471134,655.683548061685,508.576737784172,NA,982405.808530373,70873933.3652677,627.880506548818
"348",64457.7055405577,640.343942195364,491.062911184591,NA,533.750578369479,356715.796898277,697.701629726446
"349",710.943921713244,715.060966658391,487.701440211615,NA,573.078712296779,536.854850700645,720.996469037432
"350",575.355559586181,576.300367283207,517,NA,621.071756986121,578.659670716699,548.79908059678
"351",646.407501927036,684.755205127253,502,587.10379451986,534.005003520328,512.916974778233,647.649900734332
"352",625.777123232729,626.390462155205,531,NA,620.1642631168,583.128312045876,598.13339156548
"353",2339521.34356923,2277891.064445,540.089608818001,637.645555519638,539,14423639.2982962,750.435047782016
"354",334501.099290198,293416.985386425,503.613080716775,NA,560.292678999138,385068.69251861,579.682265463303
"355",682.19248665012,688.089664612851,509,NA,509,509,656.609372252058
"356",666.289998869341,759.432570335723,544,NA,640.614443642659,599.267904501257,704.180647850118
"357",342050.258145682,724.791002469758,518.441746787519,NA,553.302496941424,536511.627994105,694.13020597097
"358",634.202208532428,728.24698506648,541,626.569257128541,541,541,884.962487692348
"359",595.186458692553,596.886179265844,514.121271240969,NA,204171.703858847,8977673.55714106,551.767490967934
"360",622.055106374417,669.336017613593,523,NA,607.288700872495,571.540122442635,611.206221409258
"361",753.651380766839,763.274370625333,507.970308202114,NA,1279873.39652404,504,771.19466067592
"362",190373583.583418,539,539.23136684622,NA,539,231866475.429708,539
"363",717736.234611006,561077.143603433,501.36910520869,NA,582.635724426102,1040646.61266753,632.667359337404
"364",597.582037479851,597.015507738928,514.570205686925,NA,619.924260297428,566.8760882043,559.407601253641
"365",384556.933562492,345230.552074232,543.143496045544,626.63257580973,543,1536662.01641586,543
"366",85132593.5048015,81689640.3383579,NA,NA,24139964.6793814,516,652.241065316363
"367",546239.939213818,537558.56299789,532.769592248429,NA,527,3571080364195550,527
"368",655.879135094528,657.957345281952,535,NA,622.980254690066,589.611383295802,633.488039563506
"369",642.300266325087,643.14252755636,542,630.233987355266,641.656107855599,601.084555238294,617.205232893799
"370",4294079.00904695,3763878.83514552,509.378023129349,NA,1781318.7861074,7712541.87484029,621.882412894669
"371",730.221971361431,735.11867618902,537.607320550992,NA,664.500020877625,606.264770670846,717.613561965573
"372",787.437873441103,779.444947572577,519.128535631854,NA,8317454.24327873,516,584.740581254629
"373",505,646.450967147602,505,NA,516.690466061423,506.389716019893,628.718188778173
"374",19496622.2986656,11685826.7045939,540.274292965227,NA,6732429.01746763,124852588.688817,663.027639262758
"375",3015366.75967043,2572098.25507232,492,NA,2187569.8721436,9496055.90861873,656.249989519168
"376",646.178814125353,665.881271795147,523,NA,588.738570086678,564.212574049953,624.389063915383
"377",548.81390708968,583.735074272859,531,NA,563.168158434402,548.227887816821,625.362087080029
"378",666.524028530216,667.780383273212,524.715370602425,NA,106247273.287166,560858504.282712,630.802049472783
"379",239312786.931587,129564721.919278,518.110700788062,NA,518,1581638323.65995,670.146043803421
"380",744.753053375613,736.728961636304,540,NA,637.762395619277,594.954318594302,823.280878841127
"381",631.970548182322,632.603668267957,540,NA,634.635691384995,594.51822665208,603.417956387794
"382",560.796721974132,559.475428657594,551,NA,606.357205834805,578.523986191472,551
"383",504,504,504,NA,504,504,504
"384",514,606.086061956284,514,NA,514,514,872.12314342057
"385",135914127.572825,130836490.40898,513.707187922854,NA,33469062.6685972,1273103.1480655,663.945704832725
"386",119410.818075661,591.922542166003,526,NA,526,526,598.687310329354
"387",537.644051071647,644.972253447506,522,NA,522,11909568518641472,600.49400066492
"388",660.919152652839,660.926188014323,541.919209598194,NA,1613005.70043825,604.351475630702,611.598193916292
"389",532,610.829725171665,532,607.374300382075,532,532,532
"390",653.695385357472,655.360616902944,537.895998128568,NA,660.941632648596,608.550319590214,626.39645216555
"391",662.570000200973,682.509694151907,521,NA,604.348058545762,572.512294096362,647.217600166055
"392",619.541963357813,620.296675866659,526,NA,629.822874696609,591.358462170507,600.884245515067
"393",685.449497055045,694.072876417325,516,598.522694042487,516,516,811.753322531926
"394",564.283453626546,564.057070440366,500,NA,561.688635522525,533.729497375185,536.343967166175
"395",539310.807945305,717.20174379325,504.925773086121,NA,612777.321295132,550.708911920399,577.375084857511
"396",800.902576129572,565.035385751052,546,NA,546,546,814.836712830646
"397",533.99906544426,618.522056268629,507,NA,595.081330848975,551.852490728557,507
"398",622.101098298172,625.565512402301,550,NA,630.136545701072,598.591193164265,596.226160769332
"399",618.908425105541,620.708505295712,518,NA,612.274373303354,573.720840462626,600.322427368751
"400",757.963087850568,588.309813848399,521,NA,521,521,752.961187949429
"401",671.54609234185,665.210890915293,507.324488140639,NA,543.467444546854,526.549798202348,680.946092126371
"402",718.975985223687,741.302983217014,533,NA,585.865859377324,556.909124250383,685.560297803501
"403",509,766.643514116204,513.202063901605,NA,509,274799350013096352,765.837234895742
"404",625.86345798531,625.352074841572,493,576.278295431879,535.141381363912,517.490331662636,662.306775779215
"405",1164781.72640246,1129973.04623412,482.487212432365,NA,125776028299.501,2773005719.74489,679.919961581458
"406",484,484,484,548.741416462225,776431.880614568,1185633310.66099,484
"407",617.621759382908,623.284472089763,504,NA,504,504,586.548392224866
"408",1179673.54982168,930467.465678134,531.987378981509,NA,2204057.08783016,1372742.04294055,851.588083194262
"409",713.981859797062,532.366520102235,500.313136708309,NA,576.868373428452,538.913148478501,732.066542007676
"410",701.508018561871,725.569403824047,516,NA,546.572547011738,532.381399627611,698.38362801488
"411",587.850262647838,589.366496658846,503,NA,548.463844752702,524.132553125125,554.00552745661
"412",716.614477097901,403269.17528641,515.063765217916,NA,508,536761.495243073,698.530250474069
"413",640.117876196836,642.125444254085,545,NA,650.725445109821,611.855626846897,624.319324272085
"414",539,539,539.588422202336,NA,539,539,539
"415",672.829428589123,688.286160685686,503,NA,584.17614427633,551.865527046342,709.199483120768
"416",592.582726837722,590.176017146821,513.540980673206,NA,588.504262590917,559.72072180951,571.466693940566
"417",646.408937878512,672.126062832699,506,593.85860788008,506,506,639.225395429235
"418",591.206141452235,591.82103858743,516,NA,596.348950754404,564.22061012594,565.872008325295
"419",616.174306999562,642.967810223065,514,590.73293518549,514,514,576.776638639119
"420",1621250.91385235,1371520.4066101,506.437108570574,NA,4937979.03011413,800456.679834499,505
"421",3056174.51807688,2575482.62396551,496,NA,496,2898785.41268465,677.807067180358
"422",643.52086133408,644.86904443789,534.055617779566,NA,622.57237992476,581.723253452196,609.50236042545
"423",580.592072885786,582.13163750891,482,NA,482,482,547.809961220194
"424",495,495.03389161216,495,NA,495,495,495
"425",191576.308821469,717.213418120341,507.017775199828,580.749619178908,507,1254978.54520121,762.982636761625
"426",506,585.169450624379,506,568.380447544905,515.187148259457,511.428901301694,506
"427",605.806835112686,607.405312043473,509,NA,588.290710605931,554.270315794825,577.824725876003
"428",1823342.32309044,1838684.37553906,520.002143412615,NA,549364.216695571,810482590.329459,681.271916269284
"429",613.366840612772,615.029237209942,521,NA,611.286048896951,575.644609968149,589.105963613098
"430",698.777113554611,706.306328831976,513,NA,572.850162158196,550.488876133139,689.0332334399
"431",636.319419035229,632.603915224322,509,NA,589.14160137134,555.844180834072,606.923902764665
"432",286197.973742272,755.95648254642,509,NA,2324006526.71238,509,796.063640964927
"433",35121.2373342012,9866.04719617881,526.776280257738,NA,3843443.39408337,571.64992988254,586.17846093255
"434",526,554.322675347456,526,NA,526,526,529.725293913191
"435",4142883.85907183,3606438.94617119,533.97110426368,NA,57809220.3859611,2313707.75245434,679.969130864558
"436",652591.689013995,516821.163875873,502,NA,502,2213179.24899545,676.973604916856
"437",584.482023511587,582.891124781052,505.357446324988,NA,504,504,743.794080883146
"438",235223.10556552,782.690430460232,526.883295645483,NA,2962056979.69733,581.966543182676,668.12795933424
"439",405931662.718268,334452052.276564,512.481285493333,NA,14763874.7835716,9869427762.23844,771.520971620815
"440",621.353061585112,622.068475688647,528,608.000017632594,597.202471114422,567.352387395775,589.445343570761
"441",784.933935980551,688.771176585602,520,NA,29209627.3499046,555.189962454979,657.44841385412
"442",559.90445158711,561.595233006436,526,606.811820426184,526,526,526
"443",507.058316180256,508.57038267293,486.143187649333,NA,486,486,486
"444",682.164867085481,682.85325355061,519.601916009269,NA,3460244545.33707,519,784.980353902085
"445",595.184816684566,595.31390831019,513,NA,593.941581324242,557.805689381198,569.082795239276
"446",623.764840664648,624.451422042999,527,NA,625.249563884762,584.448526889221,598.060619461963
"447",596.499932586402,596.214376422172,529,604.155094795058,599.546544033126,567.570854301452,568.427516362671
"448",727.770290784829,731.440571989339,518,NA,535.171569753851,518,786.728804367042
"449",655.108588815211,659.572509613439,535,NA,581.706126353848,559.553620153055,615.6256684596
"450",588.314360475253,589.98578787214,485,NA,485,485,764.083191725806
"451",528009.03791624,518002.070804702,508.021396383014,NA,508,674924.906519762,731.941143016464
"452",57745594.0860419,522,523.900019736417,NA,522,20602667.8721526,522
"453",557.317167365642,573.740228404401,476,547.124822629839,501.332858410461,488.483327594101,536.933666963053
"454",1498565.92042577,1140007.58399247,519.520452275238,NA,3269961.28009471,1374781.95623724,591.46459513351
"455",634.636571172551,641.895393132035,510,NA,541.900450594749,524.384537219888,599.969684353811
"456",660.26662499004,674.88449812892,517,NA,595.36807534839,558.682374123189,643.777116529546
"457",523,19195990.8197598,523,NA,2025398.24113673,380459707.115008,733.137062864556
"458",713.347166563985,722.075975442666,525,NA,613.124892538626,571.818669981268,690.146816942145
"459",762.852202523021,590.859484348463,534.774658662312,NA,629.226002985539,583.538436903039,757.65600810979
"460",716.440527031014,717.004607752875,529,613.643028359431,565.196831265308,547.126711606874,754.910361751659
"461",675.645089053352,694.198483725342,530.792771049347,NA,579.21853361994,556.456318859425,651.13527233683
"462",596.500749311429,595.757506395912,512,NA,608.872562942104,566.38967065531,566.254804006034
"463",674.471691334102,669.283926352446,506,NA,506,506,582.380267909959
"464",600.958887261657,630.835989980883,510,593.433597870157,592.601664860828,556.743967172045,571.266563812952
"465",495,495,497.115285344948,NA,495,1606050.96892182,544.127036128056
"466",598.021550514143,600.538742013881,479,543.13363557948,479,479,579.929693960081
"467",521,521,521,595.249350637534,521,521,521
"468",493,493,493,NA,539.615279326375,514.548368296744,585.991343616506
"469",10024782.1348809,7901605.4910126,554.094238640023,NA,3571330.54732747,25397365.2807214,811.419696203227
"470",675.111787247676,680.492253553225,544.158230869828,NA,650.756918379548,601.37774347866,639.005213855542
"471",703.479508919168,726.191430558717,529.201556608549,NA,631.73349928968,589.155410837281,684.187954173586
"472",663.75365081955,664.84138659224,518.577974153671,NA,518,388172.016916538,616.464903768845
"473",860641.036132897,799888.002442828,520.059327191576,NA,1531404.26332776,1252273.6999385,685.933375159715
"474",478,703.554910305199,478,NA,501.782283997951,485.913075262254,540.555678904093
"475",105195662.935091,505,506.003580075813,NA,24391952.7613302,645987603.80898,703.030558942011
"476",647.156547056394,647.650061530391,520.791761651832,NA,646.796724801559,595.281006334623,626.677433276235
"477",212346.202853792,761.972071059548,525.183216059166,NA,525,185332.565552948,786.964298518149
"478",725.270231103121,702.360024540319,516.678752660841,NA,516,516,653.618678374304
"479",60751.3608608405,48763.0766757948,518,NA,283015.000307848,574.558925292567,691.494391837207
"480",617.109296528543,621.222536582647,519,NA,600.817788057162,564.37099378209,584.539677040161
"481",41400284.4916189,492,495.355179016967,NA,492,494.988546289689,526.356189325248
"482",676.006672949198,702.433940841276,526.514350989642,NA,631.485960160528,2312197.22388245,650.161689457171
"483",615.919297995319,607.489050073774,540,NA,638.020837627219,597.439242645631,581.142883960836
"484",542.568774774597,535.3306791957,499,NA,499,499,506.517251957853
"485",783.918420212159,648.55929057126,531.782365974447,NA,528,250991020896306,598.795041651452
"486",660.214759550349,671.705955663325,513,NA,513,513,600.986269915902
"487",585.643197270369,585.790042259877,490.714006655233,NA,568.456827802572,533.210513320557,561.554986092472
"488",5166585.13670312,3012672.94942259,549.772689111924,NA,1431417.76599472,316967078.502974,570.537803198622
"489",731.988727586721,742.629769118985,539.735729443912,641.181153255593,646.897672516832,605.483434772249,722.717908376112
"490",604.456287189822,587.75712437111,512,NA,512,512,760.65704531246
"491",42626119.6931331,514,514,NA,12272184.9473219,177352078.127824,754.688909757594
"492",594.126898375369,600.546391251651,502.569637479356,NA,571.368563947944,541.521065383715,565.151405012046
"493",609.158305751926,611.861288215234,512.318246567661,NA,599.662349761701,556.953994430821,568.722011094348
"494",533,568.299485726813,533,620.062856346214,533,533,533
"495",331893.924812327,246613.38628493,509,NA,509,1743441.5688666,667.493535077723
"496",563.407574015783,561.18707656047,493,NA,579.390213917031,537.969810736712,521.489012460447
"497",603.624885899606,607.41167220719,509.052087577634,NA,600.911050243191,558.078436555741,577.075704842876
"498",726.417012334637,512,512.906230432512,NA,569.021121593458,539.447504749732,512
"499",680.34037393258,700.95754929429,533.027026079536,NA,605.30766363301,573.644352706495,638.595299982957
"500",17560510.1178136,15080848.2755364,532.322478601311,NA,11149223.9758187,23131250.1256097,798.812205757663
