"","correct","wrong_link","poisson","negbin","ztHurdle","Hurdlezt","oizt"
"1",NA,1055.66671825311,779.028189388747,NA,1330.16613960125,NA,NA
"2",NA,1060.70815229503,762.625344711777,1171.30869183871,1298.70810153576,NA,NA
"3",NA,1096.64649183214,759.012495579829,1071.038383624,1297.54162967809,NA,NA
"4",1139.07826309288,1139.27709694147,780.884541069712,1055.32534614627,1482.74968857656,1112.50349972703,1112.50349972703
"5",NA,1076.11714899871,747.559064443275,1180.11727567404,1274.69098347902,NA,NA
"6",NA,1102.95286144491,762.106486508688,2507300927.36298,1452.92660156921,NA,NA
"7",NA,1086.88626235746,758.01406279835,1202.35867307238,1333.09047292578,NA,NA
"8",1125.61019446302,1116.4286304003,774.278526442441,1383.68654156122,1249.57523125944,1058.80730006508,1058.80730006508
"9",NA,1082.21171047195,800.947095278101,602404.68343007,1426.32353281657,NA,NA
"10",NA,1048.46420524118,742.714504013892,1173.30209933061,1304.40593399576,NA,NA
"11",NA,1086.05542852078,769.173460023715,1189.02685708635,1280.86149576894,NA,NA
"12",NA,1110.37923581224,795.656075994151,6434126.91878185,1468.04422749726,NA,NA
"13",1086.68475661916,1086.4407569054,758.224562751797,1144.46988313523,1355.03764668202,1044.52926307542,1044.52926307542
"14",NA,989.215376210125,707.776120222111,988.172838593284,1213.07603703025,NA,NA
"15",1066.11908522987,1065.90928636718,756.319489228654,1128.2984354476,1272.73027714859,1035.83379710948,1035.83379710948
"16",NA,1043.91668908183,756.714697115567,1038.11784477459,1234.77228271773,NA,NA
"17",NA,1054.77315468273,787.898875543703,288739206.580426,1439.3963457973,NA,NA
"18",1078.32511435656,1078.68704107039,761.614456475992,1083.68433807074,1239.59747582018,1039.43469580829,1039.43469580829
"19",NA,1036.57286373691,751.510198824945,959.959324815788,1286.32423800012,NA,NA
"20",1079.82738588328,1077.24177467956,762.76735265744,1091.68419297385,1342.60135333435,1061.43945147594,1061.43945147594
"21",1046.00045921732,1045.45066527225,759.195135473354,1325.74582604962,1311.67747869783,1003.96612762585,1003.96612762585
"22",NA,1070.62120201081,740.020072109879,1140.1423001317,1342.30777316474,NA,NA
"23",NA,1095.05112766173,776.826316996018,1177.07376243394,1414.81465090142,NA,NA
"24",1051.82047586551,1052.07821059719,737.589459525324,1132.41914295124,1276.93879431616,1022.15698512563,1022.15698512563
"25",1025.08095824679,1029.45529351788,739.094639393938,1114.7318182646,1144.34472477983,996.245981628011,996.245981628011
"26",NA,1082.52105910795,795.567697182426,959326.236020206,1366.98408542687,NA,NA
"27",NA,1073.32779406682,783.82373622474,1128.01861523775,1373.30223894878,NA,NA
"28",NA,1131.79725257064,791.259898477249,155618323.201983,1735.92355912424,NA,NA
"29",NA,1041.99982701794,728.614154704604,1057.91443905113,1215.91175779376,NA,NA
"30",NA,1002.2960756237,733.285657163178,1112.0057406046,1172.13461157869,NA,NA
"31",1069.8864327666,1067.62666789617,765.822431032194,1108.57745400436,1359.83506191478,1118.94626978453,1118.94626978453
"32",1086.89195931083,1087.59990762143,764.379611018988,1238.32778880154,1383.8072944937,1063.34789560027,1063.34789560027
"33",NA,1041.66927148953,746.648315754467,973.235098739389,1369.00705646014,NA,NA
"34",NA,1069.21193064393,778.848812297207,1290.61212684925,1227.44933133699,NA,NA
"35",NA,1128.42174295072,776.704643985704,1091.55886609473,1288.7076321597,NA,NA
"36",NA,1093.2854658739,772.27872322061,877935.701515949,1374.64921058217,NA,NA
"37",NA,1058.55023095228,736.931175699748,1050.63599524631,1192.59255687253,NA,NA
"38",NA,1070.72686318761,765.336416777352,1063.83981115476,1189.29399134285,NA,NA
"39",NA,1043.29765526177,739.842459442848,1058.07508009615,1207.10607753096,NA,NA
"40",1096.28354163327,1097.11643804338,780.804585185738,1160.96286060646,1391.58492481443,1106.07694349937,1106.07694349937
"41",NA,1036.01624394025,740.61188590742,1048.43418853164,1256.69306104206,NA,NA
"42",NA,1060.05385026602,764.942401859325,NA,1540.02249551588,NA,NA
"43",NA,1141.58436457356,798.297087472237,9129584.48442123,1491.2142985521,NA,NA
"44",1028.38539025126,1030.40169363337,738.925101954314,994.007871268151,1214.51521233694,1009.4298617987,1009.4298617987
"45",NA,1005.00383215394,733.330382056752,1121.94030320235,1145.67879800712,NA,NA
"46",1084.01733217144,1084.18813155965,765.058889442589,1345.84585126749,1240.40161009163,1040.29969860603,1040.29969860603
"47",1094.13180123767,1087.75276633438,780.826267938006,1187.74003342969,1385.56789082699,1069.64129285011,1069.64129285011
"48",NA,1077.1780314894,778.249522046648,1055.75623634256,1513.6187971316,NA,NA
"49",NA,1084.33043668407,763.421671624925,1225.49069594493,1289.49952115104,NA,NA
"50",NA,1042.03378278051,760.957250845596,762650.631959236,1239.53886845243,NA,NA
"51",1094.01070835859,1094.64246189282,749.406323273722,1118.55597573714,1386.37223718821,1088.44347222825,1088.44347222825
"52",NA,1044.60481852013,737.279042848897,1063.84976688679,1302.5652511754,NA,NA
"53",NA,1054.64097907687,738.345449591155,1055.36249798521,1276.23019956939,NA,NA
"54",NA,1129.09261783763,782.205136564226,1171.73761455057,1507.11583820475,NA,NA
"55",1049.45345209152,1049.97125001623,742.631690150831,1016.48978368966,1293.87295397662,1003.66862782603,1003.66862782603
"56",NA,1087.00686441764,758.060097804324,1067.8148027116,1266.01229468971,NA,NA
"57",NA,1039.25609780172,739.405953343561,1122.94473562861,1276.67396473648,NA,NA
"58",NA,1083.93574110106,744.928902845544,1090.93081236181,1412.16791005927,NA,NA
"59",NA,1023.45681811514,737.248019453427,1000.86304457904,1176.96930994954,NA,NA
"60",NA,1042.56677560289,722.716694912427,988.92277828383,1194.59012116755,NA,NA
"61",NA,1060.46491058762,748.109990366933,1008.62896557042,1213.2272248933,NA,NA
"62",1027.39999424661,1028.36758035959,737.320832656265,1059.39140904302,1230.91828130347,1007.01325099956,1007.01325099956
"63",NA,1136.44057432346,776.337768117563,1027.32856735636,1281.99525400712,NA,NA
"64",NA,1067.21757017537,770.812371877421,1068.98819986927,1383.21680479211,NA,NA
"65",1020.02936627581,1020.13281664284,747.577965792497,955.935769788877,1231.94823859423,996.542133376762,996.542133376762
"66",NA,1091.35774541046,771.149130990228,1110.51265947232,1433.51924377655,NA,NA
"67",NA,1116.95024638125,775.873311254566,836156.348952894,1566.87071004541,NA,NA
"68",NA,1044.41765705152,768.431177509713,1531119.42800327,1312.57313686366,NA,NA
"69",NA,1046.74152688702,765.433336410986,1036.50950349126,1372.5457195332,NA,NA
"70",NA,1010.14144777133,729.178138277735,1077.8729580131,1219.63077737487,NA,NA
"71",1047.17900706435,1046.22647086431,740.621886231891,975.552094826318,1247.94053292497,1027.93495888055,1027.93495888055
"72",NA,1074.577585484,754.785614076141,1038.03282095884,1471.72857555519,NA,NA
"73",NA,1114.05528756291,775.369254774137,1076.9368284473,1332.38250865047,NA,NA
"74",NA,1090.11884462547,779.5850287793,1347.5474300642,1250.93824959862,NA,NA
"75",NA,1043.7250759041,747.282670584642,1210.63018916256,1193.20996076124,NA,NA
"76",NA,1004.51004916198,733.936932824029,1197.88209217197,1123.59786011137,NA,NA
"77",1024.91002716517,1025.55438506965,752.505003527588,1061.62275026085,1241.08191391922,991.19601923229,991.19601923229
"78",NA,1023.07337387605,756.656039783068,1220.6473940499,1137.95682588264,NA,NA
"79",1032.20181374657,1033.95768678502,740.226193336217,989.163808205276,1265.29724648896,1020.09857282495,1020.09857282495
"80",1055.50096320848,1055.94733074992,768.037564374175,1265.82146376113,1302.82775324872,1016.8621058539,1016.8621058539
"81",1027.93773535526,1028.141657554,746.088137017462,1144.66040567884,1220.40923062534,979.678086451256,979.678086451256
"82",1088.26433182506,1088.9868807166,764.713876476964,984.326815726619,1346.38133739228,1083.86005937139,1083.86005937139
"83",NA,1105.93519270111,771.167934989943,1211.28552791713,1269.91163503519,NA,NA
"84",NA,1110.44187209649,799.606785777905,847265.938066305,1442.09662983317,NA,NA
"85",NA,982.733922941611,737.219431615484,960.333890704503,1138.40705028984,NA,NA
"86",1059.97946522252,1059.95677308706,756.295044470689,1160.24359865946,1321.4713791932,1054.2949427125,1054.2949427125
"87",NA,1061.43066736155,754.918759947469,1155.41250245861,1331.95288094588,NA,NA
"88",NA,1009.84763240727,743.59790610319,1094.43505621698,1168.21291275462,NA,NA
"89",NA,1059.97559429553,765.554704040731,1149.07337059831,1201.8353025278,NA,NA
"90",1022.37709482817,1021.78657999626,715.40719095616,1026.04485675797,1234.69458285066,974.385651400825,974.385651400825
"91",NA,1030.69805977407,748.057556323322,1023.62976229387,1276.93166588757,NA,NA
"92",NA,1035.35984138522,735.985133680225,1033.59993515782,1321.72409964175,NA,NA
"93",NA,1076.59092837566,758.592785697984,1148.8593471792,1393.22161406634,NA,NA
"94",NA,1061.97264975145,757.763939901447,1174.81409146916,1208.56895370611,NA,NA
"95",NA,1106.82091132653,800.108621492154,1229.53761432379,1343.56262980724,NA,NA
"96",994.75964166141,994.051471159452,729.892185249287,1107.6379903836,1271.42922062314,987.455297455818,987.455297455818
"97",1020.31520720822,1020.44771485564,727.495864605729,1022.65748472176,1208.43235861256,978.419475196216,978.419475196216
"98",NA,1074.02269318444,757.038010658562,1146.05528585963,1242.21525577716,NA,NA
"99",1066.43933367457,1065.38466512878,765.460591417946,1238.63396784305,1236.45846713585,1051.10333483946,1051.10333483946
"100",NA,1046.610805771,751.977943977189,1134.66081222685,1213.30965072609,NA,NA
"101",NA,1034.26199705568,741.514258995778,1235.81787605441,1143.48219730816,NA,NA
"102",NA,1037.21349193012,761.440157921061,1050.32909708982,1208.7966220665,NA,NA
"103",1078.26333481397,1076.95098581765,761.848895160745,1020.86608083545,1323.97716402989,1025.98521321644,1025.98521321644
"104",1075.80687289517,1076.5475032422,735.036042229424,1170.39310056482,1207.80905370349,1000.08983116241,1000.08983116241
"105",NA,1118.39146141065,787.717936347422,1168.54212642286,1333.70352968842,NA,NA
"106",NA,1041.75633931647,778.981262778595,995.377966473332,1325.27660231581,NA,NA
"107",1047.68221145969,1046.88733997555,751.780836551041,1210.31159369481,1189.5896337123,1061.70825001666,1061.70825001666
"108",1020.50900836501,1020.88600580838,749.308609491275,991.604682365622,1257.67836482542,996.379288495828,996.379288495828
"109",1107.64286470461,1106.95767756428,770.239203169606,1490.66999863025,1456.23644820417,1119.63847385029,1119.63847385029
"110",1152.6977613011,1152.91780758537,798.661460786793,1275.31695872642,1359.42931919923,1176.94838508413,1176.94838508413
"111",NA,1090.85359363968,799.070042372859,209654055.032423,1383.41408537632,NA,NA
"112",NA,1109.45117688404,764.432243192141,1104.85128288168,1309.12555624433,NA,NA
"113",NA,1067.58517030048,744.536707559603,986.90446657922,1243.78489765178,NA,NA
"114",NA,1078.19656484469,774.234095185974,2080953189.26418,1438.06890553773,NA,NA
"115",1034.63873375905,1032.6465282575,744.384660169568,1157.09655601226,1187.93044921055,943.777294362794,943.777294362794
"116",NA,1130.60250987888,789.115399044248,1185.39745109187,1323.52351000238,NA,NA
"117",NA,1133.16766554019,800.001384522478,1092.2837296809,1460.83816370373,NA,NA
"118",NA,1064.45413354992,746.705373991044,1208.62155287167,1242.23279819737,NA,NA
"119",NA,1083.21846902675,764.584991348468,1305.3058696628,1283.00100903605,NA,NA
"120",1051.57317365814,1051.79443048422,745.473817129946,1085.16770875987,1263.34516539232,999.123486058917,999.123486058917
"121",NA,1050.09368564218,738.297324040117,982.618018506574,1145.87518322697,NA,NA
"122",1065.20833144412,1064.68153056665,751.90502110076,1114.30280574265,1259.27415817983,1012.34630506075,1012.34630506075
"123",NA,1056.24507485359,750.621178136354,999.912503241472,1263.85280415914,NA,NA
"124",1096.23723801134,1095.01485825802,764.74331820141,1335.04776290936,1316.39246791164,1083.95838955981,1083.95838955981
"125",1076.91867543219,1077.35770848895,750.082794831063,1232.9734864322,1156.06372655861,999.556570616758,999.556570616758
"126",1120.79478821025,1120.88304256965,794.008009056979,1305.87361355319,1339.13518466309,1076.87333087946,1076.87333087946
"127",NA,1050.64805605067,744.823889312344,1138.50826383861,1336.43850645728,NA,NA
"128",1103.92111052423,1103.85847597274,793.342492879652,1138.7988098056,1318.79902382187,1080.11262038457,1080.11262038457
"129",1067.92795560155,1067.34074034057,759.762682573765,950.661521626772,1270.12712764402,1033.44434110066,1033.44434110066
"130",NA,1042.13985581411,728.986601080881,1063.14287742579,1197.55098664997,NA,NA
"131",NA,1062.39699786955,752.650702568433,1186.43676675916,1260.05684801141,NA,NA
"132",NA,1047.26771004907,772.477657947396,1306.76075630892,1274.4011780243,NA,NA
"133",NA,1023.99480013525,739.923460704151,970.841892449448,1259.03782325642,NA,NA
"134",NA,1085.0932785105,755.030099588305,1212.50491738163,1469.84806561277,NA,NA
"135",1022.59595315462,1022.18420072312,746.499826442428,1020.76334244412,1193.56288970414,1001.5798667631,1001.5798667631
"136",NA,1151.66111197868,801.233083911667,1175.85587585502,1445.48740123863,NA,NA
"137",NA,1092.57556696747,790.90290486567,1137.06526943683,1472.17476938759,NA,NA
"138",NA,1031.08403001345,739.158749833031,973.972220400694,1243.65011239751,NA,NA
"139",NA,1062.53276138754,765.001518014994,1244.19506998891,1332.06533179792,NA,NA
"140",NA,1056.6351325235,746.052484875951,1047.84422326386,1220.74687664395,NA,NA
"141",NA,1045.37799637925,758.66142538905,1088.22927634545,1267.18331002198,NA,NA
"142",1083.16783150787,1084.05345266453,761.422314438519,1090.52977262588,1333.46967947501,1050.48822357935,1050.48822357935
"143",NA,1023.63896947676,730.244679805807,1037.8172349771,1240.6035322655,NA,NA
"144",NA,1070.10055259182,758.576075300367,1207.40561948371,1337.63858439608,NA,NA
"145",1040.78426126019,1041.11420706325,748.823802688196,1259.10267834512,1248.66078148326,1007.84952895229,1007.84952895229
"146",NA,1067.35921537136,768.504364695644,1109.58372863543,1244.28524418194,NA,NA
"147",NA,1080.92111116643,774.745508940753,758547.084399292,1345.362528367,NA,NA
"148",981.656879959002,982.276498801881,715.309564206598,1048.89887380233,1102.76670918791,962.470321621566,962.470321621566
"149",NA,1083.55470981975,759.509684129164,1295.33344047643,1353.42319571423,NA,NA
"150",NA,1120.43725457306,804.716082858383,1999358.55730898,1472.22770990004,NA,NA
"151",NA,1071.65438139894,766.751809784608,1059.20493270145,1433.11075915611,NA,NA
"152",NA,1095.14276408816,755.088480147108,1088.60208704442,1222.53496677902,NA,NA
"153",1026.69960820713,1026.89990431164,737.037176109161,1124.09180315261,1244.22876577319,999.499098095528,999.499098095528
"154",NA,1057.17658207326,749.216532571988,1154.34803637774,1222.97789707307,NA,NA
"155",NA,1062.49916822987,747.510110868667,1184.52217365073,1330.39262180598,NA,NA
"156",NA,1014.88335427023,757.730280825172,978.68343225752,1169.60901980264,NA,NA
"157",NA,1010.31091858023,730.775438949347,1041.08674805298,1068.20783021152,NA,NA
"158",1028.06210226845,1025.79535252323,735.65411075742,1086.26731006439,1236.02847831776,986.96015985762,986.96015985762
"159",NA,1072.10520980834,765.141528022414,1121.59578744906,1367.41197819826,NA,NA
"160",1068.70285715441,1071.78601931368,751.737779962665,1169.39168648347,1307.73155171362,1002.31017642791,1002.31017642791
"161",1049.77163072314,1049.52604420618,752.19096773624,1012.33713567843,1211.52723121152,1012.75638925825,1012.75638925825
"162",1021.4674288826,1021.69584226557,729.343533180883,1048.05736960864,1186.70006896975,987.85804095982,987.85804095982
"163",NA,1103.34176193712,765.688027419441,1216.7336145578,1414.14594156611,NA,NA
"164",NA,1092.52595585979,787.167317179934,1024.65462835345,1318.86530121813,NA,NA
"165",NA,1024.79127260093,750.351177298204,1062.17851225138,1221.65935719696,NA,NA
"166",NA,1000.90849597495,737.79312367505,1156.66104577707,1189.67254973375,NA,NA
"167",1048.23300725235,1046.61981709699,764.971175283017,1078.3019017044,1167.70955696694,1020.49117225618,1020.49117225618
"168",NA,1064.77388180515,776.979542634882,1094.63611789206,1274.5676994235,NA,NA
"169",NA,1082.55716109062,760.441126963238,1063.24818612708,1173.44819997206,NA,NA
"170",NA,1106.45052579697,771.221587646359,6908159.62090636,1426.02779771817,NA,NA
"171",NA,1029.29700423032,745.629435660163,1067.87313392145,1202.98043962815,NA,NA
"172",NA,1058.6857256843,744.794604802455,989.63235268844,1190.61337712168,NA,NA
"173",1081.46257235975,1079.4457938557,758.881382816111,1065.42122632239,1280.57816067398,1056.01986015925,1056.01986015925
"174",NA,1048.44563080557,741.923498581416,1100.15880814473,1308.97396667864,NA,NA
"175",NA,1065.56408206014,770.434836323406,1013.7431493617,1288.56310815078,NA,NA
"176",995.296206887242,994.170812246189,722.291943335828,1068.39384646843,1140.55260334465,942.170158111304,942.170158111304
"177",1044.00547228633,1044.82799840554,749.027261052725,1190.50104495576,1217.06200319049,1044.36315809859,1044.36315809859
"178",NA,1051.47273892349,762.094870870634,1160.16446129911,1231.87524131296,NA,NA
"179",NA,1078.17135071314,782.676710208547,1326500.26511034,1386.01010843318,NA,NA
"180",NA,1058.12585305883,755.360183755665,1311.80276355363,1341.78617480657,NA,NA
"181",NA,1004.35103316085,749.029580071297,1142.30440250809,1218.87379255333,NA,NA
"182",NA,1066.4371585228,764.877519345827,1108.95104512399,1318.3510580822,NA,NA
"183",1096.80302638245,1096.3567632957,761.700619014793,1406.87621758833,1364.30500268612,1057.40051507451,1057.40051507451
"184",NA,1131.95282115669,766.383649394004,1055.46344965905,1526.02967723722,NA,NA
"185",NA,1088.50100524523,771.776612561297,1089.30760595488,1439.30668637483,NA,NA
"186",NA,1105.10085148528,772.793751195058,1097.7214082289,1503.07683107169,NA,NA
"187",1013.57525410536,1013.49506041786,729.501457602891,1052.11198985151,1146.87075211121,985.862031366921,985.862031366921
"188",NA,1086.14701438593,746.7369875125,1172.89252168872,1354.40275395019,NA,NA
"189",NA,1123.57062072469,793.39037848262,765030.550230103,1592.58464368807,NA,NA
"190",NA,1077.46217490071,776.882575340469,968.582032151434,1364.02386144056,NA,NA
"191",NA,1007.23938981114,702.070288181296,974.853978626679,1207.33216177403,NA,NA
"192",NA,1111.06788610481,777.74909652254,1225.34847294069,1377.69001989342,NA,NA
"193",NA,1104.30967750763,776.961074996893,1122.56430969716,1306.21712139405,NA,NA
"194",1131.8618956941,1131.5731472093,823.439561447766,1120.88969111887,1523.01662321325,1089.40053986726,1089.40053986726
"195",1020.80380894998,1023.21707090309,731.402988477904,963.782423143423,1249.71766264598,1010.33096157395,1010.33096157395
"196",NA,1048.19565184522,764.006071031556,1141.43901649402,1189.36437653957,NA,NA
"197",NA,1054.1304610314,755.914814152053,1286.74811554936,1337.64534934856,NA,NA
"198",NA,1032.6857071357,740.730309037073,1118.24020780648,1192.70120963766,NA,NA
"199",NA,1018.32577914837,744.210961959012,1048.88847901318,1277.74625146221,NA,NA
"200",NA,1067.0445681509,748.103558388571,1221.2848329869,1356.3452139645,NA,NA
"201",NA,1126.47413433468,773.53469801222,1146.23650877306,1531.21123178319,NA,NA
"202",NA,1047.63709095915,751.604855476707,1107.11291762857,1339.64161601213,NA,NA
"203",NA,1078.27763797646,750.280896503553,1047.80416130293,1295.74097820834,NA,NA
"204",NA,1045.57736109362,754.176894983624,1097.97646878708,1325.62414632854,NA,NA
"205",NA,1092.39529419496,773.899722459775,1052.35168233652,1347.59933497192,NA,NA
"206",NA,1102.07972167444,754.956566748261,1205.66807134146,1306.71028656225,NA,NA
"207",984.997672944158,985.764790798957,713.014467889806,1043.21364322709,1091.5703330605,962.282884536567,962.282884536567
"208",1152.11422304996,1153.62323498316,771.829733924392,1258.97784502699,1430.29115359744,1146.28534922868,1146.28534922868
"209",NA,1060.15491312944,755.129428993309,1108.5005402023,1317.21514498702,NA,NA
"210",1055.0249728674,1056.00470832226,756.135984651555,1086.57477284451,1271.6432115156,999.03982548277,999.03982548277
"211",NA,1061.84687409656,744.667155108656,1197.4662473004,1343.46243841144,NA,NA
"212",NA,1073.47395926681,805.970701970122,947577.912621124,1370.31611652141,NA,NA
"213",NA,1047.0894934678,738.572165555345,1122.99155108024,1277.36576677893,NA,NA
"214",NA,1049.07399416917,745.944815058991,1139.03436809923,1367.94762826723,NA,NA
"215",NA,1024.53152951933,755.655766333126,1241.09329124587,1245.73030846989,NA,NA
"216",NA,1077.68587050236,752.833854566279,1067.92331991835,1188.89139778582,NA,NA
"217",1095.21110907888,1094.95438536984,768.070859273771,1221.49279128167,1375.35796981378,1105.51443449648,1105.51443449648
"218",NA,1051.48301724869,750.258460656227,83887735.1786558,1335.79976109917,NA,NA
"219",NA,1057.93839838949,740.304871055886,1070.6061539092,1290.32772664824,NA,NA
"220",1073.43863988785,1073.06577181126,742.258439226474,1297.38855848355,1197.78840894998,1012.56251868055,1012.56251868055
"221",NA,1069.16042957467,751.053987739036,1325.40039995405,1260.2387152002,NA,NA
"222",NA,1067.41092307825,754.544497093825,1186.14837120514,1265.7217946936,NA,NA
"223",NA,1043.52814143599,746.35249672248,1170.25012099986,1180.93875284898,NA,NA
"224",NA,1069.08680244708,749.046553859072,1258.17021646253,1154.58265210922,NA,NA
"225",NA,1091.73063355276,781.987215513866,1263.44517646402,1333.851896242,NA,NA
"226",NA,1021.75938105292,753.143863299041,3311882.95703243,1276.97206535793,NA,NA
"227",NA,1079.60283602029,760.144474762153,1274.17386190004,1243.88130477777,NA,NA
"228",NA,1076.60860747973,770.515819510314,1300.20475464594,1272.0116473257,NA,NA
"229",NA,1080.28201790661,768.192761250361,1054.41331778858,1409.55293673928,NA,NA
"230",NA,1097.78311997936,762.584661506281,1081.43379605726,1339.73801162886,NA,NA
"231",NA,1125.80962448199,786.933957250614,1166.02831496904,1304.94784209701,NA,NA
"232",NA,1080.50252862327,747.375276624695,1106.74607206365,1242.98763728406,NA,NA
"233",1097.38616051497,1097.46343984055,770.487645644715,1153.14179526733,1332.70560894129,1069.24395501397,1069.24395501397
"234",1074.02608387555,1074.27081296322,766.80924002967,1081.34275078695,1390.3131643089,1070.29679919699,1070.29679919699
"235",NA,1079.57040855003,778.571142804578,53365704.0922394,1352.56174562626,NA,NA
"236",NA,1058.66707840694,757.118174369117,1235.9544490347,1297.38451188882,NA,NA
"237",NA,1081.18872501165,742.36108768457,1119.9681711839,1240.37094546191,NA,NA
"238",1027.88740743903,1028.5313022138,744.829760435471,1047.43167732417,1299.37539812267,1019.51015236211,1019.51015236211
"239",NA,1079.72844722102,750.895377916062,1431.0505533761,1300.20026733565,NA,NA
"240",NA,1116.44945742721,768.779147212801,1208.48262330627,1366.81726728259,NA,NA
"241",NA,1057.5253987928,757.325240380234,1133.16480716718,1160.7423579209,NA,NA
"242",1036.97613754589,1037.8294489533,753.031195862204,1239.28416472291,1222.05823628282,1008.08245265513,1008.08245265513
"243",NA,1128.67228920327,752.493437200696,1182.1641476162,1317.61649803215,NA,NA
"244",NA,1064.8668739159,760.200191977324,1065.9562318235,1246.70766781991,NA,NA
"245",NA,1020.40123617733,721.447025077518,944.28204318662,1173.34100532889,NA,NA
"246",NA,1095.64938496765,776.134409955697,1121.70720878278,1373.94597873668,NA,NA
"247",NA,1085.04598576841,747.665020432057,1154.08230101007,1266.5001611112,NA,NA
"248",NA,990.790415414192,711.632509527082,983.374670461931,1121.76711407237,NA,NA
"249",NA,1052.75917000527,755.2713923864,1331.22530549029,1289.5779984279,NA,NA
"250",NA,1032.47928108019,757.167808186547,999.622702591884,1241.03641699067,NA,NA
"251",NA,1043.64663214494,753.578171828919,1055.79384084617,1236.17123571891,NA,NA
"252",NA,1020.23887483894,744.722239495275,936.277467819754,1119.70924368432,NA,NA
"253",NA,987.595773678211,727.115064963426,984.574290302916,1137.82194285952,NA,NA
"254",NA,1081.82897116327,768.841720145614,1071.46052189324,1309.9948805284,NA,NA
"255",NA,1076.66276863949,760.422412496448,1108.01801981419,1277.08030623678,NA,NA
"256",NA,1073.03699894436,758.508822138075,1153.60534464152,1268.6140644647,NA,NA
"257",NA,1024.56383900811,746.62110311712,1047.73048741449,1213.20397631228,NA,NA
"258",1086.22283121386,1086.89169578121,764.796318452855,1118.23868488543,1241.21344536338,1032.68361153861,1032.68361153861
"259",1073.69042480801,1073.44196427294,770.759512349781,1081.79681809141,1365.35930725056,1028.78858930279,1028.78858930279
"260",NA,1063.24745353963,755.046265184848,1149.2427516285,1290.48763213044,NA,NA
"261",1069.47905887438,1070.55987288829,767.788914018291,1033.49503632591,1367.39958380829,1046.86679893784,1046.86679893784
"262",NA,1058.67721122195,762.592722919574,1047.74399665248,1335.20688640685,NA,NA
"263",NA,1086.82088226978,763.792840420528,1107.0015847284,1362.9861195609,NA,NA
"264",NA,1059.15451622616,758.957304248339,1004.8836199616,1235.52908505093,NA,NA
"265",NA,1078.3187728324,757.422955770341,1106.31177408529,1294.38121534961,NA,NA
"266",NA,1118.99396704949,768.365231626664,1134.58659916118,1203.61076804706,NA,NA
"267",NA,1087.76773013546,769.442888545172,1087.28828100396,1316.98676784765,NA,NA
"268",NA,1088.36912784555,798.581613371751,1201.04446075875,1279.34164115419,NA,NA
"269",1095.06639436086,1093.76588843362,784.873195512209,1084.43435207138,1447.96352393984,1074.98111440891,1074.98111440891
"270",1041.0202001804,1042.61805064802,752.466693214837,1137.81932393013,1159.01866861787,1018.7226239028,1018.7226239028
"271",NA,1048.13929859027,746.705046497201,1044.7265532683,1222.84280760428,NA,NA
"272",1034.7250209188,1032.94726335945,740.781875710329,1102.18405214626,1194.75018081741,964.24508060752,964.24508060752
"273",NA,1033.38967192392,766.331210724059,1103.27439935296,1268.21629877902,NA,NA
"274",NA,1076.53775188124,772.307155849074,1305.19129247847,1177.6570729107,NA,NA
"275",NA,1037.52036936754,730.219170799817,1482.88531279821,1264.80068129128,NA,NA
"276",NA,1022.90315357176,731.188150898207,1191.29418404046,1122.95038646585,NA,NA
"277",NA,1082.95900172314,764.535740531963,1150.75314748752,1289.1973584505,NA,NA
"278",NA,1036.85461285441,735.250648144761,1135.77988593063,1222.7642396555,NA,NA
"279",NA,985.521733882728,734.8722663471,1174.57882294347,1078.12692870765,NA,NA
"280",NA,1057.75818203473,775.302029953469,1049.2910529477,1367.01081934873,NA,NA
"281",NA,1112.14710613298,768.928126338227,1196.86359329954,1388.99655414407,NA,NA
"282",NA,1018.39211062082,743.228859144758,1006.71311415778,1201.46312913587,NA,NA
"283",NA,1079.83358460866,781.353479274037,1177.02289088238,1445.6743664295,NA,NA
"284",NA,1044.55019041034,767.495992675485,1028.88234415026,1276.54917993833,NA,NA
"285",NA,1044.13636808345,745.947033844178,1200.89938154229,1194.33090510347,NA,NA
"286",NA,1056.21140566033,755.850627870908,1090.48562018923,1289.37243125416,NA,NA
"287",NA,1000.77896334484,728.297470863338,1053.02561363064,1107.64979541475,NA,NA
"288",NA,1060.5533305528,765.518202184417,1071.47085168128,1287.92846576506,NA,NA
"289",1056.38364273215,1056.40144708898,747.709456360566,1157.3954430648,1262.0482903699,994.020388287132,994.020388287132
"290",NA,1072.34582671898,758.107321814302,1272.7182434207,1320.13187230297,NA,NA
"291",NA,1045.37585273351,764.835366964812,1076.77480206247,1218.59784453084,NA,NA
"292",NA,1064.08864872862,756.824700705748,653540.411293056,1395.69319638398,NA,NA
"293",NA,1092.6130278896,771.758419571038,1141.69592826993,1190.57323148728,NA,NA
"294",NA,1085.48594421831,801.039447816104,1139.72729980818,1320.06871909485,NA,NA
"295",NA,1079.82808128977,756.278271828,815884.567336185,1303.51590241001,NA,NA
"296",NA,1074.85124246796,762.219258370361,1281.66559484039,1316.13606626946,NA,NA
"297",NA,1099.22723069764,773.381104323442,47711037.7555916,1234.09851865034,NA,NA
"298",NA,1077.6096346371,774.581225942213,62748989.5532058,1396.78713873001,NA,NA
"299",NA,1059.21510010074,773.658746359587,22837425.5967089,1333.1222938977,NA,NA
"300",NA,989.128363255373,715.081150309223,1057.19587269039,1116.46024640673,NA,NA
"301",NA,1120.49761957578,778.163604552147,1053.93947282819,1460.80317382642,NA,NA
"302",NA,1057.09374167356,747.229511643965,1167.70262586275,1338.02108252504,NA,NA
"303",NA,1100.43796022151,770.755844192019,1135.74299537456,1332.82638178396,NA,NA
"304",NA,1057.57347898735,758.976894208349,1897971.20864744,1453.52687164632,NA,NA
"305",987.469620872335,986.979724293868,718.986863513454,977.066077850724,1197.54729124226,953.781067988163,953.781067988163
"306",NA,1052.71048278812,743.066618067936,1233.41643347709,1296.84284103069,NA,NA
"307",NA,1045.99266425849,751.812000451931,1202.3313663935,1287.69414969623,NA,NA
"308",NA,1073.60664025768,768.882600290452,894273.654412438,1334.89610358727,NA,NA
"309",1124.84653629737,1124.14005332488,776.818859626477,1237.57524165287,1328.15848038272,1093.9263981199,1093.9263981199
"310",NA,1054.87635632756,752.13733327936,1468038.04869109,1338.30717438796,NA,NA
"311",NA,1073.20062509078,777.137781654485,1119.64432141537,1457.91498758171,NA,NA
"312",NA,993.387295449198,744.013213001058,1008.51741261395,1161.60413565203,NA,NA
"313",NA,1095.17963737121,769.088911440627,1136.66084120546,1299.42667746971,NA,NA
"314",NA,1021.91324588484,746.914509195814,1056.31010823872,1236.68406273277,NA,NA
"315",NA,1073.05029667073,775.784016015628,1052.93713359636,1564.50863028158,NA,NA
"316",NA,1081.39831464065,779.8733754388,1221.07783626711,1218.73264724938,NA,NA
"317",NA,1153.05523371134,791.667930720345,1435.61545327719,1477.41505713907,NA,NA
"318",NA,1057.49792814042,776.161312727955,1085.33498205869,1222.31638982838,NA,NA
"319",NA,1006.16911424352,733.246046186883,1001.491772295,1130.45208963818,NA,NA
"320",NA,1064.36382603986,778.026826145318,1281.91549660017,1291.07816162847,NA,NA
"321",NA,1095.41160808485,769.14867258768,1220.93320640837,1369.22035696581,NA,NA
"322",NA,1044.57743151269,747.143556947711,1083.7504058354,1264.07030020659,NA,NA
"323",NA,1088.12173577262,778.619742076178,1134.81039117592,1397.35017605353,NA,NA
"324",NA,1028.62461761192,753.53828807179,1103.7654193972,1196.51218160437,NA,NA
"325",NA,1089.43052865991,775.430129336428,1032.216558379,1541.56529334022,NA,NA
"326",NA,1060.45986166756,760.683381809744,1201.89293011928,1288.02570529089,NA,NA
"327",NA,988.064478267037,714.139064003074,943.397662740803,1153.51401311917,NA,NA
"328",NA,1049.50960952403,750.04492638083,1054.20334118667,1201.17993247176,NA,NA
"329",1082.01988861493,1081.58235055144,757.340008918588,1038.0248608003,1279.72556072845,1012.01760239298,1012.01760239298
"330",NA,1117.9974897226,758.118735850136,1080966.76746883,1453.80869624112,NA,NA
"331",NA,1038.41332100143,739.628453762387,1001.36083789247,1266.97386178019,NA,NA
"332",NA,1127.48517069273,795.529745079258,656838.266668355,1415.5108518266,NA,NA
"333",NA,1067.00943525637,735.64709340144,1127.23692464833,1252.47960991133,NA,NA
"334",NA,1132.76772271859,836.689961914292,2752.84444728592,1460.01691392673,NA,NA
"335",NA,1044.4457344934,757.800239249122,1144.40707426518,1189.45435595334,NA,NA
"336",1064.29068319118,1064.51591259409,753.736814598443,1142.24257542716,1299.82944837736,1051.82652595416,1051.82652595416
"337",NA,1094.78327965262,756.977463921,1130.18083669794,1397.16801837226,NA,NA
"338",1057.73820427751,1056.64225402773,730.616980969632,1080.12107494455,1269.87905555838,1011.65274172539,1011.65274172539
"339",NA,1032.58382418223,746.37214846047,1047.40621097867,1160.33925792816,NA,NA
"340",NA,1029.75938714374,734.784891289898,1070.6111532482,1270.65612806573,NA,NA
"341",NA,1073.83599620298,753.317341499263,1393.43348333911,1350.04601854615,NA,NA
"342",NA,1027.23402753918,744.636472976162,1049.50261280286,1188.53222391246,NA,NA
"343",NA,1071.55736193181,754.055589871814,21092717.1687671,1345.42705181279,NA,NA
"344",NA,1033.44050576417,755.675915716939,1003.40619813873,1249.83880050483,NA,NA
"345",NA,989.994071868348,723.039689660018,1044.25468074048,1143.34473128768,NA,NA
"346",1084.68518746828,1084.15479516178,751.517344506409,1124.64872722803,1273.91552932297,1055.50496771168,1055.50496771168
"347",990.680915196427,990.666916075757,696.328363122059,1118.02973592514,1129.78648692806,965.825717441037,965.825717441037
"348",NA,1059.70876372894,774.121499839419,1114.42102462485,1269.82717641331,NA,NA
"349",1007.62397613352,1006.58115174538,733.13026343975,942.810339262656,1141.15506880426,955.77588187721,955.77588187721
"350",NA,1047.0653250471,732.322501127656,1272.02389119112,1219.56516517998,NA,NA
"351",NA,1083.14470592833,782.672349988516,1033.29527529252,1519.18464563849,NA,NA
"352",NA,1039.07641378519,752.757146393958,935.682283274143,1199.3892150576,NA,NA
"353",1085.0364804601,1085.06841197369,767.726806136013,1121.19433798093,1208.66802144557,1039.13633335865,1039.13633335865
"354",NA,1034.61137178884,724.015782980533,1171.8871844891,1200.17663541131,NA,NA
"355",NA,1082.76139021976,800.827995608044,1130.93164030405,1453.37823635467,NA,NA
"356",NA,1039.50985792822,752.885461121323,1031.116519635,1269.70885991355,NA,NA
"357",NA,1031.03880410305,747.746342196484,963.106718276354,1187.52059312017,NA,NA
"358",NA,1043.52513664285,745.978146194004,1080.62986018021,1283.37851892625,NA,NA
"359",1035.12271191269,1034.94699845943,739.777546710822,1089.93359028448,1225.55972788034,1018.87686791016,1018.87686791016
"360",1035.79072893128,1035.82318098034,748.385749093911,1033.76740084478,1188.88295930794,1075.92561505031,1075.92561505031
"361",NA,1031.46606233544,746.312361945481,1035.67456639589,1119.47631817401,NA,NA
"362",1067.34822510181,1068.76610805342,752.956719745037,1126.94410958156,1273.62523039374,1019.30486560902,1019.30486560902
"363",NA,1093.3226363385,765.803813817828,1221478.31247877,1378.52888062747,NA,NA
"364",1070.84910452496,1070.0343203012,763.328007752295,1066.49800402962,1221.3328525792,1023.23815992065,1023.23815992065
"365",NA,1082.9473589942,761.078729265115,1230.18153076421,1256.27847576376,NA,NA
"366",NA,1088.10031267664,772.301391075097,1096.41257178778,1280.90613623958,NA,NA
"367",NA,1073.91084180643,766.548987604375,1146.25734605317,1340.93140465541,NA,NA
"368",1038.84993802548,1037.41491804856,754.234566188873,1024.21616675418,1299.38759143579,995.284316011221,995.284316011221
"369",NA,1115.66087220164,773.035748812997,1192.96086549153,1301.44581416384,NA,NA
"370",NA,1049.37609228208,748.305113624794,1173.11441272734,1220.26138321657,NA,NA
"371",1024.89224389739,1021.90689257734,730.760757079718,1187.3387939806,1153.65689258657,987.734717394907,987.734717394907
"372",NA,1073.39321003401,759.645083090436,1181.27488527359,1249.21684102202,NA,NA
"373",NA,1167.78409082187,790.970032244699,1045.50893074268,1469.07283137761,NA,NA
"374",1066.39250537073,1066.55328824598,754.454330110538,997.648054650939,1217.73616105547,1018.67425451143,1018.67425451143
"375",NA,1110.70808304548,784.467715768563,901472.187051028,1397.02026848229,NA,NA
"376",NA,1075.11407026942,778.718610869173,1189.50951225897,1331.57674869914,NA,NA
"377",NA,1061.69955012371,745.921453374235,945.421169623762,1285.01014714431,NA,NA
"378",NA,1126.72024669297,780.163225461747,668234.618341175,1489.84441430568,NA,NA
"379",NA,1062.69393916106,757.178845341274,1094.17752045329,1352.92640058831,NA,NA
"380",NA,1067.45478372616,772.805077156767,1098.50260962381,1313.92473490864,NA,NA
"381",NA,1057.75270106528,772.277899135554,1098.01039592833,1225.70912714159,NA,NA
"382",NA,1089.8550418366,749.297667030034,1181.01336309747,1315.08545021239,NA,NA
"383",NA,1049.41467043752,745.694828618173,1235.36620644878,1276.81736274725,NA,NA
"384",1120.31779652245,1125.18092732544,767.187604443984,1187.67008117821,1415.01375189015,1054.92063307583,1054.92063307583
"385",NA,1066.51945462325,763.062182062561,1138.55759628464,1382.66486112451,NA,NA
"386",NA,1039.45678752027,743.092194836289,1132.33393005876,1315.30667413028,NA,NA
"387",NA,1112.78148583431,783.570345512375,9433062.58019197,1422.67843469448,NA,NA
"388",NA,1113.9927297811,781.92407089222,1094.00967959226,1387.68486964571,NA,NA
"389",NA,1098.67625119868,750.271973029173,1279.98237665661,1198.9965037332,NA,NA
"390",NA,1072.93934818176,750.346098567691,1187.28941682586,1280.2047456161,NA,NA
"391",NA,1067.15216627347,761.079437627687,759616.191394106,1213.33064853232,NA,NA
"392",NA,1039.0815767622,743.272727386995,1157.23779842981,1173.74087410932,NA,NA
"393",NA,1085.0340806405,758.362863888634,1116.4199270092,1365.49889326081,NA,NA
"394",NA,1063.16782474422,755.090486827624,1036.15921076824,1188.63107049794,NA,NA
"395",NA,1084.02698283608,760.926023002342,1048.73631600091,1400.3762490237,NA,NA
"396",NA,1045.48827420973,761.672514802363,1012.94884774128,1172.50872870801,NA,NA
"397",NA,1043.65210776269,762.376584627098,68337525.8467747,1358.20711273294,NA,NA
"398",NA,1050.34444686708,753.669900804726,1087.50613910204,1264.83751053679,NA,NA
"399",1026.55647714847,1026.63393077608,746.457295914158,1066.84235078367,1185.92623549289,1020.16900400135,1020.16900400135
"400",NA,1066.04931610309,769.241984423665,1103.85693620725,1444.90080080229,NA,NA
"401",1060.68970423202,1060.56651527172,750.116404672277,1157.87997741931,1263.73964489728,1078.85482994943,1078.85482994943
"402",NA,1054.74069654277,762.941098195782,1226.85745212515,1262.06607073882,NA,NA
"403",NA,1014.65233369335,728.716521608317,1015.00830087063,1140.68602231267,NA,NA
"404",NA,1032.11274603084,729.930372368795,1161.25605666666,1249.02142273342,NA,NA
"405",NA,1065.25968296227,796.04336344865,1221.49011605049,1357.73857879353,NA,NA
"406",NA,1126.37487275892,793.499540938241,1313.95457306605,1576.34498690791,NA,NA
"407",1023.99673085425,1023.95272302302,738.249819687095,1128.99334547801,1240.65744027295,985.060844796865,985.060844796865
"408",NA,1085.29472926138,772.529930380054,1194.2937916242,1388.32767914028,NA,NA
"409",NA,1102.32068906817,770.165596537534,232478255.073136,1395.13507472413,NA,NA
"410",NA,1139.13543285323,788.482954124097,1182.51548922508,1540.18077580565,NA,NA
"411",NA,1070.40734263475,771.688920741809,1004.45696879438,1241.72210277293,NA,NA
"412",NA,1067.83246835975,756.708674729377,1175.6170490092,1315.01709910873,NA,NA
"413",NA,1043.28425198241,729.483333921807,1058.07271663623,1162.65238040148,NA,NA
"414",NA,1048.79543849077,732.02234202549,1044.85404338633,1310.97178948917,NA,NA
"415",1035.28243916782,1036.1396413651,748.744279201928,1084.14275678316,1124.50977857777,977.487982183423,977.487982183423
"416",NA,1068.31562696801,770.998791046938,1141.08783135296,1298.22311820153,NA,NA
"417",NA,1045.00254472867,766.871798871214,1058.9498914742,1312.10989472548,NA,NA
"418",NA,1016.99674472455,723.104919735535,1111.42426211676,1131.46735862445,NA,NA
"419",NA,1087.32223490945,740.325952511625,1091.97448725667,1200.43058721321,NA,NA
"420",NA,1085.81625020667,764.030392206017,1173.20985846659,1296.10429255775,NA,NA
"421",NA,1024.90752934424,744.902750795639,1212.3380878785,1248.54035975063,NA,NA
"422",NA,1106.20531349011,789.727204586511,1184.76272526485,1367.44407405553,NA,NA
"423",NA,1064.63301972987,780.626087517182,1125800.4477672,1156.83863715094,NA,NA
"424",1005.32727279008,1006.86662437694,721.748420583333,1017.50347611984,1132.95333037694,999.910240589549,999.910240589549
"425",NA,1036.86181305719,745.699602277405,1123.10978043115,1203.70390028007,NA,NA
"426",NA,1085.69679852959,762.7599501382,1133.78340255332,1358.20512189249,NA,NA
"427",NA,1097.78487046602,761.747116252839,1183.43304919046,1484.08284808161,NA,NA
"428",NA,1015.14244916985,725.31571010346,1063.02667263114,1208.1720227102,NA,NA
"429",NA,1010.78448145541,759.054359018366,1154.85096705452,1116.8473938366,NA,NA
"430",NA,1057.51193485762,764.82458165013,1097.62278050189,1322.22878065232,NA,NA
"431",NA,1072.74149040888,785.355653253413,1092.40025233305,1353.37571624363,NA,NA
"432",1083.59550376374,1084.7454539173,755.363535634847,1232.02980146292,1322.73349169573,1036.44418738371,1036.44418738371
"433",NA,1042.66318295547,746.662600014943,1052.85220122521,1297.62718872433,NA,NA
"434",NA,1011.27507469488,738.10026764464,1043.38009263087,1148.28937156691,NA,NA
"435",1107.58802667896,1107.37928989539,762.463422159456,1155.43218833418,1319.15769273344,1085.17564227565,1085.17564227565
"436",NA,1082.36296002579,778.296172543093,911988.15898014,1273.03266430151,NA,NA
"437",NA,1025.87013169178,741.510669761781,1116.02276091686,1259.1232549577,NA,NA
"438",1090.47177695766,1089.63955461937,744.374366096434,1106.38992563848,1253.47775336103,1039.51062990449,1039.51062990449
"439",1037.83950673753,1037.78612904581,740.438448417478,1171.1841190097,1253.4259475445,994.297838942056,994.297838942056
"440",992.151674294828,990.855365436195,726.041434213198,1019.60122125414,1089.79240906064,951.285970996321,951.285970996321
"441",NA,1078.37459574516,764.523303701233,1247.69847372338,1229.36919418188,NA,NA
"442",NA,1072.31100493818,753.310863312504,1133.15780258959,1324.36313235861,NA,NA
"443",NA,1101.38600870984,787.525528341613,40640721.2583902,1470.3384548833,NA,NA
"444",NA,1031.09609661167,743.288458725777,1046.69414713341,1229.37826922832,NA,NA
"445",NA,1022.33585884205,723.393979023824,1096.91176651508,1207.94377641966,NA,NA
"446",NA,1069.48559806455,767.202053507299,1047.31249319944,1286.55645034632,NA,NA
"447",NA,1102.2175241654,771.830924024728,1255.73299116047,1304.19927331928,NA,NA
"448",NA,1062.36831275706,797.226263437255,168851195.989112,1360.76378883888,NA,NA
"449",NA,1003.00586609438,744.379553633614,970.387859779797,1239.18902395088,NA,NA
"450",NA,1073.52149633232,775.923726005879,1162.7428325913,1338.54526918101,NA,NA
"451",1072.02626261627,1072.10215749984,772.013025405988,1103.42888194202,1244.59357799709,1038.35253675818,1038.35253675818
"452",1018.54584942323,1019.1249214871,726.112430816673,1242.55060037363,1191.84586937019,1003.99824013066,1003.99824013066
"453",NA,1031.27624024303,790.189683919334,4150026.8995002,1335.65017949597,NA,NA
"454",NA,1085.53747173029,781.398204672634,1156.48017464026,1213.54416717599,NA,NA
"455",NA,1092.40320063295,783.79701835859,1192.2808050989,1420.7359077296,NA,NA
"456",NA,1041.717340176,759.309789126644,1101.96411930106,1272.50574722285,NA,NA
"457",NA,1094.11101877264,768.150406804502,1039.14931570239,1320.04756277466,NA,NA
"458",NA,1067.53369848564,751.629165111548,1146.190558452,1297.59073878113,NA,NA
"459",1035.16354665785,1035.50572321733,738.287785621666,1090.86773875821,1245.74709510699,1014.30733118063,1014.30733118063
"460",1057.44907642035,1055.71890418851,758.37683377298,1053.12195918736,1293.60363307264,1039.82761391396,1039.82761391396
"461",NA,1059.50296935764,742.697016967596,980.664649700913,1374.28112332774,NA,NA
"462",NA,1109.39712687236,784.567491663458,1183.36273419695,1277.46120386815,NA,NA
"463",NA,1095.15013070003,775.335696421784,1013898.88509082,1418.33827383565,NA,NA
"464",NA,1085.1309601372,764.278628867046,1036.13441531377,1391.03302357648,NA,NA
"465",1040.79419154399,1040.79419149381,725.939540518939,1138.52828151863,1223.32098005833,1025.54344833268,1025.54344833268
"466",NA,1036.86211232526,747.785313166305,1016.04866826593,1156.986504435,NA,NA
"467",1095.35283048544,1082.81485542444,765.620532473845,1069.68579959393,1382.05088476958,1029.01986786695,1029.01986786695
"468",NA,1090.24394485449,756.826714820453,1080.57411012148,1295.13628925984,NA,NA
"469",NA,1020.55118582391,716.453761411172,994.761658616914,1223.33901733336,NA,NA
"470",NA,1113.2444511572,819.647452418507,1177.51929427883,1482.88025474101,NA,NA
"471",NA,1055.05871289084,738.934002943823,1065.81711801932,1232.191533182,NA,NA
"472",NA,1047.71380828673,741.608119744158,1005.74134701415,1218.8474773246,NA,NA
"473",NA,1049.25076635509,759.75100569775,1027.99970161088,1294.97712299246,NA,NA
"474",NA,1110.50182298239,785.197501834771,1184.82058313023,1415.98965367469,NA,NA
"475",NA,1032.44510885426,739.762357145057,1081.58951321612,1181.3970217272,NA,NA
"476",NA,1036.91082653176,741.705565454593,1033.39852385154,1282.5305064378,NA,NA
"477",NA,1047.00127074028,744.279801947317,1109.28165610754,1277.22620355558,NA,NA
"478",NA,1105.69366959249,785.159840682321,1139.76354074187,1439.26753147775,NA,NA
"479",NA,1082.98079271519,763.686731257835,1045.28105825122,1378.19881857966,NA,NA
"480",NA,1134.15245508085,789.95833801761,1128.76922931298,1474.4338042057,NA,NA
"481",NA,1020.66069873922,741.392145098439,960.278445429112,1191.98788120473,NA,NA
"482",NA,1054.55785829711,744.705456853636,1099.11536681778,1215.94080626616,NA,NA
"483",NA,1114.64350133104,801.53652389621,1414777.28258278,1408.34505524987,NA,NA
"484",NA,1022.42895573033,740.767477143303,1060.78964633072,1159.52201739647,NA,NA
"485",NA,1060.31321492107,729.427875214327,1150.35013389337,1285.32259190023,NA,NA
"486",1030.93907325761,1031.15031031269,737.472399367488,1159.33582753008,1182.04017499298,989.66135055714,989.66135055714
"487",NA,1000.75976910034,717.864634468942,1079.85618865538,1092.64946299806,NA,NA
"488",NA,1030.71329534905,752.512085377282,1104.77512823288,1246.70932741022,NA,NA
"489",1014.24343304584,1013.7281566193,741.541447559439,1003.89778181526,1220.95779517254,975.822765667501,975.822765667501
"490",NA,1020.18512057004,742.96747971334,1117.01549764668,1160.95716470674,NA,NA
"491",1024.68756125214,1023.97116336312,746.89961089019,1061.63588895537,1206.17030183806,1035.16933718682,1035.16933718682
"492",NA,1042.21373181071,760.060244032505,1160.25448416549,1198.51197508017,NA,NA
"493",NA,1056.51138259503,815.179044341972,27558375.6230571,1385.55238317449,NA,NA
"494",NA,1099.4022802604,767.16952712115,1125.28513539601,1431.50430433493,NA,NA
"495",1003.27662364158,1002.55905002658,718.638534332996,1066.26113111851,1168.88054072784,986.377347199757,986.377347199757
"496",NA,1076.3110783953,749.766080337067,1225.36345424427,1164.82391571629,NA,NA
"497",NA,1141.60292910777,803.892880147056,1225.53038302195,1600.72060224897,NA,NA
"498",1003.90030822079,1004.0118316817,715.418333358366,996.014589531276,1117.76254573203,979.026334664468,979.026334664468
"499",1030.0596153976,1030.3223361974,741.137451074753,1140.79041494292,1193.9546365492,992.410799824625,992.410799824625
"500",NA,1019.48182506843,740.555463973441,1041.88005963192,1164.38578156647,NA,NA
