"","correct_data","ztoigeom_split","Hurdleztgeom_split","oiztgeom_split","ztHurdlegeom_split","ztoigeom_combined","Hurdleztgeom_combined","oiztgeom_combined","ztHurdlegeom_combined"
"1",2514.18036486454,2586.61863199174,2155.8989948982,2080.52808565887,4000.95127845371,2436.72486079371,2004.16297953783,1954.42251606876,3486.36169887247
"2",2535.39929212835,2568.60173479472,1825.2397865655,1817.03816482046,2969.91616964413,2467.44265514767,1725.17208087462,1714.92566309183,2870.73841630029
"3",2398.9086482761,2397.1797781684,2133.86960611163,2076.29525064084,2788.16298077645,2342.03844902048,2076.27922014357,2016.82101860632,2748.70666657656
"4",2593.96108485726,2651.49271809879,2148.49069936731,2190.26145668227,3206.45812357667,2521.74896352403,2055.93805195359,2089.89642160106,3075.70475283709
"5",2760.56945244452,2848.7826114409,2294.48145290874,2275.14893196203,3630.95180305096,2685.47976424689,2148.28215074198,2128.7764592231,3481.59437525758
"6",2308.10178736405,2293.43160458177,1857.19556802414,1818.86433555868,3085.56601955511,2245.68374845762,1817.68705621546,1771.90921124762,2959.85108184206
"7",2452.90199183992,2440.75744175986,1861.45871104429,1854.98041097889,3071.8544358,2423.41924377428,1815.95111859443,1807.93336723085,3090.68639111065
"8",2502.60911359295,2557.57443709306,2251.9731243744,2155.30878839364,3242.7750043752,2453.73812237836,2171.78239623275,2065.29274423996,3159.8662235839
"9",2641.47872317034,2719.74739117873,2058.42492697856,2050.54528796266,3615.64014889421,2555.47345591938,1939.73860046165,1926.07618914563,3423.33528110314
"10",2652.90404201213,2684.54233444468,2374.13183416946,2060.04512066709,2983.68777132583,2590.70706274174,2305.78580994396,1968.37056340741,2882.0475586626
"11",2523.25725584579,2621.35342728331,1852.34214289859,1868.11308067281,3130.37044214675,2424.6574655599,1728.61430118538,1736.11187215149,3010.0371847905
"12",2395.96204271521,2519.54131551437,1880.20578681576,1887.01863189216,2815.84015429147,2361.67300568942,1757.81708570801,1765.67849244376,2614.56658935591
"13",2609.62190692669,2687.64585889552,1988.88557565756,1983.93473110951,3570.00901462802,2537.29569085684,1878.21577568599,1875.26105436567,3365.22047404193
"14",2572.93479313723,2660.76340781681,2214.35975878003,2132.12170424989,3338.77124429195,2506.24592621836,2094.90953264354,2007.95620258633,3164.11950778575
"15",2388.52041782702,2460.70250559966,1812.55964335383,1822.4143002894,3008.1959844786,2330.68533451323,1719.60302961126,1728.38190925816,2865.0371074242
"16",2792.74419956297,2854.56044164562,1950.51711568297,1963.05541689129,3185.3431590778,2726.72048228146,1864.67028852839,1874.93463384541,3076.22338604162
"17",2496.93683246336,2518.15199919594,2066.86613555573,2017.86036192673,3412.61722131496,2464.4238022301,2029.39373244049,1959.9804379894,3358.34294991318
"18",2691.41158450535,2939.72426076124,2044.60772555985,2062.06420312336,2916.77377940765,2675.0147281044,1837.96135499783,1858.31624327511,2781.40334912577
"19",2313.69153502813,2308.86065381442,1793.17025299899,1789.44725794842,2978.71617656025,2297.06133280254,1772.40108863223,1765.21203869804,3021.47547108662
"20",2611.81353605345,2647.45740240344,2225.54536540224,2115.57667505088,4584.47949300509,2543.38586013646,2167.49511584027,2037.52072581897,4329.14146453859
"21",2605.76211513624,2672.03434945031,2063.11111364931,2027.04549157721,4617.43441045382,2523.61698340381,1922.39911614357,1901.10872772816,4519.05426937557
"22",2426.33122293477,2449.81249721259,2020.99427517656,1991.41463908859,3787.99914646282,2378.03617148158,1984.90757246546,1936.07260747946,4015.3802209693
"23",2516.53287035607,2531.54664272614,2097.72499330309,2063.65290213315,3244.54250630755,2455.42275650638,2042.5264469038,1996.56023587337,3345.74787392402
"24",2277.790964811,2144.01817604949,1525.72829889508,1536.3630036064,2995.94402008395,2281.13933128591,1546.71148424983,1559.01366010138,4298.76879936112
"25",2600.43633270451,2661.18788452071,2160.19764185959,2112.06494295908,4568.66141107456,2531.19813186548,2020.79769059285,1986.83939093582,4171.8581564255
"26",2681.17363173049,2755.73422880915,1831.67100288926,1852.90335631758,3623.85844630637,2614.26155154282,1717.34441331348,1741.00438987316,3399.38621078799
"27",2404.57407967373,2466.84090733129,1849.4693574538,1773.4309726744,5026.81379737236,2334.17305353733,1706.33764006635,1663.13559337793,3936.41324410777
"28",2423.47015464907,2485.22917000648,1894.1262407394,1857.31762953532,3024.7590359999,2345.57693213901,1775.95961939944,1748.30612534919,2892.9844264346
"29",2553.42396035832,2608.867759021,1981.7690979894,1965.61698965926,4262.5473134395,2507.68243130476,1906.14966009687,1886.46338480568,4041.60020849757
"30",2616.20714674509,2716.94919783625,2001.11910562563,2018.72272109187,5855.99393805323,2541.37278758757,1892.13181325796,1906.03119973034,4798.200475589
"31",2413.10925516563,2443.70512940422,1975.18678136502,1980.60997786763,2926.24835165708,2350.38903065468,1883.3302895814,1888.2946660036,2847.93444442697
"32",2774.58216107579,2860.05192951697,2188.49918366516,2195.64289646408,3683.27865818341,2693.82001938795,2071.81678127431,2067.43788250451,3503.0261827741
"33",2726.39560422771,2840.78629995893,2141.14309782334,2096.99304431777,3080.7475926314,2636.10866919509,1967.33595091013,1934.09354981275,2910.37046270044
"34",2685.98884951412,2725.41844094919,2257.41912186831,2069.14212321189,3030.61833135984,2609.29329220125,2149.49839972917,1968.55779895413,2926.04821345193
"35",2343.17453796158,2362.18057733094,1870.1280215438,1857.6942778597,2862.0073099716,2297.58365326213,1801.36508186277,1788.07060938933,2784.76444348858
"36",2603.59687718182,2587.50725935575,1791.04091070746,1804.65921324879,2894.2058602685,2570.7357739325,1769.5958591199,1785.85350386589,2804.90489371666
"37",2450.1348666516,2537.18766174058,1913.45543292816,1911.43775485549,3524.22906798885,2393.17857517662,1834.11283038557,1827.98069395999,3316.19143637552
"38",2375.45688507942,2430.69583447542,1822.02831536739,1816.29526132274,3041.18375559992,2318.10513092615,1716.89384235619,1705.45901596324,3190.23069903409
"39",2624.62201385495,2674.18073165948,2065.24186691596,2030.39550297253,3794.21070580791,2579.64487411165,2010.23115466462,1957.59502094596,4038.59590089793
"40",2403.70013110485,2426.5505238648,2027.90175000427,2005.82521508145,2818.61375220266,2334.77201275309,1957.07288920199,1932.53516769225,2733.85302004742
"41",2602.344364427,2631.61682803839,2146.21430924394,2111.88297151161,3397.38974363605,2551.46438107877,2081.85115127001,2040.17644026566,3393.42045793585
"42",2549.20463719897,2592.8841359526,2022.91796300406,2035.67285941294,3102.13496664894,2483.42589998437,1936.97663897135,1944.83227771254,3010.11762031339
"43",2524.88361006746,2538.9557003115,2001.37733266858,1975.1334394519,3360.87862078087,2470.44945059453,1925.05693193274,1909.90614240815,3220.8417842229
"44",2387.65273870861,2485.81641300075,1944.6549465892,1915.92204706559,3429.34476097332,2312.50098304464,1801.40629426275,1773.06552195515,2991.46801544741
"45",2607.58292310544,2646.43486901165,1994.84328045915,2000.97957507939,3350.74264304002,2538.15306128446,1898.53390523188,1906.96422498156,3215.65363621847
"46",2524.62506033095,2601.72555645155,1956.68454541196,1914.18954738081,3264.80744488548,2486.9431884494,1869.38152758689,1826.73587075685,3182.86825186154
"47",2566.77047495247,2688.38362445561,1879.6954983081,1902.14089722659,6674.06084722299,2498.09524025121,1753.53739569509,1761.24322455472,6314.88781146529
"48",2287.61962986552,2338.19374180327,1830.84766063821,1817.67888147556,3924.27010780359,2240.39647403288,1780.57379566735,1754.30962619486,3230.52415669495
"49",2484.00516153375,2467.16069781133,1912.18854707156,1849.34007500239,3527.36177824512,2466.36189024807,1908.67473077755,1829.46188844515,3326.55479695898
"50",2456.57434740732,2511.88684104674,2039.24645259172,2030.51576753701,4002.49623082134,2398.62335229296,1951.29245186712,1941.21867508201,3608.55244749394
"51",2387.27097577026,2395.99906609943,1914.34850372541,1882.29047626948,3068.28702384438,2367.70324376952,1838.68838194537,1820.0944107987,3030.7442629144
"52",2663.31694697094,2774.98495328368,2003.59160785142,1971.99146619553,4391.57044577643,2624.23269333468,1845.30885410584,1829.52902999489,4163.42243979861
"53",2545.99695515793,2607.48463824717,2345.64152935717,2087.47787514348,5492.5894969927,2470.0800565254,2159.77454240662,1961.08300417505,4941.77911680715
"54",2704.65931284996,2800.23837111666,2094.69742219264,2070.12377267045,4111.45537568303,2636.80729200732,1982.39725945512,1961.33585180407,3901.52148179964
"55",2670.39611699332,2752.73320195472,2200.85429932338,2062.95893378147,6252.46345113151,2599.81475021494,2071.37717825562,1945.94025789441,5228.0218404165
"56",2343.5607175271,2388.33571336211,1941.39936370836,1916.60105028442,3645.1402046663,2284.2648242061,1855.87249202083,1829.66951917901,3404.67181691272
"57",2409.96949206979,2474.58717830156,1819.9465523912,1866.799548481,2886.76671261726,2354.56880573104,1736.35833860333,1768.45022806258,2773.26854364204
"58",2754.738678801,2690.6844614519,1795.58724054556,1814.4650790769,3389.87119415291,2730.99580757932,1745.01353575266,1774.81141338693,3651.21245536654
"59",2236.04484732443,2188.26294325562,1768.17349631634,1753.6684240509,3564.01855682272,2161.01107708191,1739.12667126776,1715.66961520612,3938.70778319385
"60",2489.30585332876,2565.32839869611,2152.55286267322,2102.87088654851,3360.68325681586,2430.85743056533,2056.82495229801,2003.03343663675,3176.96949645837
"61",2383.39416254619,2413.54001974996,1808.48507956838,1800.4184996223,3131.99414743306,2357.88122619316,1759.21449168624,1749.3099155321,3056.34577966368
"62",2475.04020557447,2490.68612698618,1864.21024096955,1880.01187334902,3001.10904417677,2394.74638318489,1786.90975162428,1797.93607005951,2943.14428485439
"63",2562.51176083811,2577.16287505305,1979.20273128403,1959.57421829336,3218.00945178868,2528.90122400131,1918.19992562545,1900.19817053631,3170.44191107206
"64",2699.58593543991,2634.44712426696,2003.9864300156,2003.45294800804,4471.6414051737,2672.23686723798,2042.97751123719,2011.06397741965,5661.08212202459
"65",2737.57233161644,2792.43897843168,2046.74150041989,2067.34940588159,3979.18211668788,2658.52991080761,1954.11390697915,1970.08583985724,3720.1148527046
"66",2439.25542405688,2443.31759959987,1748.63831447585,1753.19103090633,4102.60466683405,2394.5347603186,1685.31599720623,1690.70461919557,3959.78990808192
"67",2515.54436186281,2578.65991172397,2028.03869252593,2025.01451916311,3611.25305691079,2452.87125079019,1930.94804210848,1926.81767566506,3446.43878294527
"68",2511.66281177181,2608.56476477111,2145.47110145469,2075.49892634588,3874.55355874725,2460.01129371806,2002.05102320779,1948.08408035463,4736.28467866238
"69",2405.98766016648,2477.309639161,1875.25075663975,1853.55952204007,3117.4567204813,2315.4855580687,1774.90479836751,1751.28641911279,2875.75277031583
"70",2474.34628197159,2496.20222755265,1993.46651181159,1975.77657095015,3263.79873951205,2395.39913417328,1902.02993219057,1886.31176332764,2951.03089326953
"71",2274.70206885203,2212.17099328864,1568.081578905,1580.39432515275,2492.4511674535,2237.33030078193,1544.33568077785,1560.16314828012,2412.7445853735
"72",2363.97110273727,2363.00834641431,1848.24134405121,1821.29984715323,3926.51761637404,2279.31823011069,1775.08517695715,1750.77201106328,3610.51633810354
"73",2375.88300182391,2435.40288157638,1877.74826815339,1882.93519289995,2977.43123114017,2320.8871189723,1790.91356290958,1795.39890723556,2807.81208068228
"74",2467.96304978818,2512.77962310062,2065.78214496793,2058.85950934893,3189.75953373784,2405.72973657717,1980.08493745418,1973.90682683419,3080.13810769441
"75",2527.74722746839,2589.7765002316,1997.47853628793,1990.26472901805,4276.05960860401,2487.03556563101,1883.54728538047,1874.10554141868,4071.58210223431
"76",2861.71350627237,2951.58812425687,2136.57884111508,2141.50252540908,3921.43982585762,2770.21866522652,2027.7717983438,2027.92857212819,3564.56675487638
"77",2451.40028639626,2471.01982722971,2079.05366803754,2041.70382242911,3286.64665982258,2378.12709611723,1990.80936751853,1957.83053611867,3815.69674791526
"78",2510.32488578843,2530.46926388835,2168.67498119841,2087.90391073788,3349.30419702442,2460.25627836152,2096.5183921615,2022.44185964234,3280.26425901282
"79",2698.44618989138,2692.53748596696,2097.6823018863,2102.5573477315,3323.14655812315,2622.79140816304,2041.22303469698,2033.80367280203,3332.71276161462
"80",2400.04417236769,2466.87469279045,1969.50168643237,1924.29338649525,3228.68664137798,2342.14466340331,1890.19477960598,1837.18213609656,2928.24160345419
"81",2265.11626837868,2283.56739452978,1765.18605147785,1749.0830445414,3331.08063412851,2207.99207711509,1677.83212968447,1670.59772436185,3256.36233647413
"82",2449.25128960027,2527.69521720518,1962.80832590692,1943.36859977606,3642.44864719543,2387.10955559748,1837.33330229998,1833.7494633586,3423.43034371758
"83",2622.5045851354,2638.15964532433,1914.57259756971,1930.01155771918,2945.1653848478,2528.60331454471,1834.34760645057,1846.22653063002,2860.6720671353
"84",2633.33645708061,2574.46419907219,2123.01784949659,2077.18678508863,3066.45617257487,2597.77340042296,2149.26365904497,2073.99230968809,3013.6370407113
"85",2475.97369887218,2509.82901363505,2076.24420964299,2067.71984797594,2941.263158539,2405.8674201404,1987.54461489381,1979.25583260431,2819.87351922962
"86",2356.09734535091,2408.37243394476,1938.89167400971,1910.46904746321,3658.45954763766,2286.13271124907,1806.90255187294,1794.3979880661,3387.31908230416
"87",2601.90863070699,2492.35614780705,1851.40706018316,1855.1337411047,4139.16564542822,2508.86400108552,1832.57029564565,1839.46107385807,4576.97811626138
"88",2545.72123723758,2588.98486753334,2074.82304521846,2049.06846123442,3445.40239875857,2480.8383398837,1986.27312476995,1962.45232615277,3280.17499382782
"89",2632.75139691808,2665.25101542979,2141.63382273603,2151.54908647005,3682.154874241,2582.38531180883,2069.73961478785,2076.15134799182,3579.73285334647
"90",2425.0653219066,2435.03226911713,1970.91251274078,1962.99750838523,4031.01845224674,2370.62211341576,1935.59565921706,1913.08323510483,4106.62055106623
"91",2775.80631709985,2804.13897097153,2304.10816423247,2185.41840015817,4360.29262861109,2695.37625435766,2209.73754863772,2071.78124680836,3776.17451223415
"92",2527.51789390483,2539.06157075759,1895.76688147041,1901.66149921557,3695.45553085261,2456.75646272806,1814.60333930686,1821.97594035623,3564.78890353683
"93",2647.0827557806,2750.42345579013,1951.96718646275,1943.92471690833,3530.99005963654,2604.93479794984,1831.09613631904,1830.06870636393,3345.61233999552
"94",2471.15978163866,2469.22511666901,1930.37733804644,1909.60329579142,3187.2338683675,2388.29292809339,1867.67596054501,1839.12206274739,3071.79006138899
"95",2341.37288345855,2402.3187725976,1696.03036125682,1703.51885430201,6055.76609751752,2288.56224176961,1612.45549037778,1617.63675627741,6032.29958770218
"96",2306.05843376227,2410.11864785083,1719.15420154401,1692.30732052596,2836.48199763008,2249.43380247822,1614.70086750293,1583.32174970004,2733.65355224296
"97",2623.55511313024,2684.73134554152,2013.88161568628,2014.24650279514,4844.00366692754,2611.8357047795,1935.38606317658,1936.76054714673,4358.61073251397
"98",2824.36214378045,2843.79025428362,2128.57620016553,2116.258291198,2986.50044975084,2762.73884016048,2054.96531635228,2036.8923951408,2866.93871991264
"99",2491.29806519785,2566.42055553216,2106.48757122338,2098.45651677452,3245.75401458068,2423.12384645389,1999.03050413695,1985.80798136329,3052.72139249682
"100",2409.45171470184,2507.58533127151,1905.71345250051,1912.02473813649,3294.92966521213,2342.48686487613,1792.8340703292,1796.99995581903,3139.76271779196
"101",2805.61305569913,2795.96126093459,2136.1550071872,2061.21320596062,3161.34995478705,2745.42818044202,2080.05017050809,1999.28804831115,3049.04781524001
"102",2380.12480896977,2443.79800413006,1981.31861692131,1944.2854848136,3300.70319792091,2327.01194100425,1870.12791633682,1843.66089194979,3068.6210271888
"103",2706.75862126068,2745.12672903409,2166.30435596051,2107.30205839507,3407.71738197404,2624.75355893398,2054.46648972865,1996.498516768,3286.47108540082
"104",2533.84512213877,2556.48838740773,2077.33560795772,2065.92171437419,3458.17295460435,2480.93092965373,2000.6701004464,1989.76131955278,3495.56088407116
"105",2714.95690039037,2775.37038916536,1815.86675904732,1843.62587090557,2757.38372865412,2639.73478125444,1750.24468396184,1762.49217316211,2626.91208311856
"106",2621.70514615686,2685.51933680156,2281.7780272612,2232.36569609646,3338.10631293682,2551.46669462863,2167.56827911823,2115.66288624201,3159.04489144968
"107",2347.30285626452,2434.23640399501,1974.92810033063,1956.5471422571,3114.56211195246,2284.46858062586,1860.80071933223,1844.10640959671,2829.53330729004
"108",2780.71201500456,2879.32977181101,1977.99818281592,1996.74628603061,3091.17906969108,2700.02503799431,1848.42663490293,1869.41419597786,2966.18085915731
"109",2487.35895231522,2526.95172063656,2006.80402076047,1999.43923968325,3137.84257458431,2427.33967271617,1922.02649382656,1914.18276935328,2968.45157792775
"110",2496.41129569165,2453.47634895303,1784.3091695458,1786.42561286052,4177.99537132049,2470.94538251119,1762.08051214056,1763.12187565425,4496.38410521082
"111",2630.58991085397,2726.82961522412,2079.43765288351,2005.71639335178,6149.60697009754,2551.94719219035,1928.64392433921,1878.45634017517,5301.52176344828
"112",2546.4148946641,2658.43828340904,1838.14191340732,1859.60306449809,3129.76271761082,2480.4964629645,1708.64871351123,1725.59045986221,2978.43850385578
"113",2478.78388667811,2501.64926372492,2046.51986872199,1972.4496212043,3319.52665918596,2422.44728800487,1961.18412367027,1892.99744136804,3200.93863543848
"114",2644.21673322081,2688.71173783695,1997.87408815581,1996.34538260731,3876.05743502148,2570.55375868504,1904.80187433351,1903.06166198219,3689.53454834065
"115",2427.42228635539,2487.21852783514,2039.70792424109,2029.47582589604,3433.63904417088,2379.44800859355,1957.92342497414,1947.69814092223,3325.73526550063
"116",2498.58268155158,2603.39512048289,1961.50610301136,1947.74781349098,3110.82193176816,2408.46228935204,1824.62868384504,1809.57365533076,3811.02911959878
"117",2458.24439774739,2529.52233082653,1997.11095796123,1973.47709928877,3284.95669206979,2406.70113291592,1882.24104663717,1867.85138752373,3121.31473510134
"118",2610.20429172262,2618.14582200372,2106.43318584572,2112.77775912589,3481.16700512695,2537.51497200147,2014.6568416488,2027.08096688844,3462.51798308871
"119",2540.77320811495,2564.68499846949,2132.72731927067,2102.25190655261,2888.536904336,2488.28523996508,2095.56093792248,2039.01906661247,3032.82263823166
"120",2482.36447880161,2618.95320210548,2030.51093895607,1988.78564933868,3396.73426246552,2418.75790582888,1879.6219782794,1848.17538844339,3168.0788324775
"121",2630.59237995226,2721.54266706355,1914.77589866081,1908.30645588893,4729.25422889048,2554.67277881403,1776.2294847247,1777.85428403884,4468.17053415873
"122",2437.35462543535,2418.43741399788,1998.21134834555,1973.91024114947,3152.61401007244,2407.9583694444,1943.03712557066,1922.55773482236,3111.20458170026
"123",2252.07040876746,2259.15390688062,1815.74757538303,1786.92952759582,2936.72584125131,2199.80181046464,1798.79277841491,1740.15712253495,2904.72768140084
"124",2564.14599857236,2605.64704653853,2029.91639760973,2053.33673825897,3058.05389032616,2494.02380068527,1942.24322892642,1966.37752812593,2924.96884276245
"125",2513.44936332152,2682.72345514854,2031.28958660756,2028.94833365724,3432.58585158859,2425.26133096813,1841.52202203598,1836.33817670761,3107.04180553736
"126",2564.49526152471,2616.07089678748,2143.846374128,2126.7343933954,4896.78801154869,2490.58388648971,2027.29919105014,2012.39560982277,4763.53936152322
"127",2496.51908473336,2621.78492184055,1867.67986176169,1876.73857250162,5902.73848817928,2424.08010129699,1727.57233228973,1737.31435561906,4274.08378031425
"128",2613.65689211169,2762.6927703616,2030.03863895317,2014.56972511076,4665.14665182265,2550.46551080341,1915.71297226354,1884.20211409648,3819.22592352919
"129",2458.10387238623,2460.25440101272,1856.03579179175,1838.05838429988,2875.31103904797,2430.46265854353,1842.79406252537,1809.88237669624,2819.67568869835
"130",2721.17575980087,2808.90689285199,2190.78594851055,2222.72691739032,3685.76749182772,2674.99785041056,2096.46717631366,2122.20383977724,3540.46961113859
"131",2810.70498521447,2755.85303621997,2219.62745066856,2043.25020156627,3026.93349673682,2733.2030974644,2241.7338263436,2006.48152323516,2994.38725820393
"132",2504.70261974918,2555.38238293326,2071.27434055843,2013.04362298491,4790.65754929585,2442.88613424607,1973.08537398566,1919.48020679242,4303.55079779032
"133",2514.17797759612,2518.84683072352,2000.12775985794,1980.76461664213,3082.80737472899,2489.60038803773,1956.67206016703,1931.89759828979,3069.48196330745
"134",2435.71872103725,2460.43451713877,1666.82783963683,1671.21624181615,3352.59065669824,2362.9770633617,1589.09804887554,1590.63779398858,3325.42579007198
"135",2379.77991419185,2411.55996865153,1886.10236842761,1894.48981410455,2954.24342932387,2343.84990396363,1813.14725896481,1821.08104433811,2848.75991536368
"136",2508.78325807146,2571.82488278651,1882.73104432448,1876.82074124315,3722.00344159245,2431.53190279985,1785.62774373471,1781.96978703948,3725.92108949647
"137",2566.66302578473,2615.31570158597,2090.70179763516,2045.59441315373,3503.47391660789,2500.02069797804,1980.75689946973,1942.56367097615,3246.83686822866
"138",2679.55579800249,2748.3162920347,1961.80848813464,1945.70220126137,3047.97233871199,2614.77936006055,1861.49413195404,1849.89219822355,2966.53419758784
"139",2552.159283844,2516.02110757813,2041.8125640653,2035.55795795361,3086.53868146518,2509.58975049608,2020.53230587788,2008.43427779632,3045.27127295302
"140",2547.62102100263,2542.56121431547,2011.3358462413,1996.01891776313,5469.60403715382,2507.12377708054,1979.82181089057,1960.29548262935,4923.87410477917
"141",2786.58403172011,2790.87186284674,2078.36106944645,2104.32543115985,3156.98684420523,2689.36958029671,1973.44116685939,1990.42953857033,3000.84800819631
"142",2619.87432429261,2682.00997212421,1990.91901378039,2005.02600830279,3646.35871772675,2568.07003989532,1924.91189676208,1932.73892665982,3517.22808114817
"143",2452.23099195911,2457.93429252039,1948.18753230567,1874.10669393106,2926.7005733843,2400.76836609653,1893.81697449523,1815.0929975907,2810.47935805686
"144",2488.32047040793,2373.89222853463,1713.97266776158,1762.78270554706,2888.0447150246,2539.20136637101,1747.65057298268,1848.34326686187,2947.21345032494
"145",2553.36023739838,2670.51035162029,1957.96053320002,1972.73617750093,3431.18599622588,2484.55290776174,1776.4431801554,1804.36793116491,3337.55042730596
"146",2581.36395541039,2634.28995063321,2031.60737595684,2003.96945378196,3751.37933093733,2494.00442277698,1903.47644221239,1879.5572343173,3720.02462190091
"147",2546.9903202938,2576.31742999963,2126.36840475924,2119.22426794106,3358.61480496772,2495.7049825526,2053.85882143025,2046.32234306716,3244.95345308697
"148",2453.12614918795,2510.77843891274,2056.42702079043,2022.342946988,3268.86522234507,2391.44552262876,1967.9645101585,1933.39444086161,3144.16215306343
"149",2427.19835643978,2490.97651142386,2058.30237937544,2008.71074702819,3426.82345917695,2361.18815874094,1941.58997289843,1900.66907831551,3245.08335448726
"150",2264.68064471565,2304.10755007935,1750.96692703738,1719.93309092724,3443.03364641827,2204.55639794627,1656.2472005439,1632.26958526477,3221.72406953732
"151",2541.9431550711,2528.89265090842,1899.8696113354,1909.92541329238,3467.76185747677,2492.04409065077,1848.95851423593,1855.55454776763,3471.07040213783
"152",2435.68049493728,2447.79038221249,1791.07673278515,1808.0771757736,2817.67969315184,2379.95779022122,1737.59475149656,1765.78967054928,2762.01183515517
"153",2630.44285099498,2690.16373536052,2245.83689058644,2141.8803143477,3925.21463709522,2556.48397943022,2127.11590064371,2030.91012333493,3667.87097777819
"154",2615.74320852363,2650.49480807091,2254.9862461563,2178.08332905572,3423.8669552093,2590.29849196614,2212.73186290669,2130.74923413913,3386.69805914562
"155",2565.37235197078,2701.77734604106,2104.17292692786,2019.21302636997,3132.88073800586,2507.52106240921,1930.97052421395,1873.75752713282,2963.97639400454
"156",2464.13540939953,2549.80805454647,1783.45805280513,1778.79465224227,2980.25105119971,2389.4623162978,1666.06980239138,1663.16185611125,2827.5983878814
"157",2471.36757523966,2445.41548522771,2064.0544659433,1985.76555203921,3826.54825328074,2420.55260615891,2040.60957777584,1946.42985351714,4605.14987143522
"158",2466.62004745571,2552.07433281778,2042.03237965992,2012.19800579969,2995.13394749207,2416.36293594633,1950.92427034181,1918.06237143096,2847.36685009447
"159",2601.98013857906,2625.6924258579,2130.04123851198,2099.53788413953,3372.91744921173,2548.59426017118,2071.30798850326,2033.78000415707,3274.8918964511
"160",2455.70779106447,2489.08741229593,1943.97861299115,1947.72275341873,3187.15777277167,2415.47582764426,1908.2100129673,1900.21960750379,3089.59563606587
"161",2419.60146734097,2478.11368945688,1757.13927116307,1737.92054148819,5058.41606804455,2369.31023146243,1660.16788623701,1648.38490171263,4422.34282441592
"162",2362.63592148488,2397.61714931585,1922.89695112432,1933.52592134294,2980.14917010823,2294.73090370519,1846.52665522214,1850.47207833068,2879.80234096006
"163",2494.07766452549,2585.19708874904,1851.60531601034,1851.31674075446,3604.20718432237,2425.85926924279,1743.62536694126,1741.84169652841,3278.55087685689
"164",2280.03248995072,2312.68361902192,1813.71282294763,1804.55698084068,2931.77964759096,2237.95668844166,1754.43251762048,1744.2036560781,2852.78341102727
"165",2499.85890285215,2568.13369457328,1992.99134858062,1993.2797055671,3610.36577727768,2444.1697881311,1901.48346676692,1902.20574397155,3396.48879396162
"166",2513.94256183133,2640.34818649935,1907.61124146186,1910.03869701169,2849.84581808646,2436.9876365248,1760.95037338318,1752.68544738639,2711.13455840609
"167",2694.81457414568,2820.81266987289,1958.98007518522,2018.87929093081,2905.0282972051,2613.44399626825,1794.18716092471,1852.31260324773,2708.75511949576
"168",2679.18022605643,2733.31176237053,2020.82254148204,1976.43299835353,3012.93359313269,2668.27161183648,1947.54962156863,1901.44161551457,2924.66801716496
"169",2593.32510643156,2664.81542795809,2290.02136744423,2219.44247818825,3508.06365112894,2527.15903701334,2159.98750391685,2097.63101596849,3296.6705959688
"170",2495.89247882095,2533.68333611113,1857.34017588212,1875.38328183891,3076.61990842491,2435.9075024695,1773.13727440846,1789.81035938418,2979.35552621918
"171",2538.16585985478,2544.08781510812,1996.33106801478,1992.09397577743,3759.80855029311,2486.87756670275,1936.12474451723,1927.13829038288,3753.88371657748
"172",2399.54214719479,2443.70840991954,1972.4894032761,1968.90304288287,3146.51224599785,2335.50286311357,1886.46866507316,1880.98117353448,3030.29113167567
"173",2845.53778529319,2966.25371609123,2453.84146221049,2334.28178435492,4703.94508868823,2784.63686557879,2362.8341039096,2210.21791055295,4124.55989565204
"174",2473.84556532802,2517.69691860636,2134.1584586862,2125.3801836616,3597.66148741645,2410.55054193608,2034.64081158478,2030.94083283669,3399.03967190837
"175",2691.1490956726,2710.96586509914,2161.69643003802,2100.10153576539,3623.38654487972,2605.97929540502,2024.42682404601,1976.92921888105,3479.27302035669
"176",2402.80233523875,2431.47328022845,1753.69937644206,1739.22032041356,2995.36760808302,2415.97365531278,1758.08390353836,1716.0753867069,2942.31444940231
"177",2648.02199915431,2663.9502901238,2016.01693838095,2051.34261050777,4127.61385543002,2572.71445123964,1945.56921148731,1986.2922883416,3342.87546440155
"178",2474.84636826471,2588.62755862013,1883.70751707429,1879.09704253165,3152.33763866083,2415.21230660866,1746.42595514003,1743.24703564405,3075.32942551058
"179",2489.80649643749,2579.03356071744,2085.92789205452,1996.7294920633,7560.14500102675,2433.72245659775,1957.06119189973,1884.4853676402,6933.82195907072
"180",2733.12489385794,2744.78458656938,2036.26124910803,2020.86792858613,2938.18080085567,2661.62666571422,1952.0140112969,1927.75726903149,2808.49337936676
"181",2899.28730834463,2897.48134853006,2183.93732602942,2190.74434194127,3630.12939110931,2787.10115349367,2061.22437697376,2070.24871518044,3613.36909410488
"182",2475.07963369739,2509.47603224223,1915.83107331782,1927.00787929519,3349.5782079501,2412.75698173989,1832.40850740545,1841.86061228334,3289.55971861509
"183",2574.04422445911,2656.9793146974,2079.09452428729,2047.51251453915,3316.57139534352,2519.95356349594,1967.52399808555,1942.52373070837,3160.12098240713
"184",2576.39001539634,2602.78290896506,2040.21970060842,2013.6890845737,3201.39788596473,2534.17416328801,1990.36296093715,1955.17148347991,3126.14512787649
"185",2353.95326031471,2422.08208015898,1866.7397821242,1868.30095451091,3773.86936299993,2293.977775044,1768.5391879508,1770.50292357859,3397.5092942758
"186",2328.67409507444,2332.78923760437,1847.27941406026,1838.38693978416,4013.49776041966,2268.66110125627,1770.99783347308,1766.92494264793,3548.45398146937
"187",2512.96984226091,2578.14136385405,2008.91726654228,1990.28469894142,3281.49573065028,2427.49240286557,1881.65571420589,1866.04775386106,3088.41135629938
"188",2541.10957274013,2572.66132143281,1838.86260500527,1832.35351765607,4085.96523191289,2525.6809971622,1796.68155207248,1783.31871983595,4296.01120449988
"189",2465.97818192546,2425.36375919811,1906.45938084388,1916.92664189914,3074.49307363939,2402.52317977945,1852.35426597685,1866.34232695183,3213.38977179573
"190",2619.12927301247,2660.03364876105,2068.89444635744,2066.0924713752,3210.79189931109,2538.83199739552,1978.34220461461,1971.94670425528,3104.60679034198
"191",2354.24199836978,2377.98152939713,1773.92553320171,1774.52470631247,2989.88465242617,2298.75074659509,1710.533266294,1709.94801759295,2855.96852284079
"192",2504.18887365748,2520.36369124224,2015.79961144598,2007.08297171392,3554.67650986137,2467.20547732358,1958.92248053839,1950.36091165598,3664.89670162008
"193",2544.98034739348,2581.05247613248,1919.41294696872,1925.64943877646,3570.76689987798,2474.17750843996,1847.18239784893,1845.72689794912,3270.88578930531
"194",2904.63916689751,2953.51175141534,1837.03046148125,1860.14506974225,2817.48356011064,2821.33833787775,1710.46776195764,1743.91388845646,2702.52687951587
"195",2434.73830068579,2502.13568486379,1889.66024137143,1926.59509778412,3666.89645284664,2372.36802605211,1791.71256315037,1817.36318031323,3548.17518296257
"196",2589.85108727714,2651.7273965132,1923.09242449139,1925.50536291821,3241.30961023261,2530.29495132246,1837.56132257056,1834.03138805006,3105.49997934809
"197",2615.42206835585,2654.66384373574,2149.93506636933,2132.37935738657,3738.96282448506,2548.93476243272,2055.39907130125,2037.38456534533,3712.35984262569
"198",2489.29072250295,2508.46086825098,2110.59635745701,2084.8158599371,3305.38836970104,2423.1822773167,2030.10242963348,2005.48764286573,3272.02299246517
"199",2442.19133488304,2507.12580314434,1838.02287220941,1866.31011785581,3357.67773064088,2360.5134869651,1726.0928425267,1753.56492724383,3282.21781177496
"200",2386.41107445487,2469.48137387262,1871.85446161883,1881.80089769057,3310.0067813972,2323.28544285578,1770.25928318162,1774.12857399051,3120.7971671765
"201",2542.62111721055,2550.62660693333,1836.22104925677,1843.5127833547,3361.56348343267,2507.90886372329,1779.12289024857,1787.51734536333,3276.59671292976
"202",2435.00734672229,2488.56265114622,1985.39224359774,1994.49466623632,3992.67597839138,2384.67376937582,1894.08126642904,1902.23576961911,3898.09471727206
"203",2664.42337117686,2645.04444558277,2036.7519118078,2035.1801748962,5976.90556684382,2624.67071295126,1952.61830545298,1959.54993826321,5916.43847593855
"204",2656.58321495224,2693.14805268286,2005.81652103482,2026.46724224294,3484.81353089483,2593.48869767049,1911.99892497056,1935.67618488325,3333.71595974129
"205",2669.56422305343,2836.88144182314,1950.31753085339,1958.93222212043,2892.28376751717,2639.49252030743,1853.19755978845,1839.80902972199,2765.16789607483
"206",2507.42823262109,2548.17276512763,1969.68616839508,1950.78069129418,3667.07009025197,2431.45616468013,1878.42589874198,1863.08084058789,3210.67803801961
"207",2678.62751246316,2755.19562165674,1890.88976179728,1907.24667273402,3477.16027500755,2600.09408671246,1764.97865597738,1778.42091770363,3351.41914642542
"208",2365.82846146146,2428.75784866713,1843.77916548964,1846.76534994296,2972.88983124998,2296.46035931502,1759.18271637498,1754.76381802513,2875.02543357823
"209",2433.90454663347,2494.03328273938,1867.75119262802,1791.74457669466,3268.13471651153,2362.63250958497,1777.56916916378,1696.40593385129,3039.42143241242
"210",2715.59912726092,2790.48200773219,1895.5853992651,1913.12083457671,5517.43871902666,2663.72971168567,1790.08220218897,1810.6373460617,4973.85489893199
"211",2470.67572428611,2514.9443868652,2139.15050353968,1989.29410951143,3269.24833199157,2401.61009637442,2074.42446584418,1906.53580208946,3152.63302811047
"212",2494.8784240317,2535.29795932938,2061.273117112,2037.27384951507,3211.62029076694,2427.3875886003,1959.42999128676,1941.67142225468,3074.75198276504
"213",2696.96402836476,2804.30623815669,2067.09934707289,2073.45543133717,3276.44418171358,2629.64150600753,1927.17856440416,1926.75082289359,3111.41167921345
"214",2468.57576268649,2524.51159380664,2176.15720995894,2135.95626820892,3267.17386778011,2399.6743788893,2054.8203727513,2025.9750331373,3085.76746806854
"215",2423.86839230584,2474.59542210317,1867.27713365535,1886.75030380652,3309.69865575719,2390.74013701967,1804.36304810478,1821.54246110265,3232.11809650251
"216",2518.12058730094,2630.86888066556,2020.19294217599,1996.9033068247,3334.52327241021,2447.91393883297,1886.84827245587,1860.65702839419,3211.02054487005
"217",2493.77876888705,2567.7698071998,2064.34053155629,2031.89559904663,3571.59942135954,2430.12837411973,1949.24107692643,1919.06112349656,3345.98190781231
"218",2514.34932657839,2544.91232570677,1978.17805274138,1961.84607620065,3828.88888028536,2419.19767261848,1863.91283230172,1850.9487011615,3560.32337136007
"219",2376.46703165056,2471.0760893999,1967.67088576923,1960.76487098922,3167.96561669525,2320.85324806017,1864.17243651452,1853.00933113876,2995.57809490641
"220",2346.73547055672,2373.77892175505,1882.13243452529,1861.3876350759,3227.93745119702,2296.93477322852,1826.62236365145,1801.16099349176,3107.21553313909
"221",2444.86053957306,2505.19287340095,1936.42924911013,1885.4406986568,3589.30086211955,2386.39418712327,1838.07584581862,1794.68285479008,3358.50664380504
"222",2606.28124567301,2684.5124438272,2070.5153597925,2039.75942422462,4704.15816447792,2535.06113804131,1927.37741344744,1914.4120682276,4422.38833863228
"223",2306.63637585415,2321.99290303617,1893.76434998594,1882.97642059021,2863.35682180638,2257.65893313195,1822.28668439262,1812.2173426567,2717.47116630749
"224",2495.67430935533,2454.45439412036,2011.75787339668,1981.81496153301,2766.41446341125,2445.19065719897,2006.31644161023,1966.00826071462,2706.78441158084
"225",2542.19687463778,2548.31505202876,1907.861996823,1940.59913152715,3313.3728404712,2496.31377245009,1870.21370674088,1878.67055163406,3302.09065531106
"226",2389.43499903434,2435.27825741041,2094.88233153953,2084.33085296045,2836.42310584028,2318.70496654148,1999.10012833361,1983.38520551038,2689.56747815026
"227",2437.13231905325,2493.08905985613,2017.52530907368,1997.96842086638,3291.57742338475,2370.90974705597,1921.40820651068,1897.57198233911,3303.36729606221
"228",2564.28154275686,2606.20828765585,2123.99502176777,2058.31829490406,3514.56820267812,2471.30591526603,1995.71943031702,1943.64825271411,3395.41433408828
"229",2490.54222135924,2544.84435801342,2146.45080203901,2089.29742346791,3201.45315593629,2418.35704078203,2047.7704259027,1988.89248191346,3048.58605754495
"230",2567.35731942659,2601.26060256756,2252.67079294421,2111.2739944115,3931.06907911277,2506.08003734092,2146.89846180581,2014.78173403245,3849.67514532217
"231",3266.24791988694,3228.51481113919,2109.48820357978,2166.4776083856,2776.40771659824,3165.35527608472,2010.14233566894,2074.54789188371,2702.55804949368
"232",2425.52338866019,2452.87529767528,1951.23093271057,1917.56504652874,3221.16958781308,2355.39271388936,1865.21254612389,1835.49438490109,3159.72294631467
"233",2544.42717419169,2560.73498657618,2156.93256262756,2069.36273567718,3650.54182697938,2501.73065011163,2129.74624500682,2015.75805667934,3760.66839240925
"234",2548.65738386225,2576.82295381007,2484.57540140747,2155.29211760078,4386.59565799303,2482.96461624787,2446.23514145623,2077.74400117096,4798.5475511207
"235",2436.0631423521,2504.94449499303,2019.92038966483,2013.16460040491,3039.27552931376,2382.57772181239,1916.22165519702,1911.79018495944,2751.09588841716
"236",2467.09245686579,2540.14528920858,1997.30682321662,1979.8904263092,3039.16899104975,2420.31516662666,1900.8112129988,1886.73521269868,2879.45821208238
"237",2514.0164821711,2561.48584032603,1999.40384801064,1973.89988109141,4535.84490057839,2474.46937006684,1939.02597495695,1907.42725088014,4562.36280812405
"238",2454.19481595504,2486.97156803687,1997.17124747832,1995.10666784967,3037.66438959815,2397.49237164325,1915.52227005944,1912.12185865383,2939.4639707443
"239",2389.00995760892,2404.45964237314,1969.20960074366,1944.76020505622,2930.20337961212,2329.98425032135,1901.47665106335,1878.69713886198,2788.4922947429
"240",2545.99863991314,2601.05657038967,1938.07361401573,1947.199457902,3029.23774105457,2498.58323616164,1834.52845208666,1847.2973038628,2910.73292621697
"241",2498.13558810127,2533.54728951229,2000.03338586579,1991.57391889142,3291.1596675646,2427.3226012963,1922.77919638572,1901.72171980687,3206.44539097203
"242",2556.84301482921,2641.85854374078,1962.20292777307,1961.15855144194,3240.51621186459,2498.49786226567,1851.40977141082,1849.88091860726,3117.11984562775
"243",2692.62175214977,2792.89628401325,2165.47207391138,2148.80828511817,3634.23362619086,2633.53525875076,2050.67856401146,2031.45728898146,3394.9913763637
"244",2877.68757731447,2947.63533489671,2060.6888331678,2025.67790365257,3121.78891071583,2894.91537905954,1963.45374350902,1932.85690367108,3177.1551915021
"245",2482.29713885611,2439.14984035064,1940.55950073717,1929.12804591752,3004.2463521276,2418.63347662021,1932.15935635124,1892.28903942751,2994.48022017627
"246",2385.81105462206,2446.35888806433,1917.58192310095,1906.39390229315,3162.71975681934,2335.83853709653,1841.32041458007,1826.67359880632,3043.59517693596
"247",2495.62265339494,2519.14001805975,2104.45890243726,2017.65218262601,3628.33607944218,2425.59663773849,2015.70872818301,1938.11219532675,3485.06028773415
"248",2502.06692452665,2537.26696321365,1912.04300623858,1935.18261644871,3730.34694818662,2434.49691689795,1822.67120175928,1838.66893771865,3443.47964083897
"249",2420.34945725029,2530.60731884761,1799.27741571258,1785.71316244637,2671.66484248665,2367.52353906005,1667.82703765193,1651.93560355864,2541.81372086465
"250",2797.22416823487,2870.06903869854,1888.64486519506,1977.82573841603,3080.62873203678,2694.66357021613,1773.03272181167,1842.40240829474,2950.67373318384
"251",2470.25970130418,2530.88710142246,2002.03610350488,1999.65507308989,3404.14259382906,2412.86008318945,1905.70595614147,1903.74726469877,3002.26097361893
"252",2846.68135483599,2873.45964242605,2285.75292236026,2200.87444376017,3984.50117667936,2751.704392243,2150.61879023644,2089.39559661319,7887.39675532458
"253",2371.37290870939,2369.43085594842,1906.81994578257,1902.08149626494,3406.8292924994,2324.76901304264,1846.48094784296,1845.91144076245,3460.35287854644
"254",2539.31764717801,2551.85066764625,1921.75215677662,1915.88737156795,3643.87022074099,2452.36688216747,1813.07357863883,1813.33857931325,3400.00503017184
"255",2477.74371344068,2564.11454356321,1850.90970054239,1852.17502991044,2995.07955660132,2394.39509844222,1732.329686977,1731.7785514886,2857.73056126788
"256",2598.7237046066,2649.97405417655,1988.16391536454,1983.96644810929,3684.39881275144,2550.48132886693,1880.04463908384,1883.20282318502,3506.63827539835
"257",2553.13939639551,2566.34874000381,2007.4303437335,1981.90572440451,3567.52400872367,2482.95743136489,1916.70280084276,1894.8421732592,3557.86810168192
"258",2375.45800677467,2433.89236210553,1973.96611558295,1948.90068683629,2988.02381079687,2312.28644271095,1871.14009028499,1849.39533109684,2847.02615963438
"259",2561.50358948134,2645.99744805686,2172.86977317696,2136.81181001717,3335.4358391998,2493.30873512489,2041.97350473455,2015.99714411577,3142.74191789701
"260",2818.08907383936,2831.76515009974,2269.57559247702,2178.8292537792,3423.08574697443,2792.94447655931,2222.04717992076,2122.27250083779,5049.08000880379
"261",2273.32344307011,2440.57314291808,1697.93431995781,1713.017763509,3529.12295004129,2225.01162377021,1557.24082356973,1570.18050131537,3164.96740509661
"262",2561.41212567962,2596.30499869427,2017.78648092967,2020.30239616389,4067.95215066224,2486.87312076882,1924.07554421799,1926.94243022307,3800.04012093883
"263",2476.56279775638,2486.78886667846,1898.9564549517,1929.55339509923,3118.74368025555,2433.27258455364,1826.53144792101,1860.52654447078,3281.35981945923
"264",2699.08202027619,2726.47437436133,2158.69336328771,2173.25896761428,4179.90529086086,2621.5207237982,2058.53307027116,2073.97962209233,4046.99053479729
"265",2371.8306250798,2433.55515334624,1914.69428101722,1913.3927257274,3365.11785725874,2340.15683960739,1824.39576625365,1824.73889939368,3421.34815580525
"266",2491.4502798923,2551.51662454767,1914.72552635019,1942.31925339179,3293.05015844186,2428.82624123887,1850.42633191622,1859.80713369824,3167.72101435057
"267",2528.53905785145,2587.92690036447,2117.03736181164,2088.95454671395,3635.10318389823,2470.22679364559,2020.01963746861,1990.72573404108,3500.68519765785
"268",2421.26109940927,2442.97915818864,2038.0408754934,1904.88399988265,3750.75249733982,2394.94212939402,2069.56597896691,1876.34352562801,3954.60005570918
"269",2398.71726522633,2465.31528194377,1966.39193742589,1974.07758915992,3303.75981041495,2342.48535250662,1866.9435756396,1871.51053530387,3182.89570028044
"270",2349.07150497308,2409.67014303673,1761.89895875083,1760.64306824056,3242.01107852685,2337.36067367842,1680.98634524009,1681.24604374728,3265.73944241202
"271",2552.11197529166,2676.68702551691,1733.76762718782,1760.08703425977,2963.48624790175,2471.52144545583,1622.58244503676,1636.48553601037,2832.26662010352
"272",2420.41613374399,2448.57180449974,1951.03570896505,1957.03921872232,3003.04028039654,2354.42388893207,1864.6471185883,1870.99483350424,2862.75610745081
"273",2412.17537190979,2460.15332288166,1959.20362832159,1929.64853300029,3404.18283165125,2361.56496589351,1863.02759445256,1841.79423436773,2955.71140294033
"274",2557.37547033744,2561.24490689331,1897.58957798818,1899.25295907177,3134.00220041506,2565.21287023703,1866.7539329691,1866.28061138677,3274.23069333892
"275",2477.40927508236,2519.39906843006,2217.1719175553,2165.6281664061,3037.40708706801,2426.57458551564,2124.44528358281,2075.49944383652,2927.30110372259
"276",2519.97132252749,2544.40679322433,2169.14530789045,2151.27493435278,3429.95012230875,2458.0218830426,2097.45019559326,2075.284063532,3367.01498584707
"277",2565.78737486229,2639.16754829664,2198.77263545453,2152.12636140616,4187.76017879056,2498.12490711764,2077.51902713979,2032.26953243794,4041.22513104441
"278",2593.040790591,2599.16895545415,2240.45367996599,2195.63369407658,3291.27652603293,2523.95964782616,2148.64014914614,2112.44736777141,3319.34759900438
"279",2671.39088783167,2692.57456723565,2120.70843862131,2040.30978346601,4284.22858687759,2619.19883675608,2059.27846662031,1982.35377434579,4168.28543765415
"280",2674.60480411895,2677.75740255988,2406.69718321616,2233.63394698886,3838.77593817509,2616.20083399527,2405.29973668652,2185.66855131378,3886.79262933634
"281",2644.74078438022,2742.82310899334,1865.59097875271,1885.34348540336,3060.15878346576,2536.72831843563,1760.20609961567,1763.63289471472,2891.66403428014
"282",2490.96752488957,2511.60533071139,2128.19090972776,2055.34303486928,3321.85147771171,2428.08429564631,2043.42100673493,1969.52501880628,3215.43277682763
"283",2418.14532769528,2414.73047722259,1848.64449473175,1792.92429858139,4282.56904145006,2334.33107129954,1791.03477744581,1724.9328958637,4423.97530277487
"284",2507.61517361114,2525.00774767219,1974.66393288636,1977.63611617038,3153.82052483647,2434.65927571194,1894.53817917558,1893.34405118566,3080.37102399793
"285",2784.95708880201,2873.93604505525,2191.55147693107,2201.22941511663,4028.12877444994,2696.13574285855,2058.58893871319,2064.33752073194,3891.96309978354
"286",2488.15667196539,2517.30644319062,1941.18782010545,1969.68116872016,2979.99831955667,2431.01611416431,1877.0930833283,1899.05285815698,2938.59657416945
"287",2403.51784156345,2496.55661125503,1766.02025956601,1779.80827206805,5104.39497987058,2361.10951792973,1662.89072748998,1676.98114315338,4982.56984014404
"288",2582.58272983674,2603.68015359385,1866.34010058867,1886.41339015066,2905.27702584972,2552.19509134804,1866.30134393299,1869.12652991739,2799.02970823429
"289",2405.65283367012,2449.48387088875,1932.93243781362,1926.18205732369,3037.19822760083,2352.21635696011,1857.82800001609,1850.17928718072,2973.00566792418
"290",2623.58622650759,2663.84763811219,2164.13552741021,2104.55638507243,3891.6991745408,2540.13400702492,2045.30515982264,1996.20689298173,3300.02348397636
"291",2646.92379098974,2789.60381614329,2043.73392435698,2053.035478475,3325.09682217098,2646.0265252954,1930.37164400157,1934.66604091646,3214.6891386285
"292",2372.24571339059,2429.94135403676,2087.61061150651,1982.42581015471,3092.28582178639,2309.85415987811,1981.77280819492,1887.3544157692,2933.75677742634
"293",2587.7613484862,2607.82717152071,2142.2999348037,2119.14157056723,3419.63498402746,2534.25883759592,2113.83773263044,2062.44715035109,3337.03127924214
"294",2583.39860458956,2569.93050106072,1902.52804562946,1922.37185547248,3068.40607176945,2604.04234198841,1894.93111710707,1918.59130038904,3098.96825274871
"295",2614.23095665852,2658.43036378833,2135.65734971437,2092.5454124717,3838.00826317665,2544.70436569328,2059.54743158675,2011.02215023278,3634.99896831605
"296",2714.2466414312,2681.66686494595,2017.89610618731,1995.47063651012,3302.74089720815,2693.4217936289,2016.9478371677,1975.68875496064,3203.96491163364
"297",2467.9516394514,2521.64599858756,2053.29345682796,2050.86937329277,3378.77855248936,2396.78882589389,1941.5511429755,1940.70382904099,3203.79253703736
"298",2425.48476831028,2423.37946889923,1976.1649596354,1970.94648354747,3222.70984474971,2383.3062637483,1938.0634273628,1928.67508123791,3137.50383275837
"299",2545.27753059201,2596.46575569439,1929.45735994128,1926.86812218761,4833.36975903525,2463.40026365469,1845.64569460526,1835.00837260438,4626.30473241059
"300",2417.49815650499,2512.3479175704,1993.93773121325,1984.28254703853,3135.17484934215,2353.27435181721,1870.85707483126,1863.75596231578,2946.83818801262
"301",2585.21386534949,2596.30873210519,1888.54530155744,1902.46528697533,2999.65416700979,2621.88872248535,1866.96241934182,1893.85829819595,3030.0190412301
"302",2625.13703561612,2756.53187278125,2037.97492040181,1989.28303846746,2977.37444994869,2573.32004188916,1901.68757366227,1860.48244359164,2831.66287348156
"303",2764.08612261351,2915.88459078824,2085.91011260355,2046.40383079382,3236.03578850211,2711.89057289294,1993.22103749956,1932.60586685797,3090.51715284406
"304",2536.54559481576,2569.87207368324,1834.13470888642,1847.27736385753,3040.22899214886,2474.29627570345,1764.48244838059,1777.01264699485,3015.15790640325
"305",2549.77011039189,2584.99026449409,1916.00043360985,1881.48442080412,2617.94486901711,2573.07614051472,1818.31769037038,1803.69013132608,2480.75425652686
"306",2598.65420230109,2678.63563612072,2088.73404154312,2064.95813904705,3465.78478470287,2535.35545144816,1985.8331733144,1955.45255209689,3284.83398228742
"307",2507.52515970685,2543.21685775191,1910.69719664656,1911.25041298263,3269.05915653371,2445.59851867716,1839.74076723941,1834.6138231146,3250.81706929987
"308",2444.00715820044,2508.47656615405,2099.82946163897,2070.48959504792,3652.25642236641,2390.75910148076,1992.29016831325,1963.74709358008,3344.6164310098
"309",2685.21227517109,2719.47360995408,1965.32539763022,1996.69893017537,3141.41417355498,2659.86868334769,1898.44510988281,1930.66459220272,3081.91592441023
"310",2632.55017968269,2708.50477391156,2110.5566207827,2094.22769379481,3348.57325194754,2560.32930035292,1988.11724036655,1973.65449425176,3205.85171625416
"311",2706.37173524224,2716.5290107081,1829.93668934773,1863.27815406888,3230.01836181403,2619.84111206979,1777.23131689854,1780.66759424545,3987.06009413203
"312",2452.2572907272,2554.99218872428,1901.3208159081,1904.00120378019,3459.75557134706,2375.92818425467,1787.74426077587,1788.35072765494,3197.46947763995
"313",2424.05633989973,2448.37020900079,1964.99591204534,1932.13581344984,3822.2015864586,2368.19643550797,1882.6763066046,1852.55809922432,3912.78197986672
"314",2517.82981231317,2618.05127061052,1973.65346885643,1938.47579822116,3172.46703892502,2445.47627580714,1880.85416807474,1833.29503765593,3022.09696496276
"315",2442.88759458924,2509.18211225808,1929.94638130017,1921.23041789494,4709.98327003802,2373.20732621566,1839.58270727266,1817.26079661507,4541.16743235973
"316",2660.73652494772,2724.5521541134,2247.66359396992,2188.31131021311,3251.60164203702,2572.75074357329,2102.32809637568,2049.22198220226,3115.08145826639
"317",2415.80240912111,2498.07422283621,1755.70144371294,1767.58506139503,2815.6575052095,2338.05608436697,1637.84412609726,1646.47328109371,2731.82436983644
"318",2575.79478847487,2560.94652740436,1772.2947605017,1765.75374282266,4908.52633291961,2518.15618086032,1715.06983222654,1711.83443808567,5397.17868716646
"319",2558.66833404804,2507.20743859407,2056.27961256785,2050.46251719247,3525.68218812622,2477.22860818673,2014.05268747394,2000.0255465424,3701.97787459006
"320",2455.02353804674,2458.02590702452,1893.97442223774,1914.55122932202,2944.56682857141,2386.61270563292,1832.38714347131,1854.99004030151,2862.29158498463
"321",2540.53747170793,2580.88154158941,2181.41605930434,2107.29174851491,3374.86729292772,2488.61095092274,2122.06975915148,2029.59894340489,3279.59806082796
"322",2544.62144864621,2549.23027735147,1828.95278570778,1863.45757844613,3301.54715050353,2504.55064589422,1762.66639756506,1795.27782487066,3154.62344705146
"323",2512.84977518033,2523.87382968004,2048.75326211681,2049.71315699395,3171.32385758553,2453.09961944014,1979.2002429702,1978.36743993445,3072.24164940888
"324",2369.46597803742,2326.69247319521,1923.25524998317,1887.15488749439,2964.10299934553,2334.69157250779,1959.14896401049,1896.17461098656,3066.06340196524
"325",2505.18739087051,2552.48451565566,2107.25304074139,2087.04569073805,3278.60536088025,2439.79932488967,2012.64567813677,1993.9714692536,3118.79207902037
"326",2434.15213916582,2519.26966776615,2029.47867523308,1956.84304005282,2938.87553108356,2352.65120416661,1884.14956794216,1816.26129153209,2766.66023822121
"327",2464.88092171891,2580.29874224035,1780.69684188789,1833.37879302072,2905.16635316862,2395.37338798092,1672.08642772273,1715.04541518058,2833.19742284954
"328",2567.42466157424,2568.420879911,2126.62779002923,2090.95895866684,3811.16221803534,2489.68154299202,2040.13707568429,2012.90635262725,3649.84129301402
"329",2646.14417514666,2758.0030042802,1911.95640217189,1897.1241482524,2746.39275254754,2633.73288603501,1853.99719391548,1806.65252121027,2668.45973190158
"330",2646.62627972934,2784.83658498944,1975.69985071207,1997.91070126494,3070.56328103055,2622.9815199377,1881.83123486675,1899.21298153698,2849.92805410528
"331",2633.95162016664,2680.11358353533,2055.6826704034,2028.23465493415,3970.96137506336,2536.35221448784,1938.10729111784,1906.8056320448,4195.75709550231
"332",2506.44727902309,2559.85950828718,1956.74417728455,1970.30357554536,3220.51946136661,2441.74457809016,1878.66187523046,1889.21860673507,3092.41540687165
"333",2427.02517216118,2458.81182690024,1946.0551785301,1934.45879970498,2945.24211865331,2364.37958624802,1887.39485140347,1867.20482170254,2919.16440889424
"334",2377.56606830406,2452.37274244134,1774.45072835765,1795.00154084219,3283.83387670084,2340.12929454253,1687.904978029,1703.3803105962,3076.74171053321
"335",2538.3429104242,2576.436593888,2185.6978185344,2136.44191979991,3392.10507302044,2492.44604747107,2090.96985147098,2051.51938847223,3278.20992696844
"336",2503.46497923125,2569.53762295853,1948.9496281708,1937.24970842909,3284.82312529312,2440.01333800903,1862.26970408905,1846.31541043997,3155.05876843158
"337",2437.15672494061,2501.18997481194,1936.05238974929,1913.63209586246,3194.47786345543,2371.51743910795,1853.39609556906,1825.67946805363,3023.16793399175
"338",2545.01342950756,2633.48312404164,2029.24117331391,2014.54869334931,3447.10184226417,2478.50347832534,1921.8523812208,1907.1101598682,3214.75817963289
"339",2564.40438841329,2567.96356833358,2148.28749426365,2109.75620134358,3611.08636444211,2505.33057435723,2107.08890599019,2050.48377700759,3740.6514161216
"340",2451.85429712498,2476.44652594444,2082.34731828396,2054.9887982425,2970.26512790828,2396.03644741116,2012.90704550548,1979.38044427779,2895.14170496864
"341",2439.6492790833,2521.54341735634,2089.645823934,2047.32474052669,3231.26766352174,2371.07805622402,1990.66600331365,1940.53903100395,3040.91267251678
"342",2633.48082861593,2703.38687233232,2018.60562173118,2020.18862913108,3490.74723268017,2593.8352819175,1914.86853539497,1930.01053754871,3235.26676343116
"343",2442.35331669546,2490.16215661597,1941.90084064051,1942.67195758537,3297.24436743433,2378.96249296473,1861.52916642478,1861.58219329284,3082.50829084117
"344",2551.52041356015,2564.83966190495,2119.60934513405,2090.99985762484,3364.33870409964,2497.20878268231,2039.89001995693,2021.06928496898,3317.84908416572
"345",2739.61983573345,2765.47091517478,2120.18651569503,2061.80156748138,3179.32234705151,2669.21556611604,2017.80651199476,1965.46202881865,3132.44378615866
"346",2548.91486495576,2608.72758702257,2162.07709508433,2137.26236335937,3142.31913984605,2480.05461533134,2049.83134937443,2023.85450825614,3015.55750604989
"347",2447.62665858819,2497.78528062705,1872.30336228497,1874.77108725074,3050.02387740342,2384.78151532716,1777.10973141234,1787.19564245496,2925.19173775037
"348",2469.9571216853,2475.99090916964,1920.7275198707,1923.32549220166,3255.23789685637,2420.6868407484,1862.30596710202,1861.05080141459,3252.73319894177
"349",2810.33935639154,2894.9762115602,2320.88224251483,2303.34619099304,3603.76039297347,2779.16697054314,2210.55566631904,2197.168790734,3485.74575430844
"350",2341.25194265393,2412.1909533702,1724.70799848539,1715.71016921624,3356.25968059394,2275.72220153854,1631.00329727371,1623.60950748299,2987.52926197606
"351",2548.69039991198,2546.99906830781,1976.19934222281,1966.07470710875,3220.66247405762,2513.13712002308,1937.8349921044,1914.58555392001,3239.69588782647
"352",2488.29809065027,2551.75512295848,2066.87727749384,2045.96104007799,3002.82470909919,2434.52976953242,1958.84874098509,1938.12487015249,2921.27970263349
"353",2515.73609816091,2568.70517335338,2098.98658986701,2058.29949778712,3334.75479679133,2450.15419491237,2003.86926320595,1962.69448774981,3107.95182754467
"354",2375.53153199018,2514.1220402348,2097.56092578769,2025.44592340693,3045.40133471983,2322.11431448379,1909.19438431025,1864.06318562399,2830.97684858079
"355",2403.08345259559,2434.98536009146,1902.39647373452,1875.27887065954,3645.75091080756,2336.97345250246,1826.75611654874,1795.70803995455,3504.63017440877
"356",2302.69907552391,2383.86153394677,1682.97752909863,1666.93574996325,3634.1347463967,2233.48422365134,1577.38781885556,1565.94315379949,3301.69030699438
"357",2578.7134907983,2683.30356885923,2034.88857588184,2026.12887209118,3609.82415277379,2512.40057446696,1934.15160507621,1918.12962968458,3328.453331643
"358",2325.35948327944,2396.89953356855,1907.93375487268,1898.1372889361,3123.04942952657,2257.8001275439,1805.32947332346,1796.41388478188,2979.40955598462
"359",2613.60002492435,2722.76862064715,1937.49852526989,1956.43738545741,3355.41285858866,2523.94100583233,1797.28468136857,1811.30370140908,3126.57542852891
"360",2291.90861951179,2318.3929313235,1808.36624716639,1806.27236517105,2853.30349245348,2232.57988350724,1746.96749642025,1741.05124077524,2783.86025039044
"361",2612.54640848204,2706.95787622649,1915.91864907636,1941.85374771083,3439.85256121672,2532.11091816587,1806.13400953478,1820.16535374949,3230.99606572904
"362",2510.02483970372,2560.42340578384,2049.93561208506,2038.97907270533,3657.33828201276,2445.38892224423,1953.06893169649,1943.27991801677,3676.91231871819
"363",2464.13919186414,2520.93167273771,1973.54188445795,1963.63558355954,3719.75255738957,2394.14912951917,1882.15593037533,1870.65966706459,3258.1236641289
"364",2467.48710114639,2498.30434771898,1850.08259787366,1814.46867803906,3534.52063707574,2490.03916265755,1809.41902544022,1772.80395434351,3751.5588206399
"365",2315.93070393897,2367.70315176035,1732.60341984198,1740.56251580662,2844.39073240162,2249.0458267755,1638.96866895584,1643.3480668352,2732.32291263613
"366",2470.93036577504,2504.81253456021,1996.0148098317,2005.02537918301,3300.9794868425,2399.54702991055,1905.50755149611,1912.91573048777,3099.90698586459
"367",2499.95717557291,2514.13633146044,2180.20834538341,2053.16526457362,3177.53906571805,2446.27149120567,2131.6483203164,1989.33377852221,3119.51421339931
"368",2712.9027697251,2874.42443137272,2053.72089505623,1968.65336022047,6524.45919328817,2668.56061867955,1913.73351792556,1818.63245428212,6832.7451459426
"369",2321.25936964679,2416.02927860634,1802.57154940869,1795.84672332086,3283.32206311203,2283.5037729429,1703.38424676379,1694.31539855729,3476.58565314384
"370",2515.27393389345,2551.17733008502,1956.2473004587,1951.7541546778,3300.7685396395,2462.19636952136,1887.52301284515,1879.55513346805,3153.90292815723
"371",2440.37118355123,2565.4050471785,2051.57716032689,2040.38998000271,3465.51106006456,2375.47345281238,1922.00621581147,1910.82461681488,3224.93751640923
"372",2732.67479835953,2761.13075749977,2246.15031745782,2175.58880424561,3680.82283223036,2699.54223313402,2147.51110531306,2089.50806243213,3570.86620886853
"373",2847.90872751666,3009.03964904333,2328.79996354479,2226.80554809033,3107.92354075322,2723.52282908792,2113.23836485691,2023.27795801154,2922.07065856228
"374",2439.25811340152,2522.81393178393,1877.04081122442,1906.65736115986,3292.33185656851,2380.45544934033,1789.07404476068,1808.09912730899,3131.22934464704
"375",2274.72655311508,2377.51172419303,1843.1199838709,1841.62298669317,2954.12096105992,2207.02964537949,1736.34745870339,1731.57509347246,2761.6202537867
"376",2691.29453502093,2735.36622845588,2149.60338169638,2144.25848999408,3580.00568464964,2626.0833110777,2059.97897604192,2054.86060901545,3488.08611508514
"377",2518.71307033994,2496.58341677935,1814.46212861309,1784.58785546695,2774.67576684634,2487.24595573166,1824.39946814781,1770.21408911572,2668.73520730431
"378",2602.31046726271,2626.13636684293,1815.4051983684,1809.11073191205,2881.74633950438,2561.30209983434,1776.17940725631,1752.10276535705,2783.85573533511
"379",2587.31294927563,2596.92435776435,2147.98790146553,2136.26763956687,3288.93993946246,2519.94291910349,2075.34798460212,2057.87432795896,3591.99143432906
"380",2453.59953148399,2503.32913161971,2071.31880139789,2036.73579571886,3456.59106294558,2391.42050045986,1971.54585215447,1940.09353688609,3319.1221950484
"381",2562.16687443278,2568.45579506301,1939.07475388051,1985.05742392255,3286.50950592573,2521.23458714881,1889.82249021901,1935.52724232188,3226.00401513749
"382",2518.75745800289,2572.73229630155,2090.00571322871,2037.43949192622,3220.64090014134,2453.19437271431,1987.5660973037,1945.8588443829,3076.28886494859
"383",2372.5707291421,2385.35153891975,2106.91327269667,2031.51026051395,3197.63673754688,2321.81264071767,2088.68990714097,1977.53183425911,3188.10052420985
"384",2541.26709782601,2615.47911239118,1913.36864075551,1905.23290044525,3660.29008769096,2465.46661418381,1824.38426084689,1805.88920439757,3592.05991351122
"385",2636.47467399549,2665.00425435162,2346.22065399698,2153.78798074846,4509.5374312368,2606.4028173374,2286.14997797308,2098.84591932579,6182.89138033842
"386",2655.33721893712,2754.55992392698,2051.46600142476,2045.63183891859,3397.27514157308,2598.14685080919,1929.67556381842,1927.70848749103,3239.03752497128
"387",2694.25507511461,2675.1765354562,2227.32597855285,2116.82625856234,4721.59353600232,2675.62459406092,2205.65369937348,2079.33460921166,4494.82460647192
"388",2734.41179051874,2783.98278782127,2231.52661857023,2173.05192574785,3702.13894106919,2677.6927499381,2157.90216582708,2083.66944825864,3532.85325981029
"389",2624.11775752751,2713.97812134734,2127.71166749195,2081.84074195751,3059.2174468437,2564.41809165134,1963.31164991102,1931.83863391051,2910.90734822751
"390",2641.04197325047,2676.28389828877,2355.94042498162,2055.23925545241,4383.83212352713,2562.62407354171,2188.70544129852,1954.80077240248,4275.31649381397
"391",2568.07966485139,2635.82349400322,2142.4824778265,2062.92176997798,3433.72511996223,2482.01548908195,2002.08856830047,1932.11173312766,3244.6420772979
"392",2600.58600829664,2626.72983310445,1994.63298671764,1958.31628033206,2842.5191893768,2550.48061581529,1932.12885656886,1906.83085921541,2694.03787710697
"393",2652.90108279433,2696.04760831863,1956.81386262422,1879.57820306668,2864.84918733691,2610.11001318666,1856.79158177703,1807.25081178888,2753.89990663399
"394",2565.89181785145,2605.10733334434,2114.33808039572,2089.27742887059,3172.71084619909,2494.15718077089,2027.77704266097,2004.39694335705,3060.20114955951
"395",2456.35577655827,2564.20666919234,2008.06319098569,1986.91769514183,4340.2743933452,2375.13629453012,1863.66205976675,1844.4829569836,3776.85137241928
"396",2475.54249527376,2539.19981668671,1912.57373519965,1917.92247521759,3019.43687048028,2417.71096535663,1861.95307202136,1850.88775314828,2898.14048266001
"397",2833.66188251788,2888.37686645839,2548.92634156246,2244.4950030064,3068.3998130246,2761.86693882002,2450.45591679756,2123.1739680617,2911.50863624568
"398",2702.03402614996,2765.83136885341,2048.45587897814,2044.23288248704,3215.86316314268,2640.53821029361,1971.71867846086,1956.31624542617,3075.39638707078
"399",2800.35990826126,2848.75732159872,2007.91366221172,2054.13023051989,3703.89983123164,2749.99168663795,1899.41946535605,1940.76238836016,3654.36213043716
"400",2412.8921812255,2473.41377077564,2045.17138189109,2011.54235443697,3338.76622140164,2345.56298413998,1929.26408503792,1905.39061413884,3060.48159132577
"401",2848.41604098536,2902.8247104495,2286.2080412354,2285.11821598328,3274.88397533037,2773.57478371268,2169.50140688587,2165.0014841513,3172.41042509082
"402",2541.25492434901,2633.36475638872,1946.76198337925,1950.77650714071,3162.62193442203,2484.01187490478,1826.96792191509,1830.80956950237,3040.82037296888
"403",2473.00261409584,2466.5218196713,2079.8343748866,2036.37336741123,2974.91902501332,2427.61273840951,2082.49547270434,2009.99744499762,2988.1965327544
"404",2591.67216494451,2656.4485488736,2084.62473146254,2078.04000134715,3488.67328112203,2541.80188756998,1981.81297505668,1978.07461232988,3135.84858172359
"405",2568.87360139225,2741.25259576795,2056.5609285069,2064.09266136964,3101.45341079174,2502.12512256581,1907.53411818387,1911.18700204425,2899.56842418332
"406",2811.06841425094,2743.55650671172,1720.27235076164,1741.71698934471,3131.62007944127,2771.99826322388,1706.19902216949,1726.08471025345,3530.94797251991
"407",2564.13393206314,2506.54263859682,1797.79199712971,1801.79189816634,2787.62422892578,2493.3873361312,1785.39988068933,1776.4853207855,2714.85710482393
"408",2901.86770254227,2903.31249909174,1955.3205432511,1941.78549029163,2857.91574042778,2868.4998639122,1939.40213782209,1897.58535904761,2750.97013472719
"409",2599.90795666315,2557.55504289604,1919.01364408999,1944.52931504309,2812.42909001246,2535.02550107841,1883.40931458137,1906.93129853533,2737.78541962625
"410",2577.02609739969,2610.64551183786,2136.15731974399,1974.12167033368,2944.94835926396,2555.73903384752,2069.86676761817,1921.19505018575,2855.90620181949
"411",2460.20001656935,2514.0953803477,2172.65485816923,2116.59946944218,3192.805937988,2389.29173802478,2075.52170451767,2015.07246785685,3064.45911436433
"412",2525.82241216211,2582.33337958568,2085.42809947542,2005.65570048627,3385.34036079905,2445.08241197967,1957.41651455282,1879.8271982155,3473.46963566059
"413",2653.49601993304,2736.27118558043,1894.18464506688,1956.71432698133,3425.45958073493,2681.8944560815,1827.83150225161,1886.00092669699,3303.51907741748
"414",2629.91325989809,2658.19780160821,2083.27953774688,2042.01581748177,3180.60646270758,2574.11452063896,1996.15579086118,1959.54362846617,3216.68018698447
"415",2584.09239172875,2678.2277518025,1946.58597677152,1908.32668483201,5734.67698259421,2492.85366103038,1760.45989993299,1749.02735298361,4681.52829968639
"416",2509.98893580499,2556.7609543256,2053.01896053998,2039.12032515295,3273.20018919499,2444.67887728948,1975.08823649057,1955.96997439171,3099.4309932501
"417",2471.83911260829,2490.94251114182,1951.29723261752,1958.99516612195,3063.30541216651,2416.86500047449,1883.00223541157,1890.45604342291,3000.06545837927
"418",2591.25730202434,2556.70461988612,2111.43706975641,2090.49006124333,3014.09414571103,2554.97329247615,2122.84622540446,2070.17997952438,2996.35134416479
"419",2563.40134600528,2564.34255756698,2011.36090780946,1986.2466542338,3140.74289149154,2518.16675297471,1967.5446654567,1932.35721505177,3408.84962266046
"420",2420.71303005585,2438.21648808677,2006.00134189119,1980.11871096533,2885.22352650308,2361.3697730619,1935.91149614505,1909.88994996828,2825.56698594686
"421",2682.75794935838,2674.85293531299,2032.63322542059,2080.75568854304,3149.52853307427,2611.78081512879,2018.14713592036,2053.98829578046,3059.14498509585
"422",2493.97450749846,2541.54626357775,1987.41590127621,1989.74923246705,3699.4462636952,2459.56626971054,1926.00848532766,1923.25150051863,3749.41964824252
"423",2684.80380425296,2835.18437986897,2255.08486716322,2115.03555111536,3133.2003728706,2594.35056567291,2010.94249116133,1917.39426548918,2904.6192730167
"424",2550.48365215657,2601.73833702334,1982.10124358376,1965.7775683385,3143.35662336743,2467.46326597616,1860.61742649246,1849.79785895774,2967.47615708651
"425",2426.53725769414,2477.45845994004,2155.24737904413,2052.13677784648,3443.75019204257,2372.42392574919,2093.05989350215,1970.48286489776,3401.45912493259
"426",2977.44684855615,3070.0036320077,1964.22752865883,2003.34343983074,7516.0691437234,2882.4475363253,1807.99881915627,1848.74050042703,6320.47875963176
"427",2431.61391585682,2508.89611716339,2034.21609071839,2046.10010370169,3456.13174484962,2359.15669094716,1922.12565124767,1926.54917760144,3158.51115887208
"428",2572.46880815333,2619.43326008297,2009.16357396123,1978.40426742555,3597.90874975302,2510.75747605955,1909.1573930974,1878.12354003871,3786.40636251978
"429",2622.9535191418,2656.30175873902,2158.36999306849,2113.53101922399,6270.73492211494,2567.5122613847,2082.84626221231,2037.34620329111,5720.17596616892
"430",2484.98055455204,2509.82497835964,2029.86827247625,2009.5299039926,3237.30075173708,2435.91081478704,1979.60808398445,1944.65260242831,3161.47403986397
"431",2628.03764631966,2744.88310545615,2014.15994201255,2000.9775861473,2999.56039015435,2571.76918438173,1847.44150931171,1844.26008472848,2873.822546921
"432",2407.9489050728,2531.05586158879,1822.9064291884,1801.44906154245,2925.63648397456,2342.79122812909,1694.31231688909,1678.77213002484,2793.94444594682
"433",2469.26924823434,2563.73372632672,1927.21967730579,1918.46605623062,3234.28237380441,2420.71001325853,1814.87155248924,1807.82127440502,3101.18560552837
"434",2497.15453776071,2547.31182996149,2158.07537457995,2134.13926611969,3415.79813208742,2436.24970784329,2051.58277289847,2039.26426426852,3213.30168143506
"435",2387.26097685942,2452.31664646157,1875.00160500401,1854.20851053627,4079.4360942789,2355.80575964122,1809.02343535712,1780.01538132101,3769.88622946617
"436",2837.87501051506,2874.9707641729,2045.42517944525,2048.26839624996,3074.32729490844,2768.75419398269,1953.78852910212,1948.22954352108,2950.30868436355
"437",2631.24025259518,2691.51751816503,1884.17897406298,1893.32564691687,2838.59682428033,2575.05448520132,1798.26591307969,1815.49589380771,2632.15416663735
"438",2527.00976753958,2588.80140252079,2068.97398759078,2040.41684181219,3346.43423067187,2474.97089749967,1990.85187257754,1959.09690187024,3199.69434095095
"439",2598.08187344091,2631.22504140586,2191.74954151314,2171.71177664809,3186.38561303582,2558.96196124752,2144.99895685305,2114.72754724208,3128.92133122437
"440",2661.71248179016,2694.99185629494,2331.65387236363,2185.18131649177,3407.80363715621,2582.19931193778,2212.83432237559,2077.0245505494,3301.62065255847
"441",2363.0151540909,2438.638068964,1825.06895471084,1833.66939292551,2864.17494472167,2297.33640592741,1725.73560319815,1731.13214406854,2699.38592172651
"442",2381.3347036793,2446.79222546892,1682.81831684969,1701.62928292279,2950.38647852092,2297.83889568256,1606.31772188597,1618.14148042077,2713.22821213272
"443",2713.53434715888,2721.10223414327,2117.87477301156,2096.58739377125,3025.02175462338,2629.0903940751,2014.40808253334,1999.67185236621,3000.4766431436
"444",2458.06457625752,2503.40710789464,2029.0899055627,2012.67295922965,3173.1862501502,2404.19049770487,1947.2555186812,1932.64482963231,3043.92653717923
"445",2472.38144784098,2534.81106135107,2015.93024118764,1966.86232709954,3247.12570389781,2390.19199689174,1904.31082028964,1853.60803611806,3064.5155712641
"446",2432.55087465207,2577.38597230198,1814.51867117404,1790.05223123631,2881.82160424846,2370.72553693362,1677.97202503571,1655.31665027362,2750.29666353581
"447",2398.21908499616,2500.33126794256,1794.65956182512,1777.24721022031,2786.02192832818,2346.5969239581,1673.06469241596,1656.84949391566,2661.18000986136
"448",2354.31695600825,2439.29795048074,1845.76978554457,1784.7952135924,2794.58185049663,2288.00957676631,1716.64898302074,1670.9386442294,2660.60021255663
"449",2652.3861160124,2694.72887201343,2184.80700352452,2104.57568035764,3836.36060801599,2554.58398555134,2073.28200772612,1993.25087319088,3466.7014974764
"450",2594.38064904148,2634.47836113999,1987.0904242156,1973.27498687531,3117.60839759034,2544.73212626032,1912.70125739072,1885.67851956618,3016.39747186819
"451",3137.3182566658,3268.92503053846,2492.68240272542,2273.71668074109,3130.30461377669,3049.42831533742,2252.72517664012,2089.86904427017,3016.56870276948
"452",2422.18614443737,2493.44328554288,1860.71694789787,1888.80409280991,3078.92100407857,2364.55167731191,1765.36435192066,1784.17607368259,3021.93316522379
"453",2862.64812741679,2910.23397067422,1900.85524299932,1936.43528164661,4260.60250821081,2795.44576310995,1798.17757466882,1832.02513694032,4207.09310850798
"454",2414.65715743384,2435.00183047467,1944.53937829934,1944.80256299087,3458.9800999151,2363.52706677855,1881.60141572554,1879.65961457081,3511.61767787638
"455",2512.33523477578,2569.84683267207,1927.6910704167,1930.90586350729,3648.50976511697,2452.05482487365,1845.21304072175,1847.95709209046,3431.16988949265
"456",2519.66559121719,2540.8861505893,2101.95593023601,2035.91712735385,3580.28983694848,2475.15467842936,2040.59080638341,1968.23429940947,3531.27767227654
"457",2667.42661525015,2750.87631952365,1976.36268029657,1997.30735161971,3527.98015362173,2594.1504439664,1873.53998242857,1880.62415431599,3331.4306519787
"458",2646.30392936733,2665.05160257819,2061.55578262115,2119.19396423809,3537.97544893514,2611.67252908931,1997.24782013511,2067.04408853793,3461.18451200626
"459",2614.84477496559,2659.41401177263,2275.85952222451,2065.08645244804,3215.12855144781,2562.83567493339,2176.63065302626,1976.45685251007,3062.94619398352
"460",2482.78011888815,2542.38910938278,1816.88185781883,1774.19740581078,4074.14119199014,2395.36104752632,1678.3802873215,1654.773805949,2977.42082056171
"461",2433.2126104859,2465.579523395,1914.12918895843,1879.69638641255,3141.19139750969,2374.30122139691,1845.75908013438,1807.31086446887,3047.8784329296
"462",2464.43268715008,2563.84863499966,1854.95452940028,1841.84205670735,2820.35578323886,2415.45803866863,1757.88114241368,1734.33448623913,2714.78853585753
"463",2480.30199943811,2557.8524036225,2075.84973166582,2022.60270552303,3356.7750271326,2405.28803807573,1992.68236789977,1924.5971704422,3212.0368955146
"464",2691.3932713396,2816.32851878196,2095.62708206549,2072.68453544888,3430.57703554983,2620.04798797199,1958.04211093819,1928.21508900172,3264.38449507242
"465",2431.65095656819,2562.34121897359,1988.77136979376,1898.55657189871,3154.94389066185,2364.01403030501,1832.59973646603,1765.17338320415,2977.97406108912
"466",2496.30416538639,2554.15710318632,2206.00622263445,2154.753691031,3076.43088067998,2424.21523800463,2088.41729133528,2044.11329481523,2857.66985050981
"467",2557.22770052132,2534.06135244065,1997.5471757715,2005.65844427803,2846.64754734352,2509.30819898236,1932.36673823115,1939.84899898008,2816.47022227048
"468",2526.41791385696,2596.66183081464,2134.91627628938,2129.2515957993,3176.53198007856,2457.9306761878,2027.27059581945,2017.18786021405,2997.31271830263
"469",2556.22303205101,2604.96535079499,1854.85576752731,1879.14455919688,6457.0634005053,2468.50429431708,1752.14020699359,1772.6372282421,5906.48581878083
"470",2440.46681797684,2537.43578211421,2058.63405777137,2026.76896580888,3232.13608203585,2372.58802408491,1926.20449803806,1901.38089901681,2979.08370226993
"471",2370.82693903475,2439.56645325559,1931.21399045581,1925.53466792201,3063.48624598618,2343.57494302628,1868.37962607769,1847.93119508184,2933.94371419646
"472",2233.25917431759,2286.85017702815,1573.72808426342,1577.29466644965,2761.61291861736,2185.13966517107,1512.42959291501,1516.00555784493,2650.66982703922
"473",2510.18630292869,2582.22202939055,2262.01020716104,2054.80968904868,4340.88916160819,2428.2203938307,2084.05484018451,1926.39544741035,3934.86748554234
"474",2547.92495218903,2591.86143231104,1952.21845095686,1911.8669965189,4091.22605654073,2455.2837357424,1806.70462764381,1779.80975845565,4079.75773210944
"475",2616.82107940962,2694.49568048842,1977.29477323854,1949.25581838346,3023.13535336082,2554.79688627822,1883.27317897195,1857.26982661877,2911.70252480969
"476",3205.32637852957,3399.23907540954,2835.66885448369,2468.3279333594,5764.60213719827,3164.02926658594,2577.96676543183,2302.43695748364,2795.6259561572
"477",2620.70780907307,2664.18854782815,2077.56173674649,2023.35116526439,3624.27013875096,2546.52178731145,1974.31198174651,1926.17445682195,3481.46742688422
"478",2834.00498331616,2993.30671050438,2096.44930381925,2120.8167074936,4762.64045196078,2744.4381512039,1927.7426030071,1952.69514413261,3460.75106969669
"479",2544.95308578877,2607.08236844963,2174.10348277069,2108.44794677214,3347.92615709035,2477.38547874539,2053.59790017826,1999.68897746186,3167.17185015303
"480",2290.40773713648,2334.29563747067,1782.52192223914,1774.57382607782,2921.33919660823,2223.75522253665,1719.75224370065,1705.14466766963,2806.59424237887
"481",2447.71272722957,2485.73175582416,1812.03547687305,1826.28756576897,3139.15118432067,2385.25207855086,1718.91649649943,1734.79919081408,3032.05817110965
"482",2432.23759186315,2442.44523019375,1994.08945988968,2000.47199677553,3088.59781352173,2367.67240582302,1923.09891308469,1927.81965988413,3089.6773461291
"483",2614.63572159784,2641.78369625997,2255.70609909294,2208.28472549464,3458.40795752417,2551.95477135268,2181.44926187828,2124.12870508524,3994.14660580134
"484",2293.89197976446,2299.95140491869,1857.10806973432,1826.89234109535,4582.73193444097,2246.64125368432,1788.93687718543,1766.37073458755,4515.34469229703
"485",2521.84210788987,2642.48573000722,1886.99492289412,1930.84985857062,3573.16306054391,2456.00744442067,1752.52741155708,1787.30288014844,3257.32315177892
"486",2454.81766256414,2484.51536026502,1869.85145300459,1884.67926767821,3974.25672387772,2384.04076624732,1790.60971123568,1800.05520422434,3622.6559007936
"487",2488.44102714125,2481.80988220212,1846.64991224711,1855.7779929645,3295.48284670707,2436.36271058993,1790.23859493915,1801.98371598472,3278.12284350143
"488",2613.76541684633,2582.2342679205,1899.3587733099,1883.68981836205,2849.48458651393,2579.25391721689,1864.0156306597,1843.08299640925,2777.2863440872
"489",2807.35727063553,2864.48439103438,2006.18072267744,2020.22133024421,2878.83682736125,2681.05167651002,1855.92242478326,1872.89072349547,2722.70564881575
"490",2515.92908487586,2517.43154222701,1945.17462739464,1859.72577500079,3238.34927022912,2457.57699390347,1938.04989151451,1816.60906608914,3324.56668948125
"491",2366.30021135299,2431.48845498944,1841.06646878537,1813.41966276419,3027.89603715299,2299.50636195598,1729.35392837277,1705.63497787794,2981.01365784375
"492",2577.87335343868,2608.49396893425,2060.91696091954,2017.11605598321,3000.14803622272,2507.41880194858,1972.42981561716,1921.36544979054,2862.07622739941
"493",2579.46841815302,2614.70029552428,2046.06017927246,2020.6553764293,3350.17339114935,2532.97929733762,1979.55004014856,1943.40619477361,3252.60508262643
"494",2463.89004153942,2609.62461743123,1989.71186693949,1918.69098173386,9348.21933251931,2445.80108396452,1840.44382140445,1782.98504882927,4259.79140174024
"495",2562.35901180192,2660.38036840611,2332.15667453459,2147.76489234586,3003.6002576939,2501.33096258542,2268.30558879645,2046.13514096704,2894.23834531881
"496",2353.22488043035,2383.95586897836,1992.81724126294,1960.98903032253,3235.43501437613,2288.39797392063,1918.54772291593,1879.83380368414,3188.04881619602
"497",2664.67181081235,2737.71242656978,1890.95541167866,1924.36484552855,4368.22544922732,2602.34338445787,1807.17648916787,1830.0958757415,3725.6984305168
"498",2574.30433917827,2606.08524271657,1844.57261296419,1859.77154893449,3182.23046469879,2522.9196196971,1747.87234335896,1763.97019373111,3042.55113957686
"499",2579.42858690067,2621.57307287812,2064.17162427248,2045.31109486148,3868.09462073491,2522.39955975038,1995.69214041095,1974.35252443932,3709.87623919765
"500",2537.67475351415,2617.76722174539,2027.78890750665,2000.54180719687,3069.25702042003,2500.1502088697,1932.97823792039,1906.58006441574,2931.8379501786
