"","correct","wrong_link","poisson","geom","ztHurdle","Hurdlezt","oizt"
"1",1228.47206430478,1224.33137219294,867.553876545178,1461.67101206363,1609.04470686762,1093.23713378699,1126.88782288932
"2",1372.69789797332,1364.62398164633,807.019267530984,1240.04392043605,1747.75492226623,1234.18370709412,1261.6647193921
"3",1104.31466123555,1103.34972143268,814.071889937728,1246.37317259371,1328.59771120479,1014.91707900575,1017.95041836217
"4",1186.50669092684,1197.69739380593,840.450011609058,1313.61430269149,1460.52840232393,7866079.27598784,1048.61660020814
"5",1072.3687247644,1070.45514951513,812.702381827571,1203.13055426804,1230.70766893581,964.743398568796,967.667477327415
"6",1079.58237095514,1077.01492678249,838.530020383584,1336.86269474557,1322.61400938904,969.632239329848,985.026891741237
"7",1085.84592262771,1087.6974516148,828.721266435794,1256.88635022846,1275.64151017721,1011.4755482481,1015.77351805658
"8",1333.58777307047,1345.11284854096,845.624606433621,1372.63424955811,1697.23769171421,56199170.4126457,1256.23801955326
"9",1068.08449320084,1068.77720449251,825.422211824361,1216.57204544668,1234.33465776909,514138259.291247,983.589379264197
"10",1311.777975257,1312.12190580806,823.952271268198,1273.04290505947,1652.14414332465,1177.00047365039,1205.74488532343
"11",1249.40753141831,1249.53984896761,799.20326327772,1176.30768232339,1501.15537328741,1088.93469041231,1097.96412381795
"12",1242.42573588276,1217.62622650696,823.239190224619,1281.04245169645,1537.80878237803,1107.1428929559,1119.67003599957
"13",1033.6091584783,1032.70792628482,826.15177137041,1271.66624555565,1156.53010632775,950.193600162524,966.114073379039
"14",1096.2446789155,1096.22215908304,833.022502569404,1251.75533430811,1263.42483706152,39781806.5873636,998.855742294146
"15",1177.48573896925,1181.10310109733,844.400247694262,1292.60776192111,1419.56807027582,1070.96876647543,1078.60840367741
"16",1145.17106506004,1153.39991525815,816.793169454108,1258.70696850596,1371.09337347299,4259192892.38088,1016.19070507186
"17",996.256729295088,995.132274535429,807.605892222336,1272.20319628994,1150.21179867151,909.588379703236,917.098878574377
"18",1062.92796293109,1062.84211930139,844.615009152761,1270.4823662084,1200.3006487173,971.795967614863,982.735879855284
"19",1023.39890681746,1024.52752494244,802.060310620565,1220.81058295379,1168.68428892285,921.696101186206,936.311349134427
"20",1201.76696686528,1178.43990201994,839.814574746741,1286.5047668632,1352.20535321653,1049.14748095894,1091.15632831583
"21",2763624.50072556,1185.18195418699,827.638181335306,1265.16389670294,1439.65658943788,1077.814389046,1080.98664789081
"22",1148.22549118413,1141.62776516614,830.794249712292,1234.49329499548,11581212949.8413,1080.94650665027,1041.9859075437
"23",1114.93513353473,1115.800514562,823.694554232428,1234.97222884331,1315.61633144194,1033.51586650548,1033.2998900338
"24",1021.1404332235,1024.72313866706,813.798898261487,1210.01079896201,1123.93351538715,940.14405261237,953.463204997665
"25",1160.66336512726,1165.80110736104,831.367996810802,1298.41677360687,1427.02567735564,1062.87242350505,1071.73955819772
"26",1018.52277192715,1018.26842583913,821.758859575005,1201.46831921129,1117.03572054254,947.65207791078,954.044115220917
"27",1084.05154858117,1086.33408885276,831.388090067802,1295.122031974,1296.46947497003,7204691131215.38,995.596639808791
"28",1079.40615979083,1081.09720235985,816.509189434937,1218.11986629079,1247.08393716838,NA,986.039898392016
"29",1028.11373528558,1028.28949908652,813.513906868632,1219.70639200491,1161.87557100053,955.761318654655,958.518258744136
"30",1148.63328054313,1154.41653495421,820.752511426065,1208.88779207023,1347.21764207485,47485514.7736609,1031.27051338482
"31",1191.79817743005,1191.86150140274,824.448213883151,1235.50026212101,1452.3056072699,713294084865140,1087.20995929411
"32",1087.81438708582,1087.1380547484,814.425621306238,1235.52884210234,1285.55938412864,1001.98120187759,1010.75996141237
"33",1196.47128110438,1197.93580686828,825.94475162233,1240.60083559304,1464.58247023262,1099.05685585432,1099.54142974519
"34",1117.40547736463,1114.60518293109,826.162027701185,1250.32444409368,1310.77928900782,3983893.33850823,1029.86122289614
"35",1127.89569420134,1146.88565368326,783.7335913544,1161.28502128041,1281.11528800512,1001.87460214924,1015.24218970848
"36",1083.41609467525,1080.63476224991,814.434079984205,1273.59771827475,1294.91818349977,3457024.92022132,1009.05924182224
"37",1250.41685731916,1248.10963486593,810.05896936186,1230.00012718283,1554.1269631776,1148.72555165084,1134.09618983942
"38",1058.21892042069,1059.09044975904,803.449130350725,1225.77721386738,1222.80132517172,977.086385728192,974.791689730587
"39",982.949387210606,982.911175344921,823.592457202908,1249.40017220498,1098.52910751465,909.974569055123,910.70558974132
"40",1081.24512360647,1082.5997495193,811.971042648579,1241.49214647523,1292.69295366869,960.581381349183,964.840311076699
"41",957.308714142295,959.015266682193,806.532884345621,1218.2094164267,1044.5627859584,887.101360070927,887.776495345937
"42",1029.30877910128,1027.18350809885,806.364832083657,1260.55413909735,1172.40598186767,944.714341244989,946.29707200867
"43",1168.55816450343,1166.09170305616,833.046697132069,1286.43767435438,1434.06526425686,1046.54708265555,1064.49660274424
"44",1076.18423930503,1087.50285137674,790.912803681253,1229.09889368109,1302.23193401476,985.111647460323,991.622156914485
"45",1161.70068948979,1162.89474480417,813.785465142333,1229.39425723486,1413.23896845516,987581620080043,1052.96009149245
"46",1478.46971643504,1477.16555804224,841.190978050586,1315.63517033728,2045.33478221091,1360.98976320006,1345.77824461798
"47",1099.79928479963,1102.99333705953,829.306765138541,1272.6237109544,1284.00067573762,1003853821851707,1007.31581855493
"48",1400.06942404695,1437.99959154394,821.397533635233,1240.96588331054,1616.99252735889,41659546618107.7,1241.59004919984
"49",1097.87408390462,1100.38044888686,827.756183825631,1260.74155484244,1273.73322763604,1012.12851943395,1011.47573175756
"50",1116.88755971781,1109.74674920124,826.317086000341,1248.00685432028,1317.1046383485,1014.06503031806,1014.56773438225
"51",1272.91556095437,1251.12489236132,838.149377762614,1315.77105261321,1465.68666566845,1100.13944941401,1148.53801369181
"52",1234.0169796377,1236.31920234243,856.369825587632,1317.63910399807,1553.8826475088,1129.57557134316,1139.14468572599
"53",982.600081804863,981.690625438516,810.113136763707,1221.10780175081,1099.23483150742,76008541.8450832,917.223034600275
"54",1011.39785238877,1011.36099760642,817.312109177585,1276.13102847586,1130.92177901143,937.682493735358,944.129959267686
"55",1254.18700449346,1250.24133047628,808.859674139973,1243.1341913471,1569.07125581948,1126.19270196913,1133.94867291473
"56",947.248403286137,947.975254997418,806.800999296097,1190.08471526038,1021.30942314837,31177121.2970427,886.735866628254
"57",966.921260121497,966.404075247495,788.89744916036,1161.71961439836,1082.22219903405,266035180504.555,891.846070987859
"58",1089.60701199522,1089.4604129358,818.304613845009,1213.67873326838,1288.33764452561,1025.25858441415,1005.78431063124
"59",1137.16385683189,1135.4494277477,807.456874233269,1237.72838133989,1386.521500278,138239851.71379,1035.34224870942
"60",1082.62271915275,1081.27503861008,831.991939665025,1282.94838776651,1270.79602902659,26634331994914076,1002.78767354396
"61",1216.26769546926,1243.13863397305,841.916484855588,1274.72551329397,1380.3247121385,740183340.45678,1102.32877408389
"62",1131.53763931187,1132.66513841175,819.092121244678,1222.79661914496,1340.80569267526,1029.57640597261,1725.89210475708
"63",1172.38810971599,1172.71240611611,824.832640419913,1246.98204561319,1423.87035943505,445376412.956053,1075.04394344186
"64",924.869956590084,926.282702745343,801.384090613553,1196.53702598675,989.394540537966,51379614109170264,866.307329456514
"65",1326.27986792787,1327.7519694857,848.093209175,1351.2642267963,1814.53241953916,1255.20101258598,1227.1433739272
"66",1177.68241015271,1172.23263564449,820.644677098323,1243.57566792741,1431.69853849334,139511586.608289,1067.9262178094
"67",1018.80887417429,1017.14227676476,829.34605661753,1276.53136236053,1160.96111002036,933.120391961008,940.753684498538
"68",1085.25912565519,1087.38545218934,810.576480830151,1204.46782310349,1274.95976854494,2091555313.14181,996.870293528301
"69",1207.85028591528,1209.74899292033,829.393820387047,1284.99511763984,1479.72814549643,495702430576517,1125.24685643241
"70",387890178.258921,1451.03318628922,796.256720999136,1236.79153263652,1836.86007311923,1171.44037698454,1253.52284774293
"71",1320.07657779457,1319.59682724658,799.922455327181,1220.30503651866,1714.57236716799,1213.69980136626,1203.01495667504
"72",1164.29758494521,1161.0479414459,846.235136084882,1290.64690087436,1367.4003950925,20773219.7120733,1066.37555159856
"73",1083.95663379603,1084.9922695678,849.88531144843,1291.58957524586,1244.02707016707,144530118.848556,986.715838317828
"74",1048.92629071278,1050.25731065828,850.271660564674,1271.87827549693,1169.894673299,2304587954274.03,972.630689291563
"75",1074.50826954733,1073.33903745009,845.252725758619,1322.71765495381,1250.16772663123,978.987082313505,978.221756591956
"76",1121.08424018338,1121.04252878613,842.834753926411,1271.89022497776,1309.3399858685,11501367554.7537,1029.61128851419
"77",1058.02997729627,1066.85264210048,818.689890622987,1237.81273807974,1208.22250396568,26592759.2184944,962.068120388701
"78",1179.24569544792,1173.6558044442,804.239994114706,1204.09293068856,1413.14902575624,1047.18804643658,1055.86051816477
"79",986.853825787799,985.95716757033,819.509942681007,1216.77753234017,1080.96804663255,916.60500330299,920.763296317865
"80",1022.35448410282,1026.07549501593,798.072284501769,1176.1128367189,1138.04711575902,945.512808764216,947.627360195808
"81",1066.01338840643,1065.28340196953,830.466333202112,1268.69841179018,1228.72708691109,975.483260493208,978.194628508344
"82",1084.39544032635,1082.37401213441,840.085093028385,1317.53062867795,1262.27916386493,966.673000667043,984.745367318507
"83",1124.88599360842,1119.16274239019,830.462328516385,1308.76375676768,1396.43232419752,1048.90026319874,1031.23280278355
"84",954.988197789629,954.313523716035,792.372586387894,1191.77345091804,1046.02687262802,882.010503666002,883.805890449879
"85",1048.69669182684,1046.90690818703,822.351761155073,1311.09415341701,1223.07836294725,54812620.7438447,956.46849132046
"86",1128.18489341396,1132.57928640107,839.347283491127,1216.99401784713,1273.14657884051,1022.22145306933,1021.60287746906
"87",1230.56544280748,1228.66592487757,804.104968429769,1219.14956365082,1518.24960562742,1117.12121118164,1116.51008138778
"88",1026.93414091295,1026.66383291647,808.70732221131,1221.76920277806,1132.87308487309,1446787194.7457,942.593051937117
"89",1286.68632865845,1372.3541642219,834.72612895484,1240.6252679669,1547.10878377141,1110.03789575739,1168.29255482491
"90",1102.41039941942,1101.17013030385,835.764923741421,1302.86856873778,1322.02357717882,1044.23139131739,1034.05808395687
"91",1201.32140302436,1202.07394068694,850.351557862068,1323.66629600534,1448.03577244596,1068.50646942114,1090.8552607932
"92",1101.65290714063,1099.77804361605,830.632084350458,1267.51007020495,1283.49876934882,5448865.48548775,1011.73044724001
"93",993.13849583922,992.778330719461,820.692131859891,1273.98758765586,1098.34500091529,907.22524191907,911.319224374867
"94",1101.74972703774,1091.62390086545,809.693964836551,1249.00415933321,1279.15130222453,990.118240108394,999.055265405353
"95",1071.79232675009,1073.7453130121,820.483395463065,1247.83845993238,1258.13652668524,999.688196016398,999.761783250837
"96",1223.7267129494,1226.3027760136,851.41313673001,1333.62702029704,1545.38596071388,1175.74546462611,1150.75920220277
"97",1081.34610001196,1081.62122564149,828.470920792464,1265.21749673563,1281.39611999016,975.883160574922,979.522928463441
"98",1067.70059865702,1074.37060369152,807.628297041163,1188.26725727362,1175.01974300016,965.51814253285,976.683261338284
"99",1228.82348397569,1228.19507178023,818.843204608569,1240.31952953283,1480.75096009136,1101.37165776546,1124.44230939164
"100",1043.49011186616,1044.97059149093,835.722211646862,1290.80406677672,1186.55281674039,965.3220743495,965.745247775718
"101",1175.1418746609,1180.43129862854,799.993744274337,1203.08836998945,1411.39256798437,1085.24807296291,1089.09728937325
"102",1154.09354529986,1150.633425597,804.930774926385,1205.06800955135,1433.93898769958,2591290070845.37,1042.09810790123
"103",1341.4546775436,1344.3703545217,879.51166612359,1417.19509794268,1671.35870712818,1169.43845383307,1248.89443031789
"104",1064.2047954629,1062.84607234481,834.411071309532,1291.96843798608,1214.44986175708,978.979924325795,986.178095418449
"105",1111.08524441774,1107.61630105221,824.485272895808,1245.40247072382,1318.20904349802,1030.63386426146,1018.60119078053
"106",1551.49170481559,1535.03764040822,796.44873857209,1217.71496602985,2373.25493464372,1499.96811482008,1406.40053399528
"107",1077.39160148571,1077.53482226541,804.297514505457,1199.16216430799,1234.8590347186,965.132603874091,979.13503773984
"108",1222.84615278603,1227.63045677087,837.172284095106,1274.0999162882,46658043.5393582,1163.79191096733,1146.95300097957
"109",1221.67022785867,1220.87088619559,853.977408956304,1323.49939630637,1525.35825159089,NA,1129.16341501954
"110",1229.77073060621,1228.71474383927,841.686785452815,1345.00472965498,1577.90449059394,1107.50932310348,1115.04918580013
"111",1173.72501110507,1183.76476731442,817.827770221656,1248.55231840169,1459.93539774853,7096839.15220638,1068.0881137321
"112",1140.52851681123,1140.74190127789,839.194286373672,1265.24458517525,6388416244.75916,4835739.82326061,1055.14067878359
"113",1114.48519403847,1114.7483322489,807.538886043365,1214.74117546059,1301.57118789995,1009.64091508711,1022.52347558558
"114",982.860492812083,986.768851261414,791.708538923217,1156.0562563513,1065.0933576278,3137321.00083085,915.079064104582
"115",1025.23221515723,1025.30260211075,813.097036193441,1229.65335588573,1163.72638620957,937.677324392704,941.655804000586
"116",1085.70664777144,1084.1708767651,827.682910308609,1247.75376197073,1256.08757579016,989.962612660175,991.274828943512
"117",1154.33301179641,27270581.9844291,829.395535082496,1232.99042511752,1347.59233450493,1025.35195752961,1039.75960784024
"118",1232.49174164801,1228.05869790417,839.189444501,1326.14977177692,1583.78754076283,274043822637.826,1123.86522976404
"119",1230.96262964576,1232.87623556417,844.133983495393,1293.2839672414,1530.65742412292,1168755257.60755,1126.83741015939
"120",1052.23643422768,1052.00908966812,807.812073025125,1221.11520589478,1209.62678191826,962.010598333139,967.770979131167
"121",998.758340138911,1003.07133324823,831.183214297095,1264.52268385305,1105.39163598561,938.160608905002,934.064609412639
"122",1139.08537523815,1142.9872776671,831.897518215673,1283.54725256563,1361.99624529117,849506427154419456,1043.3121737581
"123",1047.45491976683,1049.32659064057,817.569175901327,1235.94530432139,1217.52695845388,965.755402847012,958.866952487454
"124",1141.09496124274,1141.79384102639,828.773966802247,1244.64368150726,1362.9605790805,1048.81693918871,1239.8846801525
"125",975.416996370749,977.842574675642,819.958547701379,1217.14266554105,1061.45102101708,3354120.2182716,908.148914681241
"126",1175.04417099935,1173.24020775111,835.603488546261,1266.27198167554,1404.91003078516,1054.96917766707,1083.90995569769
"127",1142.21221433606,1138.14560708766,812.988051144464,1288.16065385452,1396.18990935751,1485538995323502,1033.67290916388
"128",963.828082548964,962.400915009107,822.835710844531,1290.60584065905,1057.59684894429,897.721916269153,901.138722025545
"129",1122.89493521576,1121.95684002258,796.382847929654,1238.13516562506,1381.48089935807,1007.98064199133,1026.30787935963
"130",1149.81618040941,1151.27988657817,791.472713437896,1170.40986355662,1382.55746596408,46523339388940.4,1031.48016333331
"131",1263.44863347177,1259.7096294165,879.077857668412,1370.86954685372,1567.43594369024,1164.04576163508,1192.14508780038
"132",993.696526322714,990.568439636583,789.97173149564,1184.46175408019,1130.06104461259,938.328742824577,925.21502573265
"133",1098.09312461551,1090.64176327928,818.765623549485,1213.02569314746,1305.70813625092,5271720.97482424,1012.20534308051
"134",1069.79324046003,1071.36881556056,828.72381632717,1263.62594750994,1249.04409174103,964.859662216086,976.461439827767
"135",1257.29271371296,1257.25308057659,825.22970222605,1263.23368473614,1659.418166819,1145.41090930982,1168.32416134503
"136",1036.65467052081,1038.15277438567,819.841306787808,1206.96692249012,1147.61778422394,20019933684.2414,959.927166426941
"137",1179.48086551291,1178.48847068171,807.814235543082,1250.61344148079,1399.57865165737,1061.73932601585,1091.71792810768
"138",1097.0003050616,1093.96106330269,806.788048338076,1231.28301868144,1312.68221480841,23204640262908.1,1007.04564514621
"139",1077.69439305328,1081.27250551135,808.458844047514,1215.79617675866,1231.60469800934,982.803319455386,991.992720381354
"140",1043.98868272792,1044.44961623738,816.184256048639,1214.78186723355,1176.37381488755,964.317802236682,964.383121595831
"141",1209.13743510982,1211.9747671196,828.778553551831,1252.8554333467,1446.08227724303,12573964868403346,1110.98386105002
"142",1040.49700847722,1039.47893863815,803.703837774169,1188.32522186038,1189.38697548613,9092487461.54525,970.13079788354
"143",1321.78857301917,1346.67557707448,803.588237067311,1225.18428472897,1637.48053630331,1183.27018814739,1244.30867340453
"144",1126.33022491763,1123.60421350881,806.642363338753,1222.92044918242,1317.02996685323,7288168.10945554,1013.18455600171
"145",1084.06774071789,1087.49056919028,824.969008602089,1236.89009557382,1219.44866825677,1598616898.70682,980.211132714871
"146",1109.38557659436,1109.24162152057,784.86036361498,1215.7958102216,1348.40418204107,1017.43948909471,1012.52176128267
"147",1171.72977059899,1171.21102949585,854.759391961572,1327.25931308409,1417.8687432848,176264964013998368,1059.02613509739
"148",1215.3923282829,1224.11826562062,814.820319974607,1275.88621508645,1583.83351386617,1069.50657388495,1091.88086207527
"149",1176.98429155244,1182.2065514671,826.207103974118,1256.68470394943,1402.8299713368,11195166743175026,1079.93679904889
"150",1284.97990506894,1289.61785304035,805.461666438282,1219.33062243776,1687.48810628577,379434976541227,1138.35552138331
"151",1053.74636791592,1052.19661446058,829.584004949802,1283.82409448328,1170.59345525216,948.297201933399,971.176407070811
"152",1111.90565248714,1113.85190927127,837.563342002067,1266.76005434242,1299.48262292087,2466228.96473585,1015.5612341614
"153",1104.0639197825,1100.29980876912,824.666752310085,1231.83083158379,1276.07376024885,1013.27260530535,1007.41150201542
"154",1108.56377253502,1105.59233188272,847.795497825863,1337.62528824325,1250.0046724162,1005.82879999466,1029.06467927254
"155",1093.92629649412,1092.7403317626,826.458098988131,1272.20313287315,1297.56729769736,5413547.66329533,1003.38890448943
"156",1031.49258182877,1027.74707596998,823.512492857963,1250.755518154,1173.46605504912,955.246406043387,954.931057045708
"157",1075.5573734105,1088.71067282639,821.035827406442,1227.07512745442,1199.88763229998,965.982081675399,982.298568841512
"158",1082.49727993478,1084.10806508641,838.446265928587,1276.20884606189,1267.37057252193,1860752026.06127,997.666837526558
"159",1277.62014865891,1273.3447422214,819.582971106414,1246.65996027375,1675.08106263169,2217628369877916,1161.48524023436
"160",1073.03855863816,1075.31438287101,821.400617880797,1287.33140836306,1243.94922255063,965.590547429209,984.651344499302
"161",1098.30983551982,1099.10693653818,839.195616432988,1263.34959151802,1290.74953282569,1009.13986358088,1002.00661930146
"162",1112.02270514625,1111.15383099724,826.303903504324,1261.65281035467,1317.31170525417,1012.32296362755,1015.3242042334
"163",997.985548971741,995.849686873139,825.484651996974,1268.27392023709,1103.52414554531,910.618443026882,920.965862034917
"164",1229.51107605324,1231.12828495104,827.001153611009,1279.29865966604,1525.91142269518,1107.17931001237,1117.6412244832
"165",1064.6900625584,1066.94920761417,824.332874142262,1222.10066085541,1205.58708131959,979.444825987221,974.905610126806
"166",1088.35858079421,1084.83752621186,807.951038059093,1261.67723225685,1266.9153270982,117712354652.691,998.96531219126
"167",1040.86746952998,1041.50256848651,840.459132524136,1261.15228168841,1189.4491822383,4357334386381.3,972.154198273384
"168",1051.23306716915,1052.64155640624,822.172706165711,1255.50761344498,1217.54085956124,3176495.4857377,972.818853625928
"169",1073.09985805386,1071.48685898361,852.367441464938,1292.63132117215,1235.1669411926,982.352204911606,990.634737644441
"170",1191.40678184404,1175.67313405747,853.560364646329,1357.06698553734,1532.29972205036,1096.975581841,1083.07106885763
"171",1335.55841817929,1396.97954122898,810.242659784677,1276.80170466307,1444.9344223631,9095772175402196,1252.37929758743
"172",1148.70184482016,1147.79600409874,840.483772738837,1284.38226753667,1393.47174300264,1040.31584006363,1050.37374865624
"173",1170.04923609289,1168.96846600933,833.041724920508,1276.82185802783,1399.3139262692,1060.48539684637,1062.91504591207
"174",1014.75911120105,1015.98794088139,818.109293800634,1263.1329928774,1151.45709282005,939.296275297065,943.62987145214
"175",1029.69938406773,1026.82095597901,803.343317421226,1174.27188747351,1152.9524435233,37195748.4803467,944.317906733225
"176",1220.70941830349,1206.30235135082,816.993143997342,1273.16003691776,1724.24967132342,1256.45232372447,1647.56262399395
"177",1014.42292372369,1014.38019684159,830.961505141513,1259.12850828755,1129.0773747678,12777607209.6528,939.847533123469
"178",1067.59369225558,1068.80106645516,832.687770265352,1280.60542636889,1228.96357797971,983.772166969681,988.40939781417
"179",1134.07912408596,1133.36745485835,836.623468777084,1260.72553173682,1350.5554214351,1054.97797020805,1057.55342816002
"180",1097.66500086328,1100.5035294158,828.173655735533,1230.10783704398,1289.07403318862,5773988193711967,1007.84499764945
"181",1031.39896276361,1033.61047225981,801.878064496386,1230.02030732232,1172.53604924235,3228531.09338874,944.446393974624
"182",1024.59630327532,1020.95466446915,818.579677239151,1224.39344677538,1128.81415458449,931.660864010484,939.963527132173
"183",1019.42823773262,1020.7460031232,824.665882544236,1247.88455816429,1149.41120325687,944.138149719239,946.310263528625
"184",1048.01586715984,1045.28001116525,825.266852901168,1255.90120871318,1192.01797077312,946.79864934547,954.682643045067
"185",1116.91489776609,1120.21944122754,812.806435056239,1278.09873843015,1403.7497475767,1012.98150476624,1005.86188676987
"186",2650623.18163448,1358.24743358708,821.381408515143,1222.29176839502,1750.16009560624,1239.59563607488,1213.28305098335
"187",1366.55009829717,1351.90014726594,827.761836007905,1278.51728822051,1719.16348957889,1214.89853005493,1966.41712523081
"188",1110.36103733201,1106.35243982717,803.013531530654,1205.87403485754,1315.9851588904,1023.0135539749,1021.29952828297
"189",1045.98832961331,1047.98652123279,799.85219815225,1184.65501980865,1180.97271066095,946.742727425276,952.858671671731
"190",1165.33647325423,1168.81904806291,835.230934753427,1302.34545150223,1429.27590012933,1045.80836805594,1061.1377349023
"191",1437.02754601021,1427.43999799845,835.964255539,1279.75570174214,2045.49410497313,1226853034349.56,1300.73100394982
"192",1194.12716470731,1198.79836763578,806.560709698403,1211.14989658277,1430.88118190923,1070.6069453115,1075.39379506192
"193",1210.7415306101,1202.46080407216,837.652250864628,1329.11231065281,1518.8145137988,1068.68231629808,1098.87678208091
"194",1027.99577185848,1032.50761295404,794.298061266724,1166.37897483694,1161.84777896426,966.216140426103,958.440549522773
"195",1035.56677880785,1047.20651498033,821.452253497145,1217.20777480864,1147.1266823039,941.076175875341,954.670714239301
"196",1013.99373769488,1012.60072890458,834.208472892833,1257.42015419862,1130.19792217703,934.54603139788,941.652033865077
"197",1393.44632422427,1370.83213383034,816.20966088519,1272.84816398222,1767.1559919795,1596856965841376,1269.35032725951
"198",1341.65965029209,1341.04762970868,820.00224086252,1297.30130302861,1803.15275847726,19802735.2553787,2081.32513991273
"199",1018.40276088548,1018.02592111495,837.228558312609,1299.32205317213,1149.12025814335,939.939711420193,950.648327837978
"200",1076.97456701848,1077.22009366794,821.268993689536,1255.83800455203,1253.10509275724,992.756101015927,995.15962378726
"201",1146.02388752722,1146.7771293568,857.38599512847,1311.12266033981,1365.82635937566,1041.8737207935,1048.97735721718
"202",1127.15644429231,1131.68925353577,821.301834307931,1221.42503241998,1305.0561634312,745770689.450478,1042.44725953366
"203",1005.64348351282,1008.04510653187,800.991984676409,1219.66150310693,1149.36607974163,3673925.72608082,928.034690197637
"204",1183.95991839393,187990441.750165,816.468674096098,1221.14286279947,1109258446.40787,618357530.872135,1073.79040923843
"205",1136.84085491475,1137.52507281679,797.360642213015,1209.42774069198,1378.84845796895,1025.26708353151,1021.32977548935
"206",1134.61895517423,1132.51233091632,864.687069502254,1360.38144709823,1399.57984183918,1014.87859762687,1044.57001959752
"207",1101.07104744953,1098.47037472993,822.023256612916,1195.64481278077,1258.69883538127,1017.05121000186,1012.18970390715
"208",1054.35854786132,1054.69184632292,822.878103458978,1276.8240735927,1236.11435405356,973.521240181824,980.905876671797
"209",970.883372005517,973.182586097821,805.653048733588,1249.10028164535,1092.63714752157,901.579182997991,901.665536078502
"210",1158.75367166955,1162.1282543243,817.791332425764,1271.54622628709,1365.81482206167,1047.43701017974,1088.46521718268
"211",1086.08453752642,1082.78767738527,827.472712037762,1238.09771412423,1270.88144160199,1928382892086521,980.049980816378
"212",1032.85255268482,1033.86024740081,817.107595292248,1223.7738403835,1156.86475642424,957.057232482278,951.68867750582
"213",1032.46985223541,1032.16838113009,813.6047098916,1268.30453640209,1238.56552831157,923.898764912749,933.04705580071
"214",1162.42996198268,1163.58296237041,826.028890987687,1280.72408749374,1441.3198387668,1084.41960935326,1083.79891676442
"215",1096.92957110936,1094.77174739033,835.133557520363,1295.60734551558,1293.3622826409,1001.84680283918,1021.48401198666
"216",1061.41683132761,1061.87752723987,797.668476394124,1223.30061579655,1236.26690632946,995.486318964481,990.200906672679
"217",1029.31527882058,1029.72631389515,846.969256020374,1297.11335593778,1152.50324330542,946.925769265765,947.677426865367
"218",1100.3131728255,1103.10922337358,812.047164503766,1210.57132795758,1284.31561089848,142921625.758341,1014.72025630396
"219",947.761268359868,947.15680994525,793.63196002486,1185.25089436531,1044.07853890611,871.937787899002,875.784990064811
"220",46083689.1681292,1198.98554869504,817.417321447352,1238.05033287738,1498.28204140514,1836862339288504,1092.03153068463
"221",1145.19570803818,1151.89987077792,818.68504974563,1244.09936843,1378.514733114,1068.51763268693,1062.01079662161
"222",1272.01903274511,1271.68937104177,846.927409073873,1315.76480478068,1625.42694098982,1143.17743626842,1155.33646801568
"223",1295.01695316408,1300.03017869165,856.366598080325,1283.75395091132,1703.62760397224,3285284.92773299,1188.14348226326
"224",1062.46142047479,1067.20160200588,785.219135367026,1192.31473829563,1225.15104484844,942.70191231649,941.903967071443
"225",1085.10408327433,1084.651062578,796.93085125885,1190.67726380413,1280.71886122121,988.766351478842,978.070459455399
"226",1272.66766472337,1274.23189731044,828.209958053747,1260.34538914627,1640.22248919816,1130.42468575536,1151.08350844489
"227",1404.69399200629,1403.17716174762,842.759402961336,1310.9405393522,1861.00658759887,1273.2745390931,1326.23770925022
"228",1092.55870026106,1096.94866951146,827.712720021711,1282.45383346476,1261.16098564367,957.815894145447,998.117844875869
"229",1119.5518230013,1110.76478847241,820.17810521972,1281.23885834503,1358.41238444291,1008.6906222124,1009.51458418154
"230",1160.15539718614,1151.19056404674,806.65050027861,1238.7866624505,1303.08194380618,992.97594202376,1057.93207829007
"231",1136.18765606423,1143.92670640183,843.78965383998,1313.53664838612,1353.23210609532,496929986.486337,1019.68634485087
"232",1147.04898659954,1152.66110404729,847.800811858095,1322.49400265093,1380.08220236299,7352743.34988774,1053.6014405588
"233",1104.28464616258,1108.98865477749,807.907108110087,1231.24818692797,1334.44152128799,1014.06251961693,994.91611577635
"234",1193.14108589226,1196.24637481717,824.427699007435,1260.66591468648,1496.66015648697,689447098968212,1089.46816989194
"235",1007.02144237728,1010.41219722458,862.235320163635,1344.58370620726,1141.64793130611,928.294305179368,925.935204046415
"236",1134.56448168716,1131.13827086237,823.39795722503,1253.70140533106,1324.78781142685,39331212725.055,1032.8691976762
"237",998.98597936081,999.194006766759,808.709366594124,1206.45305101195,1100.27377900373,5106092959.48698,923.485988192475
"238",1366.26492075157,1362.68712103721,828.289094198892,1265.91139443975,1685.03929984789,1164.75503226865,1210.28911545145
"239",1068.17131878655,1065.72885506892,810.130476102051,1234.08163789013,1245.3945673103,619806518010.993,975.581395592785
"240",1204.92454815044,1222.23400969757,838.351638890035,1280.44247578105,1495.24481710838,11449671.7936892,1075.16814387886
"241",1137.10842524468,1134.63220886756,811.321314435448,1252.66242093863,1413.48942874941,1037.96300198965,1039.85361593854
"242",1034.07450768888,1033.78170513227,806.825114019866,1189.58958718311,1162.55431354995,52611962832678.8,948.000650581091
"243",1036.06778810552,1036.73792213228,812.052993474746,1228.86018681291,1170.61667921009,935.163901941537,939.98339423765
"244",1176.73819703069,1176.89263117266,830.291139482163,1257.59897083419,1415.47539984769,1061.38711590757,1062.81421972784
"245",1052.93710132832,1050.35492201755,812.574655347469,1208.31716150838,1189.59752076681,20070590.8495534,974.124430084455
"246",1050.12072127377,1048.27579917508,803.153461927487,1241.6198218723,1210.19037960021,945.401153595973,958.810039139617
"247",1318.46576314923,1315.83322343455,820.294973914205,1273.84063990087,1714.28573452541,1203.29294839979,1212.52211580609
"248",973.573861182838,974.188509704726,804.169346738116,1197.47520107064,1070.22341891238,905.628551115125,900.714325323976
"249",1105.85396984427,1105.82971556327,823.856548742789,1247.90074996816,1295.83672329029,6243536.04229426,1015.95951052339
"250",1146.84952033458,1146.74738354696,844.451088821371,1262.61998251575,1366.64650356943,56143073.1744211,1063.37670844637
"251",1020.86545597114,1019.56594867491,819.395886163611,1227.14125171419,1148.80598320236,1860076.75932265,945.199255284316
"252",1097.59358457959,1099.58097012208,812.864622848309,1240.34593717618,1276.18078828334,4066393239675342,1002.17083184222
"253",1096.84512636778,1097.67960636862,833.7383505949,1240.79948147792,1251.38836646983,11769404.2345986,1012.53893619427
"254",1044.29219853472,1040.36707924531,819.941575067405,1246.87676510119,1184.1812885955,1869462022576.95,952.740819436782
"255",1199.19348389192,1191.71935897471,829.174068522168,1309.62827411728,1531.46145629971,1133.86930383024,1105.94442848523
"256",1022.69917583553,1022.37527875575,834.048159629644,1239.48575069602,1140.26428613916,934.37799757636,936.643348039127
"257",1068.73650248002,1068.16613748647,840.787046415906,1266.86975731831,1222.96443232156,993.768534727869,997.6671265085
"258",1146.91963734922,1148.56095805847,825.809656560279,1237.55325278985,1375.0940449469,1022.76573100739,1041.61011693658
"259",1181.25036485063,1182.50025841091,813.58253293555,1215.6532477065,1426.42873294641,1085.93073034805,1072.2234545456
"260",1002.57982714166,999.789571372741,805.486011757216,1222.98716951086,1128.47743503226,922.345514186407,924.880342815808
"261",1170.76813743251,1174.42167001004,831.75639345317,1275.82881212594,1492.34097679848,393299887.549537,1041.40320116918
"262",1205.97038564593,1210.76943167369,850.959271735437,1304.98832249294,1483.0342067238,1084.7560933163,1097.91097411303
"263",1173.0869987154,1176.82318350362,788.555110497997,1173.81728223761,1391.11733849102,1044.20254813668,1059.46756089608
"264",1680.11496323036,1695.46741121366,809.052099959629,1285.14431563621,2755.45725431609,1608.33844638265,1517.98179573197
"265",1234.39233029562,1241.5600074613,838.793406777569,1267.58528962706,1474.0825509373,1102.14445725353,1114.58327968832
"266",1246.67487464348,1214.68764954807,849.535466854875,1310.49506282388,1378.94362563036,1063.84137965459,1113.32463244945
"267",1244.27072977353,1238.65394537776,849.890537907909,1344.09964281397,1641.96495622094,1148.01077954502,1124.44614131384
"268",1004.05584052951,1007.3254323659,827.38180681691,1238.05178320029,1111.31617870742,NA,916.091533239149
"269",1067.47435392696,1070.00053671592,849.630121201823,1346.05066380602,1255.56776220289,969.834853658018,976.647276675535
"270",1045.04344732959,1043.19749532822,828.687919780774,1263.27188217941,1201.20690541093,875636424768.012,957.808517686845
"271",1048.92095170246,1046.90106060897,834.21824580426,1273.33159792924,1205.23469192869,953.858751389409,953.612461933449
"272",1060.49321649545,1060.41783936305,805.492344547885,1197.62343106999,1205.59365405825,978.089463104138,985.73292842614
"273",1236.05677625801,1238.59208490196,836.580917021667,1288.07265455699,1545.68958963126,1129.12364108623,1128.21519870908
"274",1223.5042116995,1243.60099348583,839.020294835552,1316.05170202287,1523.76390959724,7502763.26360857,1115.79853789382
"275",1082.03052529572,1080.38560024433,807.607014554759,1226.99697291449,1264.98687130483,993.571540896108,990.455094638013
"276",1031.8530752704,1032.86017186221,807.44641278922,1232.82185492712,1148.92780737431,930.357669698414,937.445686867142
"277",1009.18921637268,1009.31100147352,814.503512653164,1237.55037338874,1148.94013984153,933.087182940249,936.073979078759
"278",1066.44079317565,1066.42592231515,837.503529984297,1302.74457352944,1265.16553037862,968.524745749691,990.076823619508
"279",1005.89462094757,1005.47657850571,811.170902539407,1190.6523169431,1109.83008320563,36185191746840.4,928.644444800325
"280",1116.02110492315,1127.38879575769,814.937672404646,1224.44721567092,1283.43874924199,1012.998200845,1017.36396148849
"281",1187.99656013758,1191.32875306603,828.103289621509,1246.83857150156,1455.94064690983,904161717984818,1068.74545269941
"282",1190.52873659031,1195.91683303519,814.788122535802,1222.15744942001,1430.37469041902,1081.80502363848,1081.42233375738
"283",1048.87750437193,1056.8175662621,808.8081822943,1238.52345015849,1169.82999738433,957.979637379771,969.019341722503
"284",964.208491158755,966.048863071897,808.94295544511,1200.87306203822,1047.29586088684,7102352.63393775,896.544135994827
"285",1170.99631216532,1163.02756730194,835.623313661467,1354.89853265998,1461.61734802783,1033.10633863303,1054.40379588459
"286",1365.05763733849,1366.49235900315,842.369951401747,1286.36019792933,1807.09779302026,1218.65082571693,1220.45205389394
"287",1142.45626054012,1143.54647241749,837.401808451884,1287.69401137493,1371.83533244498,779973860.719406,1068.48312823672
"288",1056.79005665477,1056.16462590715,801.340229012985,1177.74349211091,1185.48379658037,942.337836193147,957.661472554768
"289",1082.57445163215,1077.60043573595,826.970232097195,1283.12338293156,1286.5223552954,980.012063494568,991.13328686096
"290",1227.69613302516,1226.58077128954,816.719972960542,1283.36984342734,1584.97799632127,1104.11759693553,1115.21902693572
"291",1094.43565513966,1096.27423596854,814.481521113762,1324.51200856432,1347.7703248199,1009.14740234527,1015.91232010037
"292",1079.18010711672,1079.40069390502,828.074374730047,1309.50311565017,1256.73378327048,49126264499443.9,1006.08899888118
"293",1116.8089312292,1116.2719313871,842.172434708537,1303.91067271252,1325.932365492,133966464268278,1040.41094357463
"294",1190.81459334455,1193.22979306326,835.951113813242,1241.02672898026,1423.2239906812,1079.49652111405,1075.70175260784
"295",1026.55127579708,1025.94113235847,822.851260727277,1219.19814104,1147.37282546638,939.736135723015,938.492607874222
"296",1116.73139180326,1116.34977623569,843.323390637944,1293.29412209135,1297.18738244147,1039347928.90701,1047.90131350967
"297",1351.25513219883,1348.66540596545,837.641163682808,1259.40034297309,1716.02035446444,1184.65044330963,1199.082661025
"298",1217.14476312044,1222.76721175573,813.78822527251,1221.32159406431,1496.56950541779,1102.12765167931,1075.71438901567
"299",1013.55371300477,1016.12218095377,835.929918891858,1264.55898884698,1131.57667712734,926.951037909143,932.634903424417
"300",1122.57323011438,1120.86708775216,817.61776201703,1281.36008563256,1421.88754388711,1081.94293349625,1058.09960259351
"301",1116.20897254751,1117.13376591053,832.39998125499,1249.40333950578,1329.06396584048,473617997743963,1031.48070806922
"302",1099.28037165425,1097.83233594784,846.442856666088,1332.74273936368,1331.86914123633,1001.2661374786,1009.50781114066
"303",1328.03810417285,1336.40223285202,829.416457624901,1251.26352739853,1653.90410060731,1161.34261736154,1181.30613205863
"304",976.398726702225,976.33711327821,809.806871013668,1234.51146621684,1096.96290100507,891.929755422552,895.218125458224
"305",1055.73186431044,1054.0988426063,828.798004575932,1252.73011905236,1189.07001575491,971.162429784102,973.816518589617
"306",1040.66536627249,1041.24145129518,811.033468843381,1239.74305628116,1158.38519448131,948.287891792142,966.114158233243
"307",1093.26808018173,1094.53302044105,848.314423165989,1277.19639374348,1292.86922615776,114665912.352921,991.634580312976
"308",1111.57686280127,1111.54629462364,814.599734998807,1229.95073483173,1303.23693093315,1023.79623085155,1022.07970101978
"309",966.31544054385,967.397391888655,807.945917412921,1199.13703815266,1049.70535176123,897.658651128468,895.678732242429
"310",1003.5274956364,1002.26229378723,825.463704940787,1257.74073749847,1117.62316064886,35230499.525356,936.867174935142
"311",1019.49598578624,1020.44083777373,836.752220436808,1297.32342495688,1154.33895708729,945.557416072445,942.584869835033
"312",1070.64794493942,1072.08665928456,821.651151984754,1274.49944291332,1263.03756756341,962.333453266241,978.164353064219
"313",1229.19057658377,1259.5210158387,841.405075063206,1293.49121740077,1480.10092587391,1092.21896551565,1105.12625663435
"314",1064.25776777657,1112.32061594371,821.07753720704,1250.77942362452,1159.16079282101,958.067866669557,989.139853736929
"315",1226.61846379076,1225.02574278619,836.68040295106,1251.24503414492,480723236.803678,2926981.29371019,1114.80497832052
"316",1095.66118429884,1094.42164900712,818.043413223164,1274.31417809371,1280.66469696743,994.47907178015,1006.61495986188
"317",1017.79892906918,1019.84746166632,812.539457845094,1226.57264223804,1118.04685707019,44474138.7360125,952.192339054188
"318",1258.14148982458,1256.42139015501,838.338253965202,1301.53198481081,1626.5817548984,1169.11001664065,1134.01841518437
"319",1129.43964714095,1128.68537215537,840.505576370616,1284.50333530724,1351.07874395432,1022.35169963247,1024.69682970601
"320",1075.45850412684,1074.3880301314,812.56549094514,1199.57554799816,1219.7641927975,977.044072044103,984.643628620272
"321",1077.58692749034,1082.25432587716,803.957963328608,1195.6439429529,1235.29478673579,986.598912280526,990.362353709588
"322",1080.57065283196,1081.21325690315,824.173925730599,1258.15697281058,1253.43290917222,979.637554260538,988.540312410381
"323",1104.37222150326,1096.51110235491,822.312956563193,1249.27093260563,456926530637.538,263511157832810560,1003.60872409118
"324",1151.6753746638,1152.04400657342,853.406832027553,1330.14272121645,1390.31383150917,109911155.976644,1036.9944560165
"325",1141.00772997316,1140.86038786252,814.641405235569,1268.40699174335,1369.72518847283,453966053.669964,1051.57367860045
"326",1100.27054012265,1096.11730011647,831.346837366684,1264.52645925701,1287.01210372105,1029.83059174925,1024.30285995767
"327",1102.77074093394,1102.62230825729,831.557748937204,1256.45103985465,1330.51419303742,1047.91130126237,1015.89828749582
"328",2298252.09706303,1591.36564526371,852.882781290369,1289.03409426993,2188.85511567885,12990578.6372855,1447.14756251929
"329",1078.22389865624,1083.48888415204,826.551102738086,1284.85757092336,1273.36690250595,983.294273134729,998.288291380042
"330",1074.47532284166,1078.3086405017,805.544223244008,1200.02563586986,1251.6507439289,980.97356824732,967.896367658188
"331",1225.37565454908,1226.13433008717,849.77907555039,1333.17066673396,1571.85387503434,1148.54518948762,1980.35677462629
"332",1219.98183275449,1206.89880268726,839.344901808432,1330.23062162103,1510.25224217982,2481615525654.48,1108.08924357741
"333",984.763223961142,984.393151528615,833.197219122167,1272.64722856059,1097.05062931485,910.88270282216,915.325062184308
"334",1217.47578223067,1219.62930713429,826.004267845677,1269.82957597209,1546.57566684663,1128.25416437744,1529.7664474643
"335",1436.68726731133,1432.06408317227,849.230910113684,1340.66456898504,2044.59623819981,4977718645.56575,1296.55750801633
"336",1018.49285692992,1015.69552240214,802.070550319242,1232.712706811,1167.44147998411,936.157940352515,930.010420872673
"337",1034.457329494,1034.63954383395,803.548466819744,1212.11496736073,1197.3968981661,968.981282485381,963.919717620217
"338",1094.15840559322,1094.4492935668,819.278206928055,1265.29682369805,1317.58580392717,16093757.464277,1017.0159263967
"339",1120.58911430155,1117.70089908049,811.387036839247,1252.79146906746,1345.94259990713,1030.13110467961,1028.03156260856
"340",1257.58211172553,1305.25372259096,810.795905072188,1204.25813798893,1513.02006354996,19273213.1853958,1138.00046141368
"341",1485.11598094641,1489.90701057637,820.651759592985,1290.34575401489,2044.68359006413,1305.77166630778,1346.87645349947
"342",1221.19629888804,1219.1735575302,832.068941428722,1288.18486744001,1506.29093917351,1518926602302.86,1126.79217643685
"343",1007.75891649831,1007.81051921224,789.734696617928,1210.27713390721,1154.49246447274,910.506502951986,918.487635286842
"344",1006.41803659848,1005.53182133426,819.400156978068,1262.77503000683,1133.70507338479,920.221682701746,934.937424085959
"345",1005.84126230045,1002.42766232834,806.079948349818,1216.2491960021,1119.61615442645,279184409.238343,915.775152874688
"346",1227.92285110031,1238.90298292617,823.854701398262,1277.85820170138,1545.74128873326,1098.93174829667,1083.3376287038
"347",1120.07269207984,1120.9206063405,833.796165562363,1272.34817044532,1310.93904119699,1040.35878160345,1049.85096600955
"348",1097.92603339438,1105.17686099171,810.154170479826,1202.5015739675,1263.9496087557,980.149975562843,986.919340757462
"349",1232.94749258299,1242.35178201388,823.177420858426,1285.81276588891,1556.98666423163,1105.44111362836,1123.56893567832
"350",1149.10718594921,1144.52361009052,795.048149373431,1262.35780240435,1295.00987887032,961.787614565256,1050.28338715286
"351",1041.33718054377,1040.21016727125,807.533218944261,1207.35331780219,1184.63415104434,954.350785924772,1284.84808341496
"352",1113.90596702973,1110.82738120893,850.169200247409,1309.85286415748,1293.22437884654,1009.53801478872,1012.67898641772
"353",964.551301912863,961.649891679512,803.955647389164,1231.0680846448,1074.71317094891,897.271771175832,894.595947825667
"354",1174.70755067142,1157.82049273087,842.453421667709,1269.84937698318,1309.58535409723,212481138939309,1044.47617618422
"355",1176.99091641702,1171.45421899946,837.996680926292,1254.56529623029,1445.37874983213,141121211.604283,1051.33481162543
"356",1069.11733481615,1073.06549272215,837.024552680879,1257.49901106372,1235.28482417874,36606996173152.4,994.082356267974
"357",1171.4288626045,1172.04499722512,849.908332682768,1303.30550943786,1434.20469114398,148601359633720,1089.08650673603
"358",1051.39617279191,1050.89287233939,809.709947070011,1220.0786415686,1203.83956637904,957.200956711386,964.765354099134
"359",1052.6492595833,1053.05426786047,838.44634276583,1264.577518763,1194.59842578202,996.284245393009,981.83002740796
"360",1051.96513688325,1052.31458504493,833.936787191116,1284.30740038353,1197.79049163553,950.904156710531,953.001359430177
"361",1045.48706968524,1043.19158267032,829.348087369537,1249.5376372778,1177.53787426311,941.5463640195,948.453028975827
"362",1014.85751463134,1015.59869258447,820.836794015746,1178.83888308459,1114.57853789335,940.92496700599,938.339588145561
"363",1107.85538776902,1103.90869130285,831.793239141008,1290.79838048943,1301.63774031874,1020.10976779533,902.822461771789
"364",1151.05220655342,1148.35733877943,811.377386788199,1206.77003789935,1435.04477037268,2313889819.38542,1036.85057249865
"365",1135.90761391579,1140.91689326171,865.476900441999,1334.97522160086,1318.88086258985,4276443.98972842,1041.14705128744
"366",1010.30727830156,1012.06867459576,801.570526695682,1232.61051563467,1140.49314828567,919.22512791476,922.672754501098
"367",1103.7727613241,1117.30195643426,845.946298274326,1259.44346368844,1239.01645493789,994.512008088374,1006.38910918447
"368",993.699723566693,992.047751620345,813.433250425236,1291.51489064373,1124.84671431384,913.044297189297,920.652315209323
"369",1007.65249190923,1006.72709523866,820.623025777756,1251.12655653585,1126.93150626916,936.497310096872,936.713917265862
"370",1075.42824670514,1074.17712366778,820.340705834683,1278.16519564383,1254.63239375543,993.699244664918,991.664965708995
"371",1132.59195473151,1130.75760110843,810.181676692339,1232.10185219293,1360.83784303269,1020.55756329367,1021.44784496331
"372",1205.13162152579,1201.37557729195,810.614312461996,1226.68432097026,1501.1844170509,53350020761.9581,3388.86522514623
"373",1069.24276997033,1069.3632096994,817.41089705424,1260.3612407614,1249.78009232553,959.954581372616,967.065008245593
"374",1168.41218705312,1166.20070047824,829.609525099638,1242.48019363749,1361.46555526264,1051.74129409033,1058.08901882376
"375",1259.10649653293,1260.00961367856,818.133579390739,1259.33580489807,1641.56854188954,1171.23950606039,1169.27058869616
"376",1097.60682541171,1101.37679171201,816.656843843682,1207.7050705838,1265.45190274772,989.402019797649,995.167513948569
"377",1034.85465015956,1032.10883231849,802.736978277779,1225.21021685151,1193.42512974805,925.21241542369,926.530092733758
"378",1175.90561855689,1173.28568023517,840.522180570213,1267.62934377326,1406.9905912348,1052.26953645449,1063.64985572467
"379",1275.30446445712,1279.25766103346,847.464006553786,1323.57381120461,1722.72862035478,1972417023357.69,1154.68884241614
"380",1073.44096995493,1077.39875282243,831.801534216893,1264.27313350475,1235.57195393322,988.403738411826,993.965180665877
"381",1076.83928322694,1076.69614258725,848.775817657315,1305.89004437641,1226.64617804774,976.97771050413,978.059706792998
"382",1070.3433981282,1068.69935817144,782.317149301785,1189.39636571654,1268.17819394155,8066620350855.5,988.964730622059
"383",1255.63473856,1264.38283615503,831.485166047712,1335.47664038834,1591.06664645712,1127.50760944678,1164.55715389637
"384",1189.75060141043,1189.85047209855,811.672692401736,1253.71332858469,7286931977.42043,1053.4632993509,1061.84040491289
"385",1113.67684905281,1113.70290651793,815.453539109769,1244.09508451261,1347.64409722474,5148557226.6812,1031.10946221427
"386",1123.52278986144,1123.17660408081,830.19022047,1251.39311767854,1317.10073252627,150350339.157681,1024.84404275934
"387",1116.40909854447,1112.64175779287,819.600840091596,1234.25943331918,1256.64154472929,981.187851892583,1002.14671397725
"388",1007.54684364312,1007.44475393484,789.139544914071,1205.71048641667,1169.80575149954,917.655898918649,920.601348828678
"389",1355.91375520254,1352.88722239378,856.042179941147,1367.89149016615,1824.51107223666,36819350700878.2,1287.46459706156
"390",1128.17490345687,1128.7398571905,834.916892401096,1257.69986013547,1310.46831761643,953611976905.921,1040.15694655247
"391",1150.82487575833,1162.53004045156,839.565173243668,1294.73838423333,1355.4113512904,9810753453543062,1059.39564312379
"392",1077.32952805128,1082.31722712071,819.710874656123,1217.35763994563,1214.50658496592,985.631019016288,996.618928015118
"393",1015.62447339275,1018.34479570988,813.579074816334,1224.4005199498,1136.66183569737,953.93723089767,951.429479186163
"394",1190.02220574633,1188.99540100859,795.860728987823,1210.02048500631,1449.75471026352,1054.60880613706,1068.92826080296
"395",1133.83014705498,1136.10672372189,838.702643477659,1267.25798249049,1318.19531364146,1027.94492116426,1037.65193299236
"396",1258.49913997071,1258.5425738923,836.305861231762,1265.12965696484,1645.22130921293,1158.11794783903,1174.21464892345
"397",1005.18853325173,1003.67001896231,825.055119983164,1235.07148439079,1110.60862194154,927.467464938753,933.489051966592
"398",1151.86602792305,1153.38943244296,829.599041175171,1307.15316681174,1446.26496360161,1031.64992049507,1036.52281493288
"399",1182.34876906326,1186.11404655709,841.954119850353,1284.80803850299,1422.34188827552,37038583327294.4,1092.71323370992
"400",1023.65380506871,1023.44316799494,829.154704983235,1259.39466093311,1141.48100858939,941.51874250559,945.918394622893
"401",1158.27882726486,1153.24729299195,815.55073149722,1276.04378252615,1446.16543824273,1029.66585032802,1046.6162241394
"402",1300.85833409831,1326.35003104447,823.210449698804,1259.4365510778,1620.461360055,1767746557691527,1156.71261684839
"403",1230.52992853224,843398079.327705,829.698339281353,1229.6859171144,1512.89170578152,2541844.82258952,1107.37976436878
"404",1305.50619791024,1344.92574381205,831.604972292799,1248.31372039499,1530.651069885,33618004.738068,1226.5639139583
"405",1090.32932003773,1091.8508043387,814.272109075129,1260.55703956246,1309.11873415703,980.356162986771,990.315024152864
"406",1060.4735102711,1058.47864849929,814.619247095349,1244.84551724677,1226.75606986408,990.297207531381,985.222580455871
"407",1173.54803055101,1165.01280757236,805.385961148892,1193.88715890135,1357.44282189652,1054.08933888747,1055.78075621551
"408",1561.09893050156,1591.12848093223,808.256961796814,1224.21528509006,1827.43280978372,1215.51040895242,1320.82854008913
"409",1294.2759397521,1336.17026353641,831.702514921233,1309.86372329397,1445.47014028266,1089.43832231505,1207.71257349908
"410",1314.69609767727,1316.48407259288,825.554727927046,1291.55190559219,1832.75952481096,1240.25073347642,1204.9132131595
"411",1322.81362835352,1619.03403894629,841.49243487024,1319.5274312778,1394.18508901362,118507251.796445,1129.80374928949
"412",1047.62792343795,1050.18286918935,812.348496315937,1175.1451054333,1165.69299407444,964.000356185994,967.064075225616
"413",1072.781700854,1070.50715032901,847.059886346346,1370.56952617028,1286.65197342924,957.03002866751,973.800695818612
"414",1060.46311123112,1065.88047721024,819.25422169855,1238.27433442878,1228.21155814286,31141611.7581172,977.447886774708
"415",1124.79191164214,1123.17873059959,817.283423144009,1289.68963658884,1354.21449682187,1036.53168344644,1050.59956403889
"416",1238.25370421521,1239.63411960026,820.717786504123,1292.74627598966,1555.30773727094,1120.05045283959,1136.95727334536
"417",1120.71078261888,1118.57980462918,822.259267956567,1248.79137023108,1362.58078974778,1023.05794270463,1027.44681104622
"418",1042.61973643462,1040.76750155886,812.47253031945,1199.1952498991,1178.93533969557,963.958023246277,961.498484873963
"419",1128.49657258427,1146.29032643524,834.253512941268,1257.08937653323,1322.1154401308,1012.70859023951,1021.24421943981
"420",1105.54911597012,1108.49124065715,851.556392317021,1303.88714211031,1312.79958878891,697634394471236,1018.88484048464
"421",1031.25404327019,1029.56483930415,836.444573142057,1299.69785279163,1166.50996481519,955.513248320199,958.266617498657
"422",1182.75616931742,1209.34316671391,806.283562716943,1229.96148136403,1319.51030793149,1023.53386654483,1091.0445748851
"423",1250.3229272897,1236.84309664318,793.893649545156,1197.5637083217,1621.97078046051,1161.29430008164,1128.29492042524
"424",1058.19636838033,1058.82163589441,832.052840862095,1272.53107443405,1221.80016308747,985.204426166398,980.773344347915
"425",1079.96428799202,1079.45053746424,819.450299270138,1218.67855579176,1223.39371350052,8681235671141.56,983.135746789325
"426",1074.91967320171,1077.24316445367,824.846627750802,1235.25914961006,1232.59470162117,985.087465204534,987.671499999391
"427",1048.46128518648,1045.82602082935,804.312259330136,1193.81294442432,1179.26909396092,67228323982.5889,967.40229329885
"428",1042.57958785514,1042.89181327506,817.827937598535,1258.33898727462,1210.91660947687,53517796226633656,974.471389246705
"429",1069.42861551212,1071.01708329522,809.362390560808,1206.22395894283,1227.50385664419,74946480537636624,976.235825350725
"430",989.436389608703,989.503091483092,811.775649965536,1236.16332648011,1110.91319803297,908.135904623846,908.576799031991
"431",1007.21371715124,1008.71434079996,809.106514043398,1254.22148193632,1172.65195377965,8178418.9815905,941.099744489284
"432",1286.31476659364,1284.17611504301,832.646089416022,1233.01659732323,1614.06207121657,1161.30871593533,1171.01106469877
"433",1132.50632664693,1129.1155762027,841.601748346296,1347.94288082162,1409.09475117005,1025.44404933655,1051.98215131525
"434",1152.08560984086,1150.45651842488,785.241309293384,1194.91707349687,1457.10102388774,241463991.676973,1055.33698206129
"435",1070.4878212758,1070.12577040571,825.972441894449,1247.97793095799,1217.50334780912,981.371463810853,988.512983896364
"436",1151.05003114911,1145.91506006772,829.513213534518,1274.53763270302,1377.87700996019,1042.40180972496,1053.12084629781
"437",1072.14020945217,1068.26980805689,825.055423664978,1274.75924834175,1285.85543888469,999.600391502813,998.990797669262
"438",1046.35920516177,1045.69734452762,822.438135193208,1220.21944472561,1172.41966159579,958.991181889461,959.910539426811
"439",1055.19491183767,1054.20521329437,800.56688222273,1237.46626051649,1229.42454434164,12523064.4000348,952.867679251458
"440",1161.78110390827,1160.91598588242,829.091083889278,1298.68660696677,1447.75667362509,1070.07742186105,1062.62907853416
"441",1062.03236515111,1066.60975357948,840.053186543299,1294.90020162482,1223.16486830335,55709263690950.7,977.47333381918
"442",1067.70654049085,1071.61485553402,817.631948205953,1252.69367954149,1249.60153498553,963.528698962861,977.189307426013
"443",1056.61558664792,1053.89044134549,831.763133452377,1262.74260789009,1217.67583926593,983.86199626428,977.98106062151
"444",1126.74962679325,1126.96203472032,815.049718103163,1219.26382484494,1318.9047705201,25335181.6778614,1030.07779607048
"445",998.213776378879,997.521973209948,768.04397826342,1127.02321104089,1125.81415785565,921.69624451717,915.826895538607
"446",1279.66598757175,1283.12303553849,825.01580242664,1255.59408054109,1587.17268688342,1160.44923281396,1184.57415359453
"447",1158.31907512021,1153.94519684449,829.98839645048,1310.02811294506,1421.32217547816,1022.79241604186,1053.04389653587
"448",1158.7191058234,1163.05913585611,837.557038369806,1320.01361123388,1452.48526264488,1017.59226523565,1043.92275267661
"449",1186.80618768285,1173.14648385933,826.746618871783,1257.4598479298,1404.23530395778,1056.95935875003,1844.49667778025
"450",1151.02990907091,1150.64352140835,796.286589517533,1274.17201524078,1467.83095996609,1047.21523579514,1052.38363833918
"451",1049.85989605374,1048.23456420888,826.957076872109,1226.14678230598,1195.7643191853,961.573382121998,968.043882534944
"452",1103.96678679005,1101.97079856807,808.533513932749,1201.29366795669,1325.91118000641,1038.73015261175,1017.39981239777
"453",1134.79638137674,1132.28876681258,823.263107972992,1234.90080531476,1348.06215808623,1048.96350699288,1048.23918599412
"454",1160.81458179162,1160.49622096096,830.951285340792,1259.24202971207,1373.30700469129,1070.74868450038,1069.69398090266
"455",1082.53956341758,1081.27359303045,815.070772619977,1224.56657944492,1229.9770056573,976.503057944991,986.046277941907
"456",1064.93382969265,1067.71439652654,822.100881121149,1222.45827670971,1205.11799077735,975.844711300829,972.123699205058
"457",1171.65466960254,1193.17728138164,820.619542732597,1207.85092121269,1344.14385486695,1048.87522486958,1073.48418689398
"458",1037.72993576101,1039.09836322022,819.746533049794,1224.80185003226,1159.43810403839,954.156350851444,953.73476169414
"459",1288.52597323473,1283.54438971557,852.481591847778,1316.74011012485,1455.66079493228,2439073445917791,1175.06772758636
"460",1030.55773094799,1027.586558677,817.274951883455,1228.4593410759,1156.04626472981,461844754267239,943.165603230715
"461",1363.02734919189,1356.71184192774,847.087060371435,1255.2469390636,1854.83717267385,1810396920171.09,1224.18615435995
"462",1035.63000435952,1034.20066909909,837.722675329835,1252.69337823295,1178.46496016608,965.442928738101,966.589032711149
"463",1115.38269122634,1116.09716155839,825.474755045598,1249.04268838344,1311.55622504983,561095613.818536,1033.74278582141
"464",19429292805.3,1300.59563758622,837.246349821015,1238.78992951222,7374103.54698908,5343428449549632,1138.1308277818
"465",1240.93100871799,1231.39425292298,831.60687629127,1297.26067535765,1602.152320069,1120.83001784094,1127.91499063367
"466",1158.09617944397,1163.8421483588,784.970985472497,1220.93239325921,1467.84781685258,1040.77134631658,1026.92591710465
"467",1098.02485340426,1097.61144454893,835.81402399299,1260.42054842123,1267.80502901773,994.640260139956,1010.78374545259
"468",1043.10925703404,1045.77661985033,861.024070918039,1323.65738990629,1157.35288963294,4810395.1691502,974.841513220179
"469",1139.31920845376,1135.12284439219,837.588025287942,1252.88317037716,1329.77217294144,1016.31552778951,1010.41422834341
"470",1056.58341558925,1058.67381235502,824.782516354628,1287.58693519185,1235.25683980614,958.963188036589,965.50193860364
"471",1241.27221103107,1244.48630164763,845.86976269307,1302.10542856842,1502.16439607317,918498845.228944,1129.35071435089
"472",1322.76866187198,1326.99105189857,833.070642388015,1296.37162434262,1729.1214112476,1210.69262808084,1203.15743501967
"473",1029.52633615554,1028.37655450743,831.98329794303,1241.64871550466,1140.31808816243,947.998699258336,946.308152313425
"474",1108.32895806197,1108.39636824291,830.783086914216,1309.2781103475,1332.15562945586,20818586.802114,1023.57403083409
"475",1201.60472276041,1218.65618461904,837.608879978986,1261.50444298722,1395.10265501397,1060.57147741077,1079.99720518323
"476",1192.45134957838,1198.28984680787,843.235371438231,1312.00211421662,1408.17153838115,1057.77272483421,1091.92465257366
"477",1189.4827658801,1192.88364107005,831.319673932134,1255.63620944026,1395.24098202628,1057.08554182945,1075.16178273736
"478",1157.3687727418,1155.08771366206,834.550340541988,1317.18462955552,1492.34547068601,1044.76968046566,1049.59899538802
"479",1078.85451155631,1079.96198704922,817.980480384843,1241.62489843013,1244.57290770896,991.526963109697,988.629070773184
"480",1240.35253809975,1245.99457670701,854.079299859982,1338.63821938964,1545.4154371986,1136.19834389363,1165.57554936856
"481",963.935769784267,964.451527039137,789.88667415673,1133.52660215617,1041.41637438849,890.18295183507,889.775821953998
"482",1021.04024869512,1022.26383527269,814.70336559975,1186.38383572565,1122.88082475439,97156519349269008,930.26259753385
"483",1029.83552878105,1031.72985233582,839.996552402839,1229.08983262022,1135.14032538789,957.625308299308,956.250328457978
"484",1097.12251935089,1100.20126647936,829.149925369065,1235.7748896154,1257.78032818113,1013.35137843614,1019.85825523239
"485",966.516349993013,966.411634522852,839.625710507457,1315.59892322421,1065.12648787097,892.160055405501,894.932773348794
"486",1172.27967267308,1166.31221165314,820.594042376593,1279.92254070264,1408.61907896283,1070.97856277382,1094.04608663008
"487",1117.22701157822,1120.35974410184,814.0454552574,1221.3660949625,1314.87725054231,1573212082369371,1004.8083130924
"488",1162.05084057321,1159.59792378915,828.347337862332,1232.48903605508,1477.73565035922,1099.40123017424,1049.29815889178
"489",1123.64124605172,1122.15877761367,832.71966380552,1289.63990611654,1339.20803059949,1018.69623324726,1036.05514719435
"490",1084.50450845993,1080.85966181833,773.588115812104,1115.10423070764,1259.25294563576,1723112569.7049,990.752609443384
"491",1051.49091657779,1052.65304431974,827.875148600031,1211.97261327618,1213.43623536589,935745561573.565,978.93304237764
"492",1053.71355415195,1053.49462992372,834.215360670644,1248.66327791762,1189.05131683768,958.685873122641,961.0897111292
"493",1130.53798193967,1129.3158402755,817.663480562621,1231.71630524951,1338.95675667751,98516763753837,1043.13130546364
"494",976.609185783625,979.457811570138,815.577209014375,1224.59677604142,1061.1476310581,905.851362674776,909.699034955609
"495",1264.16569937844,1265.93410024741,817.955834049977,1245.73770724976,1612.2173952966,24868891284755628,1118.13702914886
"496",1177.42911509719,1187.02502945431,831.090883350412,1297.57584693817,1428.2953868628,1195162915.81058,1054.06524638498
"497",938.76748932233,940.859809334163,793.538944819186,1158.34222648619,1017.16008862057,877.303411066492,876.224294724974
"498",1144.71292133525,1145.44677969431,829.533485706047,1262.19170430715,1356.7282192579,1476992706230289,1066.19631794571
"499",1106.69363117966,1111.45859032446,806.049216360344,1218.54075817971,1316.79353012522,1010.3371276344,1024.85615275782
"500",1146.3148094174,1144.71477547195,840.594779175672,1265.88131223259,1373.91596819151,12118586.5356011,1057.82605838044
